   690 10035
   691 10035
   692 10035
   693 10035
   694 10035
   695 10035
   696 10035
   697 10035
   698 10035
   699 10035
   700 10035
   701 10035
   702 10035
   703 10035
   704 10035
   705 10035
   706 10035
   707 10035
   708 10035
   709 10035
   710 10035
   711 10035
   712 10035
   713 10035
   714 10035
   715 10035
   716 10035
   717 10035
   718 10035
   719 10035
   720 10035
   721 10035
   722 10035
   723 10035
   724 10035
   725 10035
   726 10035
   727 10035
   728 10035
   729 10035
   730 10035
   731 10035
   732 10035
   733 10035
   734 10035
   735 10035
   736 10035
   737 10035
   738 10035
   739 10035
   740 10035
   741 10035
   742 10035
   743 10035
   744 10035
   745 10035
   746 10035
   747 10035
   748 10035
   749 10035
   750 10035
   751 10035
   752 10035
   753 10035
   754 10035
   755 10035
   756 10035
   757 10035
   758 10035
   759 10035
   760 10035
   761 10035
   762 10035
   763 10035
   764 10035
   765 10035
   766 10035
   767 10035
   768 10035
   769 10035
   770 10035
   771 10035
   772 10035
   773 10035
   774 10035
   775 10035
   776 10035
   777 10035
   778 10035
   779 10035
   780 10035
   782 10043
   783 10043
   784 10043
   785 10043
   786 10043
   787 10043
   788 10043
   789 10043
   790 10043
   791 10043
   792 10043
   793 10043
   794 10043
   795 10043
   796 10043
   797 10043
   798 10043
   799 10043
   800 10043
   801 10043
   802 10043
   803 10043
   804 10043
   805 10043
   806 10043
   807 10043
   808 10043
   809 10043
   810 10043
   811 10043
   812 10043
   813 10043
   814 10043
   815 10043
   816 10043
   817 10043
   818 10043
   819 10043
   820 10043
   821 10043
   822 10043
   823 10043
   824 10043
   825 10043
   826 10043
   827 10043
   828 10043
   829 10043
   830 10043
   831 10043
   832 10043
   833 10043
   834 10043
   835 10043
   836 10043
   837 10043
   838 10043
   839 10043
   840 10043
   841 10043
   842 10043
   843 10043
   844 10043
   845 10043
   846 10043
   847 10043
   848 10043
   849 10043
   850 10043
   851 10043
   852 10043
   853 10043
   854 10043
   855 10043
   856 10043
   857 10043
   858 10043
   859 10043
   860 10043
   861 10043
   862 10043
   863 10043
   864 10043
   865 10043
   866 10043
   867 10043
   868 10043
   869 10043
   870 10043
   871 10043
   872 10043
   873 10043
   874 10043
   875 10043
   876 10043
   877 10043
   878 10043
   879 10043
   880 10043
   881 10043
   882 10043
   883 10043
   884 10043
   885 10043
   886 10043
   887 10043
   888 10043
   889 10043
   890 10043
   891 10043
   892 10043
   893 10043
   894 10043
   895 10043
   896 10043
   897 10043
   898 10043
   899 10043
   900 10043
   901 10043
   902 10043
   903 10043
   904 10043
   905 10043
   906 10043
   907 10043
   908 10043
   909 10043
   910 10043
   911 10043
   912 10043
   913 10043
   914 10043
   915 10043
   916 10043
   917 10043
   918 10043
   919 10043
   920 10043
   921 10043
   922 10043
   923 10043
   924 10043
   925 10043
   926 10043
   927 10043
   928 10043
   929 10043
   930 10043
   931 10043
   932 10043
   933 10043
   934 10043
   935 10043
   936 10043
   937 10043
   938 10043
   939 10043
   940 10043
   941 10043
   942 10043
   943 10043
   944 10043
   945 10043
   946 10043
   947 10043
   948 10043
   949 10043
   950 10043
   951 10043
   952 10043
   953 10043
   954 10043
   955 10043
   956 10043
   957 10043
   958 10043
   959 10043
   960 10043
   961 10043
   962 10043
   963 10043
   964 10043
   965 10043
   966 10043
   967 10043
   968 10043
   969 10043
   970 10043
   971 10043
   972 10043
   973 10043
   974 10043
   975 10043
   976 10043
   977 10043
   978 10043
   979 10043
   980 10043
   981 10043
   982 10043
   983 10043
   984 10043
   985 10043
   986 10043
   987 10043
   988 10043
   989 10043
   990 10043
   991 10043
   992 10043
   993 10043
   994 10043
   995 10043
   996 10043
   997 10043
   998 10043
   999 10043
  1000 10043
  1001 10043
  1002 10043
  1003 10043
  1004 10043
  1005 10043
  1006 10043
  1007 10043
  1008 10043
  1009 10043
  1010 10043
  1011 10043
  1012 10043
  1013 10043
  1014 10043
  1015 10043
  1016 10043
  1017 10043
  1018 10043
  1019 10043
  1020 10043
  1021 10083
  1022 10083
  1023 10083
  1024 10083
  1025 10083
  1026 10083
  1027 10083
  1028 10083
  1029 10083
  1030 10083
  1031 10083
  1032 10083
  1033 10083
  1034 10083
  1035 10083
  1036 10083
  1037 10083
  1038 10083
  1039 10083
  1040 10083
  1041 10083
  1042 10083
  1043 10083
  1044 10083
  1045 10083
  1046 10083
  1047 10083
  1048 10083
  1049 10083
  1050 10083
  1051 10083
  1052 10083
  1053 10083
  1054 10083
  1055 10083
  1056 10083
  1057 10083
  1058 10083
  1059 10083
  1060 10083
  1061 10083
  1062 10083
  1063 10083
  1064 10083
  1065 10083
  1066 10083
  1067 10083
  1068 10083
  1069 10083
  1070 10083
  1071 10083
  1072 10083
  1073 10083
  1074 10083
  1075 10083
  1076 10083
  1077 10083
  1078 10083
  1079 10083
  1080 10083
  1081 10083
  1082 10083
  1083 10083
  1084 10083
  1085 10083
  1086 10083
  1087 10083
  1088 10083
  1089 10083
  1090 10083
  1091 10083
  1092 10083
  1093 10083
  1094 10083
  1095 10083
  1096 10083
  1097 10083
  1098 10083
  1099 10083
  1100 10083
  1101 10083
  1102 10083
  1103 10083
  1104 10083
  1105 10083
  1106 10083
  1107 10083
  1108 10083
  1109 10083
  1110 10083
  1111 10083
  1112 10083
  1113 10083
  1114 10083
  1115 10083
  1116 10083
  1117 10083
  1118 10083
  1119 10083
  1120 10083
  1121 10083
  1122 10083
  1123 10083
  1124 10083
  1125 10083
  1126 10083
  1127 10083
  1128 10083
  1129 10083
  1130 10083
  1131 10083
  1132 10083
  1133 10083
  1134 10083
  1135 10083
  1136 10083
  1137 10083
  1138 10083
  1139 10083
  1140 10083
  1141 10083
  1142 10083
  1143 10083
  1144 10083
  1145 10083
  1146 10083
  1147 10083
  1148 10083
  1149 10083
  1150 10083
  1151 10083
  1152 10083
  1153 10083
  1154 10083
  1155 10083
  1156 10083
  1157 10083
  1158 10083
  1159 10083
  1160 10083
  1161 10083
  1162 10083
  1163 10083
  1164 10083
  1165 10083
  1166 10083
  1167 10083
  1168 10083
  1169 10083
  1170 10083
  1171 10083
  1172 10083
  1173 10083
  1174 10083
  1175 10083
  1176 10083
  1177 10083
  1178 10083
  1179 10083
  1180 10083
  1181 10083
  1182 10083
  1183 10083
  1184 10083
  1185 10083
  1186 10083
  1187 10083
  1188 10083
  1189 10083
  1190 10083
  1191 10083
  1192 10083
  1193 10083
  1194 10083
  1195 10083
  1196 10083
  1197 10083
  1198 10083
  1199 10083
  1200 10083
  1201 10083
  1202 10083
  1203 10083
  1204 10083
  1205 10083
  1206 10083
  1207 10083
  1208 10083
  1209 10083
  1210 10083
  1211 10083
  1212 10083
  1213 10083
  1214 10083
  1215 10083
  1216 10083
  1217 10083
  1218 10083
  1219 10083
  1220 10083
  1221 10083
  1222 10083
  1223 10083
  1224 10083
  1225 10083
  1226 10083
  1227 10083
  1228 10083
  1229 10083
  1230 10083
  1231 10083
  1232 10083
  1233 10083
  1234 10083
  1235 10083
  1236 10083
  1237 10083
  1238 10083
  1239 10083
  1240 10083
  1241 10083
  1242 10083
  1243 10083
  1244 10083
  1245 10083
  1246 10083
  1247 10083
  1248 10083
  1249 10083
  1250 10083
  1251 10083
  1252 10083
  1253 10083
  1254 10083
  1255 10083
  1256 10083
  1257 10083
  1258 10083
  1259 10094
  1260 10149
  1261 10149
  1262 10071
  1263 10149
  1264 10149
  1265 10149
  1266 10149
  1267 10149
  1268 10054
  1269 10149
  1270 10149
  1271 10149
  1272 10149
  1273 10149
  1274 10149
  1275 10149
  1276 10149
  1277 10149
  1278 10149
  1279 10149
  1280 10071
  1281 10149
  1282 10071
  1283 10071
  1284 10071
  1285 10149
  1286 10071
  1287 10071
  1288 10071
  1289 10071
  1290 10071
  1291 10071
  1292 10071
  1293 10149
  1294 10071
  1295 10071
  1296 10071
  1297 10071
  1298 10071
  1299 10149
  1300 10149
  1301 10149
  1302 10149
  1303 10149
  1304 10071
  1305 10149
  1306 10071
  1307 10071
  1308 10071
  1309 10071
  1310 10071
  1311 10149
  1312 10149
  1313 10149
  1314 10149
  1315 10149
  1316 10071
  1317 10071
  1318 10071
  1319 10071
  1320 10071
  1321 10071
  1322 10071
  1323 10071
  1324 10071
  1325 10071
  1326 10071
  1327 10071
  1328 10071
  1329 10071
  1330 10071
  1331 10071
  1332 10071
  1333 10071
  1334 10071
  1335 10149
  1336 10149
  1337 10149
  1338 10149
  1339 10149
  1340 10149
  1341 10149
  1342 10149
  1343 10071
  1344 10071
  1345 10071
  1346 10071
  1347 10071
  1348 10071
  1349 10071
  1350 10071
  1351 10071
  1352 10149
  1353 10071
  1354 10149
  1355 10149
  1356 10071
  1357 10149
  1358 10149
  1359 10149
  1360 10149
  1361 10071
  1362 10071
  1363 10071
  1364 10071
  1365 10071
  1366 10071
  1367 10071
  1368 10149
  1369 10149
  1370 10149
  1371 10149
  1372 10071
  1373 10149
  1374 10149
  1375 10149
  1376 10071
  1377 10071
  1378 10071
  1379 10071
  1380 10071
  1381 10149
  1382 10163
  1383 10071
  1384 10049
  1385 10049
  1386 10049
  1387 10049
  1388 10049
  1389 10049
  1390 10049
  1391 10049
  1392 10049
  1393 10049
  1394 10049
  1395 10049
  1396 10049
  1397 10049
  1398 10049
  1399 10049
  1400 10049
  1401 10049
  1402 10049
  1403 10049
  1404 10049
  1405 10049
  1406 10049
  1407 10049
  1408 10049
  1409 10049
  1410 10049
  1411 10049
  1412 10049
  1413 10049
  1414 10049
  1415 10049
  1416 10049
  1417 10049
  1418 10049
  1419 10049
  1420 10049
  1421 10049
  1422 10049
  1423 10049
  1424 10049
  1425 10049
  1426 10049
  1427 10049
  1428 10049
  1429 10049
  1430 10049
  1431 10049
  1432 10049
  1433 10049
  1434 10049
  1435 10049
  1436 10049
  1437 10049
  1438 10049
  1439 10049
  1440 10049
  1441 10049
  1442 10049
  1443 10049
  1444 10049
  1445 10049
  1446 10049
  1447 10049
  1448 10049
  1449 10049
  1450 10049
  1451 10049
  1452 10049
  1453 10049
  1454 10049
  1455 10049
  1456 10049
  1457 10049
  1458 10049
  1459 10049
  1460 10049
  1461 10049
  1462 10049
  1463 10049
  1464 10049
  1465 10049
  1466 10049
  1467 10049
  1468 10049
  1469 10049
  1470 10049
  1471 10049
  1472 10049
  1473 10049
  1474 10049
  1475 10049
  1476 10049
  1477 10049
  1478 10049
  1479 10049
  1480 10049
  1481 10049
  1482 10049
  1483 10049
  1484 10049
  1485 10049
  1486 10049
  1487 10049
  1488 10049
  1489 10049
  1490 10049
  1491 10049
  1492 10049
  1493 10049
  1494 10049
  1495 10049
  1496 10049
  1497 10049
  1498 10049
  1499 10049
  1500 10049
  1501 10049
  1502 10049
  1503 10049
  1504 10049
  1505 10049
  1506 10049
  1507 10049
  1508 10049
  1509 10049
  1510 10049
  1511 10049
  1512 10049
  1513 10049
  1514 10049
  1515 10049
  1516 10049
  1517 10049
  1518 10049
  1519 10049
  1520 10049
  1521 10049
  1522 10049
  1523 10049
  1524 10049
  1525 10049
  1526 10049
  1527 10049
  1528 10049
  1529 10049
  1530 10049
  1531 10049
  1532 10049
  1533 10049
  1534 10049
  1535 10049
  1536 10049
  1537 10049
  1538 10049
  1539 10049
  1540 10049
  1541 10049
  1542 10049
  1543 10049
  1544 10049
  1545 10049
  1546 10049
  1547 10049
  1548 10049
  1549 10049
  1550 10049
  1551 10049
  1552 10049
  1553 10049
  1554 10049
  1555 10049
  1556 10049
  1557 10049
  1558 10049
  1559 10049
  1560 10049
  1561 10049
  1562 10049
  1563 10049
  1564 10049
  1565 10049
  1566 10049
  1567 10049
  1568 10049
  1569 10049
  1570 10049
  1571 10049
  1572 10049
  1573 10049
  1574 10049
  1575 10049
  1576 10049
  1577 10049
  1578 10049
  1579 10049
  1580 10049
  1581 10049
  1582 10049
  1583 10049
  1584 10049
  1585 10049
  1586 10049
  1587 10049
  1588 10049
  1589 10049
  1590 10049
  1591 10049
  1592 10049
  1593 10049
  1594 10049
  1595 10049
  1596 10049
  1597 10049
  1598 10049
  1599 10049
  1600 10049
  1601 10049
  1602 10049
  1603 10049
  1604 10049
  1605 10049
  1606 10049
  1607 10049
  1608 10049
  1609 10049
  1610 10049
  1611 10049
  1612 10049
  1613 10049
  1614 10049
  1615 10049
  1616 10049
  1617 10049
  1618 10049
  1619 10049
  1620 10049
  1627 10095
  1628 10095
  1629 10095
  1630 10095
  1631 10095
  1632 10095
  1633 10095
  1634 10095
  1635 10095
  1636 10095
  1637 10095
  1638 10095
  1639 10095
  1640 10095
  1641 10095
  1642 10095
  1643 10095
  1644 10095
  1645 10095
  1646 10095
  1647 10095
  1648 10095
  1649 10095
  1650 10095
  1651 10095
  1652 10095
  1653 10095
  1654 10095
  1655 10095
  1656 10095
  1657 10095
  1658 10095
  1659 10095
  1660 10095
  1661 10095
  1662 10095
  1663 10095
  1664 10095
  1665 10095
  1666 10095
  1667 10095
  1668 10095
  1669 10095
  1670 10095
  1671 10095
  1672 10095
  1673 10095
  1674 10095
  1675 10095
  1676 10095
  1677 10095
  1678 10095
  1679 10095
  1680 10095
  1681 10095
  1682 10095
  1683 10095
  1684 10095
  1685 10095
  1686 10095
  1687 10095
  1688 10095
  1689 10095
  1690 10095
  1691 10095
  1692 10095
  1693 10095
  1694 10095
  1695 10095
  1696 10095
  1697 10095
  1698 10095
  1699 10095
  1700 10095
  1701 10095
  1702 10095
  1703 10095
  1704 10095
  1705 10095
  1706 10095
  1707 10095
  1708 10095
  1709 10095
  1710 10095
  1711 10095
  1712 10095
  1713 10095
  1714 10095
  1715 10095
  1716 10095
  1717 10095
  1718 10095
  1719 10095
  1720 10095
  1721 10095
  1722 10095
  1723 10095
  1724 10095
  1725 10095
  1726 10095
  1727 10095
  1728 10095
  1729 10095
  1730 10095
  1731 10095
  1732 10095
  1733 10095
  1734 10095
  1735 10095
  1736 10095
  1737 10095
  1738 10095
  1739 10095
  1740 10095
  1741 10095
  1742 10095
  1743 10095
  1744 10095
  1745 10095
  1746 10095
  1747 10095
  1748 10095
  1749 10095
  1750 10095
  1751 10095
  1752 10095
  1753 10095
  1754 10095
  1755 10095
  1756 10095
  1757 10095
  1758 10095
  1759 10095
  1760 10095
  1761 10095
  1762 10095
  1763 10095
  1764 10095
  1765 10095
  1766 10095
  1767 10095
  1768 10095
  1769 10095
  1770 10095
  1771 10095
  1772 10095
  1773 10095
  1774 10095
  1775 10095
  1776 10095
  1777 10095
  1778 10095
  1779 10095
  1780 10095
  1781 10095
  1782 10095
  1783 10095
  1784 10095
  1785 10095
  1786 10095
  1787 10095
  1788 10095
  1789 10095
  1790 10095
  1791 10095
  1792 10095
  1793 10095
  1794 10095
  1795 10095
  1796 10095
  1797 10095
  1798 10095
  1799 10095
  1800 10095
  1801 10095
  1802 10095
  1803 10095
  1804 10095
  1805 10095
  1806 10095
  1807 10095
  1808 10095
  1809 10095
  1810 10095
  1811 10095
  1812 10095
  1813 10095
  1814 10095
  1815 10095
  1816 10095
  1817 10095
  1818 10095
  1819 10095
  1820 10095
  1821 10095
  1822 10095
  1823 10095
  1824 10095
  1825 10095
  1826 10095
  1827 10095
  1828 10095
  1829 10095
  1830 10095
  1831 10095
  1832 10095
  1833 10095
  1834 10095
  1835 10095
  1836 10095
  1837 10095
  1838 10095
  1839 10095
  1840 10095
  1841 10095
  1842 10095
  1843 10095
  1844 10095
  1845 10095
  1846 10095
  1847 10095
  1848 10095
  1849 10095
  1850 10095
  1851 10095
  1852 10095
  1853 10095
  1854 10095
  1855 10095
  1856 10095
  1857 10095
  1858 10095
  1860 10095
  1867 10003
  1868 10003
  1869 10003
  1870 10003
  1871 10048
  1872 10048
  1873 10048
  1874 10048
  1875 10048
  1876 10048
  1877 10048
  1878 10048
  1884 10071
  1885 10071
  1886 10149
  1887 10149
  1888 10149
  1889 10149
  1890 10149
  1891 10149
  1892 10149
  1893 10149
  1894 10149
  1895 10149
  1896 10149
  1897 10149
  1898 10149
  1899 10149
  1900 10149
  1901 10149
  1902 10149
  1903 10149
  1904 10149
  1905 10149
  1906 10149
  1907 10149
  1908 10149
  1909 10149
  1911 10149
  1919 10002
  1920 10002
  1921 10002
  1922 10002
  1923 10002
  1924 10002
