   690 10132
   691 10132
   692 10132
   693 10132
   694 10132
   695 10132
   696 10132
   697 10132
   698 10132
   699 10132
   700 10132
   701 10132
   702 10132
   703 10132
   704 10132
   705 10132
   706 10132
   707 10132
   708 10132
   709 10132
   710 10132
   711 10132
   712 10132
   713 10132
   714 10132
   715 10132
   716 10132
   717 10132
   718 10132
   719 10132
   720 10132
   721 10132
   722 10132
   723 10132
   724 10132
   725 10132
   726 10132
   727 10132
   728 10132
   729 10132
   730 10132
   731 10132
   732 10132
   733 10132
   734 10132
   735 10132
   736 10132
   737 10132
   738 10132
   739 10132
   740 10132
   741 10132
   742 10132
   743 10132
   744 10132
   745 10132
   746 10132
   747 10132
   748 10132
   749 10132
   750 10132
   751 10132
   752 10132
   753 10132
   754 10132
   755 10132
   756 10132
   757 10132
   758 10132
   759 10132
   760 10132
   761 10132
   762 10132
   763 10132
   764 10132
   765 10132
   766 10132
   767 10132
   768 10132
   769 10132
   770 10132
   771 10132
   772 10132
   773 10132
   774 10132
   775 10132
   776 10132
   777 10132
   778 10132
   779 10132
   780 10132
   781 10162
   782 10162
   783 10162
   784 10162
   785 10162
   786 10162
   787 10162
   788 10162
   789 10162
   790 10162
   791 10162
   792 10162
   793 10162
   794 10162
   795 10162
   796 10162
   797 10162
   798 10162
   799 10162
   800 10162
   801 10162
   802 10162
   803 10162
   804 10162
   805 10162
   806 10162
   807 10162
   808 10162
   809 10162
   810 10162
   811 10162
   812 10162
   813 10162
   814 10162
   815 10162
   816 10162
   817 10162
   818 10162
   819 10162
   820 10162
   821 10162
   822 10162
   823 10162
   824 10162
   825 10162
   826 10162
   827 10162
   828 10162
   829 10162
   830 10162
   831 10162
   832 10162
   833 10162
   834 10162
   835 10162
   836 10162
   837 10162
   838 10162
   839 10162
   840 10162
   841 10162
   842 10162
   843 10162
   844 10162
   845 10162
   846 10162
   847 10162
   848 10162
   849 10162
   850 10162
   851 10162
   852 10162
   853 10162
   854 10162
   855 10162
   856 10162
   857 10162
   858 10162
   859 10162
   860 10162
   861 10162
   862 10162
   863 10162
   864 10162
   865 10162
   866 10162
   867 10162
   868 10162
   869 10162
   870 10162
   871 10162
   872 10162
   873 10162
   874 10162
   875 10162
   876 10162
   877 10162
   878 10162
   879 10162
   880 10162
   881 10162
   882 10162
   883 10162
   884 10162
   885 10162
   886 10162
   887 10162
   888 10162
   889 10162
   890 10162
   891 10162
   892 10162
   893 10162
   894 10162
   895 10162
   896 10162
   897 10162
   898 10162
   899 10162
   900 10162
   901 10162
   902 10162
   903 10162
   904 10162
   905 10162
   906 10162
   907 10162
   908 10162
   909 10162
   910 10162
   911 10162
   912 10162
   913 10162
   914 10162
   915 10162
   916 10162
   917 10162
   918 10162
   919 10162
   920 10162
   921 10162
   922 10162
   923 10162
   924 10162
   925 10162
   926 10162
   927 10162
   928 10162
   929 10162
   930 10162
   931 10162
   932 10162
   933 10162
   934 10162
   935 10162
   936 10162
   937 10162
   938 10162
   939 10162
   940 10162
   941 10162
   942 10162
   943 10162
   944 10162
   945 10162
   946 10162
   947 10162
   948 10162
   949 10162
   950 10162
   951 10162
   952 10162
   953 10162
   954 10162
   955 10162
   956 10162
   957 10162
   958 10162
   959 10162
   960 10162
   961 10162
   962 10162
   963 10162
   964 10162
   965 10162
   966 10162
   967 10162
   968 10162
   969 10162
   970 10162
   971 10162
   972 10162
   973 10162
   974 10162
   975 10162
   976 10162
   977 10162
   978 10162
   979 10162
   980 10162
   981 10162
   982 10162
   983 10162
   984 10162
   985 10162
   986 10162
   987 10162
   988 10162
   989 10162
   990 10162
   991 10162
   992 10162
   993 10162
   994 10162
   995 10162
   996 10162
   997 10162
   998 10162
   999 10162
  1000 10162
  1001 10162
  1002 10162
  1003 10162
  1004 10162
  1005 10162
  1006 10162
  1007 10162
  1008 10162
  1009 10162
  1010 10162
  1011 10162
  1012 10162
  1013 10162
  1014 10162
  1015 10162
  1016 10162
  1017 10162
  1018 10162
  1019 10162
  1020 10162
  1021 10033
  1022 10033
  1023 10033
  1024 10033
  1025 10033
  1026 10033
  1027 10033
  1028 10033
  1029 10033
  1030 10033
  1031 10033
  1032 10033
  1033 10033
  1034 10033
  1035 10033
  1036 10033
  1037 10033
  1038 10033
  1039 10033
  1040 10033
  1041 10033
  1042 10033
  1043 10033
  1044 10033
  1045 10033
  1046 10033
  1047 10033
  1048 10033
  1049 10033
  1050 10033
  1051 10033
  1052 10033
  1053 10033
  1054 10033
  1055 10033
  1056 10033
  1057 10033
  1058 10033
  1059 10033
  1060 10033
  1061 10033
  1062 10033
  1063 10033
  1064 10033
  1065 10033
  1066 10033
  1067 10033
  1068 10033
  1069 10033
  1070 10033
  1071 10033
  1072 10033
  1073 10033
  1074 10033
  1075 10033
  1076 10033
  1077 10033
  1078 10033
  1079 10033
  1080 10033
  1081 10033
  1082 10033
  1083 10033
  1084 10033
  1085 10033
  1086 10033
  1087 10033
  1088 10033
  1089 10033
  1090 10033
  1091 10033
  1092 10033
  1093 10033
  1094 10033
  1095 10033
  1096 10033
  1097 10033
  1098 10033
  1099 10033
  1100 10033
  1101 10033
  1102 10033
  1103 10033
  1104 10033
  1105 10033
  1106 10033
  1107 10033
  1108 10033
  1109 10033
  1110 10033
  1111 10033
  1112 10033
  1113 10033
  1114 10033
  1115 10033
  1116 10033
  1117 10033
  1118 10033
  1119 10033
  1120 10033
  1121 10033
  1122 10033
  1123 10033
  1124 10033
  1125 10033
  1126 10033
  1127 10033
  1128 10033
  1129 10033
  1130 10033
  1131 10033
  1132 10033
  1133 10033
  1134 10033
  1135 10033
  1136 10033
  1137 10033
  1138 10033
  1139 10033
  1140 10033
  1141 10033
  1142 10033
  1143 10033
  1144 10033
  1145 10033
  1146 10033
  1147 10033
  1148 10033
  1149 10033
  1150 10033
  1151 10033
  1152 10033
  1153 10033
  1154 10033
  1155 10033
  1156 10033
  1157 10033
  1158 10033
  1159 10033
  1160 10033
  1161 10033
  1162 10033
  1163 10033
  1164 10033
  1165 10033
  1166 10033
  1167 10033
  1168 10033
  1169 10033
  1170 10033
  1171 10033
  1172 10033
  1173 10033
  1174 10033
  1175 10033
  1176 10033
  1177 10033
  1178 10033
  1179 10033
  1180 10033
  1181 10033
  1182 10033
  1183 10033
  1184 10033
  1185 10033
  1186 10033
  1187 10033
  1188 10033
  1189 10033
  1190 10033
  1191 10033
  1192 10033
  1193 10033
  1194 10033
  1195 10033
  1196 10033
  1197 10033
  1198 10033
  1199 10033
  1200 10033
  1201 10033
  1202 10033
  1203 10033
  1204 10033
  1205 10033
  1206 10033
  1207 10033
  1208 10033
  1209 10033
  1210 10033
  1211 10033
  1212 10033
  1213 10033
  1214 10033
  1215 10033
  1216 10033
  1217 10033
  1218 10033
  1219 10033
  1220 10033
  1221 10033
  1222 10033
  1223 10033
  1224 10033
  1225 10033
  1226 10033
  1227 10033
  1228 10033
  1229 10033
  1230 10033
  1231 10033
  1232 10033
  1233 10033
  1234 10033
  1235 10033
  1236 10033
  1237 10033
  1238 10033
  1239 10033
  1240 10033
  1241 10033
  1242 10033
  1243 10033
  1244 10033
  1245 10033
  1246 10033
  1247 10033
  1248 10033
  1249 10033
  1250 10033
  1251 10033
  1252 10033
  1253 10033
  1254 10033
  1255 10033
  1256 10033
  1257 10033
  1258 10154
  1259 10154
  1262 10018
  1263 10018
  1264 10018
  1265 10018
  1266 10018
  1267 10018
  1268 10018
  1269 10040
  1270 10040
  1271 10106
  1272 10106
  1273 10040
  1274 10106
  1275 10153
  1276 10153
  1277 10153
  1278 10153
  1279 10153
  1280 10153
  1281 10153
  1282 10153
  1283 10153
  1284 10153
  1285 10153
  1286 10153
  1287 10153
  1288 10153
  1289 10153
  1290 10153
  1291 10153
  1292 10153
  1293 10153
  1294 10153
  1295 10153
  1296 10153
  1297 10153
  1298 10153
  1299 10153
  1300 10153
  1301 10153
  1302 10153
  1303 10153
  1304 10153
  1305 10153
  1306 10153
  1307 10153
  1308 10153
  1309 10153
  1310 10153
  1311 10153
  1312 10153
  1313 10153
  1314 10153
  1315 10153
  1316 10153
  1317 10153
  1318 10153
  1319 10153
  1320 10153
  1321 10153
  1322 10153
  1323 10153
  1324 10153
  1325 10153
  1326 10153
  1327 10153
  1328 10153
  1329 10153
  1330 10153
  1331 10153
  1332 10153
  1333 10153
  1334 10153
  1335 10153
  1336 10153
  1337 10153
  1338 10153
  1339 10153
  1340 10153
  1341 10153
  1342 10153
  1343 10153
  1344 10153
  1345 10153
  1346 10153
  1347 10153
  1348 10153
  1349 10153
  1350 10153
  1351 10153
  1352 10153
  1353 10153
  1354 10153
  1355 10153
  1356 10153
  1357 10153
  1358 10153
  1359 10153
  1360 10153
  1361 10153
  1362 10153
  1363 10153
  1364 10153
  1365 10153
  1366 10153
  1367 10153
  1368 10153
  1369 10153
  1370 10153
  1371 10153
  1372 10153
  1373 10153
  1374 10153
  1375 10153
  1376 10153
  1377 10153
  1378 10153
  1379 10153
  1380 10153
  1381 10153
  1382 10153
  1383 10153
  1384 10153
  1385 10153
  1386 10153
  1387 10153
  1388 10153
  1389 10153
  1390 10153
  1391 10153
  1392 10153
  1393 10153
  1394 10153
  1395 10153
  1396 10153
  1397 10153
  1398 10153
  1399 10153
  1400 10153
  1401 10153
  1402 10153
  1403 10153
  1404 10153
  1405 10153
  1406 10153
  1407 10153
  1408 10153
  1409 10153
  1410 10153
  1411 10153
  1412 10153
  1413 10153
  1414 10153
  1415 10153
  1416 10153
  1417 10153
  1418 10153
  1419 10153
  1420 10153
  1421 10153
  1422 10153
  1423 10153
  1424 10153
  1425 10153
  1426 10153
  1427 10153
  1428 10153
  1429 10153
  1430 10153
  1431 10153
  1432 10153
  1433 10153
  1434 10153
  1435 10153
  1436 10153
  1437 10153
  1438 10153
  1439 10153
  1440 10153
  1441 10153
  1442 10153
  1443 10153
  1444 10153
  1445 10153
  1446 10153
  1447 10153
  1448 10153
  1449 10153
  1450 10153
  1451 10153
  1452 10153
  1453 10153
  1454 10153
  1455 10153
  1456 10153
  1457 10153
  1458 10153
  1459 10153
  1460 10153
  1461 10153
  1462 10153
  1463 10153
  1464 10153
  1465 10153
  1466 10153
  1467 10153
  1468 10153
  1469 10153
  1470 10153
  1471 10153
  1472 10153
  1473 10153
  1474 10153
  1475 10153
  1476 10153
  1477 10153
  1478 10153
  1479 10153
  1480 10153
  1481 10153
  1482 10153
  1483 10153
  1484 10153
  1485 10153
  1486 10153
  1487 10153
  1488 10153
  1489 10153
  1490 10153
  1491 10153
  1492 10153
  1493 10153
  1494 10153
  1495 10153
  1496 10153
  1497 10153
  1498 10153
  1499 10153
  1500 10153
  1501 10011
  1502 10011
  1503 10011
  1504 10011
  1505 10011
  1506 10011
  1507 10011
  1508 10011
  1509 10011
  1510 10011
  1511 10011
  1512 10011
  1513 10011
  1514 10011
  1515 10011
  1516 10011
  1517 10011
  1518 10011
  1519 10011
  1520 10011
  1521 10011
  1522 10011
  1523 10011
  1524 10011
  1525 10011
  1526 10011
  1527 10011
  1528 10011
  1529 10011
  1530 10011
  1531 10011
  1532 10011
  1533 10011
  1534 10011
  1535 10011
  1536 10011
  1537 10011
  1538 10011
  1539 10011
  1540 10011
  1541 10011
  1542 10011
  1543 10011
  1544 10011
  1545 10011
  1546 10011
  1547 10011
  1548 10011
  1549 10011
  1550 10011
  1551 10011
  1552 10011
  1553 10011
  1554 10011
  1555 10011
  1556 10011
  1557 10011
  1558 10011
  1559 10011
  1560 10011
  1561 10011
  1562 10011
  1563 10011
  1564 10011
  1565 10011
  1566 10011
  1567 10011
  1568 10011
  1569 10011
  1570 10011
  1571 10011
  1572 10011
  1573 10011
  1574 10011
  1575 10011
  1576 10011
  1577 10011
  1578 10011
  1579 10011
  1580 10011
  1581 10011
  1582 10011
  1583 10011
  1584 10011
  1585 10011
  1586 10011
  1587 10011
  1588 10011
  1589 10011
  1590 10011
  1591 10011
  1592 10011
  1593 10011
  1594 10011
  1595 10011
  1596 10011
  1597 10011
  1598 10011
  1599 10011
  1600 10011
  1601 10011
  1602 10011
  1603 10011
  1604 10011
  1605 10011
  1606 10011
  1607 10011
  1608 10011
  1609 10011
  1610 10011
  1611 10011
  1612 10011
  1613 10011
  1614 10011
  1615 10011
  1616 10011
  1617 10011
  1618 10011
  1619 10011
  1620 10011
  1627 10154
  1628 10154
  1629 10154
  1630 10006
  1631 10006
  1632 10006
  1633 10006
  1634 10006
  1635 10006
  1636 10006
  1637 10006
  1638 10006
  1639 10006
  1640 10006
  1641 10006
  1642 10006
  1643 10006
  1644 10006
  1645 10006
  1646 10006
  1647 10006
  1648 10006
  1649 10006
  1650 10006
  1651 10006
  1652 10006
  1653 10006
  1654 10006
  1655 10006
  1656 10006
  1657 10006
  1658 10006
  1659 10006
  1660 10006
  1661 10006
  1662 10006
  1663 10006
  1664 10006
  1665 10006
  1666 10006
  1667 10006
  1668 10006
  1669 10006
  1670 10006
  1671 10006
  1672 10006
  1673 10006
  1674 10006
  1675 10006
  1676 10006
  1677 10006
  1678 10006
  1679 10006
  1680 10006
  1681 10006
  1682 10006
  1683 10006
  1684 10006
  1685 10006
  1686 10006
  1687 10006
  1688 10006
  1689 10006
  1690 10006
  1691 10006
  1692 10006
  1693 10006
  1694 10006
  1695 10006
  1696 10006
  1697 10006
  1698 10006
  1699 10006
  1700 10006
  1701 10006
  1702 10006
  1703 10006
  1704 10006
  1705 10006
  1706 10006
  1707 10006
  1708 10006
  1709 10006
  1710 10006
  1711 10006
  1712 10006
  1713 10006
  1714 10006
  1715 10006
  1716 10006
  1717 10006
  1718 10006
  1719 10006
  1720 10006
  1721 10006
  1722 10006
  1723 10006
  1724 10006
  1725 10006
  1726 10006
  1727 10006
  1728 10006
  1729 10006
  1730 10006
  1731 10006
  1732 10006
  1733 10006
  1734 10006
  1735 10006
  1736 10006
  1737 10006
  1738 10006
  1739 10006
  1740 10006
  1741 10006
  1742 10006
  1743 10006
  1744 10006
  1745 10006
  1746 10006
  1747 10006
  1748 10006
  1749 10006
  1750 10006
  1751 10006
  1752 10006
  1753 10006
  1754 10006
  1755 10006
  1756 10006
  1757 10006
  1758 10006
  1759 10006
  1760 10006
  1761 10006
  1762 10006
  1763 10006
  1764 10006
  1765 10006
  1766 10006
  1767 10006
  1768 10006
  1769 10006
  1770 10006
  1771 10006
  1772 10006
  1773 10006
  1774 10006
  1775 10006
  1776 10006
  1777 10006
  1778 10006
  1779 10006
  1780 10006
  1781 10006
  1782 10006
  1783 10006
  1784 10006
  1785 10006
  1786 10006
  1787 10006
  1788 10006
  1789 10006
  1790 10006
  1791 10006
  1792 10006
  1793 10006
  1794 10006
  1795 10006
  1796 10006
  1797 10006
  1798 10006
  1799 10006
  1800 10006
  1801 10006
  1802 10006
  1803 10006
  1804 10006
  1805 10006
  1806 10006
  1807 10006
  1808 10006
  1809 10006
  1810 10006
  1811 10006
  1812 10006
  1813 10006
  1814 10006
  1815 10006
  1816 10006
  1817 10006
  1818 10006
  1819 10006
  1820 10006
  1821 10006
  1822 10006
  1823 10006
  1824 10006
  1825 10006
  1826 10006
  1827 10006
  1828 10006
  1829 10006
  1830 10006
  1831 10006
  1832 10006
  1833 10006
  1834 10006
  1835 10006
  1836 10006
  1837 10006
  1838 10006
  1839 10006
  1840 10006
  1841 10006
  1842 10006
  1843 10006
  1844 10006
  1845 10006
  1846 10006
  1847 10006
  1848 10006
  1849 10006
  1850 10006
  1851 10006
  1852 10006
  1853 10006
  1854 10006
  1855 10006
  1856 10006
  1857 10143
  1858 10143
  1859 10016
  1860 10016
  1867 10101
  1868 10062
  1869 10062
  1870 10062
  1871 10062
  1872 10062
  1873 10062
  1874 10062
  1875 10062
  1876 10062
  1877 10062
  1878 10062
  1879 10062
  1880 10062
  1881 10062
  1882 10062
  1883 10062
  1884 10062
  1885 10062
  1886 10062
  1887 10062
  1888 10062
  1889 10062
  1890 10062
  1891 10062
  1892 10062
  1893 10062
  1894 10062
  1895 10062
  1896 10062
  1897 10062
  1898 10062
  1899 10062
  1900 10062
  1901 10062
  1902 10062
  1903 10062
  1904 10062
  1905 10062
  1906 10062
  1907 10062
  1908 10062
  1909 10062
  1910 10062
  1911 10062
  1912 10062
  1913 10062
  1914 10062
  1915 10062
  1916 10062
  1917 10062
  1918 10062
  1919 10062
  1920 10062
  1921 10062
  1922 10062
  1923 10062
  1924 10062
  1925 10062
  1926 10062
  1927 10062
  1928 10062
  1929 10062
  1930 10062
  1931 10062
  1932 10062
  1933 10062
  1934 10062
  1935 10062
  1936 10062
  1937 10062
  1938 10062
  1939 10062
  1940 10062
  1941 10062
  1942 10062
  1943 10062
  1944 10062
  1945 10062
  1946 10062
  1947 10062
  1948 10062
  1949 10062
  1950 10062
  1951 10062
  1952 10062
  1953 10062
  1954 10062
  1955 10062
  1956 10062
  1957 10062
  1958 10062
  1959 10062
  1960 10062
  1961 10062
  1962 10062
  1963 10062
  1964 10062
  1965 10062
  1966 10062
  1967 10062
  1968 10062
  1969 10062
  1970 10062
  1971 10062
  1972 10062
  1973 10062
  1974 10062
  1975 10062
  1976 10062
  1977 10062
  1978 10062
  1979 10062
  1980 10062
  1981 10062
  1982 10062
  1983 10062
  1984 10062
  1985 10062
  1986 10062
  1987 10062
  1988 10062
  1989 10062
  1990 10062
  1991 10062
  1992 10062
  1993 10062
  1994 10062
  1995 10062
  1996 10062
  1997 10062
  1998 10062
  1999 10062
  2000 10062
  2001 10062
  2002 10062
  2003 10062
  2004 10062
  2005 10062
  2006 10062
  2007 10062
  2008 10062
  2009 10062
  2010 10062
  2011 10062
  2012 10062
  2013 10062
  2014 10062
  2015 10062
  2016 10062
  2017 10062
  2018 10062
  2019 10062
  2020 10062
  2021 10062
  2022 10062
  2023 10062
  2024 10062
  2025 10062
  2026 10062
  2027 10101
  2028 10101
  2029 10134
  2030 10134
  2458 10015
  2459 10015
  2460 10006
  2461 10006
  2462 10006
  2463 10006
  2464 10006
  2465 10006
  2466 10006
  2467 10006
  2473 10006
  2474 10006
  2475 10006
  2476 10006
  2477 10006
  2478 10006
  2479 10006
  2480 10006
  2481 10006
  2482 10006
  2483 10015
  2484 10006
  2485 10015
  2486 10015
  2487 10006
  2488 10006
  2489 10006
  2490 10006
  2491 10006
  2492 10006
  2500 10015
  2501 10015
  2502 10015
  2503 10015
  2504 10015
  2505 10015
  2506 10015
  2507 10015
  2508 10015
  2509 10015
  2510 10015
  2511 10015
  2512 10015
  2513 10015
  2514 10015
  2515 10015
  2520 10015
  2521 10015
  2522 10015
  2523 10015
  2524 10015
  2525 10015
  2526 10015
  2527 10015
  2528 10015
  2529 10006
  2530 10006
  2531 10015
  2532 10015
  2533 10015
  2534 10015
  2535 10015
  2536 10015
  2537 10015
  2538 10015
  2539 10015
  2540 10015
  2541 10015
  2544 10015
  2545 10015
  2546 10015
  2547 10015
  2548 10015
  2549 10015
  2550 10015
  2551 10015
  2552 10015
  2553 10015
  2554 10015
  2555 10015
  2556 10015
  2557 10015
  2558 10015
  2559 10015
  2560 10015
  2561 10006
  2562 10006
  2566 10015
  2567 10015
  2568 10015
  2569 10015
  2570 10015
  2571 10015
  2572 10015
  2573 10015
  2574 10015
  2575 10015
  2576 10015
  2577 10015
  2578 10015
  2579 10015
  2580 10015
  2581 10015
  2596 10015
  2597 10015
  2598 10015
  2599 10015
  2600 10015
  2606 10015
  2607 10015
  2608 10015
  2609 10015
  2610 10015
  2611 10015
  2612 10015
  2613 10073
  2614 10073
  2615 10073
  2617 10015
  2618 10015
  2619 10015
  2620 10015
  2621 10015
  2625 10015
  2626 10015
  2627 10015
  2628 10015
  2629 10015
  2630 10015
  2631 10015
  2632 10015
  2633 10015
  2634 10015
  2636 10006
  2637 10006
  2638 10006
  2639 10006
  2640 10006
  2641 10006
  2642 10006
  2643 10006
  2644 10006
  2645 10006
  2646 10006
  2647 10006
  2648 10006
  2649 10006
  2652 10006
  2653 10006
  2654 10006
  2655 10006
  2656 10006
  2657 10006
  2658 10015
  2659 10015
  2660 10015
  2661 10015
  2662 10015
