   690 10113
   691 10113
   692 10113
   693 10113
   694 10113
   695 10113
   696 10113
   697 10113
   698 10113
   699 10113
   700 10113
   701 10113
   702 10113
   703 10113
   704 10113
   705 10113
   706 10113
   707 10113
   708 10113
   709 10113
   710 10113
   711 10113
   712 10113
   713 10113
   714 10113
   715 10113
   716 10113
   717 10113
   718 10113
   719 10113
   720 10113
   721 10113
   722 10113
   723 10113
   724 10113
   725 10113
   726 10113
   727 10113
   728 10113
   729 10113
   730 10113
   731 10113
   732 10113
   733 10113
   734 10113
   735 10113
   736 10113
   737 10113
   738 10113
   739 10113
   740 10113
   741 10113
   742 10113
   743 10113
   744 10113
   745 10113
   746 10113
   747 10113
   748 10113
   749 10113
   750 10113
   751 10113
   752 10113
   753 10113
   754 10113
   755 10113
   756 10113
   757 10113
   758 10113
   759 10113
   760 10113
   761 10113
   762 10113
   763 10113
   764 10113
   765 10113
   766 10113
   767 10113
   768 10113
   769 10113
   770 10113
   771 10113
   772 10113
   773 10113
   774 10113
   775 10113
   776 10113
   777 10113
   778 10113
   779 10113
   780 10113
   785 10054
   786 10094
   787 10094
   788 10094
   789 10054
   794 10095
   805 10064
   806 10149
   807 10071
   808 10071
   809 10071
   810 10071
   811 10071
   812 10071
   813 10071
   814 10071
   815 10071
   816 10071
   817 10071
   818 10071
   819 10071
   820 10071
   821 10071
   822 10071
   823 10071
   824 10149
   825 10071
   826 10071
   827 10149
   828 10071
   829 10071
   830 10071
   831 10071
   832 10071
   833 10071
   834 10071
   835 10071
   836 10071
   837 10071
   838 10071
   839 10071
   840 10071
   841 10071
   842 10071
   843 10071
   844 10071
   845 10071
   846 10071
   847 10071
   848 10071
   849 10071
   850 10071
   851 10071
   852 10071
   853 10071
   854 10071
   855 10071
   856 10071
   857 10071
   858 10071
   859 10071
   860 10071
   861 10071
   862 10071
   863 10071
   864 10071
   865 10071
   866 10071
   867 10071
   868 10071
   869 10071
   870 10071
   871 10071
   872 10071
   873 10071
   874 10071
   875 10071
   876 10071
   877 10071
   878 10071
   879 10071
   880 10071
   881 10071
   882 10071
   883 10071
   884 10071
   885 10149
   886 10149
   887 10149
   888 10149
   889 10149
   890 10071
   891 10071
   892 10071
   893 10071
   894 10071
   895 10071
   896 10071
   897 10071
   898 10071
   899 10071
   900 10071
   901 10071
   902 10071
   903 10071
   904 10071
   905 10071
   906 10071
   907 10071
   908 10071
   909 10071
   910 10071
   911 10071
   912 10071
   913 10071
   914 10071
   915 10071
   916 10149
   917 10071
   918 10071
   919 10071
   920 10149
   921 10071
   922 10149
   923 10071
   924 10071
   925 10071
   926 10071
   927 10071
   928 10071
   929 10071
   930 10071
   931 10071
   932 10071
   933 10071
   934 10071
   935 10149
   936 10149
   937 10149
   938 10149
   939 10071
   940 10149
   941 10071
   942 10149
   943 10071
   944 10071
   945 10149
   946 10149
   947 10149
   948 10149
   949 10149
   950 10149
   951 10071
   952 10071
   953 10071
   954 10071
   955 10071
   956 10071
   957 10071
   958 10071
   959 10071
   960 10071
   961 10071
   962 10071
   963 10149
   964 10149
   965 10149
   966 10149
   967 10149
   968 10149
   969 10071
   970 10071
   971 10071
   972 10149
   973 10149
   974 10149
   975 10071
   976 10149
   977 10149
   978 10149
   979 10149
   980 10149
   981 10149
   982 10149
   983 10149
   984 10149
   985 10149
   986 10149
   987 10149
   988 10149
   989 10149
   990 10149
   991 10149
   992 10149
   993 10149
   994 10149
   995 10149
   996 10149
   997 10149
   998 10149
   999 10149
  1000 10149
  1001 10149
  1002 10149
  1003 10149
  1004 10149
  1005 10149
  1006 10149
  1007 10149
  1008 10149
  1009 10071
  1010 10149
  1011 10149
  1012 10149
  1013 10149
  1014 10149
  1015 10071
  1016 10071
  1017 10071
  1018 10071
  1019 10080
  1020 10101
  1021 10101
  1022 10101
  1023 10101
  1024 10101
  1025 10101
  1026 10101
  1027 10101
  1028 10101
  1029 10101
  1030 10101
  1031 10101
  1032 10101
  1033 10101
  1034 10101
  1035 10101
  1036 10101
  1037 10101
  1038 10101
  1039 10101
  1040 10101
  1041 10101
  1042 10101
  1043 10101
  1044 10101
  1045 10101
  1046 10101
  1047 10101
  1048 10101
  1049 10101
  1050 10101
  1051 10101
  1052 10101
  1053 10101
  1054 10101
  1055 10101
  1056 10101
  1057 10101
  1058 10101
  1059 10101
  1060 10101
  1061 10101
  1062 10101
  1063 10101
  1064 10101
  1065 10101
  1066 10101
  1067 10101
  1068 10101
  1069 10101
  1070 10101
  1071 10101
  1072 10101
  1073 10101
  1074 10101
  1075 10101
  1076 10101
  1077 10101
  1078 10101
  1079 10101
  1080 10101
  1081 10101
  1082 10101
  1083 10101
  1084 10101
  1085 10101
  1086 10101
  1087 10101
  1088 10101
  1089 10101
  1090 10101
  1091 10101
  1092 10101
  1093 10101
  1094 10101
  1095 10101
  1096 10101
  1097 10101
  1098 10101
  1099 10101
  1100 10101
  1101 10101
  1102 10101
  1103 10101
  1104 10101
  1105 10101
  1106 10101
  1107 10101
  1108 10101
  1109 10101
  1110 10101
  1111 10101
  1112 10101
  1113 10101
  1114 10101
  1115 10101
  1116 10101
  1117 10101
  1118 10101
  1119 10101
  1120 10101
  1121 10101
  1122 10101
  1123 10101
  1124 10101
  1125 10101
  1126 10101
  1127 10101
  1128 10101
  1129 10101
  1130 10101
  1131 10101
  1132 10101
  1133 10101
  1134 10101
  1135 10101
  1136 10101
  1137 10101
  1138 10101
  1139 10101
  1140 10101
  1141 10101
  1142 10101
  1143 10101
  1144 10101
  1145 10101
  1146 10101
  1147 10101
  1148 10101
  1149 10101
  1150 10101
  1151 10101
  1152 10101
  1153 10101
  1154 10101
  1155 10101
  1156 10101
  1157 10101
  1158 10101
  1159 10101
  1160 10101
  1161 10101
  1162 10101
  1163 10101
  1164 10101
  1165 10101
  1166 10101
  1167 10101
  1168 10101
  1169 10101
  1170 10101
  1171 10101
  1172 10101
  1173 10101
  1174 10101
  1175 10101
  1176 10101
  1177 10101
  1178 10101
  1179 10101
  1180 10101
  1181 10101
  1182 10101
  1183 10101
  1184 10101
  1185 10101
  1186 10101
  1187 10101
  1188 10101
  1189 10101
  1190 10101
  1191 10101
  1192 10101
  1193 10101
  1194 10101
  1195 10101
  1196 10101
  1197 10101
  1198 10101
  1199 10101
  1200 10101
  1201 10101
  1202 10101
  1203 10101
  1204 10101
  1205 10101
  1206 10101
  1207 10101
  1208 10101
  1209 10101
  1210 10101
  1211 10101
  1212 10101
  1213 10101
  1214 10101
  1215 10101
  1216 10101
  1217 10101
  1218 10101
  1219 10101
  1220 10101
  1221 10101
  1222 10101
  1223 10101
  1224 10101
  1225 10101
  1226 10101
  1227 10101
  1228 10101
  1229 10101
  1230 10101
  1231 10101
  1232 10101
  1233 10101
  1234 10101
  1235 10101
  1236 10101
  1237 10101
  1238 10101
  1239 10101
  1240 10101
  1241 10101
  1242 10101
  1243 10101
  1244 10101
  1245 10101
  1246 10101
  1247 10101
  1248 10101
  1249 10101
  1250 10101
  1251 10101
  1252 10101
  1253 10101
  1254 10101
  1255 10101
  1256 10101
  1257 10101
  1261 10154
  1262 10154
  1263 10153
  1264 10153
  1265 10081
  1266 10081
  1267 10081
  1268 10081
  1269 10081
  1270 10081
  1271 10081
  1272 10081
  1273 10081
  1274 10081
  1395 10081
  1396 10081
  1397 10081
  1398 10081
  1399 10081
  1400 10081
  1401 10081
  1402 10081
  1403 10081
  1404 10081
  1405 10081
  1406 10081
  1407 10081
  1408 10081
  1409 10081
  1410 10081
  1411 10081
  1412 10081
  1413 10081
  1414 10081
  1415 10081
  1416 10081
  1417 10081
  1418 10081
  1419 10081
  1420 10081
  1421 10081
  1422 10081
  1423 10081
  1424 10081
  1425 10081
  1426 10081
  1427 10081
  1428 10081
  1429 10081
  1430 10081
  1431 10081
  1432 10081
  1433 10081
  1434 10081
  1435 10081
  1436 10081
  1437 10081
  1438 10081
  1439 10081
  1440 10081
  1441 10081
  1442 10081
  1443 10081
  1444 10081
  1445 10081
  1446 10081
  1447 10081
  1448 10081
  1449 10081
  1450 10081
  1451 10081
  1452 10081
  1453 10081
  1454 10081
  1455 10081
  1456 10081
  1457 10081
  1458 10081
  1459 10081
  1460 10081
  1461 10081
  1462 10081
  1463 10081
  1464 10081
  1465 10081
  1466 10081
  1467 10081
  1468 10081
  1469 10081
  1470 10081
  1471 10081
  1472 10081
  1473 10081
  1474 10081
  1475 10081
  1476 10081
  1477 10081
  1478 10081
  1479 10081
  1480 10081
  1481 10081
  1482 10081
  1483 10081
  1484 10081
  1485 10081
  1486 10081
  1487 10081
  1488 10081
  1489 10055
  1490 10134
  1491 10134
  1493 10134
  1494 10141
  1495 10141
  1496 10065
  1497 10098
  1498 10018
  1499 10018
  1500 10018
  1501 10018
  1502 10018
  1503 10018
  1504 10018
  1505 10040
  1506 10040
  1507 10040
  1508 10040
  1509 10040
  1510 10040
  1511 10040
  1512 10040
  1518 10023
  1523 10040
  1528 10040
  1529 10040
  1530 10040
  1531 10040
  1532 10040
  1533 10040
  1540 10040
  1541 10040
  1542 10040
  1543 10040
  1545 10018
  1546 10040
  1547 10018
  1548 10018
  1549 10018
  1553 10040
  1555 10040
  1556 10040
  1557 10040
  1558 10040
  1559 10040
  1561 10040
  1574 10040
  1575 10018
  1576 10018
  1577 10018
  1578 10158
  1579 10158
  1580 10158
  1581 10158
  1582 10158
  1583 10158
  1584 10055
  1590 10050
  1591 10050
  1592 10050
  1593 10050
  1594 10050
  1595 10050
  1596 10050
  1597 10050
  1598 10050
  1599 10101
  1619 10041
  1620 10041
  1621 10022
  1622 10041
  1623 10041
  1624 10041
  1625 10041
  1626 10041
  1627 10041
  1628 10041
  1629 10041
  1630 10041
  1631 10041
  1632 10041
  1633 10041
  1634 10041
  1635 10041
  1636 10041
  1637 10041
  1638 10041
  1639 10041
  1640 10041
  1641 10041
  1642 10041
  1643 10041
  1644 10041
  1645 10041
  1646 10041
  1647 10041
  1648 10041
  1649 10041
  1650 10041
  1651 10041
  1652 10041
  1653 10041
  1654 10041
  1655 10041
  1656 10041
  1657 10041
  1658 10041
  1659 10041
  1660 10041
  1661 10041
  1662 10041
  1663 10041
  1664 10041
  1665 10041
  1666 10041
  1667 10041
  1668 10041
  1669 10041
  1670 10041
  1671 10041
  1672 10041
  1673 10041
  1674 10041
  1675 10041
  1676 10041
  1677 10041
  1678 10041
  1679 10041
  1680 10041
  1681 10041
  1682 10041
  1683 10041
  1684 10041
  1685 10041
  1686 10041
  1687 10041
  1688 10041
  1689 10041
  1690 10041
  1691 10041
  1692 10041
  1693 10041
  1694 10041
  1695 10041
  1696 10041
  1697 10041
  1698 10041
  1699 10041
  1700 10041
  1701 10041
  1702 10041
  1703 10041
  1704 10041
  1705 10041
  1706 10041
  1707 10041
  1708 10041
  1709 10041
  1710 10041
  1711 10041
  1712 10041
  1713 10041
  1714 10041
  1715 10041
  1716 10041
  1717 10041
  1718 10041
  1719 10041
  1720 10041
  1721 10041
  1722 10041
  1723 10041
  1724 10041
  1725 10041
  1726 10041
  1727 10041
  1728 10041
  1729 10041
  1730 10041
  1731 10041
  1732 10041
  1733 10041
  1734 10041
  1735 10041
  1736 10041
  1737 10041
  1738 10041
  1739 10041
  1740 10041
  1741 10041
  1742 10041
  1743 10041
  1744 10041
  1745 10041
  1746 10041
  1747 10041
  1748 10041
  1749 10041
  1750 10041
  1751 10041
  1752 10041
  1753 10041
  1754 10041
  1755 10041
  1756 10041
  1757 10041
  1758 10041
  1759 10041
  1760 10041
  1761 10041
  1762 10041
  1763 10041
  1764 10041
  1765 10041
  1766 10041
  1767 10041
  1768 10041
  1769 10041
  1770 10041
  1771 10041
  1772 10041
  1773 10041
  1774 10041
  1775 10041
  1776 10041
  1777 10041
  1778 10041
  1779 10041
  1780 10041
  1781 10041
  1782 10041
  1783 10041
  1784 10041
  1785 10041
  1786 10041
  1787 10041
  1788 10041
  1789 10041
  1790 10041
  1791 10041
  1792 10041
  1793 10041
  1794 10041
  1795 10041
  1796 10041
  1797 10041
  1798 10041
  1799 10041
  1800 10041
  1801 10041
  1802 10041
  1803 10041
  1804 10041
  1805 10041
  1806 10041
  1807 10041
  1808 10041
  1809 10041
  1810 10041
  1811 10041
  1812 10041
  1813 10041
  1814 10041
  1815 10041
  1816 10041
  1817 10041
  1818 10041
  1819 10041
  1820 10041
  1821 10041
  1822 10041
  1823 10041
  1824 10041
  1825 10041
  1826 10041
  1827 10041
  1828 10041
  1829 10041
  1830 10041
  1831 10041
  1832 10041
  1833 10041
  1834 10041
  1835 10041
  1836 10041
  1837 10041
  1838 10041
  1839 10041
  1840 10041
  1841 10041
  1842 10041
  1843 10041
  1844 10041
  1845 10041
  1846 10041
  1847 10041
  1848 10041
  1849 10041
  1850 10041
  1851 10041
  1852 10041
  1853 10041
  1854 10041
  1855 10041
  1856 10047
  1857 10047
  1858 10047
  1859 10047
  1860 10047
  1861 10047
  1862 10047
  1863 10047
  1864 10047
  1865 10002
  1866 10002
  1867 10002
  1868 10002
  1869 10002
  1870 10002
  1871 10002
  1874 10002
  1875 10002
  1876 10002
  1877 10002
  1878 10002
  1879 10002
  1880 10002
  1881 10002
  1882 10002
  1883 10002
  1884 10002
  1885 10002
  1886 10002
  1887 10002
  1888 10002
  1889 10002
  1890 10002
  1891 10002
  1931 10002
  1932 10002
  1933 10002
  1934 10002
  1935 10002
  1936 10002
  1937 10002
  1938 10002
  1939 10002
  1940 10002
  1941 10002
  1942 10002
  1943 10002
  1944 10002
  1945 10002
  1946 10002
  1947 10002
  1948 10002
  1949 10002
  1950 10002
  1951 10002
  1952 10002
  1953 10002
  1954 10002
  1955 10002
  1956 10002
  1957 10002
  1962 10002
  1963 10002
  1964 10002
  1965 10002
  1966 10002
  1967 10002
  1968 10002
  1969 10002
  1970 10002
  1971 10002
  1972 10002
  1973 10002
  1974 10002
  1975 10002
  1976 10002
  1977 10002
  1978 10002
  1979 10002
  1980 10002
  1981 10002
  1982 10002
  1983 10002
  1984 10002
  1985 10002
  1986 10002
  1987 10002
  1988 10002
  1989 10002
  1990 10002
  1991 10002
  1992 10002
  1993 10002
  1994 10002
