   690 10152
   691 10152
   692 10152
   693 10152
   694 10152
   695 10152
   696 10152
   697 10152
   698 10152
   699 10152
   700 10152
   701 10152
   702 10152
   703 10152
   704 10152
   705 10152
   706 10152
   707 10152
   708 10152
   709 10152
   710 10152
   711 10152
   712 10152
   713 10152
   714 10152
   715 10152
   716 10152
   717 10152
   718 10152
   719 10152
   720 10152
   721 10152
   722 10152
   723 10152
   724 10152
   725 10152
   726 10152
   727 10152
   728 10152
   729 10152
   730 10152
   731 10152
   732 10152
   733 10152
   734 10152
   735 10152
   736 10152
   737 10152
   738 10152
   739 10152
   740 10152
   741 10152
   742 10152
   743 10152
   744 10152
   745 10152
   746 10152
   747 10152
   748 10152
   749 10152
   750 10152
   751 10152
   752 10152
   753 10152
   754 10152
   755 10152
   756 10152
   757 10152
   758 10152
   759 10152
   760 10152
   761 10152
   762 10152
   763 10152
   764 10152
   765 10152
   766 10152
   767 10152
   768 10152
   769 10152
   770 10152
   771 10152
   772 10152
   773 10152
   774 10152
   775 10152
   776 10152
   777 10152
   778 10152
   779 10152
   780 10152
   783 10101
   784 10101
   785 10101
   787 10031
   788 10031
   789 10031
   790 10031
   791 10031
   792 10031
   793 10031
   794 10031
   795 10031
   796 10031
   797 10031
   798 10031
   799 10031
   800 10031
   801 10031
   802 10031
   803 10031
   804 10031
   805 10031
   806 10031
   807 10031
   808 10031
   809 10031
   810 10031
   811 10031
   812 10031
   813 10031
   814 10031
   815 10031
   816 10031
   817 10031
   818 10031
   819 10031
   820 10031
   821 10031
   822 10031
   823 10031
   824 10031
   825 10031
   826 10031
   827 10031
   828 10031
   829 10031
   830 10031
   831 10031
   832 10031
   833 10031
   834 10031
   835 10031
   836 10031
   837 10031
   838 10031
   839 10031
   840 10031
   841 10031
   842 10031
   843 10031
   844 10031
   845 10031
   846 10031
   847 10031
   848 10031
   849 10031
   850 10031
   851 10031
   852 10031
   853 10031
   854 10031
   855 10031
   856 10031
   857 10031
   858 10031
   859 10031
   860 10031
   861 10031
   862 10031
   863 10031
   864 10031
   865 10031
   866 10031
   867 10031
   868 10031
   869 10031
   870 10031
   871 10031
   872 10031
   873 10031
   874 10031
   875 10031
   876 10031
   877 10031
   878 10031
   879 10031
   880 10031
   881 10031
   882 10031
   883 10031
   884 10031
   885 10031
   886 10031
   887 10031
   888 10031
   889 10031
   890 10031
   891 10031
   892 10031
   893 10031
   894 10031
   895 10031
   896 10031
   897 10031
   898 10031
   899 10031
   900 10031
   901 10031
   902 10031
   903 10031
   904 10031
   905 10031
   906 10031
   907 10031
   908 10031
   909 10031
   910 10031
   911 10031
   912 10031
   913 10031
   914 10031
   915 10031
   916 10031
   917 10031
   918 10031
   919 10031
   920 10031
   921 10031
   922 10031
   923 10031
   924 10031
   925 10031
   926 10031
   927 10031
   928 10031
   929 10031
   930 10031
   931 10031
   932 10031
   933 10031
   934 10031
   935 10031
   936 10031
   937 10031
   938 10031
   939 10031
   940 10031
   941 10031
   942 10031
   943 10031
   944 10031
   945 10031
   946 10031
   947 10031
   948 10031
   949 10031
   950 10031
   951 10031
   952 10031
   953 10031
   954 10031
   955 10031
   956 10031
   957 10031
   958 10031
   959 10031
   960 10031
   961 10031
   962 10031
   963 10031
   964 10031
   965 10031
   966 10031
   967 10031
   968 10031
   969 10031
   970 10031
   971 10031
   972 10031
   973 10031
   974 10031
   975 10031
   976 10031
   977 10031
   978 10031
   979 10031
   980 10031
   981 10031
   982 10031
   983 10031
   984 10031
   985 10031
   986 10031
   987 10031
   988 10031
   989 10031
   990 10031
   991 10031
   992 10031
   993 10031
   994 10031
   995 10031
   996 10031
   997 10031
   998 10031
   999 10031
  1000 10031
  1001 10031
  1002 10031
  1003 10031
  1004 10031
  1005 10031
  1006 10031
  1007 10031
  1008 10031
  1009 10031
  1010 10031
  1011 10031
  1012 10031
  1013 10031
  1014 10031
  1015 10031
  1016 10031
  1017 10031
  1018 10031
  1019 10031
  1020 10031
  1021 10101
  1022 10067
  1023 10067
  1024 10067
  1025 10067
  1026 10067
  1027 10067
  1028 10067
  1029 10067
  1030 10067
  1031 10067
  1032 10067
  1033 10067
  1034 10067
  1035 10067
  1036 10067
  1037 10067
  1038 10067
  1039 10067
  1040 10067
  1041 10067
  1042 10067
  1043 10067
  1044 10067
  1045 10067
  1046 10067
  1047 10067
  1048 10067
  1049 10067
  1050 10067
  1051 10067
  1052 10067
  1053 10067
  1054 10067
  1055 10067
  1056 10067
  1057 10067
  1058 10067
  1059 10067
  1060 10067
  1061 10067
  1062 10067
  1063 10067
  1064 10067
  1065 10067
  1066 10067
  1067 10067
  1068 10067
  1069 10067
  1070 10067
  1071 10067
  1072 10067
  1073 10067
  1074 10067
  1075 10067
  1076 10067
  1077 10067
  1078 10067
  1079 10067
  1080 10067
  1081 10067
  1082 10067
  1083 10067
  1084 10067
  1085 10067
  1086 10067
  1087 10067
  1088 10067
  1089 10067
  1090 10067
  1091 10067
  1092 10067
  1093 10067
  1094 10067
  1095 10067
  1096 10067
  1097 10067
  1098 10067
  1099 10067
  1100 10067
  1101 10067
  1102 10067
  1103 10067
  1104 10067
  1105 10067
  1106 10067
  1107 10067
  1108 10067
  1109 10067
  1110 10067
  1111 10067
  1112 10067
  1113 10067
  1114 10067
  1115 10067
  1116 10067
  1117 10067
  1118 10067
  1119 10067
  1120 10067
  1121 10067
  1122 10067
  1123 10067
  1124 10067
  1125 10067
  1126 10067
  1127 10067
  1128 10067
  1129 10067
  1130 10067
  1131 10067
  1132 10067
  1133 10067
  1134 10067
  1135 10067
  1136 10067
  1137 10067
  1138 10067
  1139 10067
  1140 10067
  1141 10067
  1142 10067
  1143 10067
  1144 10067
  1145 10067
  1146 10067
  1147 10067
  1148 10067
  1149 10067
  1150 10067
  1151 10067
  1152 10067
  1153 10067
  1154 10067
  1155 10067
  1156 10067
  1157 10067
  1158 10067
  1159 10067
  1160 10067
  1161 10067
  1162 10067
  1163 10067
  1164 10067
  1165 10067
  1166 10067
  1167 10067
  1168 10067
  1169 10067
  1170 10067
  1171 10067
  1172 10067
  1173 10067
  1174 10067
  1175 10067
  1176 10067
  1177 10067
  1178 10067
  1179 10067
  1180 10067
  1181 10067
  1182 10067
  1183 10067
  1184 10067
  1185 10067
  1186 10067
  1187 10067
  1188 10067
  1189 10067
  1190 10067
  1191 10067
  1192 10067
  1193 10067
  1194 10067
  1195 10067
  1196 10067
  1197 10067
  1198 10067
  1199 10067
  1200 10067
  1201 10067
  1202 10067
  1203 10067
  1204 10067
  1205 10067
  1206 10067
  1207 10067
  1208 10067
  1209 10067
  1210 10067
  1211 10067
  1212 10067
  1213 10067
  1214 10067
  1215 10067
  1216 10067
  1217 10067
  1218 10067
  1219 10067
  1220 10067
  1221 10067
  1222 10067
  1223 10067
  1224 10067
  1225 10067
  1226 10067
  1227 10067
  1228 10067
  1229 10067
  1230 10067
  1231 10067
  1232 10067
  1233 10067
  1234 10067
  1235 10067
  1236 10067
  1237 10067
  1238 10067
  1239 10067
  1240 10067
  1241 10067
  1242 10067
  1243 10067
  1244 10067
  1245 10067
  1246 10067
  1247 10067
  1248 10067
  1249 10067
  1250 10067
  1251 10067
  1252 10067
  1254 10055
  1255 10055
  1256 10018
  1257 10018
  1258 10018
  1259 10018
  1260 10140
  1261 10158
  1262 10010
  1263 10010
  1264 10010
  1265 10010
  1268 10018
  1269 10010
  1270 10010
  1271 10010
  1272 10010
  1273 10010
  1274 10010
  1275 10010
  1276 10010
  1277 10010
  1278 10010
  1279 10018
  1280 10055
  1281 10018
  1282 10018
  1283 10031
  1285 10055
  1286 10010
  1287 10010
  1288 10010
  1289 10010
  1290 10010
  1291 10010
  1292 10010
  1293 10010
  1294 10010
  1295 10010
  1296 10010
  1297 10055
  1298 10055
  1303 10071
  1304 10071
  1305 10071
  1306 10071
  1307 10149
  1308 10149
  1309 10149
  1310 10149
  1311 10149
  1312 10149
  1313 10149
  1314 10149
  1315 10149
  1316 10149
  1317 10071
  1318 10071
  1319 10071
  1320 10071
  1321 10071
  1322 10149
  1323 10149
  1324 10149
  1325 10149
  1326 10071
  1327 10071
  1328 10149
  1329 10149
  1330 10149
  1331 10086
  1340 10031
  1341 10031
  1342 10031
  1343 10031
  1344 10031
  1345 10031
  1346 10055
  1347 10055
  1348 10055
  1349 10055
  1350 10140
  1351 10140
  1352 10140
  1353 10140
  1354 10140
  1355 10140
  1356 10140
  1357 10055
  1358 10055
  1359 10055
  1360 10018
  1361 10018
  1362 10055
  1363 10101
  1364 10101
  1365 10101
  1366 10138
  1367 10101
  1368 10138
  1369 10138
  1370 10138
  1371 10138
  1372 10138
  1376 10101
  1377 10101
  1378 10101
  1379 10138
  1382 10101
  1383 10169
  1384 10128
  1385 10128
  1386 10128
  1387 10128
  1388 10128
  1389 10128
  1390 10128
  1391 10128
  1392 10128
  1393 10128
  1394 10128
  1395 10128
  1396 10128
  1397 10128
  1398 10128
  1399 10128
  1400 10128
  1401 10128
  1402 10128
  1403 10128
  1404 10128
  1405 10128
  1406 10128
  1407 10128
  1408 10128
  1409 10128
  1410 10128
  1411 10128
  1412 10128
  1413 10128
  1414 10128
  1415 10128
  1416 10128
  1417 10128
  1418 10128
  1419 10128
  1420 10128
  1421 10128
  1422 10128
  1423 10128
  1424 10128
  1425 10128
  1426 10128
  1427 10128
  1428 10128
  1429 10128
  1430 10128
  1431 10128
  1432 10128
  1433 10128
  1434 10128
  1435 10128
  1436 10128
  1437 10128
  1438 10128
  1439 10128
  1440 10128
  1441 10128
  1442 10128
  1443 10128
  1444 10128
  1445 10128
  1446 10128
  1447 10128
  1448 10128
  1449 10128
  1450 10128
  1451 10128
  1452 10128
  1453 10128
  1454 10128
  1455 10128
  1456 10128
  1457 10128
  1458 10128
  1459 10128
  1460 10128
  1461 10128
  1462 10128
  1463 10128
  1464 10128
  1465 10128
  1466 10128
  1467 10128
  1468 10128
  1469 10128
  1470 10128
  1471 10128
  1472 10128
  1473 10128
  1474 10128
  1475 10128
  1476 10128
  1477 10128
  1478 10128
  1479 10128
  1480 10128
  1481 10128
  1482 10128
  1483 10128
  1484 10128
  1485 10128
  1486 10128
  1487 10128
  1488 10128
  1489 10128
  1490 10128
  1491 10128
  1492 10128
  1493 10128
  1494 10128
  1495 10128
  1496 10128
  1497 10128
  1498 10128
  1499 10128
  1500 10128
  1501 10128
  1502 10128
  1503 10128
  1504 10128
  1505 10128
  1506 10128
  1507 10128
  1508 10128
  1509 10128
  1510 10128
  1511 10128
  1512 10128
  1513 10128
  1514 10128
  1515 10128
  1516 10128
  1517 10128
  1518 10128
  1519 10128
  1520 10128
  1521 10128
  1522 10128
  1523 10128
  1524 10128
  1525 10128
  1526 10128
  1527 10128
  1528 10128
  1529 10128
  1530 10128
  1531 10128
  1532 10128
  1533 10128
  1534 10128
  1535 10128
  1536 10128
  1537 10128
  1538 10128
  1539 10128
  1540 10128
  1541 10128
  1542 10128
  1543 10128
  1544 10128
  1545 10128
  1546 10128
  1547 10128
  1548 10128
  1549 10128
  1550 10128
  1551 10128
  1552 10128
  1553 10128
  1554 10128
  1555 10128
  1556 10128
  1557 10128
  1558 10128
  1559 10128
  1560 10128
  1561 10128
  1562 10128
  1563 10128
  1564 10128
  1565 10128
  1566 10128
  1567 10128
  1568 10128
  1569 10128
  1570 10128
  1571 10128
  1572 10128
  1573 10128
  1574 10128
  1575 10128
  1576 10128
  1577 10128
  1578 10128
  1579 10128
  1580 10128
  1581 10128
  1582 10128
  1583 10128
  1584 10128
  1585 10128
  1586 10128
  1587 10128
  1588 10128
  1589 10128
  1590 10128
  1591 10128
  1592 10128
  1593 10128
  1594 10128
  1595 10128
  1596 10128
  1597 10128
  1598 10128
  1599 10128
  1600 10128
  1601 10128
  1602 10128
  1603 10128
  1604 10128
  1605 10128
  1606 10128
  1607 10128
  1608 10128
  1609 10128
  1610 10128
  1611 10128
  1612 10128
  1613 10128
  1614 10128
  1615 10128
  1616 10128
  1617 10128
  1624 10072
  1625 10072
  1626 10066
  1627 10020
  1628 10020
  1629 10020
  1630 10020
  1631 10020
  1632 10020
  1633 10020
  1634 10020
  1635 10020
  1636 10020
  1637 10020
  1638 10020
  1639 10020
  1640 10020
  1641 10020
  1642 10020
  1643 10020
  1644 10020
  1645 10020
  1646 10020
  1647 10020
  1648 10020
  1649 10020
  1650 10020
  1651 10020
  1652 10020
  1653 10020
  1654 10020
  1655 10020
  1656 10020
  1657 10020
  1658 10020
  1659 10020
  1660 10020
  1661 10020
  1662 10020
  1663 10020
  1664 10020
  1665 10020
  1666 10020
  1667 10020
  1668 10020
  1669 10020
  1670 10020
  1671 10020
  1672 10020
  1673 10020
  1674 10020
  1675 10020
  1676 10020
  1677 10020
  1678 10020
  1679 10020
  1680 10020
  1681 10020
  1682 10020
  1683 10020
  1684 10020
  1685 10020
  1686 10020
  1687 10020
  1688 10020
  1689 10020
  1690 10020
  1691 10020
  1692 10020
  1693 10020
  1694 10020
  1695 10020
  1696 10020
  1697 10020
  1698 10020
  1699 10020
  1700 10020
  1701 10020
  1702 10020
  1703 10020
  1704 10020
  1705 10020
  1706 10020
  1707 10020
  1708 10020
  1709 10020
  1710 10020
  1711 10020
  1712 10020
  1713 10020
  1714 10020
  1715 10020
  1716 10020
  1717 10020
  1718 10020
  1719 10020
  1720 10020
  1721 10020
  1722 10020
  1723 10020
  1724 10020
  1725 10020
  1726 10020
  1727 10020
  1728 10020
  1729 10020
  1730 10020
  1731 10020
  1732 10020
  1733 10020
  1734 10020
  1735 10020
  1736 10020
  1737 10020
  1738 10020
  1739 10020
  1740 10020
  1741 10020
  1742 10020
  1743 10020
  1744 10020
  1745 10020
  1746 10020
  1747 10020
  1748 10020
  1749 10020
  1750 10020
  1751 10020
  1752 10020
  1753 10020
  1754 10020
  1755 10020
  1756 10020
  1757 10020
  1758 10020
  1759 10020
  1760 10020
  1761 10020
  1762 10020
  1763 10020
  1764 10020
  1765 10020
  1766 10020
  1767 10020
  1768 10020
  1769 10020
  1770 10020
  1771 10020
  1772 10020
  1773 10020
  1774 10020
  1775 10020
  1776 10020
  1777 10020
  1778 10020
  1779 10020
  1780 10020
  1781 10020
  1782 10020
  1783 10020
  1784 10020
  1785 10020
  1786 10020
  1787 10020
  1788 10020
  1789 10020
  1790 10020
  1791 10020
  1792 10020
  1793 10020
  1794 10020
  1795 10020
  1796 10020
  1797 10020
  1798 10020
  1799 10020
  1800 10020
  1801 10020
  1802 10020
  1803 10020
  1804 10020
  1805 10020
  1806 10020
  1807 10020
  1808 10020
  1809 10020
  1810 10020
  1811 10020
  1812 10020
  1813 10020
  1814 10020
  1815 10020
  1816 10020
  1817 10020
  1818 10020
  1819 10020
  1820 10020
  1821 10020
  1822 10020
  1823 10020
  1824 10020
  1825 10020
  1826 10020
  1827 10020
  1828 10020
  1829 10020
  1830 10020
  1831 10020
  1832 10020
  1833 10020
  1834 10020
  1835 10020
  1836 10020
  1837 10020
  1838 10020
  1839 10020
  1840 10020
  1841 10020
  1842 10020
  1843 10020
  1844 10020
  1845 10020
  1846 10020
  1847 10020
  1848 10020
  1849 10020
  1850 10020
  1851 10020
  1852 10020
  1853 10020
  1854 10020
  1855 10020
  1856 10020
  1857 10151
  1858 10151
  1859 10017
  1860 10017
  1861 10017
  1862 10017
  1863 10017
  1864 10017
  1865 10017
  1866 10017
  1867 10017
  1868 10017
  1869 10017
  1870 10017
  1871 10017
  1872 10017
  1873 10017
  1874 10017
  1875 10017
  1876 10017
  1877 10017
  1878 10017
  1879 10017
  1880 10017
  1881 10017
  1882 10017
  1883 10017
  1884 10017
  1885 10017
  1886 10017
  1887 10017
  1888 10017
  1889 10017
  1890 10017
  1891 10017
  1892 10017
  1893 10017
  1894 10017
  1895 10017
  1896 10017
  1897 10017
  1898 10017
  1899 10017
  1900 10017
  1901 10017
  1902 10017
  1903 10017
  1904 10017
  1905 10017
  1906 10017
  1907 10017
  1908 10017
  1909 10017
  1910 10017
  1911 10017
  1912 10017
  1913 10017
  1914 10017
  1915 10017
  1916 10017
  1917 10017
  1918 10017
  1919 10017
  1920 10017
  1921 10017
  1922 10017
  1923 10017
  1924 10017
  1925 10017
  1926 10017
  1927 10017
  1928 10017
  1929 10017
  1930 10017
  1931 10017
  1932 10017
  1933 10017
  1934 10017
  1935 10017
  1936 10017
  1937 10017
  1938 10017
  1939 10017
  1940 10017
  1941 10017
  1942 10017
  1943 10017
  1944 10017
  1945 10017
  1946 10017
  1947 10017
  1948 10017
  1949 10017
  1950 10017
  1951 10017
  1952 10017
  1953 10017
  1954 10017
  1955 10017
  1956 10017
  1957 10017
  1958 10017
  1959 10017
  1960 10017
  1961 10017
  1962 10017
  1963 10017
  1964 10017
  1965 10017
  1966 10017
  1967 10017
  1968 10017
  1969 10017
  1970 10017
  1971 10017
  1972 10017
  1973 10017
  1974 10017
  1975 10017
  1976 10017
  1977 10017
  1978 10017
  1979 10017
  1980 10017
  1981 10017
  1982 10017
  1983 10017
  1984 10017
  1985 10017
  1986 10017
  1987 10017
  1988 10017
  1989 10017
  1990 10017
  1991 10017
  1992 10017
  1993 10017
  1994 10017
  1995 10017
  1996 10017
  1997 10017
  1998 10017
  1999 10017
  2000 10017
  2001 10017
  2002 10017
  2003 10017
  2004 10017
  2005 10017
  2006 10017
  2007 10017
  2008 10017
  2009 10017
  2010 10017
  2011 10017
  2012 10017
  2013 10017
  2014 10017
  2015 10017
  2016 10017
  2017 10017
  2018 10017
  2019 10017
  2020 10017
  2021 10017
  2022 10017
  2023 10028
  2024 10028
