  1434 10118
  1538 10149
  1539 10149
  1540 10071
  1541 10149
  1542 10071
  1543 10149
  1544 10071
  1545 10071
  1546 10071
  1547 10071
  1548 10071
  1549 10071
  1550 10071
  1551 10071
  1553 10080
  1554 10080
  1555 10080
  1556 10071
  1557 10071
  1558 10071
  1559 10071
  1560 10071
  1561 10071
  1562 10071
  1563 10071
  1564 10071
  1565 10071
  1566 10071
  1567 10071
  1568 10071
  1569 10149
  1570 10149
  1571 10149
  1572 10149
  1573 10071
  1574 10071
  1575 10071
  1576 10071
  1577 10071
  1578 10071
  1579 10071
  1580 10071
  1581 10071
  1582 10071
  1583 10071
  1584 10071
  1585 10071
  1586 10071
  1587 10071
  1588 10071
  1589 10071
  1590 10071
  1591 10071
  1592 10071
  1593 10071
  1594 10071
  1595 10071
  1596 10071
  1597 10071
  1598 10071
  1599 10071
  1600 10071
  1601 10071
  1602 10071
  1603 10071
  1604 10071
  1605 10071
  1606 10071
  1607 10071
  1608 10071
  1609 10071
  1610 10071
  1611 10071
  1612 10071
  1613 10071
  1614 10071
  1615 10071
  1616 10071
  1617 10071
  1618 10071
  1619 10071
  1620 10071
  1621 10071
  1622 10071
  1623 10071
  1624 10149
  1625 10149
  1626 10071
  1627 10071
  1628 10071
  1629 10071
  1630 10071
  1631 10071
  1632 10071
  1633 10071
  1634 10071
  1635 10071
  1636 10071
  1637 10071
  1638 10071
  1639 10071
  1640 10071
  1641 10071
  1642 10071
  1643 10071
  1644 10071
  1645 10071
  1646 10071
  1647 10071
  1648 10071
  1649 10071
  1650 10071
  1651 10071
  1652 10071
  1653 10071
  1654 10071
  1655 10071
  1656 10071
  1657 10071
  1658 10071
  1659 10149
  1660 10071
  1661 10071
  1662 10071
  1663 10071
  1664 10071
  1665 10071
  1666 10071
  1667 10071
  1668 10071
  1669 10071
  1670 10071
  1671 10149
  1672 10149
  1673 10071
  1674 10071
  1675 10071
  1676 10071
  1677 10071
  1678 10071
  1679 10071
  1680 10071
  1681 10071
  1682 10071
  1683 10071
  1684 10071
  1685 10071
  1686 10071
  1687 10071
  1688 10071
  1689 10071
  1690 10071
  1691 10071
  1692 10071
  1693 10071
  1694 10071
  1695 10071
  1696 10071
  1697 10071
  1698 10071
  1699 10071
  1700 10071
  1701 10071
  1702 10071
  1703 10071
  1704 10071
  1705 10071
  1706 10071
  1707 10071
  1708 10071
  1709 10071
  1710 10071
  1711 10071
  1712 10071
  1713 10071
  1714 10071
  1715 10071
  1716 10071
  1717 10071
  1718 10071
  1719 10071
  1720 10071
  1721 10071
  1722 10071
  1723 10071
  1724 10071
  1725 10071
  1726 10071
  1727 10071
  1728 10071
  1729 10071
  1730 10071
  1731 10071
  1732 10071
  1733 10071
  1734 10071
  1735 10071
  1736 10071
  1737 10071
  1738 10071
  1739 10071
  1740 10071
  1741 10071
  1742 10071
  1743 10071
  1744 10071
  1745 10071
  1746 10071
  1747 10071
  1748 10071
  1749 10071
  1750 10071
  1751 10071
  1752 10071
  1753 10071
  1754 10071
  1755 10071
  1756 10071
  1757 10071
  1758 10071
  1759 10071
  1760 10071
  1761 10071
  1762 10071
  1763 10071
  1764 10071
  1765 10071
  1766 10071
  1767 10071
  1768 10071
  1769 10071
  1770 10071
  1771 10071
  1772 10071
  1773 10071
  1774 10071
  1775 10071
  1776 10071
  1777 10071
  1778 10071
  1779 10071
  1780 10071
  1781 10071
  1782 10071
  1783 10071
  1784 10071
  1785 10071
  1786 10071
  1787 10071
  1788 10071
  1789 10071
  1790 10071
  1791 10071
  1792 10071
  1793 10071
  1794 10071
  1795 10071
  1796 10071
  1797 10071
  1798 10071
  1799 10071
  1800 10071
  1801 10071
  1802 10071
  1803 10071
  1804 10071
  1805 10071
  1806 10071
  1807 10071
  1808 10071
  1809 10071
  1810 10071
  1811 10071
  1812 10071
  1813 10071
  1814 10071
  1815 10071
  1816 10071
  1817 10071
  1818 10071
  1819 10071
  1820 10071
  1821 10071
  1822 10071
  1823 10071
  1824 10071
  1825 10071
  1826 10071
  1827 10071
  1828 10071
  1829 10149
  1830 10071
  1831 10071
  1832 10071
  1833 10071
  1834 10071
  1835 10071
  1836 10071
  1837 10071
  1838 10071
  1839 10071
  1840 10071
  1841 10071
  1842 10071
  1843 10071
  1844 10071
  1845 10071
  1846 10071
  1847 10071
  1848 10071
  1849 10071
  1850 10071
  1851 10071
  1852 10071
  1853 10071
  1854 10071
  1855 10071
  1856 10071
  1857 10046
  1859 10071
  1860 10071
  1861 10071
  1862 10071
  1863 10071
  1864 10071
  1865 10071
  1866 10071
  1867 10071
  1868 10071
  1869 10071
  1870 10071
  1871 10071
  1872 10071
  1873 10071
  1874 10071
  1875 10071
  1876 10071
  1877 10071
  1878 10071
  1879 10071
  1880 10071
  1881 10071
  1882 10071
  1883 10071
  1884 10071
  1885 10071
  1886 10071
  1887 10071
  1888 10071
  1889 10071
  1890 10071
  1891 10071
  1892 10071
  1893 10071
  1894 10071
  1895 10071
  1896 10071
  1897 10071
  1898 10071
  1899 10071
  1900 10071
  1901 10071
  1902 10071
  1903 10071
  1904 10071
  1905 10071
  1906 10071
  1907 10071
  1908 10071
  1909 10071
  1910 10071
  1911 10071
  1912 10071
  1913 10071
  1914 10071
  1915 10071
  1916 10071
  1917 10071
  1918 10071
  1919 10071
  1920 10071
  1921 10071
  1922 10149
  1923 10071
  1924 10071
  1925 10071
  1926 10071
  1927 10071
  1928 10071
  1929 10149
  1930 10071
  1931 10071
  1932 10071
  1933 10149
  1934 10149
  1935 10149
  1936 10071
  1937 10071
  1938 10071
  1939 10071
  1940 10071
  1941 10071
  1942 10071
  1943 10071
  1944 10071
  1945 10071
  1946 10149
  1947 10071
  1948 10071
  1949 10071
  1950 10071
  1951 10071
  1952 10071
  1953 10071
  1954 10149
  1955 10071
  1956 10071
  1957 10071
  1958 10071
  1959 10071
  1960 10071
  1961 10071
  1962 10149
  1963 10071
  1964 10071
  1965 10071
  1966 10071
  1967 10071
  1968 10071
  1969 10071
  1970 10071
  1971 10071
  1972 10071
  1973 10071
  1974 10149
  1975 10149
  1976 10071
  1977 10149
  1978 10071
  1979 10071
  1980 10071
  1981 10071
  1982 10071
  1983 10071
  1984 10071
  1985 10071
  1986 10071
  1987 10071
  1988 10071
  1989 10154
  1990 10080
  1991 10080
  1992 10080
  1993 10080
  1994 10080
  1995 10080
  1996 10080
  1997 10080
  1998 10080
  1999 10080
  2000 10080
  2001 10080
  2002 10080
  2003 10080
  2004 10080
  2005 10080
  2006 10080
  2007 10080
  2008 10080
  2009 10080
  2010 10080
  2014 10080
  2015 10080
  2016 10080
  2017 10080
  2018 10080
  2019 10080
  2020 10080
  2021 10080
  2022 10080
  2023 10080
  2024 10080
  2025 10080
  2026 10080
  2027 10080
  2028 10080
  2029 10080
  2030 10080
  2031 10080
  2032 10080
  2033 10080
  2034 10080
  2035 10080
  2036 10080
  2037 10080
  2038 10080
  2039 10064
  2040 10064
  2041 10064
