   615 10131
   616 10131
   617 10131
   618 10131
   619 10131
   629 10131
   630 10131
   631 10131
   632 10131
   637 10127
   638 10127
   639 10127
   640 10137
   643 10131
   644 10131
   645 10131
   646 10131
   649 10127
   650 10127
   651 10127
   652 10127
   653 10127
   654 10127
   655 10131
   656 10131
   659 10131
   660 10131
   662 10131
   663 10131
   664 10131
   665 10131
   690 10156
   691 10156
   692 10156
   693 10156
   694 10156
   695 10156
   696 10156
   697 10156
   698 10156
   699 10156
   700 10156
   701 10156
   702 10156
   703 10156
   704 10156
   705 10156
   706 10156
   707 10156
   708 10156
   709 10156
   710 10156
   711 10156
   712 10156
   713 10156
   714 10156
   715 10156
   716 10156
   717 10156
   718 10156
   719 10156
   720 10156
   721 10156
   722 10156
   723 10156
   724 10156
   725 10156
   726 10156
   727 10156
   728 10156
   729 10156
   730 10156
   731 10156
   732 10156
   733 10156
   734 10156
   735 10156
   736 10156
   737 10156
   738 10156
   739 10156
   740 10156
   741 10156
   742 10156
   743 10156
   744 10156
   745 10156
   746 10156
   747 10156
   748 10156
   749 10156
   750 10156
   751 10156
   752 10156
   753 10156
   754 10156
   755 10156
   756 10156
   757 10156
   758 10156
   759 10156
   760 10156
   761 10156
   762 10156
   763 10156
   764 10156
   765 10156
   766 10156
   767 10156
   768 10156
   769 10156
   770 10156
   771 10156
   772 10156
   773 10156
   774 10156
   775 10156
   776 10156
   777 10156
   778 10156
   779 10156
   780 10156
   781 10154
   782 10115
   783 10115
   784 10115
   785 10115
   786 10115
   787 10115
   788 10131
   789 10131
   790 10131
   791 10131
   792 10131
   793 10131
   794 10131
   795 10137
   796 10137
   797 10137
   798 10137
   799 10137
   800 10137
   801 10137
   802 10137
   803 10137
   804 10137
   805 10137
   806 10137
   807 10137
   808 10137
   809 10137
   810 10137
   811 10137
   812 10137
   813 10137
   814 10137
   815 10137
   816 10137
   817 10137
   818 10137
   819 10137
   820 10137
   821 10137
   822 10137
   823 10137
   824 10137
   825 10137
   826 10137
   827 10137
   828 10137
   829 10137
   830 10137
   831 10137
   832 10137
   833 10137
   834 10137
   835 10137
   836 10137
   837 10137
   838 10137
   839 10137
   840 10137
   841 10137
   842 10137
   843 10137
   844 10137
   845 10137
   846 10137
   847 10137
   848 10137
   849 10137
   850 10137
   851 10137
   852 10137
   853 10137
   854 10137
   855 10137
   856 10137
   857 10137
   858 10137
   859 10137
   860 10137
   861 10137
   862 10137
   863 10137
   864 10137
   865 10137
   866 10137
   867 10137
   868 10137
   869 10137
   870 10137
   871 10137
   872 10137
   873 10137
   874 10137
   875 10137
   876 10137
   877 10137
   878 10137
   879 10137
   880 10137
   881 10137
   882 10137
   883 10137
   884 10137
   885 10137
   886 10137
   887 10137
   888 10137
   889 10137
   890 10137
   891 10137
   892 10137
   893 10137
   894 10137
   895 10137
   896 10137
   897 10137
   898 10137
   899 10137
   900 10137
   901 10137
   902 10137
   903 10137
   904 10137
   905 10137
   906 10137
   907 10137
   908 10137
   909 10137
   910 10137
   911 10137
   912 10137
   913 10137
   914 10137
   915 10137
   916 10137
   917 10137
   918 10137
   919 10137
   920 10137
   921 10137
   922 10137
   923 10137
   924 10137
   925 10137
   926 10137
   927 10137
   928 10137
   929 10137
   930 10137
   931 10137
   932 10137
   933 10137
   934 10137
   935 10137
   936 10137
   937 10137
   938 10137
   939 10137
   940 10137
   941 10137
   942 10137
   943 10137
   944 10137
   945 10137
   946 10137
   947 10137
   948 10137
   949 10137
   950 10137
   951 10137
   952 10137
   953 10137
   954 10137
   955 10137
   956 10137
   957 10137
   958 10137
   959 10137
   960 10137
   961 10137
   962 10137
   963 10137
   964 10137
   965 10137
   966 10137
   967 10137
   968 10137
   969 10137
   970 10137
   971 10137
   972 10137
   973 10137
   974 10137
   975 10137
   976 10137
   977 10137
   978 10137
   979 10137
   980 10137
   981 10137
   982 10137
   983 10137
   984 10137
   985 10137
   986 10137
   987 10137
   988 10137
   989 10137
   990 10137
   991 10137
   992 10137
   993 10137
   994 10137
   995 10137
   996 10137
   997 10137
   998 10137
   999 10137
  1000 10137
  1001 10137
  1002 10137
  1003 10137
  1004 10137
  1005 10137
  1006 10137
  1007 10137
  1008 10137
  1009 10137
  1010 10137
  1011 10137
  1012 10137
  1013 10137
  1014 10137
  1015 10137
  1016 10137
  1017 10137
  1018 10137
  1019 10137
  1020 10137
  1021 10137
  1022 10137
  1023 10137
  1024 10131
  1032 10062
  1033 10062
  1034 10062
  1035 10062
  1036 10062
  1037 10062
  1038 10062
  1039 10062
  1040 10062
  1041 10062
  1042 10062
  1043 10062
  1044 10062
  1045 10062
  1046 10062
  1047 10062
  1048 10062
  1049 10062
  1050 10062
  1051 10062
  1052 10062
  1053 10062
  1054 10062
  1055 10062
  1056 10062
  1057 10062
  1058 10062
  1059 10062
  1060 10062
  1061 10062
  1062 10062
  1063 10062
  1064 10062
  1065 10062
  1066 10062
  1067 10062
  1068 10062
  1069 10062
  1070 10062
  1071 10062
  1072 10062
  1073 10062
  1074 10062
  1075 10062
  1076 10062
  1077 10062
  1078 10062
  1079 10062
  1080 10062
  1081 10062
  1082 10062
  1083 10062
  1084 10062
  1085 10062
  1086 10062
  1087 10062
  1088 10062
  1089 10062
  1090 10062
  1091 10062
  1092 10062
  1093 10062
  1094 10062
  1095 10062
  1096 10062
  1097 10062
  1098 10062
  1099 10062
  1100 10062
  1101 10062
  1102 10062
  1103 10062
  1104 10062
  1105 10062
  1106 10062
  1107 10062
  1108 10062
  1109 10062
  1110 10062
  1111 10062
  1112 10062
  1113 10062
  1114 10062
  1115 10062
  1116 10062
  1117 10062
  1118 10062
  1119 10062
  1120 10062
  1121 10062
  1122 10062
  1123 10062
  1124 10062
  1125 10062
  1126 10062
  1127 10062
  1128 10062
  1129 10062
  1130 10062
  1131 10062
  1132 10062
  1133 10062
  1134 10062
  1135 10062
  1136 10062
  1137 10062
  1138 10062
  1139 10062
  1140 10062
  1141 10062
  1142 10062
  1143 10062
  1144 10062
  1145 10062
  1146 10062
  1147 10062
  1148 10062
  1149 10062
  1150 10062
  1151 10062
  1152 10062
  1153 10062
  1154 10062
  1155 10062
  1156 10062
  1157 10062
  1158 10062
  1159 10062
  1160 10062
  1161 10062
  1162 10062
  1163 10062
  1164 10062
  1165 10062
  1166 10062
  1167 10062
  1168 10062
  1169 10062
  1170 10062
  1171 10062
  1172 10062
  1173 10062
  1174 10062
  1175 10062
  1176 10062
  1177 10062
  1178 10062
  1179 10062
  1180 10062
  1181 10062
  1182 10062
  1183 10062
  1184 10062
  1185 10062
  1186 10062
  1187 10062
  1188 10062
  1189 10062
  1190 10062
  1191 10062
  1192 10062
  1193 10062
  1194 10062
  1195 10062
  1196 10062
  1197 10062
  1198 10062
  1199 10062
  1200 10062
  1201 10062
  1202 10062
  1203 10062
  1204 10062
  1205 10062
  1206 10062
  1207 10062
  1208 10062
  1209 10062
  1210 10062
  1211 10062
  1212 10062
  1213 10062
  1214 10062
  1215 10062
  1216 10062
  1217 10062
  1218 10062
  1219 10062
  1220 10062
  1221 10062
  1222 10062
  1223 10062
  1224 10062
  1225 10062
  1226 10062
  1227 10062
  1228 10062
  1229 10062
  1230 10062
  1231 10062
  1232 10062
  1233 10062
  1234 10062
  1235 10062
  1236 10062
  1237 10062
  1238 10062
  1239 10062
  1240 10062
  1241 10062
  1242 10062
  1243 10062
  1244 10062
  1245 10062
  1246 10062
  1247 10062
  1248 10062
  1249 10062
  1250 10062
  1251 10062
  1252 10062
  1253 10062
  1254 10062
  1255 10062
  1256 10062
  1257 10062
  1258 10018
  1259 10018
  1260 10018
  1261 10158
  1262 10018
  1263 10158
  1264 10158
  1265 10140
  1266 10140
  1267 10140
  1268 10140
  1269 10140
  1270 10140
  1271 10140
  1272 10158
  1273 10158
  1274 10158
  1275 10018
  1276 10158
  1277 10158
  1278 10158
  1279 10158
  1280 10158
  1281 10140
  1282 10140
  1283 10158
  1284 10140
  1285 10158
  1286 10140
  1287 10140
  1288 10158
  1289 10158
  1290 10140
  1291 10140
  1292 10158
  1293 10158
  1294 10140
  1295 10140
  1296 10140
  1297 10140
  1298 10158
  1299 10055
  1300 10018
  1301 10018
  1302 10040
  1303 10098
  1304 10098
  1305 10018
  1306 10055
  1307 10055
  1308 10055
  1309 10055
  1310 10055
  1311 10106
  1312 10106
  1329 10132
  1330 10132
  1331 10132
  1333 10132
  1334 10132
  1335 10132
  1336 10132
  1337 10132
  1338 10132
  1339 10132
  1344 10132
  1345 10132
  1346 10132
  1347 10132
  1348 10132
  1349 10132
  1350 10132
  1351 10132
  1352 10132
  1353 10132
  1354 10132
  1355 10132
  1356 10132
  1357 10132
  1358 10132
  1359 10132
  1360 10132
  1361 10132
  1362 10132
  1363 10132
  1364 10132
  1365 10132
  1366 10132
  1367 10132
  1368 10132
  1375 10141
  1376 10141
  1377 10141
  1378 10101
  1379 10141
  1381 10163
  1385 10071
  1386 10071
  1387 10071
  1388 10071
  1389 10071
  1390 10071
  1391 10071
  1392 10071
  1393 10071
  1394 10071
  1395 10071
  1396 10071
  1397 10071
  1398 10071
  1399 10071
  1400 10071
  1401 10149
  1402 10149
  1403 10149
  1404 10149
  1405 10149
  1406 10071
  1407 10071
  1408 10071
  1409 10071
  1410 10071
  1411 10149
  1412 10149
  1413 10149
  1414 10149
  1415 10149
  1416 10149
  1417 10149
  1418 10149
  1419 10149
  1420 10149
  1421 10149
  1422 10149
  1423 10149
  1459 10149
  1460 10149
  1462 10149
  1463 10062
  1464 10062
  1465 10154
  1466 10154
  1467 10154
  1468 10154
  1469 10156
  1471 10147
  1472 10089
  1473 10089
  1474 10089
  1475 10089
  1476 10089
  1477 10089
  1478 10089
  1479 10089
  1480 10089
  1481 10089
  1482 10089
  1483 10089
  1484 10089
  1485 10089
  1486 10089
  1487 10089
  1488 10089
  1489 10089
  1490 10089
  1491 10089
  1492 10089
  1493 10089
  1494 10089
  1495 10089
  1496 10089
  1497 10089
  1498 10089
  1499 10089
  1500 10089
  1501 10089
  1502 10089
  1503 10089
  1505 10132
  1506 10132
  1507 10132
  1508 10132
  1509 10132
  1510 10132
  1511 10132
  1512 10132
  1513 10132
  1514 10132
  1517 10132
  1518 10132
  1519 10132
  1520 10132
  1521 10132
  1522 10132
  1523 10132
  1524 10132
  1525 10132
  1529 10132
  1530 10132
  1531 10132
  1532 10132
  1533 10132
  1534 10132
  1535 10132
  1536 10132
  1537 10132
  1541 10132
  1542 10132
  1543 10132
  1544 10132
  1545 10132
  1546 10132
  1547 10132
  1548 10132
  1549 10132
  1550 10132
  1551 10132
  1552 10132
  1553 10132
  1554 10132
  1555 10132
  1556 10132
  1557 10132
  1558 10132
  1559 10132
  1560 10132
  1561 10132
  1562 10132
  1563 10132
  1564 10132
  1565 10132
  1566 10132
  1567 10132
  1568 10132
  1569 10132
  1570 10132
  1571 10132
  1572 10132
  1573 10132
  1574 10132
  1575 10132
  1576 10132
  1577 10132
  1578 10132
  1579 10132
  1580 10132
  1581 10132
  1582 10132
  1583 10132
  1584 10132
  1585 10132
  1586 10132
  1587 10132
  1588 10132
  1589 10132
  1590 10132
  1591 10132
  1592 10132
  1593 10132
  1594 10132
  1595 10132
  1596 10132
  1597 10132
  1598 10132
  1599 10132
  1600 10132
  1601 10132
  1602 10132
  1603 10132
  1604 10132
  1605 10132
  1606 10132
  1607 10132
  1608 10132
  1609 10132
  1610 10132
  1611 10132
  1612 10132
  1613 10132
  1614 10132
  1615 10132
  1616 10132
  1617 10132
  1618 10132
  1619 10132
  1620 10132
  1621 10132
  1622 10132
  1623 10132
  1624 10132
  1625 10132
  1626 10132
  1627 10132
  1628 10132
  1629 10132
  1630 10132
  1631 10132
  1632 10132
  1633 10132
  1634 10132
  1635 10132
  1636 10132
  1637 10132
  1638 10132
  1639 10132
  1640 10132
  1641 10132
  1642 10132
  1643 10132
  1644 10132
  1645 10132
  1646 10132
  1647 10132
  1648 10132
  1649 10132
  1650 10132
  1651 10132
  1652 10132
  1653 10132
  1654 10132
  1655 10132
  1656 10132
  1657 10132
  1658 10132
  1659 10132
  1660 10132
  1661 10132
  1662 10132
  1663 10132
  1664 10132
  1665 10132
  1666 10132
  1667 10132
  1668 10132
  1669 10132
  1670 10132
  1671 10132
  1672 10132
  1673 10132
  1674 10132
  1675 10132
  1676 10132
  1677 10132
  1678 10132
  1679 10132
  1680 10132
  1681 10132
  1682 10132
  1683 10132
  1684 10132
  1685 10132
  1686 10132
  1687 10132
  1688 10132
  1689 10132
  1690 10132
  1691 10132
  1692 10132
  1693 10132
  1694 10132
  1695 10132
  1696 10132
  1697 10132
  1698 10132
  1699 10132
  1700 10132
  1701 10132
  1702 10132
  1703 10132
  1704 10132
  1705 10132
  1706 10132
  1707 10132
  1708 10132
  1709 10132
  1710 10132
  1711 10132
  1712 10132
  1713 10132
  1714 10132
  1715 10132
  1716 10132
  1717 10132
  1718 10132
  1719 10132
  1720 10132
  1721 10132
  1722 10132
  1723 10132
  1724 10132
  1725 10132
  1726 10132
  1727 10132
  1728 10132
  1729 10132
  1730 10132
  1731 10132
  1732 10132
  1733 10132
  1734 10132
  1735 10132
  1736 10132
  1737 10132
  1738 10132
  1739 10132
  1740 10132
  1741 10132
  1742 10132
  1743 10132
  1744 10132
  1745 10132
  1746 10132
  1747 10132
  1748 10132
  1749 10132
  1750 10132
  1751 10132
  1752 10132
  1753 10132
  1754 10132
  1755 10132
  1756 10132
  1757 10132
  1758 10132
  1759 10132
  1760 10132
  1761 10132
  1762 10132
  1763 10132
  1764 10132
  1765 10132
  1766 10132
  1767 10132
  1768 10132
  1769 10132
  1770 10132
  1771 10132
  1772 10132
  1773 10132
  1774 10132
  1775 10132
  1776 10132
  1777 10132
  1778 10132
  1779 10132
  1780 10132
  1781 10132
  1782 10132
  1783 10132
  1784 10132
  1785 10132
  1786 10132
  1787 10132
  1788 10132
  1789 10132
  1790 10132
  1791 10132
  1792 10132
  1793 10132
  1794 10132
  1795 10132
  1796 10132
  1797 10132
  1798 10132
  1799 10132
  1800 10132
  1801 10132
  1802 10132
  1803 10132
  1804 10132
  1805 10132
  1806 10132
  1807 10132
  1808 10132
  1809 10132
  1810 10132
  1811 10132
  1812 10132
  1813 10132
  1814 10132
  1815 10132
  1816 10132
  1817 10132
  1818 10132
  1819 10132
  1820 10132
  1821 10132
  1822 10132
  1823 10132
  1824 10132
  1825 10132
  1826 10132
  1827 10132
  1828 10132
  1829 10132
  1830 10132
  1831 10132
  1832 10132
  1833 10132
  1834 10132
  1835 10132
  1836 10132
  1837 10132
  1838 10132
  1839 10132
  1840 10132
  1841 10132
  1842 10132
  1843 10132
  1844 10132
  1845 10132
  1846 10132
  1847 10132
  1848 10132
  1849 10132
  1850 10132
  1851 10132
  1852 10132
  1853 10132
  1854 10132
  1855 10132
  1856 10132
  1857 10132
  1858 10132
  1859 10132
  1860 10132
  1868 10149
  1869 10080
  1870 10017
  1871 10017
  1872 10017
  1873 10017
  1874 10017
  1875 10017
  1876 10017
  1877 10017
  1878 10017
  1879 10017
  1880 10017
  1881 10017
  1882 10017
  1883 10017
  1884 10017
  1885 10017
  1886 10017
  1887 10017
  1888 10017
  1889 10017
  1890 10017
  1891 10017
  1892 10017
  1893 10017
  1894 10017
  1895 10017
  1896 10017
  1897 10017
  1898 10017
  1899 10017
  1900 10017
  1901 10017
  1902 10017
  1903 10017
  1904 10017
  1905 10017
  1906 10017
  1907 10017
  1908 10017
  1909 10017
  1910 10017
  1911 10017
  1912 10017
  1913 10017
  1914 10017
  1915 10017
  1916 10017
  1917 10017
  1918 10017
  1919 10017
  1920 10017
  1921 10017
  1922 10017
  1923 10017
  1924 10017
  1925 10017
  1926 10017
  1927 10017
  1928 10017
  1929 10017
  1930 10017
  1931 10017
  1932 10017
  1933 10017
  1934 10017
  1935 10017
  1936 10017
  1937 10017
  1938 10017
  1939 10017
  1940 10017
  1941 10017
  1942 10017
  1943 10017
  1944 10017
  1945 10017
  1946 10017
  1947 10017
  1948 10017
  1949 10017
  1950 10017
  1951 10017
  1952 10017
  1953 10017
  1954 10017
  1955 10017
  1956 10017
  1957 10017
  1958 10017
  1959 10017
  1960 10017
  1961 10017
  1962 10017
  1963 10017
  1964 10017
  1965 10017
  1966 10017
  1967 10017
  1968 10017
  1969 10017
  1970 10017
  1971 10017
  1972 10017
  1973 10017
  1974 10017
  1975 10017
  1976 10017
  1977 10017
  1978 10017
  1979 10017
  1980 10017
  1981 10017
  1982 10017
  1983 10017
  1984 10017
  1985 10017
  1986 10017
  1987 10017
  1988 10017
  1989 10017
  1990 10017
  1991 10017
  1992 10017
  1993 10017
  1994 10017
  1995 10017
  1996 10017
  1997 10017
  1998 10017
  1999 10017
  2000 10017
  2001 10017
  2002 10017
  2003 10017
  2004 10017
  2005 10017
  2006 10017
  2007 10017
  2008 10017
  2009 10017
  2010 10017
  2011 10017
  2012 10017
  2013 10017
  2014 10017
  2015 10017
  2016 10017
  2017 10017
  2018 10017
  2019 10017
  2020 10017
  2021 10017
  2022 10017
  2023 10028
  2024 10028
  2029 10043
  2030 10043
  2031 10043
  2032 10101
  2033 10101
  2034 10101
  2040 10154
  2041 10154
  2042 10154
  2043 10154
  2044 10154
  2045 10154
  2046 10154
