   618 10080
   619 10080
   620 10080
   621 10080
   622 10080
   623 10087
   624 10087
   625 10087
   626 10087
   627 10087
   676 10080
   677 10080
   678 10080
   679 10080
   680 10080
   681 10080
   682 10080
   683 10061
   684 10050
   685 10050
   688 10010
   689 10010
   690 10010
   707 10101
   708 10101
   709 10101
   710 10080
   711 10080
   712 10080
   713 10080
   714 10080
   715 10080
   732 10080
   733 10080
   734 10080
   735 10080
   736 10080
   737 10080
   738 10080
   739 10080
   740 10061
   799 10080
   800 10080
   801 10080
   803 10080
   819 10087
   820 10087
   821 10087
   822 10087
   823 10087
   824 10087
   825 10087
   826 10087
   827 10087
   830 10080
   831 10080
   832 10080
   833 10087
   834 10087
   835 10087
   836 10087
   837 10087
   838 10087
   839 10087
   840 10087
   841 10087
   842 10087
   843 10087
   844 10087
   845 10087
   846 10087
   847 10087
   848 10087
   849 10087
   850 10087
   851 10087
   852 10087
   853 10087
   854 10087
   855 10087
   856 10087
   857 10087
   858 10087
   859 10087
   860 10087
   861 10087
   862 10087
   863 10087
   864 10087
   865 10087
   866 10087
   867 10087
   868 10087
   869 10087
   870 10087
   871 10087
   872 10087
   873 10087
   874 10087
   875 10087
   876 10087
   877 10087
   878 10087
   879 10087
   880 10087
   881 10087
   882 10087
   883 10087
   884 10087
   885 10087
   886 10087
   887 10087
   888 10087
   889 10087
   890 10087
   891 10087
   893 10087
   894 10087
   895 10087
   896 10087
   897 10087
   898 10087
   899 10087
   900 10087
   901 10087
   902 10087
   903 10087
   904 10087
   905 10087
   906 10064
   907 10071
   908 10064
   909 10064
   910 10080
   911 10080
   912 10080
   913 10064
   914 10027
   915 10027
   916 10080
   917 10080
   918 10080
   919 10080
   920 10080
   921 10080
   962 10087
   963 10087
   964 10087
   965 10087
   966 10087
   967 10087
   968 10087
   969 10087
   970 10087
   971 10087
   972 10087
   973 10087
   991 10087
   992 10087
   993 10087
   994 10087
  1011 10087
  1012 10087
  1013 10087
  1017 10087
  1018 10087
  1019 10087
  1020 10087
  1021 10087
  1022 10087
  1023 10087
  1024 10087
  1025 10087
  1026 10087
  1027 10087
  1028 10087
  1029 10087
  1030 10087
  1031 10087
  1032 10087
  1033 10087
  1034 10087
  1035 10087
  1036 10087
  1037 10087
  1038 10087
  1039 10087
  1040 10087
  1041 10087
  1042 10087
  1043 10087
  1044 10087
  1045 10087
  1046 10087
  1047 10087
  1048 10087
  1052 10087
  1053 10087
  1054 10087
  1055 10087
  1056 10087
  1062 10087
  1063 10087
  1064 10087
  1065 10087
  1066 10087
  1067 10087
  1070 10087
  1071 10087
  1072 10087
  1073 10087
  1074 10087
  1075 10087
  1083 10064
  1086 10087
  1087 10087
  1088 10087
  1095 10064
  1096 10064
  1097 10064
  1098 10071
  1099 10071
  1100 10071
  1101 10064
  1102 10064
  1103 10064
  1104 10064
  1137 10083
  1138 10083
  1147 10080
  1148 10080
  1149 10080
  1150 10080
  1151 10080
  1164 10080
  1165 10080
  1166 10080
  1167 10080
  1168 10080
  1169 10080
  1189 10080
  1190 10080
  1211 10080
  1212 10080
  1213 10080
  1214 10080
  1215 10080
  1216 10080
  1217 10080
  1218 10080
  1219 10080
  1220 10080
  1229 10055
  1230 10158
  1231 10018
  1232 10018
  1233 10018
  1234 10040
  1235 10040
  1236 10040
  1237 10040
  1238 10040
  1241 10106
  1242 10106
  1243 10106
  1244 10106
  1245 10106
  1246 10106
  1247 10106
  1248 10106
  1249 10018
  1250 10018
  1251 10055
  1252 10106
  1253 10106
  1254 10106
  1255 10106
  1256 10106
  1257 10106
  1258 10106
  1259 10106
  1260 10106
  1261 10106
  1262 10106
  1263 10106
  1264 10106
  1265 10106
  1266 10106
  1267 10106
  1268 10106
  1269 10106
  1270 10106
  1271 10106
  1272 10106
  1273 10106
  1274 10106
  1275 10106
  1276 10106
  1277 10106
  1278 10106
  1279 10106
  1280 10106
  1281 10106
  1282 10106
  1283 10106
  1284 10106
  1285 10106
  1286 10106
  1287 10106
  1288 10106
  1289 10106
  1290 10106
  1291 10106
  1292 10106
  1293 10106
  1294 10106
  1295 10106
  1296 10106
  1297 10106
  1298 10106
  1299 10106
  1300 10106
  1301 10106
  1302 10106
  1303 10106
  1304 10106
  1305 10106
  1306 10106
  1307 10055
  1308 10098
  1309 10098
  1310 10018
  1311 10098
  1312 10098
  1419 10101
  1420 10101
  1421 10101
  1423 10080
  1424 10080
  1425 10080
  1472 10064
  1473 10064
  1474 10064
  1475 10064
  1476 10064
  1477 10064
  1479 10064
  1491 10097
  1492 10097
  1493 10097
  1494 10097
  1495 10097
  1497 10082
  1498 10082
  1499 10021
  1500 10021
  1501 10021
  1502 10021
  1530 10055
  1536 10164
  1537 10164
  1538 10164
  1539 10008
  1540 10008
  1541 10049
  1542 10072
  1543 10008
  1544 10072
  1545 10082
  1546 10082
  1547 10082
  1548 10082
  1549 10066
  1550 10072
  1551 10072
  1552 10072
  1553 10072
  1554 10072
  1555 10072
  1556 10072
  1557 10072
  1558 10072
  1559 10020
  1560 10020
  1561 10020
  1562 10020
  1563 10021
  1564 10020
  1565 10169
  1566 10169
  1567 10021
  1568 10072
  1569 10072
  1570 10072
  1571 10072
  1572 10066
  1573 10082
  1574 10143
  1575 10082
  1576 10082
  1577 10082
  1578 10151
  1581 10066
  1582 10151
  1583 10066
  1586 10042
  1594 10028
  1595 10028
  1596 10028
  1597 10028
  1598 10028
  1599 10028
  1604 10043
  1697 10141
  1698 10141
  1699 10141
  1703 10080
  1704 10046
  1705 10080
  1706 10080
  1707 10080
  1708 10080
  1709 10080
  1710 10080
  1711 10080
  1712 10080
  1713 10080
  1890 10080
  1891 10080
  1892 10080
  1893 10080
  1894 10080
