   712 10086
   713 10086
   714 10086
   715 10086
   716 10086
   720 10086
   721 10086
   799 10086
   800 10086
   801 10086
   802 10086
   803 10086
   804 10086
   805 10086
   806 10086
   807 10086
   808 10086
   809 10086
   810 10086
   811 10086
   812 10086
   813 10086
   814 10086
   815 10086
   816 10086
   817 10080
   818 10080
   819 10080
   820 10087
   821 10087
   822 10087
   823 10087
   824 10087
   825 10087
   826 10087
   827 10087
   830 10080
   831 10080
   832 10080
   833 10087
   834 10087
   835 10087
   836 10087
   837 10087
   838 10087
   839 10087
   840 10087
   841 10087
   842 10087
   843 10087
   844 10087
   845 10087
   846 10087
   847 10087
   848 10087
   849 10087
   850 10087
   851 10087
   852 10087
   853 10087
   854 10087
   855 10087
   856 10087
   857 10087
   858 10087
   859 10087
   860 10087
   861 10087
   862 10087
   863 10087
   864 10087
   865 10087
   866 10087
   867 10087
   868 10087
   869 10087
   870 10087
   871 10087
   872 10087
   873 10087
   874 10087
   875 10087
   876 10087
   877 10087
   878 10087
   879 10087
   880 10087
   881 10087
   882 10087
   883 10087
   884 10087
   885 10087
   886 10087
   887 10087
   888 10087
   889 10087
   890 10087
   891 10087
   893 10087
   894 10087
   895 10087
   896 10087
   897 10087
   898 10087
   899 10087
   900 10087
   901 10087
   902 10087
   903 10087
   904 10087
   905 10087
   906 10064
   907 10087
   908 10087
   909 10087
   910 10080
   939 10086
   940 10086
   941 10086
   942 10086
   943 10086
   944 10086
   945 10086
   946 10086
   947 10086
   948 10086
   949 10086
   950 10086
   951 10086
   952 10086
   953 10086
   954 10086
   966 10086
   967 10086
   968 10086
   969 10086
   970 10086
   971 10086
   972 10086
   973 10086
   974 10086
   975 10086
   976 10086
   977 10086
   987 10086
   988 10086
   989 10086
   990 10086
   991 10086
   992 10086
   993 10086
   994 10086
   995 10086
  1000 10087
  1001 10087
  1003 10086
  1004 10086
  1005 10086
  1006 10086
  1007 10086
  1008 10086
  1009 10086
  1010 10087
  1017 10086
  1018 10086
  1019 10086
  1020 10086
  1021 10086
  1035 10086
  1036 10086
  1037 10086
  1038 10080
  1039 10080
  1040 10080
  1041 10080
  1042 10080
  1043 10080
  1044 10080
  1045 10080
  1046 10086
  1047 10086
  1048 10086
  1049 10033
  1051 10086
  1052 10086
  1053 10086
  1054 10086
  1055 10086
  1056 10086
  1057 10086
  1058 10086
  1059 10086
  1060 10086
  1061 10086
  1062 10086
  1063 10086
  1064 10086
  1065 10086
  1066 10086
  1067 10086
  1068 10086
  1069 10086
  1070 10086
  1071 10086
  1072 10086
  1073 10086
  1074 10086
  1075 10086
  1076 10086
  1077 10086
  1078 10086
  1079 10086
  1080 10086
  1081 10086
  1082 10086
  1083 10086
  1084 10086
  1085 10080
  1096 10080
  1097 10086
  1098 10086
  1099 10086
  1100 10086
  1101 10086
  1102 10086
  1103 10086
  1104 10086
  1105 10086
  1106 10086
  1107 10086
  1108 10086
  1109 10086
  1110 10086
  1111 10086
  1112 10086
  1113 10080
  1114 10080
  1129 10086
  1130 10086
  1131 10086
  1132 10086
  1133 10086
  1134 10086
  1135 10086
  1136 10086
  1137 10086
  1138 10086
  1139 10086
  1140 10086
  1141 10086
  1142 10086
  1143 10086
  1144 10086
  1145 10086
  1146 10086
  1147 10086
  1148 10080
  1149 10080
  1150 10080
  1151 10080
  1152 10080
  1153 10086
  1154 10086
  1155 10086
  1156 10086
  1157 10086
  1158 10086
  1161 10080
  1162 10080
  1163 10080
  1164 10080
  1165 10086
  1166 10086
  1167 10086
  1168 10086
  1169 10086
  1170 10086
  1171 10086
  1172 10086
  1173 10086
  1174 10086
  1175 10086
  1176 10086
  1177 10086
  1178 10086
  1179 10086
  1180 10086
  1181 10086
  1182 10086
  1183 10086
  1184 10086
  1185 10086
  1186 10086
  1206 10086
  1207 10086
  1208 10086
  1209 10086
  1210 10086
  1211 10086
  1212 10080
  1213 10080
  1214 10080
  1215 10080
  1216 10080
  1217 10080
  1218 10080
  1219 10080
  1220 10080
  1229 10055
  1230 10055
  1231 10018
  1232 10018
  1233 10018
  1234 10018
  1235 10018
  1236 10040
  1237 10040
  1238 10040
  1239 10018
  1241 10106
  1242 10055
  1243 10055
  1244 10055
  1245 10106
  1246 10106
  1247 10106
  1248 10106
  1249 10106
  1250 10106
  1251 10106
  1252 10106
  1253 10106
  1254 10106
  1255 10106
  1256 10106
  1257 10106
  1258 10106
  1259 10106
  1260 10106
  1261 10106
  1262 10106
  1263 10106
  1264 10106
  1265 10106
  1266 10106
  1267 10106
  1268 10106
  1269 10106
  1270 10106
  1271 10106
  1272 10106
  1273 10106
  1274 10106
  1275 10106
  1276 10106
  1277 10106
  1278 10106
  1279 10106
  1280 10106
  1281 10106
  1282 10106
  1283 10106
  1284 10106
  1285 10106
  1286 10106
  1287 10106
  1288 10106
  1289 10106
  1290 10106
  1291 10106
  1292 10106
  1293 10106
  1294 10106
  1295 10106
  1296 10106
  1297 10106
  1298 10106
  1299 10106
  1300 10106
  1301 10106
  1302 10106
  1303 10018
  1304 10106
  1305 10085
  1306 10085
  1307 10085
  1308 10085
  1309 10085
  1310 10085
  1311 10085
  1312 10085
  1313 10085
  1314 10085
  1315 10085
  1316 10085
  1317 10085
  1318 10085
  1319 10085
  1320 10085
  1321 10085
  1322 10085
  1323 10085
  1324 10085
  1325 10085
  1326 10085
  1327 10085
  1328 10085
  1329 10085
  1330 10085
  1331 10085
  1332 10085
  1333 10085
  1334 10085
  1335 10085
  1336 10085
  1337 10085
  1338 10085
  1339 10085
  1340 10085
  1341 10085
  1342 10085
  1343 10085
  1344 10085
  1345 10085
  1346 10085
  1347 10085
  1348 10085
  1349 10085
  1350 10085
  1351 10085
  1352 10085
  1353 10085
  1354 10085
  1355 10085
  1356 10085
  1357 10085
  1358 10085
  1359 10085
  1360 10085
  1361 10085
  1362 10085
  1363 10085
  1364 10085
  1365 10085
  1366 10085
  1367 10085
  1368 10085
  1369 10085
  1370 10085
  1371 10085
  1372 10085
  1375 10094
  1377 10094
  1378 10094
  1379 10094
  1380 10094
  1381 10094
  1382 10086
  1383 10086
  1384 10086
  1385 10086
  1392 10086
  1393 10086
  1394 10086
  1395 10086
  1396 10086
  1397 10086
  1419 10086
  1420 10086
  1421 10086
  1422 10086
  1423 10086
  1424 10086
  1425 10086
  1426 10086
  1427 10086
  1428 10086
  1429 10086
  1430 10086
  1431 10086
  1432 10086
  1433 10086
  1434 10086
  1440 10086
  1441 10086
  1442 10086
  1443 10086
  1444 10086
  1445 10086
  1446 10086
  1447 10086
  1448 10086
  1449 10086
  1450 10086
  1451 10086
  1452 10086
  1453 10086
  1454 10086
  1455 10086
  1456 10086
  1457 10086
  1458 10086
  1459 10086
  1460 10086
  1461 10086
  1462 10086
  1463 10086
  1464 10086
  1465 10086
  1466 10086
  1467 10086
  1468 10086
  1469 10086
  1470 10086
  1473 10086
  1474 10086
  1475 10086
  1476 10086
  1477 10086
  1480 10086
  1483 10086
  1484 10086
  1485 10086
  1486 10086
  1510 10086
  1511 10086
  1512 10086
  1513 10086
  1514 10086
  1515 10086
  1516 10086
  1517 10086
  1518 10086
  1519 10086
  1520 10086
  1521 10086
  1522 10086
  1523 10086
  1524 10086
  1584 10080
  1585 10080
  1586 10080
  1587 10080
  1588 10080
  1589 10080
  1591 10080
  1597 10086
  1598 10086
  1602 10086
  1603 10086
  1604 10086
  1605 10086
  1606 10086
  1612 10086
  1613 10086
  1614 10086
  1615 10086
  1616 10086
  1617 10086
  1618 10086
  1619 10086
  1620 10086
  1621 10086
  1622 10086
  1623 10086
  1624 10086
  1625 10086
  1626 10086
  1627 10086
  1628 10086
  1629 10086
  1630 10086
  1631 10086
  1632 10086
  1681 10086
  1682 10086
  1683 10086
  1684 10086
  1685 10086
  1686 10086
  1687 10086
  1688 10086
  1689 10086
  1690 10086
  1696 10086
  1697 10086
  1729 10086
  1730 10086
  1731 10094
  1732 10094
  1733 10094
  1734 10094
  1735 10094
  1736 10094
  1737 10094
  1738 10094
  1739 10086
  1740 10086
  1741 10086
  1744 10086
  1745 10086
  1746 10086
  1747 10086
  1748 10080
  1749 10080
  1750 10080
  1751 10080
  1752 10080
  1754 10086
  1755 10086
  1756 10086
  1757 10086
  1758 10086
  1759 10086
  1760 10086
  1761 10086
  1762 10086
  1763 10086
  1764 10086
  1765 10086
  1766 10086
  1767 10086
  1768 10086
  1769 10086
  1770 10086
  1771 10086
  1772 10086
  1773 10086
  1774 10086
  1775 10086
  1776 10086
  1777 10086
  1778 10086
  1779 10086
  1780 10086
  1781 10086
  1782 10086
  1783 10086
  1784 10086
  1785 10086
  1786 10086
  1787 10086
  1788 10086
  1789 10086
  1790 10086
  1791 10086
  1792 10086
  1793 10086
  1794 10086
  1795 10086
  1796 10086
  1797 10086
  1798 10086
  1804 10086
  1805 10086
  1806 10086
  1807 10086
  1808 10086
  1809 10086
  1810 10086
  1811 10086
  1812 10086
  1813 10086
  1814 10086
  1815 10086
  1816 10086
  1817 10086
  1818 10086
  1819 10086
  1820 10086
  1821 10086
  1822 10086
  1823 10086
  1824 10086
  1825 10086
  1826 10086
  1827 10086
  1828 10086
  1829 10086
  1830 10086
  1831 10086
  1832 10086
  1833 10086
  1834 10086
  1835 10086
  1836 10086
  1837 10086
  1838 10086
  1839 10086
  1840 10086
  1841 10086
  1842 10086
  1843 10086
  1844 10086
  1845 10086
  1846 10086
  1847 10086
  1848 10086
  1849 10086
  1853 10086
  1854 10086
  1855 10086
  1856 10086
  1857 10086
  1858 10086
  1859 10086
  1860 10086
  1861 10086
  1862 10086
  1863 10086
  1869 10080
  1870 10080
  1871 10080
  1900 10086
  1901 10086
  1902 10086
  1903 10086
  1904 10086
  1905 10086
  1920 10086
  1921 10086
  1922 10086
  1923 10086
  1930 10080
  1931 10080
  1932 10080
  1933 10080
  1940 10086
  1941 10086
  1942 10086
  1943 10086
  1944 10086
  1945 10080
  1946 10080
  1947 10080
  1948 10080
  1949 10080
  1950 10080
  1951 10080
  1952 10080
  1953 10080
  1954 10086
  1955 10086
  1956 10086
  1957 10086
  1958 10086
  1959 10086
  1960 10086
  1961 10086
  1962 10086
  1963 10086
  1964 10080
