   690 10153
   691 10153
   692 10153
   693 10153
   694 10153
   695 10153
   696 10153
   697 10153
   698 10153
   699 10153
   700 10153
   701 10153
   702 10153
   703 10153
   704 10153
   705 10153
   706 10153
   707 10153
   708 10153
   709 10153
   710 10153
   711 10153
   712 10153
   713 10153
   714 10153
   715 10153
   716 10153
   717 10153
   718 10153
   719 10153
   720 10153
   721 10153
   722 10153
   723 10153
   724 10153
   725 10153
   726 10153
   727 10153
   728 10153
   729 10153
   730 10153
   731 10153
   732 10153
   733 10153
   734 10153
   735 10153
   736 10153
   737 10153
   738 10153
   739 10153
   740 10153
   741 10153
   742 10153
   743 10153
   744 10153
   745 10153
   746 10153
   747 10153
   748 10153
   749 10153
   750 10153
   751 10153
   752 10153
   753 10153
   754 10153
   755 10153
   756 10153
   757 10153
   758 10153
   759 10153
   760 10153
   761 10153
   762 10153
   763 10153
   764 10153
   765 10153
   766 10153
   767 10153
   768 10153
   769 10153
   770 10153
   771 10153
   772 10153
   773 10153
   774 10153
   775 10153
   776 10153
   777 10153
   778 10153
   779 10153
   780 10153
   781 10159
   785 10035
   786 10035
   787 10044
   788 10044
   789 10044
   790 10044
   791 10044
   795 10044
   796 10044
   797 10044
   798 10044
   799 10044
   800 10044
   801 10044
   802 10044
   803 10044
   804 10044
   805 10044
   806 10044
   807 10044
   808 10044
   809 10044
   810 10044
   811 10044
   812 10044
   813 10044
   814 10044
   815 10044
   816 10044
   817 10044
   818 10044
   819 10044
   820 10044
   821 10044
   822 10044
   823 10044
   824 10044
   825 10044
   826 10044
   827 10044
   828 10044
   829 10044
   830 10044
   831 10044
   832 10044
   833 10044
   834 10044
   835 10044
   836 10044
   837 10044
   838 10044
   839 10044
   840 10044
   841 10044
   842 10044
   843 10044
   844 10044
   845 10044
   846 10044
   847 10044
   848 10044
   849 10044
   850 10044
   851 10044
   852 10044
   853 10044
   854 10044
   855 10044
   856 10044
   857 10044
   858 10044
   859 10044
   860 10044
   861 10044
   862 10044
   863 10044
   864 10044
   865 10044
   866 10044
   867 10044
   868 10044
   869 10044
   870 10044
   871 10044
   872 10044
   873 10044
   874 10044
   875 10044
   876 10044
   877 10044
   878 10044
   879 10044
   880 10044
   881 10044
   882 10044
   883 10044
   884 10044
   885 10044
   886 10044
   887 10044
   888 10044
   889 10044
   890 10044
   891 10044
   892 10044
   893 10044
   894 10044
   895 10044
   896 10044
   897 10044
   898 10044
   899 10044
   900 10044
   901 10044
   902 10044
   903 10044
   904 10044
   905 10044
   906 10044
   907 10044
   908 10044
   909 10044
   910 10044
   911 10044
   912 10044
   913 10044
   914 10044
   915 10044
   916 10044
   917 10044
   918 10044
   919 10044
   920 10044
   921 10044
   922 10044
   923 10044
   924 10044
   925 10044
   926 10044
   927 10044
   928 10044
   929 10044
   930 10044
   931 10044
   932 10044
   933 10044
   934 10044
   935 10044
   936 10044
   937 10044
   938 10044
   939 10044
   940 10044
   941 10044
   942 10044
   943 10044
   944 10044
   945 10044
   946 10044
   947 10044
   948 10044
   949 10044
   950 10044
   951 10044
   952 10044
   953 10044
   954 10044
   955 10044
   956 10044
   957 10044
   958 10044
   959 10044
   960 10044
   961 10044
   962 10044
   963 10044
   964 10044
   965 10044
   966 10044
   967 10044
   968 10044
   969 10044
   970 10044
   971 10044
   972 10044
   973 10044
   974 10044
   975 10044
   976 10044
   977 10044
   978 10044
   979 10044
   980 10044
   981 10044
   982 10044
   983 10044
   984 10044
   985 10044
   986 10044
   987 10044
   988 10044
   989 10044
   990 10044
   991 10044
   992 10044
   993 10044
   994 10044
   995 10044
   996 10044
   997 10044
   998 10044
   999 10044
  1000 10044
  1001 10044
  1002 10044
  1003 10044
  1004 10044
  1005 10044
  1006 10044
  1007 10044
  1008 10044
  1009 10044
  1010 10044
  1011 10044
  1012 10044
  1013 10044
  1014 10044
  1015 10044
  1016 10044
  1017 10044
  1018 10044
  1019 10044
  1020 10044
  1024 10028
  1027 10022
  1028 10022
  1029 10022
  1030 10022
  1031 10022
  1032 10022
  1033 10022
  1034 10022
  1035 10022
  1036 10022
  1037 10022
  1038 10022
  1039 10022
  1040 10022
  1041 10022
  1042 10022
  1043 10022
  1044 10022
  1045 10022
  1046 10022
  1047 10022
  1048 10022
  1049 10022
  1050 10022
  1051 10022
  1052 10022
  1053 10022
  1054 10022
  1055 10022
  1056 10022
  1057 10022
  1058 10022
  1059 10022
  1060 10022
  1061 10022
  1062 10022
  1063 10022
  1064 10022
  1065 10022
  1066 10022
  1067 10022
  1068 10022
  1069 10022
  1070 10022
  1071 10022
  1072 10022
  1073 10022
  1074 10022
  1075 10022
  1076 10022
  1077 10022
  1078 10022
  1079 10022
  1080 10022
  1081 10022
  1082 10022
  1083 10022
  1084 10022
  1085 10022
  1086 10022
  1087 10022
  1088 10022
  1089 10022
  1090 10022
  1091 10022
  1092 10022
  1093 10022
  1094 10022
  1095 10022
  1096 10022
  1097 10022
  1098 10022
  1099 10022
  1100 10022
  1101 10022
  1102 10022
  1103 10022
  1104 10022
  1105 10022
  1106 10022
  1107 10022
  1108 10022
  1109 10022
  1110 10022
  1111 10022
  1112 10022
  1113 10022
  1114 10022
  1115 10022
  1116 10022
  1117 10022
  1118 10022
  1119 10022
  1120 10022
  1121 10022
  1122 10022
  1123 10022
  1124 10022
  1125 10022
  1126 10022
  1127 10022
  1128 10022
  1129 10022
  1130 10022
  1131 10022
  1132 10022
  1133 10022
  1134 10022
  1135 10022
  1136 10022
  1137 10022
  1138 10022
  1139 10022
  1140 10022
  1141 10022
  1142 10022
  1143 10022
  1144 10022
  1145 10022
  1146 10022
  1147 10022
  1148 10022
  1149 10022
  1150 10022
  1151 10022
  1152 10022
  1153 10022
  1154 10022
  1155 10022
  1156 10022
  1157 10022
  1158 10022
  1159 10022
  1160 10022
  1161 10022
  1162 10022
  1163 10022
  1164 10022
  1165 10022
  1166 10022
  1167 10022
  1168 10022
  1169 10022
  1170 10022
  1171 10022
  1172 10022
  1173 10022
  1174 10022
  1175 10022
  1176 10022
  1177 10022
  1178 10022
  1179 10022
  1180 10022
  1181 10022
  1182 10022
  1183 10022
  1184 10022
  1185 10022
  1186 10022
  1187 10022
  1188 10022
  1189 10022
  1190 10022
  1191 10022
  1192 10022
  1193 10022
  1194 10022
  1195 10022
  1196 10022
  1197 10022
  1198 10022
  1199 10022
  1200 10022
  1201 10022
  1202 10022
  1203 10022
  1204 10022
  1205 10022
  1206 10022
  1207 10022
  1208 10022
  1209 10022
  1210 10022
  1211 10022
  1212 10022
  1213 10022
  1214 10022
  1215 10022
  1216 10022
  1217 10022
  1218 10022
  1219 10022
  1220 10022
  1221 10022
  1222 10022
  1223 10022
  1224 10022
  1225 10022
  1226 10022
  1227 10022
  1228 10022
  1229 10022
  1230 10022
  1231 10022
  1232 10022
  1233 10022
  1234 10022
  1235 10022
  1236 10022
  1237 10022
  1238 10022
  1239 10022
  1240 10022
  1241 10022
  1242 10022
  1243 10022
  1244 10022
  1245 10022
  1246 10022
  1247 10022
  1248 10022
  1249 10022
  1250 10022
  1251 10022
  1252 10022
  1253 10022
  1254 10022
  1255 10022
  1256 10022
  1257 10022
  1260 10065
  1261 10065
  1262 10101
  1263 10065
  1264 10065
  1265 10065
  1266 10065
  1267 10065
  1268 10065
  1269 10065
  1270 10065
  1271 10065
  1272 10065
  1273 10065
  1274 10065
  1275 10065
  1276 10065
  1277 10065
  1278 10065
  1279 10065
  1280 10065
  1281 10065
  1282 10065
  1283 10065
  1284 10065
  1285 10065
  1286 10065
  1287 10065
  1288 10065
  1289 10065
  1290 10065
  1291 10065
  1292 10065
  1293 10065
  1294 10065
  1295 10065
  1296 10065
  1297 10065
  1298 10065
  1299 10065
  1300 10065
  1301 10065
  1302 10065
  1303 10065
  1304 10065
  1305 10065
  1306 10065
  1307 10065
  1308 10065
  1309 10065
  1310 10065
  1311 10065
  1312 10065
  1313 10065
  1314 10065
  1315 10065
  1316 10065
  1317 10065
  1318 10065
  1319 10065
  1320 10065
  1321 10065
  1322 10065
  1323 10065
  1324 10065
  1325 10065
  1326 10065
  1327 10065
  1328 10065
  1329 10065
  1330 10065
  1331 10065
  1332 10065
  1333 10065
  1334 10065
  1335 10065
  1336 10065
  1337 10065
  1338 10065
  1339 10065
  1340 10065
  1341 10065
  1342 10065
  1343 10065
  1344 10065
  1345 10065
  1346 10065
  1347 10065
  1348 10065
  1349 10065
  1350 10065
  1351 10065
  1352 10065
  1353 10065
  1354 10065
  1355 10065
  1356 10065
  1357 10065
  1358 10065
  1359 10065
  1360 10065
  1361 10065
  1362 10065
  1363 10065
  1364 10065
  1365 10065
  1366 10065
  1367 10065
  1368 10065
  1369 10065
  1370 10065
  1371 10065
  1372 10065
  1373 10065
  1374 10065
  1375 10065
  1376 10065
  1377 10065
  1378 10065
  1379 10065
  1380 10065
  1381 10065
  1382 10065
  1383 10065
  1384 10065
  1385 10065
  1386 10065
  1387 10065
  1388 10065
  1389 10065
  1390 10065
  1391 10065
  1392 10065
  1393 10065
  1394 10065
  1395 10065
  1396 10065
  1397 10065
  1398 10065
  1399 10065
  1400 10065
  1401 10065
  1402 10065
  1403 10065
  1404 10065
  1405 10065
  1406 10065
  1407 10065
  1408 10065
  1409 10065
  1410 10065
  1411 10065
  1412 10065
  1413 10065
  1414 10065
  1415 10065
  1416 10065
  1417 10065
  1418 10065
  1419 10065
  1420 10065
  1421 10065
  1422 10065
  1423 10065
  1424 10065
  1425 10065
  1426 10065
  1427 10065
  1428 10065
  1429 10065
  1430 10065
  1431 10065
  1432 10065
  1433 10065
  1434 10065
  1435 10065
  1436 10065
  1437 10065
  1438 10065
  1439 10065
  1440 10065
  1441 10065
  1442 10065
  1443 10065
  1444 10065
  1445 10065
  1446 10065
  1447 10065
  1448 10065
  1449 10065
  1450 10065
  1451 10065
  1452 10065
  1453 10065
  1454 10065
  1455 10065
  1456 10065
  1457 10065
  1458 10065
  1459 10065
  1460 10065
  1461 10065
  1462 10065
  1463 10065
  1464 10065
  1465 10065
  1466 10065
  1467 10065
  1468 10065
  1469 10065
  1470 10065
  1471 10065
  1472 10065
  1473 10065
  1474 10065
  1475 10065
  1476 10065
  1477 10065
  1478 10065
  1479 10065
  1480 10065
  1481 10065
  1482 10065
  1483 10065
  1484 10065
  1485 10065
  1486 10065
  1487 10065
  1488 10065
  1489 10065
  1490 10065
  1491 10065
  1492 10065
  1493 10065
  1494 10065
  1495 10065
  1496 10065
  1497 10065
  1498 10065
  1499 10065
  1500 10065
  1501 10018
  1502 10018
  1503 10018
  1504 10018
  1505 10040
  1506 10040
  1507 10040
  1508 10018
  1509 10040
  1510 10040
  1511 10040
  1512 10040
  1518 10023
  1523 10040
  1528 10040
  1529 10040
  1530 10040
  1531 10040
  1533 10040
  1540 10040
  1541 10040
  1542 10018
  1543 10018
  1544 10018
  1545 10018
  1546 10040
  1553 10040
  1555 10040
  1556 10040
  1557 10040
  1558 10040
  1559 10040
  1561 10040
  1574 10098
  1575 10098
  1576 10018
  1577 10018
  1578 10158
  1579 10158
  1580 10158
  1581 10158
  1582 10158
  1583 10055
  1584 10055
  1588 10101
  1590 10101
  1591 10050
  1592 10050
  1593 10050
  1594 10050
  1595 10050
  1596 10050
  1597 10050
  1598 10050
  1599 10101
  1615 10002
  1616 10072
  1619 10138
  1620 10138
  1621 10138
  1622 10138
  1623 10138
  1624 10138
  1625 10138
  1626 10138
  1627 10138
  1628 10138
  1629 10138
  1630 10138
  1631 10138
  1632 10138
  1633 10138
  1634 10138
  1635 10138
  1636 10138
  1637 10138
  1638 10138
  1639 10138
  1640 10138
  1641 10138
  1642 10138
  1643 10138
  1644 10138
  1645 10138
  1646 10138
  1647 10138
  1648 10138
  1649 10138
  1650 10138
  1651 10138
  1652 10138
  1653 10138
  1654 10138
  1655 10138
  1656 10138
  1657 10138
  1658 10138
  1659 10138
  1660 10138
  1661 10138
  1662 10138
  1663 10138
  1664 10138
  1665 10138
  1666 10138
  1667 10138
  1668 10138
  1669 10138
  1670 10138
  1671 10138
  1672 10138
  1673 10138
  1674 10138
  1675 10138
  1676 10138
  1677 10138
  1678 10138
  1679 10138
  1680 10138
  1681 10138
  1682 10138
  1683 10138
  1684 10138
  1685 10138
  1686 10138
  1687 10138
  1688 10138
  1689 10138
  1690 10138
  1691 10138
  1692 10138
  1693 10138
  1694 10138
  1695 10138
  1696 10138
  1697 10138
  1698 10138
  1699 10138
  1700 10138
  1701 10138
  1702 10138
  1703 10138
  1704 10138
  1705 10138
  1706 10138
  1707 10138
  1708 10138
  1709 10138
  1710 10138
  1711 10138
  1712 10138
  1713 10138
  1714 10138
  1715 10138
  1716 10138
  1717 10138
  1718 10138
  1719 10138
  1720 10138
  1721 10138
  1722 10138
  1723 10138
  1724 10138
  1725 10138
  1726 10138
  1727 10138
  1728 10138
  1729 10138
  1730 10138
  1731 10138
  1732 10138
  1733 10138
  1734 10138
  1735 10138
  1736 10138
  1737 10138
  1738 10138
  1739 10138
  1740 10138
  1741 10138
  1742 10138
  1743 10138
  1744 10138
  1745 10138
  1746 10138
  1747 10138
  1748 10138
  1749 10138
  1750 10138
  1751 10138
  1752 10138
  1753 10138
  1754 10138
  1755 10138
  1756 10138
  1757 10138
  1758 10138
  1759 10138
  1760 10138
  1761 10138
  1762 10138
  1763 10138
  1764 10138
  1765 10138
  1766 10138
  1767 10138
  1768 10138
  1769 10138
  1770 10138
  1771 10138
  1772 10138
  1773 10138
  1774 10138
  1775 10138
  1776 10138
  1777 10138
  1778 10138
  1779 10138
  1780 10138
  1781 10138
  1782 10138
  1783 10138
  1784 10138
  1785 10138
  1786 10138
  1787 10138
  1788 10138
  1789 10138
  1790 10138
  1791 10138
  1792 10138
  1793 10138
  1794 10138
  1795 10138
  1796 10138
  1797 10138
  1798 10138
  1799 10138
  1800 10138
  1801 10138
  1802 10138
  1803 10138
  1804 10138
  1805 10138
  1806 10138
  1807 10138
  1808 10138
  1809 10138
  1810 10138
  1811 10138
  1812 10138
  1813 10138
  1814 10138
  1815 10138
  1816 10138
  1817 10138
  1818 10138
  1819 10138
  1820 10138
  1821 10138
  1822 10138
  1823 10138
  1824 10138
  1825 10138
  1826 10138
  1827 10138
  1828 10138
  1829 10138
  1830 10138
  1831 10138
  1832 10138
  1833 10138
  1834 10138
  1835 10138
  1836 10138
  1837 10138
  1838 10138
  1839 10138
  1840 10138
  1841 10138
  1842 10138
  1843 10138
  1844 10138
  1845 10138
  1846 10138
  1847 10138
  1848 10138
  1849 10138
  1850 10138
  1851 10138
  1852 10138
  1853 10138
  1854 10138
  1855 10138
  1856 10138
  1857 10138
  1858 10138
  1861 10158
  1862 10158
  1863 10158
  1864 10158
  1865 10158
  1866 10158
  1867 10158
  1869 10158
  1871 10101
  1872 10101
  1873 10101
  1874 10101
  1875 10071
  1876 10071
  1877 10071
  1878 10071
  1879 10071
  1880 10071
  1881 10071
  1882 10071
  1883 10071
  1884 10149
  1885 10149
  1886 10071
  1887 10149
  1888 10071
  1890 10159
  1934 10002
  1935 10002
  1937 10002
  1938 10002
  1939 10002
  1940 10002
  1941 10002
  1944 10002
  1945 10002
  1946 10002
  1947 10002
  1948 10002
  1949 10002
  1950 10002
  1951 10002
  1952 10002
  1953 10002
  1954 10002
  1955 10002
  1956 10002
  1957 10002
  1958 10002
  1959 10002
  1960 10002
  1962 10002
  1963 10002
  1964 10002
  1965 10002
  1966 10002
  1967 10002
  1968 10002
  1969 10002
  1970 10002
  1971 10002
  1972 10002
  1973 10002
  1974 10002
  1975 10002
  1976 10002
  1977 10002
  1978 10002
  1979 10002
  1980 10002
  1981 10002
  1982 10002
  1983 10002
  1984 10002
  1985 10002
  1986 10002
  1987 10002
  1988 10002
  1989 10002
  1990 10002
  1991 10002
  1992 10002
  1993 10002
  1994 10002
  1995 10002
  1996 10002
  1997 10002
  1998 10002
  1999 10002
  2000 10002
  2001 10002
  2002 10002
  2003 10002
  2004 10002
  2005 10002
  2006 10002
  2007 10002
  2008 10002
  2009 10002
  2010 10002
  2021 10047
  2022 10047
  2023 10047
  2024 10090
  2025 10039
  2026 10149
  2027 10039
  2030 10106
  2032 10154
  2033 10154
  2034 10154
  2035 10154
  2036 10157
