   690 10046
   691 10046
   692 10046
   693 10046
   694 10046
   695 10046
   696 10046
   697 10046
   698 10046
   699 10046
   700 10046
   701 10046
   702 10046
   703 10046
   704 10046
   705 10046
   706 10046
   707 10046
   708 10046
   709 10046
   710 10046
   711 10046
   712 10046
   713 10046
   714 10046
   715 10046
   716 10046
   717 10046
   718 10046
   719 10046
   720 10046
   721 10046
   722 10046
   723 10046
   724 10046
   725 10046
   726 10046
   727 10046
   728 10046
   729 10046
   730 10046
   731 10046
   732 10046
   733 10046
   734 10046
   735 10046
   736 10046
   737 10046
   738 10046
   739 10046
   740 10046
   741 10046
   742 10046
   743 10046
   744 10046
   745 10046
   746 10046
   747 10046
   748 10046
   749 10046
   750 10046
   751 10046
   752 10046
   753 10046
   754 10046
   755 10046
   756 10046
   757 10046
   758 10046
   759 10046
   760 10046
   761 10046
   762 10046
   763 10046
   764 10046
   765 10046
   766 10046
   767 10046
   768 10046
   769 10046
   770 10046
   771 10046
   772 10046
   773 10046
   774 10046
   775 10046
   776 10046
   777 10046
   778 10046
   779 10046
   780 10046
   781 10046
   782 10046
   783 10046
   784 10046
   785 10083
   786 10083
   787 10153
   788 10153
   791 10153
   792 10153
   793 10153
   794 10153
   795 10153
   796 10153
   797 10153
   798 10153
   799 10153
   800 10153
   801 10153
   802 10153
   803 10153
   804 10153
   805 10153
   806 10153
   807 10153
   808 10153
   809 10153
   810 10153
   811 10153
   812 10153
   813 10153
   814 10153
   815 10153
   816 10153
   817 10153
   818 10153
   819 10153
   820 10153
   821 10153
   822 10153
   823 10153
   824 10153
   825 10153
   826 10153
   827 10153
   828 10153
   829 10153
   830 10153
   831 10153
   832 10153
   833 10153
   834 10153
   835 10153
   836 10153
   837 10153
   838 10153
   839 10153
   840 10153
   841 10153
   842 10153
   843 10153
   844 10153
   845 10153
   846 10153
   847 10153
   848 10153
   849 10153
   850 10153
   851 10153
   852 10153
   853 10153
   854 10153
   855 10153
   856 10153
   857 10153
   858 10153
   859 10153
   860 10153
   861 10153
   862 10153
   863 10153
   864 10153
   865 10153
   866 10153
   867 10153
   868 10153
   869 10153
   870 10153
   871 10153
   872 10153
   873 10153
   874 10153
   875 10153
   876 10153
   877 10153
   878 10153
   879 10153
   880 10153
   881 10153
   882 10153
   883 10153
   884 10153
   885 10153
   886 10153
   887 10153
   888 10153
   889 10153
   890 10153
   891 10153
   892 10153
   893 10153
   894 10153
   895 10153
   896 10153
   897 10153
   898 10153
   899 10153
   900 10153
   901 10153
   902 10153
   903 10153
   904 10153
   905 10153
   906 10153
   907 10153
   908 10153
   909 10153
   910 10153
   911 10153
   912 10153
   913 10153
   914 10153
   915 10153
   916 10153
   917 10153
   918 10153
   919 10153
   920 10153
   921 10153
   922 10153
   923 10153
   924 10153
   925 10153
   926 10153
   927 10153
   928 10153
   929 10153
   930 10153
   931 10153
   932 10153
   933 10153
   934 10153
   935 10153
   936 10153
   937 10153
   938 10153
   939 10153
   940 10153
   941 10153
   942 10153
   943 10153
   944 10153
   945 10153
   946 10153
   947 10153
   948 10153
   949 10153
   950 10153
   951 10153
   952 10153
   953 10153
   954 10153
   955 10153
   956 10153
   957 10153
   958 10153
   959 10153
   960 10153
   961 10153
   962 10153
   963 10153
   964 10153
   965 10153
   966 10153
   967 10153
   968 10153
   969 10153
   970 10153
   971 10153
   972 10153
   973 10153
   974 10153
   975 10153
   976 10153
   977 10153
   978 10153
   979 10153
   980 10153
   981 10153
   982 10153
   983 10153
   984 10153
   985 10153
   986 10153
   987 10153
   988 10153
   989 10153
   990 10153
   991 10153
   992 10153
   993 10153
   994 10153
   995 10153
   996 10153
   997 10153
   998 10153
   999 10153
  1000 10153
  1001 10153
  1002 10153
  1003 10153
  1004 10153
  1005 10153
  1006 10153
  1007 10153
  1008 10153
  1009 10153
  1010 10153
  1011 10153
  1012 10153
  1013 10153
  1014 10153
  1015 10153
  1016 10153
  1017 10153
  1018 10153
  1019 10153
  1020 10153
  1021 10154
  1026 10102
  1028 10108
  1029 10108
  1030 10108
  1031 10108
  1032 10108
  1033 10108
  1034 10108
  1035 10108
  1036 10108
  1037 10108
  1038 10108
  1039 10108
  1040 10108
  1041 10108
  1042 10108
  1043 10108
  1044 10108
  1045 10108
  1046 10108
  1047 10108
  1048 10108
  1049 10108
  1050 10108
  1051 10108
  1052 10108
  1053 10108
  1054 10108
  1055 10108
  1056 10108
  1057 10108
  1058 10108
  1059 10108
  1060 10108
  1061 10108
  1062 10108
  1063 10108
  1064 10108
  1065 10108
  1066 10108
  1067 10108
  1068 10108
  1069 10108
  1070 10108
  1071 10108
  1072 10108
  1073 10108
  1074 10108
  1075 10108
  1076 10108
  1077 10108
  1078 10108
  1079 10108
  1080 10108
  1081 10108
  1082 10108
  1083 10108
  1084 10108
  1085 10108
  1086 10108
  1087 10108
  1088 10108
  1089 10108
  1090 10108
  1091 10108
  1092 10108
  1093 10108
  1094 10108
  1095 10108
  1096 10108
  1097 10108
  1098 10108
  1099 10108
  1100 10108
  1101 10108
  1102 10108
  1103 10108
  1104 10108
  1105 10108
  1106 10108
  1107 10108
  1108 10108
  1109 10108
  1110 10108
  1111 10108
  1112 10108
  1113 10108
  1114 10108
  1115 10108
  1116 10108
  1117 10108
  1118 10108
  1119 10108
  1120 10108
  1121 10108
  1122 10108
  1123 10108
  1124 10108
  1125 10108
  1126 10108
  1127 10108
  1128 10108
  1129 10108
  1130 10108
  1131 10108
  1132 10108
  1133 10108
  1134 10108
  1135 10108
  1136 10108
  1137 10108
  1138 10108
  1139 10108
  1140 10108
  1141 10108
  1142 10108
  1143 10108
  1144 10108
  1145 10108
  1146 10108
  1147 10108
  1148 10108
  1149 10108
  1150 10108
  1151 10108
  1152 10108
  1153 10108
  1154 10108
  1155 10108
  1156 10108
  1157 10108
  1158 10108
  1159 10108
  1160 10108
  1161 10108
  1162 10108
  1163 10108
  1164 10108
  1165 10108
  1166 10108
  1167 10108
  1168 10108
  1169 10108
  1170 10108
  1171 10108
  1172 10108
  1173 10108
  1174 10108
  1175 10108
  1176 10108
  1177 10108
  1178 10108
  1179 10108
  1180 10108
  1181 10108
  1182 10108
  1183 10108
  1184 10108
  1185 10108
  1186 10108
  1187 10108
  1188 10108
  1189 10108
  1190 10108
  1191 10108
  1192 10108
  1193 10108
  1194 10108
  1195 10108
  1196 10108
  1197 10108
  1198 10108
  1199 10108
  1200 10108
  1201 10108
  1202 10108
  1203 10108
  1204 10108
  1205 10108
  1206 10108
  1207 10108
  1208 10108
  1209 10108
  1210 10108
  1211 10108
  1212 10108
  1213 10108
  1214 10108
  1215 10108
  1216 10108
  1217 10108
  1218 10108
  1219 10108
  1220 10108
  1221 10108
  1222 10108
  1223 10108
  1224 10108
  1225 10108
  1226 10108
  1227 10108
  1228 10108
  1229 10108
  1230 10108
  1231 10108
  1232 10108
  1233 10108
  1234 10108
  1235 10108
  1236 10108
  1237 10108
  1238 10108
  1239 10108
  1240 10108
  1241 10108
  1242 10108
  1243 10108
  1244 10108
  1245 10108
  1246 10108
  1247 10108
  1248 10108
  1249 10108
  1250 10108
  1251 10108
  1252 10108
  1253 10108
  1254 10108
  1255 10108
  1256 10108
  1257 10108
  1258 10108
  1259 10108
  1260 10108
  1261 10108
  1262 10108
  1263 10108
  1264 10108
  1265 10108
  1266 10108
  1267 10108
  1268 10108
  1269 10125
  1270 10125
  1271 10125
  1272 10125
  1273 10108
  1274 10108
  1281 10036
  1282 10036
  1283 10018
  1284 10106
  1285 10018
  1286 10018
  1287 10018
  1288 10018
  1289 10055
  1290 10055
  1291 10055
  1292 10055
  1293 10055
  1294 10055
  1295 10055
  1296 10055
  1297 10055
  1298 10055
  1299 10055
  1300 10055
  1301 10055
  1302 10055
  1303 10055
  1304 10055
  1305 10055
  1306 10055
  1307 10055
  1308 10055
  1309 10055
  1310 10055
  1311 10055
  1312 10055
  1313 10055
  1314 10055
  1315 10055
  1316 10055
  1317 10055
  1318 10055
  1319 10055
  1320 10055
  1321 10055
  1322 10055
  1323 10055
  1324 10055
  1325 10055
  1326 10055
  1327 10055
  1328 10055
  1329 10055
  1330 10018
  1331 10055
  1332 10055
  1333 10055
  1334 10040
  1335 10055
  1343 10101
  1344 10101
  1345 10101
  1346 10101
  1372 10151
  1374 10151
  1375 10151
  1376 10151
  1377 10151
  1378 10151
  1382 10151
  1383 10151
  1384 10006
  1385 10006
  1386 10034
  1387 10006
  1388 10006
  1389 10006
  1390 10006
  1391 10006
  1392 10006
  1393 10006
  1394 10006
  1395 10151
  1396 10151
  1397 10151
  1398 10151
  1399 10151
  1400 10151
  1401 10151
  1402 10151
  1403 10151
  1404 10151
  1405 10151
  1406 10151
  1407 10151
  1408 10151
  1409 10151
  1410 10151
  1411 10151
  1412 10151
  1413 10151
  1414 10151
  1415 10151
  1416 10151
  1417 10151
  1418 10151
  1419 10151
  1420 10151
  1421 10151
  1422 10151
  1423 10151
  1424 10151
  1425 10151
  1426 10151
  1427 10151
  1428 10151
  1429 10151
  1430 10151
  1431 10151
  1432 10151
  1433 10151
  1434 10151
  1435 10151
  1436 10151
  1437 10151
  1438 10151
  1439 10151
  1440 10151
  1441 10151
  1442 10151
  1443 10151
  1444 10151
  1445 10151
  1446 10151
  1447 10151
  1448 10151
  1449 10151
  1450 10151
  1451 10151
  1452 10151
  1453 10151
  1454 10151
  1455 10151
  1456 10151
  1457 10151
  1458 10151
  1459 10151
  1460 10151
  1461 10151
  1462 10151
  1463 10151
  1464 10151
  1465 10151
  1466 10151
  1467 10151
  1468 10151
  1469 10151
  1470 10151
  1471 10151
  1472 10151
  1473 10151
  1474 10151
  1475 10151
  1476 10151
  1477 10151
  1478 10151
  1479 10151
  1480 10151
  1481 10151
  1482 10151
  1483 10151
  1484 10151
  1485 10151
  1486 10151
  1487 10151
  1488 10151
  1489 10151
  1490 10151
  1491 10151
  1492 10151
  1493 10151
  1494 10151
  1495 10151
  1496 10151
  1497 10151
  1498 10151
  1499 10151
  1500 10151
  1501 10151
  1502 10151
  1503 10151
  1504 10151
  1505 10151
  1506 10151
  1507 10151
  1508 10151
  1509 10151
  1510 10151
  1511 10151
  1512 10151
  1513 10151
  1514 10151
  1515 10151
  1516 10151
  1517 10151
  1518 10151
  1519 10151
  1520 10151
  1521 10151
  1522 10151
  1523 10151
  1524 10151
  1525 10151
  1526 10151
  1527 10151
  1528 10151
  1529 10151
  1530 10151
  1531 10151
  1532 10151
  1533 10151
  1534 10151
  1535 10151
  1536 10151
  1537 10151
  1538 10151
  1539 10151
  1540 10151
  1541 10151
  1542 10151
  1543 10151
  1544 10151
  1545 10151
  1546 10151
  1547 10151
  1548 10151
  1549 10151
  1550 10151
  1551 10151
  1552 10151
  1553 10151
  1554 10151
  1555 10151
  1556 10151
  1557 10151
  1558 10151
  1559 10151
  1560 10151
  1561 10151
  1562 10151
  1563 10151
  1564 10151
  1565 10151
  1566 10151
  1567 10151
  1568 10151
  1569 10151
  1570 10151
  1571 10151
  1572 10151
  1573 10151
  1574 10151
  1575 10151
  1576 10151
  1577 10151
  1578 10151
  1579 10151
  1580 10151
  1581 10151
  1582 10151
  1583 10151
  1584 10151
  1585 10151
  1586 10151
  1587 10151
  1588 10151
  1589 10151
  1590 10151
  1591 10151
  1592 10151
  1593 10151
  1594 10151
  1595 10151
  1596 10151
  1597 10151
  1598 10151
  1599 10151
  1600 10151
  1601 10151
  1602 10151
  1603 10151
  1604 10151
  1605 10151
  1606 10151
  1607 10151
  1608 10151
  1609 10151
  1610 10151
  1611 10151
  1612 10151
  1613 10151
  1614 10151
  1615 10151
  1616 10151
  1617 10151
  1618 10151
  1619 10151
  1620 10151
  1621 10045
  1622 10043
  1627 10050
  1628 10050
  1629 10050
  1630 10050
  1631 10050
  1632 10050
  1633 10050
  1634 10050
  1635 10050
  1636 10050
  1637 10050
  1638 10050
  1639 10050
  1640 10050
  1641 10050
  1642 10050
  1643 10050
  1644 10050
  1645 10050
  1646 10050
  1647 10050
  1648 10050
  1649 10050
  1650 10050
  1651 10050
  1652 10050
  1653 10050
  1654 10050
  1655 10050
  1656 10050
  1657 10050
  1658 10050
  1659 10050
  1660 10050
  1661 10050
  1662 10050
  1663 10050
  1664 10050
  1665 10050
  1666 10050
  1667 10050
  1668 10050
  1669 10050
  1670 10050
  1671 10050
  1672 10050
  1673 10050
  1674 10050
  1675 10050
  1676 10050
  1677 10050
  1678 10050
  1679 10050
  1680 10050
  1681 10050
  1682 10050
  1683 10050
  1684 10050
  1685 10050
  1686 10050
  1687 10050
  1688 10050
  1689 10050
  1690 10050
  1691 10050
  1692 10050
  1693 10050
  1694 10050
  1695 10050
  1696 10050
  1697 10050
  1698 10050
  1699 10050
  1700 10050
  1701 10050
  1702 10050
  1703 10050
  1704 10050
  1705 10050
  1706 10050
  1707 10050
  1708 10050
  1709 10050
  1710 10050
  1711 10050
  1712 10050
  1713 10050
  1714 10050
  1715 10050
  1716 10050
  1717 10050
  1718 10050
  1719 10050
  1720 10050
  1721 10050
  1722 10050
  1723 10050
  1724 10050
  1725 10050
  1726 10050
  1727 10050
  1728 10050
  1729 10050
  1730 10050
  1731 10050
  1732 10050
  1733 10050
  1734 10050
  1735 10050
  1736 10050
  1737 10050
  1738 10050
  1739 10050
  1740 10050
  1741 10050
  1742 10050
  1743 10050
  1744 10050
  1745 10050
  1746 10050
  1747 10050
  1748 10050
  1749 10050
  1750 10050
  1751 10050
  1752 10050
  1753 10050
  1754 10050
  1755 10050
  1756 10050
  1757 10050
  1758 10050
  1759 10050
  1760 10050
  1761 10050
  1762 10050
  1763 10050
  1764 10050
  1765 10050
  1766 10050
  1767 10050
  1768 10050
  1769 10050
  1770 10050
  1771 10050
  1772 10050
  1773 10050
  1774 10050
  1775 10050
  1776 10050
  1777 10050
  1778 10050
  1779 10050
  1780 10050
  1781 10050
  1782 10050
  1783 10050
  1784 10050
  1785 10050
  1786 10050
  1787 10050
  1788 10050
  1789 10050
  1790 10050
  1791 10050
  1792 10050
  1793 10050
  1794 10050
  1795 10050
  1796 10050
  1797 10050
  1798 10050
  1799 10050
  1800 10050
  1801 10050
  1802 10050
  1803 10050
  1804 10050
  1805 10050
  1806 10050
  1807 10050
  1808 10050
  1809 10050
  1810 10050
  1811 10050
  1812 10050
  1813 10050
  1814 10050
  1815 10050
  1816 10050
  1817 10050
  1818 10050
  1819 10050
  1820 10050
  1821 10050
  1822 10050
  1823 10050
  1824 10050
  1825 10050
  1826 10050
  1827 10050
  1828 10050
  1829 10050
  1830 10050
  1831 10050
  1832 10050
  1833 10050
  1834 10050
  1835 10050
  1836 10050
  1837 10050
  1838 10050
  1839 10050
  1840 10050
  1841 10050
  1842 10050
  1843 10050
  1844 10050
  1845 10050
  1846 10050
  1847 10050
  1848 10050
  1849 10050
  1850 10050
  1851 10050
  1852 10050
  1853 10050
  1854 10050
  1855 10050
  1856 10050
  1857 10050
  1858 10050
  1859 10050
  1860 10101
  1861 10101
  1862 10101
  1863 10101
  1864 10101
  1865 10101
  1866 10101
  1870 10171
  1871 10171
  1872 10052
  1900 10171
  1901 10171
  1902 10171
  1903 10171
  1904 10171
  1905 10171
  1906 10171
  1907 10171
  1909 10171
  1910 10171
  1911 10171
  1912 10171
  1913 10171
  1914 10171
  1915 10171
  1916 10171
  1917 10171
  1918 10171
  1919 10171
  1920 10171
  1921 10171
  1925 10171
  1926 10171
  1927 10171
  1928 10171
  1929 10171
  1930 10171
  1931 10171
  1932 10171
  1933 10171
  1934 10171
  1935 10171
  1936 10171
  1937 10171
  1938 10171
  1939 10171
  1940 10171
  1941 10171
  1942 10171
  1943 10171
  1944 10171
  1945 10171
  1946 10171
  1947 10171
  1948 10171
  1949 10171
  1975 10043
  1976 10043
  1977 10043
  1979 10043
  1988 10045
  1994 10072
  1995 10072
  1996 10072
  1997 10072
  2032 10064
  2033 10064
  2034 10094
  2035 10094
  2036 10064
