   690 10044
   691 10044
   692 10044
   693 10044
   694 10044
   695 10044
   696 10044
   697 10044
   698 10044
   699 10044
   700 10044
   701 10044
   702 10044
   703 10044
   704 10044
   705 10044
   706 10044
   707 10044
   708 10044
   709 10044
   710 10044
   711 10044
   712 10044
   713 10044
   714 10044
   715 10044
   716 10044
   717 10044
   718 10044
   719 10044
   720 10044
   721 10044
   722 10044
   723 10044
   724 10044
   725 10044
   726 10044
   727 10044
   728 10044
   729 10044
   730 10044
   731 10044
   732 10044
   733 10044
   734 10044
   735 10044
   736 10044
   737 10044
   738 10044
   739 10044
   740 10044
   741 10044
   742 10044
   743 10044
   744 10044
   745 10044
   746 10044
   747 10044
   748 10044
   749 10044
   750 10044
   751 10044
   752 10044
   753 10044
   754 10044
   755 10044
   756 10044
   757 10044
   758 10044
   759 10044
   760 10044
   761 10044
   762 10044
   763 10044
   764 10044
   765 10044
   766 10044
   767 10044
   768 10044
   769 10044
   770 10044
   771 10044
   772 10044
   773 10044
   774 10044
   775 10044
   776 10044
   777 10044
   778 10044
   779 10044
   780 10044
   784 10041
   785 10022
   786 10022
   787 10022
   788 10151
   790 10151
   791 10151
   792 10151
   793 10017
   794 10017
   795 10151
   796 10151
   797 10151
   798 10151
   799 10151
   800 10151
   801 10151
   802 10151
   803 10151
   804 10151
   805 10151
   806 10151
   807 10151
   808 10151
   809 10151
   810 10151
   811 10151
   812 10151
   813 10151
   814 10151
   815 10151
   816 10151
   817 10151
   818 10151
   819 10151
   820 10151
   821 10151
   822 10151
   823 10151
   824 10151
   825 10151
   826 10151
   827 10151
   828 10151
   829 10151
   830 10151
   831 10151
   832 10151
   833 10151
   834 10151
   835 10151
   836 10151
   837 10151
   838 10151
   839 10151
   840 10151
   841 10151
   842 10151
   843 10151
   844 10151
   845 10151
   846 10151
   847 10151
   848 10151
   849 10151
   850 10151
   851 10151
   852 10151
   853 10151
   854 10151
   855 10151
   856 10151
   857 10151
   858 10151
   859 10151
   860 10151
   861 10151
   862 10151
   863 10151
   864 10151
   865 10151
   866 10151
   867 10151
   868 10151
   869 10151
   870 10151
   871 10151
   872 10151
   873 10151
   874 10151
   875 10151
   876 10151
   877 10151
   878 10151
   879 10151
   880 10151
   881 10151
   882 10151
   883 10151
   884 10151
   885 10151
   886 10151
   887 10151
   888 10151
   889 10151
   890 10151
   891 10151
   892 10151
   893 10151
   894 10151
   895 10151
   896 10151
   897 10151
   898 10151
   899 10151
   900 10151
   901 10151
   902 10151
   903 10151
   904 10151
   905 10151
   906 10151
   907 10151
   908 10151
   909 10151
   910 10151
   911 10151
   912 10151
   913 10151
   914 10151
   915 10151
   916 10151
   917 10151
   918 10151
   919 10151
   920 10151
   921 10151
   922 10151
   923 10151
   924 10151
   925 10151
   926 10151
   927 10151
   928 10151
   929 10151
   930 10151
   931 10151
   932 10151
   933 10151
   934 10151
   935 10151
   936 10151
   937 10151
   938 10151
   939 10151
   940 10151
   941 10151
   942 10151
   943 10151
   944 10151
   945 10151
   946 10151
   947 10151
   948 10151
   949 10151
   950 10151
   951 10151
   952 10151
   953 10151
   954 10151
   955 10151
   956 10151
   957 10151
   958 10151
   959 10151
   960 10151
   961 10151
   962 10151
   963 10151
   964 10151
   965 10151
   966 10151
   967 10151
   968 10151
   969 10151
   970 10151
   971 10151
   972 10151
   973 10151
   974 10151
   975 10151
   976 10151
   977 10151
   978 10151
   979 10151
   980 10151
   981 10151
   982 10151
   983 10151
   984 10151
   985 10151
   986 10151
   987 10151
   988 10151
   989 10151
   990 10151
   991 10151
   992 10151
   993 10151
   994 10151
   995 10151
   996 10151
   997 10151
   998 10151
   999 10151
  1000 10151
  1001 10151
  1002 10151
  1003 10151
  1004 10151
  1005 10151
  1006 10151
  1007 10151
  1008 10151
  1009 10151
  1010 10151
  1011 10151
  1012 10151
  1013 10151
  1014 10151
  1015 10151
  1016 10151
  1017 10151
  1018 10151
  1019 10151
  1020 10151
  1021 10061
  1022 10061
  1025 10143
  1026 10049
  1027 10049
  1028 10049
  1029 10049
  1030 10049
  1031 10049
  1032 10049
  1033 10049
  1034 10049
  1035 10049
  1036 10049
  1037 10049
  1038 10049
  1039 10049
  1040 10049
  1041 10049
  1042 10049
  1043 10049
  1044 10049
  1045 10049
  1046 10049
  1047 10049
  1048 10049
  1049 10049
  1050 10049
  1051 10049
  1052 10049
  1053 10049
  1054 10049
  1055 10049
  1056 10049
  1057 10049
  1058 10049
  1059 10049
  1060 10049
  1061 10049
  1062 10049
  1063 10049
  1064 10049
  1065 10049
  1066 10049
  1067 10049
  1068 10049
  1069 10049
  1070 10049
  1071 10049
  1072 10049
  1073 10049
  1074 10049
  1075 10049
  1076 10049
  1077 10049
  1078 10049
  1079 10049
  1080 10049
  1081 10049
  1082 10049
  1083 10049
  1084 10049
  1085 10049
  1086 10049
  1087 10111
  1088 10111
  1089 10111
  1090 10111
  1091 10111
  1092 10036
  1093 10036
  1094 10036
  1095 10036
  1096 10111
  1097 10111
  1098 10111
  1099 10111
  1100 10111
  1101 10111
  1102 10111
  1103 10111
  1104 10111
  1105 10111
  1106 10111
  1107 10049
  1108 10049
  1109 10049
  1110 10049
  1111 10049
  1112 10049
  1113 10049
  1114 10049
  1115 10049
  1116 10049
  1117 10049
  1118 10049
  1119 10049
  1120 10049
  1121 10049
  1122 10049
  1123 10049
  1124 10049
  1125 10049
  1126 10049
  1127 10049
  1128 10049
  1129 10049
  1130 10049
  1131 10049
  1132 10049
  1133 10049
  1134 10049
  1135 10049
  1136 10049
  1137 10049
  1138 10049
  1139 10049
  1140 10049
  1141 10049
  1142 10049
  1143 10049
  1144 10049
  1145 10049
  1146 10049
  1147 10049
  1148 10049
  1149 10049
  1150 10049
  1151 10049
  1152 10049
  1153 10049
  1154 10049
  1155 10049
  1156 10049
  1157 10049
  1158 10049
  1159 10049
  1160 10049
  1161 10049
  1162 10049
  1163 10049
  1164 10049
  1165 10049
  1166 10049
  1167 10049
  1168 10049
  1169 10049
  1170 10049
  1171 10049
  1172 10049
  1173 10049
  1174 10049
  1175 10049
  1176 10049
  1177 10049
  1178 10049
  1179 10049
  1180 10049
  1181 10049
  1182 10049
  1183 10049
  1184 10049
  1185 10049
  1186 10049
  1187 10049
  1188 10049
  1189 10049
  1190 10049
  1191 10049
  1192 10049
  1193 10049
  1194 10049
  1195 10049
  1196 10049
  1197 10049
  1198 10049
  1199 10049
  1200 10049
  1201 10049
  1202 10049
  1203 10049
  1204 10049
  1205 10049
  1206 10049
  1207 10049
  1208 10049
  1209 10049
  1210 10049
  1211 10049
  1212 10049
  1213 10049
  1214 10049
  1215 10049
  1216 10049
  1217 10049
  1218 10049
  1219 10049
  1220 10049
  1221 10049
  1222 10049
  1223 10049
  1224 10049
  1225 10049
  1226 10049
  1227 10049
  1228 10049
  1229 10049
  1230 10049
  1231 10049
  1232 10049
  1233 10049
  1234 10049
  1235 10049
  1236 10049
  1237 10049
  1238 10049
  1239 10049
  1240 10049
  1241 10049
  1242 10049
  1243 10049
  1244 10049
  1245 10049
  1246 10049
  1247 10049
  1248 10049
  1249 10049
  1250 10049
  1251 10049
  1252 10049
  1253 10049
  1254 10049
  1255 10049
  1256 10016
  1257 10016
  1259 10098
  1260 10098
  1261 10055
  1263 10055
  1268 10137
  1269 10137
  1270 10137
  1271 10137
  1272 10137
  1273 10137
  1274 10137
  1275 10127
  1276 10127
  1277 10127
  1278 10127
  1279 10127
  1280 10127
  1281 10127
  1282 10127
  1283 10127
  1284 10127
  1285 10127
  1286 10127
  1287 10127
  1288 10127
  1289 10127
  1290 10127
  1291 10127
  1292 10127
  1293 10127
  1294 10127
  1295 10127
  1296 10127
  1297 10127
  1298 10127
  1299 10127
  1300 10127
  1301 10127
  1302 10127
  1303 10127
  1304 10127
  1305 10127
  1306 10127
  1307 10127
  1308 10127
  1309 10127
  1310 10127
  1311 10127
  1312 10127
  1313 10127
  1314 10127
  1315 10127
  1316 10127
  1317 10127
  1318 10127
  1319 10127
  1320 10127
  1321 10127
  1322 10127
  1323 10127
  1324 10127
  1325 10127
  1326 10127
  1327 10127
  1328 10127
  1329 10127
  1330 10127
  1331 10127
  1332 10127
  1333 10127
  1334 10127
  1335 10127
  1336 10127
  1337 10127
  1338 10127
  1339 10127
  1340 10127
  1341 10127
  1342 10127
  1343 10127
  1344 10127
  1345 10127
  1346 10127
  1347 10127
  1348 10127
  1349 10127
  1350 10127
  1351 10127
  1352 10127
  1353 10127
  1354 10127
  1355 10127
  1356 10127
  1357 10127
  1358 10127
  1359 10127
  1360 10127
  1361 10127
  1362 10127
  1363 10127
  1364 10127
  1365 10127
  1366 10127
  1367 10127
  1368 10127
  1369 10127
  1370 10127
  1371 10127
  1372 10127
  1373 10127
  1374 10127
  1375 10127
  1376 10127
  1377 10127
  1378 10127
  1379 10127
  1380 10127
  1381 10127
  1382 10127
  1383 10127
  1384 10127
  1385 10127
  1386 10127
  1387 10127
  1388 10127
  1389 10127
  1390 10127
  1391 10127
  1392 10127
  1393 10127
  1394 10127
  1395 10127
  1396 10127
  1397 10127
  1398 10127
  1399 10127
  1400 10127
  1401 10127
  1402 10127
  1403 10127
  1404 10127
  1405 10127
  1406 10127
  1407 10127
  1408 10127
  1409 10127
  1410 10127
  1411 10127
  1412 10127
  1413 10127
  1414 10127
  1415 10127
  1416 10127
  1417 10127
  1418 10127
  1419 10127
  1420 10127
  1421 10127
  1422 10127
  1423 10127
  1424 10127
  1425 10127
  1426 10127
  1427 10127
  1428 10127
  1429 10127
  1430 10127
  1431 10127
  1432 10127
  1433 10127
  1434 10127
  1435 10127
  1436 10127
  1437 10127
  1438 10127
  1439 10127
  1440 10127
  1441 10127
  1442 10127
  1443 10127
  1444 10127
  1445 10127
  1446 10127
  1447 10127
  1448 10127
  1449 10127
  1450 10127
  1451 10127
  1452 10127
  1453 10127
  1454 10127
  1455 10127
  1456 10127
  1457 10127
  1458 10127
  1459 10127
  1460 10127
  1461 10127
  1462 10127
  1463 10127
  1464 10127
  1465 10127
  1466 10127
  1467 10127
  1468 10127
  1469 10127
  1470 10127
  1471 10127
  1472 10127
  1473 10127
  1474 10127
  1475 10127
  1476 10127
  1477 10127
  1478 10127
  1479 10127
  1480 10127
  1481 10127
  1482 10127
  1483 10127
  1484 10127
  1485 10127
  1486 10127
  1487 10127
  1488 10127
  1489 10127
  1490 10127
  1491 10127
  1492 10127
  1493 10127
  1494 10127
  1495 10127
  1496 10127
  1497 10127
  1498 10127
  1499 10127
  1500 10127
  1503 10055
  1505 10055
  1506 10018
  1507 10018
  1508 10018
  1509 10018
  1510 10018
  1511 10018
  1512 10055
  1513 10040
  1514 10055
  1515 10055
  1516 10055
  1517 10055
  1518 10055
  1519 10055
  1520 10055
  1521 10055
  1522 10055
  1523 10055
  1524 10055
  1525 10055
  1526 10055
  1527 10055
  1528 10055
  1529 10055
  1530 10055
  1531 10055
  1532 10055
  1533 10055
  1534 10055
  1535 10055
  1536 10055
  1537 10055
  1538 10055
  1539 10055
  1540 10018
  1541 10040
  1542 10040
  1543 10040
  1544 10040
  1545 10040
  1546 10040
  1547 10040
  1548 10040
  1549 10040
  1550 10040
  1551 10040
  1552 10040
  1553 10040
  1554 10040
  1555 10040
  1556 10040
  1557 10040
  1558 10040
  1559 10040
  1560 10040
  1561 10040
  1562 10040
  1563 10040
  1564 10040
  1565 10040
  1566 10040
  1567 10040
  1568 10040
  1569 10040
  1570 10040
  1571 10106
  1572 10106
  1573 10040
  1574 10040
  1575 10040
  1576 10040
  1577 10106
  1578 10040
  1579 10106
  1580 10106
  1581 10040
  1582 10040
  1583 10040
  1584 10040
  1585 10040
  1586 10040
  1587 10040
  1588 10040
  1589 10106
  1590 10040
  1591 10106
  1592 10106
  1593 10106
  1594 10106
  1595 10040
  1596 10040
  1597 10040
  1598 10106
  1599 10040
  1600 10055
  1601 10040
  1602 10040
  1603 10040
  1604 10106
  1606 10055
  1609 10106
  1610 10134
  1611 10134
  1612 10134
  1613 10134
  1614 10134
  1615 10065
  1617 10101
  1618 10101
  1619 10101
  1620 10101
  1621 10138
  1622 10101
  1623 10062
  1626 10071
  1627 10071
  1628 10149
  1629 10149
  1630 10049
  1631 10049
  1632 10049
  1633 10049
  1634 10049
  1635 10049
  1636 10049
  1637 10049
  1638 10049
  1639 10049
  1640 10049
  1641 10049
  1642 10049
  1643 10049
  1644 10049
  1645 10049
  1646 10049
  1647 10049
  1648 10049
  1649 10049
  1650 10049
  1651 10049
  1652 10049
  1653 10049
  1654 10049
  1655 10049
  1656 10049
  1657 10049
  1658 10049
  1659 10049
  1660 10049
  1661 10049
  1662 10049
  1663 10049
  1664 10049
  1665 10049
  1666 10049
  1667 10049
  1668 10049
  1669 10049
  1670 10049
  1671 10049
  1672 10049
  1673 10049
  1674 10049
  1675 10049
  1676 10049
  1677 10049
  1678 10049
  1679 10049
  1680 10049
  1681 10049
  1682 10049
  1683 10049
  1684 10049
  1685 10049
  1686 10049
  1687 10049
  1688 10049
  1689 10049
  1690 10049
  1691 10049
  1692 10049
  1693 10049
  1694 10049
  1695 10049
  1696 10049
  1697 10049
  1698 10049
  1699 10049
  1700 10049
  1701 10049
  1702 10049
  1703 10049
  1704 10049
  1705 10049
  1706 10049
  1707 10049
  1708 10049
  1709 10049
  1710 10049
  1711 10049
  1712 10049
  1713 10049
  1714 10049
  1715 10049
  1716 10049
  1717 10049
  1718 10049
  1719 10049
  1720 10049
  1721 10049
  1722 10049
  1723 10049
  1724 10049
  1725 10049
  1726 10049
  1727 10049
  1728 10049
  1729 10049
  1730 10049
  1731 10049
  1732 10049
  1733 10049
  1734 10049
  1735 10049
  1736 10049
  1737 10049
  1738 10049
  1739 10049
  1740 10049
  1741 10049
  1742 10049
  1743 10049
  1744 10049
  1745 10049
  1746 10049
  1747 10049
  1748 10049
  1749 10049
  1750 10049
  1751 10049
  1752 10049
  1753 10049
  1754 10049
  1755 10049
  1756 10049
  1757 10049
  1758 10049
  1759 10049
  1760 10049
  1761 10049
  1762 10049
  1763 10049
  1764 10049
  1765 10049
  1766 10049
  1767 10049
  1768 10049
  1769 10049
  1770 10049
  1771 10049
  1772 10049
  1773 10049
  1774 10049
  1775 10049
  1776 10049
  1777 10049
  1778 10049
  1779 10049
  1780 10049
  1781 10049
  1782 10049
  1783 10049
  1784 10049
  1785 10049
  1786 10049
  1787 10049
  1788 10049
  1789 10049
  1790 10049
  1791 10049
  1792 10049
  1793 10049
  1794 10049
  1795 10049
  1796 10049
  1797 10049
  1798 10049
  1799 10049
  1800 10049
  1801 10049
  1802 10049
  1803 10049
  1804 10049
  1805 10049
  1806 10049
  1807 10049
  1808 10049
  1809 10049
  1810 10049
  1811 10049
  1812 10049
  1813 10049
  1814 10049
  1815 10049
  1816 10049
  1817 10049
  1818 10049
  1819 10049
  1820 10049
  1821 10049
  1822 10049
  1823 10049
  1824 10049
  1825 10049
  1826 10049
  1827 10049
  1828 10049
  1829 10049
  1830 10049
  1831 10049
  1832 10049
  1833 10049
  1834 10049
  1835 10049
  1836 10049
  1837 10049
  1838 10049
  1839 10049
  1840 10049
  1841 10049
  1842 10049
  1843 10049
  1844 10049
  1845 10049
  1846 10049
  1847 10049
  1848 10049
  1849 10049
  1850 10049
  1851 10049
  1852 10049
  1853 10049
  1854 10049
  1855 10049
  1912 10043
  1913 10043
  1914 10043
  1915 10043
  1916 10043
  1937 10043
  1938 10043
  1939 10043
  1940 10043
  1951 10043
  2020 10043
  2037 10052
  2038 10052
  2039 10052
