   690 10145
   691 10145
   692 10145
   693 10145
   694 10145
   695 10145
   696 10145
   697 10145
   698 10145
   699 10145
   700 10145
   701 10145
   702 10145
   703 10145
   704 10145
   705 10145
   706 10145
   707 10145
   708 10145
   709 10145
   710 10145
   711 10145
   712 10145
   713 10145
   714 10145
   715 10145
   716 10145
   717 10145
   718 10145
   719 10145
   720 10145
   721 10145
   722 10145
   723 10145
   724 10145
   725 10145
   726 10145
   727 10145
   728 10145
   729 10145
   730 10145
   731 10145
   732 10145
   733 10145
   734 10145
   735 10145
   736 10145
   737 10145
   738 10145
   739 10145
   740 10145
   741 10145
   742 10145
   743 10145
   744 10145
   745 10145
   746 10145
   747 10145
   748 10145
   749 10145
   750 10145
   751 10145
   752 10145
   753 10145
   754 10145
   755 10145
   756 10145
   757 10145
   758 10145
   759 10145
   760 10145
   761 10145
   762 10145
   763 10145
   764 10145
   765 10145
   766 10145
   767 10145
   768 10145
   769 10145
   770 10145
   771 10145
   772 10145
   773 10145
   774 10145
   775 10145
   776 10145
   777 10145
   778 10145
   779 10145
   780 10145
   783 10044
   784 10044
   785 10044
   786 10044
   787 10044
   788 10044
   789 10044
   790 10044
   791 10044
   792 10044
   793 10044
   794 10044
   795 10044
   796 10044
   797 10044
   798 10044
   799 10044
   800 10044
   801 10044
   802 10044
   803 10044
   804 10044
   805 10044
   806 10044
   807 10044
   808 10044
   809 10044
   810 10044
   811 10044
   812 10044
   813 10044
   814 10044
   815 10044
   816 10044
   817 10044
   818 10044
   819 10044
   820 10044
   821 10044
   822 10044
   823 10044
   824 10044
   825 10044
   826 10044
   827 10044
   828 10044
   829 10044
   830 10044
   831 10044
   832 10044
   833 10044
   834 10044
   835 10044
   836 10044
   837 10044
   838 10044
   839 10044
   840 10044
   841 10044
   842 10044
   843 10044
   844 10044
   845 10044
   846 10044
   847 10044
   848 10044
   849 10044
   850 10044
   851 10044
   852 10044
   853 10044
   854 10044
   855 10044
   856 10044
   857 10044
   858 10044
   859 10044
   860 10044
   861 10044
   862 10044
   863 10044
   864 10044
   865 10044
   866 10044
   867 10044
   868 10044
   869 10044
   870 10044
   871 10044
   872 10044
   873 10044
   874 10044
   875 10044
   876 10044
   877 10044
   878 10044
   879 10044
   880 10044
   881 10044
   882 10044
   883 10044
   884 10044
   885 10044
   886 10044
   887 10044
   888 10044
   889 10044
   890 10044
   891 10044
   892 10044
   893 10044
   894 10044
   895 10044
   896 10044
   897 10044
   898 10044
   899 10044
   900 10044
   901 10044
   902 10044
   903 10044
   904 10044
   905 10044
   906 10044
   907 10044
   908 10044
   909 10044
   910 10044
   911 10044
   912 10044
   913 10044
   914 10044
   915 10044
   916 10044
   917 10044
   918 10044
   919 10044
   920 10044
   921 10044
   922 10044
   923 10044
   924 10044
   925 10044
   926 10044
   927 10044
   928 10044
   929 10044
   930 10044
   931 10044
   932 10044
   933 10044
   934 10044
   935 10044
   936 10044
   937 10044
   938 10044
   939 10044
   940 10044
   941 10044
   942 10044
   943 10044
   944 10044
   945 10044
   946 10044
   947 10044
   948 10044
   949 10044
   950 10044
   951 10044
   952 10044
   953 10044
   954 10044
   955 10044
   956 10044
   957 10044
   958 10044
   959 10044
   960 10044
   961 10044
   962 10044
   963 10044
   964 10044
   965 10044
   966 10044
   967 10044
   968 10044
   969 10044
   970 10044
   971 10044
   972 10044
   973 10044
   974 10044
   975 10044
   976 10044
   977 10044
   978 10044
   979 10044
   980 10044
   981 10044
   982 10044
   983 10044
   984 10044
   985 10044
   986 10044
   987 10044
   988 10044
   989 10044
   990 10044
   991 10044
   992 10044
   993 10044
   994 10044
   995 10044
   996 10044
   997 10044
   998 10044
   999 10044
  1000 10044
  1001 10044
  1002 10044
  1003 10044
  1004 10044
  1005 10044
  1006 10044
  1007 10044
  1008 10044
  1009 10044
  1010 10044
  1011 10044
  1012 10044
  1013 10044
  1014 10044
  1015 10044
  1016 10044
  1017 10044
  1018 10044
  1019 10044
  1020 10044
  1021 10082
  1022 10021
  1023 10021
  1025 10021
  1026 10021
  1029 10021
  1030 10021
  1031 10021
  1032 10021
  1033 10021
  1034 10021
  1035 10021
  1036 10021
  1037 10021
  1038 10021
  1039 10021
  1040 10021
  1041 10021
  1042 10021
  1043 10021
  1044 10021
  1045 10021
  1046 10021
  1047 10021
  1048 10021
  1049 10021
  1050 10021
  1051 10021
  1052 10021
  1053 10021
  1054 10021
  1055 10021
  1056 10021
  1057 10021
  1058 10021
  1059 10021
  1060 10021
  1061 10021
  1062 10021
  1063 10021
  1064 10021
  1065 10021
  1066 10021
  1067 10021
  1068 10021
  1069 10021
  1070 10021
  1071 10021
  1072 10021
  1073 10021
  1074 10021
  1075 10021
  1076 10021
  1077 10021
  1078 10021
  1079 10021
  1080 10021
  1081 10021
  1082 10021
  1083 10021
  1084 10021
  1085 10021
  1086 10021
  1087 10021
  1088 10021
  1089 10021
  1090 10021
  1091 10021
  1092 10021
  1093 10021
  1094 10021
  1095 10021
  1096 10021
  1097 10021
  1098 10021
  1099 10021
  1100 10021
  1101 10021
  1102 10021
  1103 10021
  1104 10021
  1105 10021
  1106 10021
  1107 10021
  1108 10021
  1109 10021
  1110 10021
  1111 10021
  1112 10021
  1113 10021
  1114 10021
  1115 10021
  1116 10021
  1117 10021
  1118 10021
  1119 10021
  1120 10021
  1121 10021
  1122 10021
  1123 10021
  1124 10021
  1125 10021
  1126 10021
  1127 10021
  1128 10021
  1129 10021
  1130 10021
  1131 10021
  1132 10021
  1133 10021
  1134 10021
  1135 10021
  1136 10021
  1137 10021
  1138 10021
  1139 10021
  1140 10021
  1141 10021
  1142 10021
  1143 10021
  1144 10021
  1145 10021
  1146 10021
  1147 10021
  1148 10021
  1149 10021
  1150 10021
  1151 10021
  1152 10021
  1153 10021
  1154 10021
  1155 10021
  1156 10021
  1157 10021
  1158 10021
  1159 10021
  1160 10021
  1161 10021
  1162 10021
  1163 10021
  1164 10021
  1165 10021
  1166 10021
  1167 10021
  1168 10021
  1169 10021
  1170 10021
  1171 10021
  1172 10021
  1173 10021
  1174 10021
  1175 10021
  1176 10021
  1177 10021
  1178 10021
  1179 10021
  1180 10021
  1181 10021
  1182 10021
  1183 10021
  1184 10021
  1185 10021
  1186 10021
  1187 10021
  1188 10021
  1189 10021
  1190 10021
  1191 10021
  1192 10021
  1193 10021
  1194 10021
  1195 10021
  1196 10021
  1197 10021
  1198 10021
  1199 10021
  1200 10021
  1201 10021
  1202 10021
  1203 10021
  1204 10021
  1205 10021
  1206 10021
  1207 10021
  1208 10021
  1209 10021
  1210 10021
  1211 10021
  1212 10021
  1213 10021
  1214 10021
  1215 10021
  1216 10021
  1217 10021
  1218 10021
  1219 10021
  1220 10021
  1221 10021
  1222 10021
  1223 10021
  1224 10021
  1225 10021
  1226 10021
  1227 10021
  1228 10021
  1229 10021
  1230 10021
  1231 10021
  1232 10021
  1233 10021
  1234 10021
  1235 10021
  1236 10021
  1237 10021
  1238 10021
  1239 10021
  1240 10021
  1241 10021
  1242 10021
  1243 10021
  1244 10021
  1245 10021
  1246 10021
  1247 10021
  1248 10021
  1249 10021
  1250 10021
  1251 10021
  1252 10021
  1253 10021
  1254 10021
  1255 10021
  1256 10021
  1257 10021
  1261 10134
  1262 10134
  1263 10134
  1266 10154
  1267 10154
  1268 10154
  1269 10143
  1270 10014
  1271 10095
  1272 10154
  1273 10055
  1274 10055
  1275 10055
  1276 10018
  1277 10018
  1278 10018
  1279 10018
  1280 10018
  1281 10018
  1282 10018
  1283 10018
  1284 10018
  1285 10018
  1286 10018
  1287 10018
  1288 10018
  1289 10018
  1290 10018
  1291 10055
  1292 10055
  1293 10018
  1294 10018
  1295 10018
  1296 10018
  1297 10018
  1298 10158
  1299 10018
  1300 10018
  1301 10018
  1302 10018
  1303 10018
  1304 10018
  1305 10018
  1306 10158
  1307 10018
  1308 10018
  1309 10018
  1310 10018
  1311 10018
  1312 10018
  1313 10018
  1314 10018
  1315 10018
  1316 10018
  1317 10055
  1318 10055
  1319 10018
  1320 10018
  1321 10018
  1322 10018
  1323 10018
  1324 10018
  1325 10018
  1326 10018
  1327 10018
  1328 10018
  1329 10106
  1330 10106
  1331 10106
  1332 10055
  1333 10055
  1334 10055
  1335 10055
  1337 10154
  1338 10154
  1339 10154
  1340 10036
  1341 10016
  1342 10016
  1343 10016
  1344 10016
  1345 10016
  1346 10016
  1347 10016
  1348 10016
  1349 10016
  1350 10016
  1351 10016
  1352 10016
  1353 10016
  1354 10016
  1355 10016
  1356 10016
  1357 10016
  1358 10016
  1359 10016
  1360 10016
  1361 10016
  1362 10016
  1363 10016
  1364 10016
  1365 10016
  1366 10016
  1367 10016
  1368 10016
  1369 10016
  1370 10016
  1371 10016
  1372 10016
  1373 10016
  1374 10016
  1375 10016
  1376 10016
  1383 10169
  1384 10169
  1385 10169
  1386 10169
  1387 10169
  1388 10169
  1389 10169
  1390 10169
  1391 10169
  1392 10169
  1393 10169
  1394 10169
  1395 10169
  1396 10169
  1397 10169
  1398 10169
  1399 10169
  1400 10169
  1401 10169
  1402 10169
  1403 10169
  1404 10169
  1405 10169
  1406 10169
  1407 10169
  1408 10169
  1409 10169
  1410 10169
  1411 10169
  1412 10169
  1413 10169
  1414 10169
  1415 10169
  1416 10169
  1417 10169
  1418 10169
  1419 10169
  1420 10169
  1421 10169
  1422 10169
  1423 10169
  1424 10169
  1425 10169
  1426 10169
  1427 10169
  1428 10169
  1429 10169
  1430 10169
  1431 10169
  1432 10169
  1433 10169
  1434 10169
  1435 10169
  1436 10169
  1437 10169
  1438 10169
  1439 10169
  1440 10169
  1441 10169
  1442 10169
  1443 10169
  1444 10169
  1445 10169
  1446 10169
  1447 10169
  1448 10169
  1449 10169
  1450 10169
  1451 10169
  1452 10169
  1453 10169
  1454 10169
  1455 10169
  1456 10169
  1457 10169
  1458 10169
  1459 10169
  1460 10169
  1461 10169
  1462 10169
  1463 10169
  1464 10169
  1465 10169
  1466 10169
  1467 10169
  1468 10169
  1469 10169
  1470 10169
  1471 10169
  1472 10169
  1473 10169
  1474 10169
  1475 10169
  1476 10169
  1477 10169
  1478 10169
  1479 10169
  1480 10169
  1481 10169
  1482 10169
  1483 10169
  1484 10169
  1485 10169
  1486 10169
  1487 10169
  1488 10169
  1489 10169
  1490 10169
  1491 10169
  1492 10169
  1493 10169
  1494 10169
  1495 10169
  1496 10169
  1497 10169
  1498 10169
  1499 10169
  1500 10169
  1501 10169
  1502 10169
  1503 10169
  1504 10169
  1505 10169
  1506 10169
  1507 10169
  1508 10169
  1509 10169
  1510 10169
  1511 10169
  1512 10169
  1513 10169
  1514 10169
  1515 10169
  1516 10169
  1517 10169
  1518 10169
  1519 10169
  1520 10169
  1521 10169
  1522 10169
  1523 10169
  1524 10169
  1525 10169
  1526 10169
  1527 10169
  1528 10169
  1529 10169
  1530 10169
  1531 10169
  1532 10169
  1533 10169
  1534 10169
  1535 10169
  1536 10169
  1537 10169
  1538 10169
  1539 10169
  1540 10169
  1541 10169
  1542 10169
  1543 10169
  1544 10169
  1545 10169
  1546 10169
  1547 10169
  1548 10169
  1549 10169
  1550 10169
  1551 10169
  1552 10169
  1553 10169
  1554 10169
  1555 10169
  1556 10169
  1557 10169
  1558 10169
  1559 10169
  1560 10169
  1561 10169
  1562 10169
  1563 10169
  1564 10169
  1565 10169
  1566 10169
  1567 10169
  1568 10169
  1569 10169
  1570 10169
  1571 10169
  1572 10169
  1573 10169
  1574 10169
  1575 10169
  1576 10169
  1577 10169
  1578 10169
  1579 10169
  1580 10169
  1581 10169
  1582 10169
  1583 10169
  1584 10169
  1585 10169
  1586 10169
  1587 10169
  1588 10169
  1589 10169
  1590 10169
  1591 10169
  1592 10169
  1593 10169
  1594 10169
  1595 10169
  1596 10169
  1597 10169
  1598 10169
  1599 10169
  1600 10169
  1601 10169
  1602 10169
  1603 10169
  1604 10169
  1605 10169
  1606 10169
  1607 10169
  1608 10169
  1609 10169
  1610 10169
  1611 10169
  1612 10169
  1613 10169
  1614 10169
  1615 10169
  1616 10169
  1617 10169
  1618 10169
  1619 10169
  1620 10169
  1630 10146
  1631 10146
  1632 10146
  1633 10146
  1634 10146
  1635 10146
  1636 10146
  1637 10146
  1638 10146
  1639 10146
  1640 10146
  1641 10146
  1642 10146
  1643 10146
  1644 10146
  1645 10146
  1646 10146
  1647 10146
  1648 10146
  1649 10146
  1650 10146
  1651 10146
  1652 10146
  1653 10146
  1654 10146
  1655 10146
  1656 10146
  1657 10146
  1658 10146
  1659 10146
  1660 10146
  1661 10146
  1662 10146
  1663 10146
  1664 10146
  1665 10146
  1666 10146
  1667 10146
  1668 10146
  1669 10146
  1670 10146
  1671 10146
  1672 10146
  1673 10146
  1674 10146
  1675 10146
  1676 10146
  1677 10146
  1678 10146
  1679 10146
  1680 10146
  1681 10146
  1682 10146
  1683 10146
  1684 10146
  1685 10146
  1686 10146
  1687 10146
  1688 10146
  1689 10146
  1690 10146
  1691 10146
  1692 10146
  1693 10146
  1694 10146
  1695 10146
  1696 10146
  1697 10146
  1698 10146
  1699 10146
  1700 10146
  1701 10146
  1702 10146
  1703 10146
  1704 10146
  1705 10146
  1706 10146
  1707 10146
  1708 10146
  1709 10146
  1710 10146
  1711 10146
  1712 10146
  1713 10146
  1714 10146
  1715 10146
  1716 10146
  1717 10146
  1718 10146
  1719 10146
  1720 10146
  1721 10146
  1722 10146
  1723 10146
  1724 10146
  1725 10146
  1726 10146
  1727 10146
  1728 10146
  1729 10146
  1730 10146
  1731 10146
  1732 10146
  1733 10146
  1734 10146
  1735 10146
  1736 10146
  1737 10146
  1738 10146
  1739 10146
  1740 10146
  1741 10146
  1742 10146
  1743 10146
  1744 10146
  1745 10146
  1746 10146
  1747 10146
  1748 10146
  1749 10146
  1750 10146
  1751 10146
  1752 10146
  1753 10146
  1754 10146
  1755 10146
  1756 10146
  1757 10146
  1758 10146
  1759 10146
  1760 10146
  1761 10146
  1762 10146
  1763 10146
  1764 10146
  1765 10146
  1766 10146
  1767 10146
  1768 10146
  1769 10146
  1770 10146
  1771 10146
  1772 10146
  1773 10146
  1774 10146
  1775 10146
  1776 10146
  1777 10146
  1778 10146
  1779 10146
  1780 10146
  1781 10146
  1782 10146
  1783 10146
  1784 10146
  1785 10146
  1786 10146
  1787 10146
  1788 10146
  1789 10146
  1790 10146
  1791 10146
  1792 10146
  1793 10146
  1794 10146
  1795 10146
  1796 10146
  1797 10146
  1798 10146
  1799 10146
  1800 10146
  1801 10146
  1802 10146
  1803 10146
  1804 10146
  1805 10146
  1806 10146
  1807 10146
  1808 10146
  1809 10146
  1810 10146
  1811 10146
  1812 10146
  1813 10146
  1814 10146
  1815 10146
  1816 10146
  1817 10146
  1818 10146
  1819 10146
  1820 10146
  1821 10146
  1822 10146
  1823 10146
  1824 10146
  1825 10146
  1826 10146
  1827 10146
  1828 10146
  1829 10146
  1830 10146
  1831 10146
  1832 10146
  1833 10146
  1834 10146
  1835 10146
  1836 10146
  1837 10146
  1838 10146
  1839 10146
  1840 10146
  1841 10146
  1842 10146
  1843 10146
  1844 10146
  1845 10146
  1846 10146
  1847 10146
  1848 10146
  1849 10146
  1850 10146
  1851 10146
  1852 10146
  1853 10146
  1854 10146
  1855 10146
  1856 10146
  1857 10146
  1858 10146
  1859 10146
  1860 10146
  1861 10146
  1865 10155
  1866 10154
  1867 10155
  1868 10155
  1869 10155
  1870 10155
  1871 10155
  1872 10155
  1873 10155
  1874 10155
  1875 10155
  1876 10155
  1877 10155
  1878 10155
  1879 10155
  1880 10155
  1881 10155
  1882 10155
  1883 10155
  1884 10155
  1885 10155
  1886 10155
  1887 10155
  1888 10155
  1889 10155
  1890 10155
  1891 10155
  1892 10155
  1893 10155
  1894 10155
  1895 10155
  1896 10155
  1897 10155
  1898 10155
  1899 10155
  1900 10155
  1901 10155
  1902 10155
  1903 10155
  1904 10155
  1905 10155
  1906 10155
  1907 10155
  1908 10155
  1909 10155
  1910 10155
  1911 10155
  1912 10155
  1913 10155
  1914 10155
  1915 10155
  1916 10155
  1917 10155
  1918 10155
  1919 10155
  1920 10155
  1921 10155
  1922 10155
  1923 10155
  1924 10155
  1925 10155
  1926 10155
  1927 10155
  1928 10155
  1929 10155
  1930 10155
  1931 10155
  1932 10155
  1933 10155
  1934 10155
  1935 10155
  1936 10155
  1937 10155
  1938 10155
  1939 10155
  1940 10155
  1941 10155
  1942 10155
  1943 10155
  1944 10155
  1945 10155
  1946 10155
  1947 10155
  1948 10155
  1949 10155
  1950 10155
  1951 10155
  1952 10155
  1953 10155
  1954 10155
  1955 10155
  1956 10155
  1957 10155
  1958 10155
  1959 10155
  1960 10155
  1961 10155
  1962 10155
  1963 10155
  1964 10155
  1965 10155
  1966 10155
  1967 10155
  1968 10155
  1969 10155
  1970 10155
  1971 10155
  1972 10155
  1973 10155
  1974 10155
  1975 10155
  1976 10155
  1977 10155
  1978 10155
  1979 10155
  1980 10155
  1981 10155
  1982 10155
  1983 10155
  1984 10155
  1985 10155
  1986 10155
  1987 10155
  1988 10155
  1989 10155
  1990 10155
  1991 10155
  1992 10155
  1993 10155
  1994 10155
  1995 10155
  1996 10155
  1997 10155
  1998 10155
  1999 10155
  2000 10155
  2001 10155
  2002 10155
  2003 10155
  2004 10155
  2005 10155
  2006 10155
  2007 10155
  2008 10155
  2009 10155
  2010 10155
  2011 10155
  2012 10155
  2013 10155
  2014 10155
  2015 10155
  2016 10155
  2017 10155
  2018 10155
  2019 10155
  2020 10155
  2021 10155
  2022 10155
  2023 10155
  2024 10143
  2025 10143
  2026 10143
  2027 10143
  2028 10016
  2029 10143
  2030 10016
  2031 10016
