   684 10138
   685 10138
   686 10138
   687 10138
   688 10138
   689 10138
   690 10138
   691 10138
   692 10138
   693 10138
   694 10138
   695 10138
   696 10138
   697 10138
   698 10138
   699 10138
   700 10138
   701 10138
   702 10138
   703 10138
   704 10138
   705 10138
   706 10138
   707 10138
   708 10138
   709 10138
   710 10138
   711 10138
   712 10138
   713 10138
   714 10138
   715 10138
   716 10138
   717 10138
   718 10138
   719 10138
   720 10138
   721 10138
   722 10138
   723 10138
   724 10138
   725 10138
   726 10138
   727 10138
   728 10138
   729 10138
   730 10138
   731 10138
   732 10138
   733 10138
   734 10138
   735 10138
   736 10138
   737 10138
   738 10138
   739 10138
   740 10138
   741 10138
   742 10138
   743 10138
   744 10138
   745 10138
   746 10138
   747 10138
   748 10138
   749 10138
   750 10138
   751 10138
   752 10138
   753 10138
   754 10138
   755 10138
   756 10138
   757 10138
   758 10138
   759 10138
   760 10138
   761 10138
   762 10138
   763 10138
   764 10138
   765 10138
   766 10138
   767 10138
   768 10138
   769 10138
   770 10138
   771 10138
   772 10138
   773 10138
   774 10138
   775 10138
   776 10138
   777 10138
   778 10138
   779 10138
   780 10138
   781 10138
   782 10138
   783 10138
   784 10138
   785 10138
   786 10138
   787 10138
   788 10138
   789 10138
   790 10031
   791 10031
   792 10031
   793 10031
   794 10031
   795 10031
   796 10031
   797 10031
   798 10031
   799 10031
   800 10031
   801 10031
   802 10031
   803 10031
   804 10031
   805 10031
   806 10031
   807 10031
   808 10031
   809 10031
   810 10031
   811 10031
   812 10031
   813 10031
   814 10031
   815 10031
   816 10031
   817 10031
   818 10031
   819 10031
   820 10031
   821 10031
   822 10031
   823 10031
   824 10031
   825 10031
   826 10031
   827 10031
   828 10031
   829 10031
   830 10031
   831 10031
   832 10031
   833 10031
   834 10031
   835 10031
   836 10031
   837 10031
   838 10031
   839 10031
   840 10031
   841 10031
   842 10031
   843 10031
   844 10031
   845 10031
   846 10031
   847 10031
   848 10031
   849 10031
   850 10031
   851 10031
   852 10031
   853 10031
   854 10031
   855 10031
   856 10031
   857 10031
   858 10031
   859 10031
   860 10031
   861 10031
   862 10031
   863 10031
   864 10031
   865 10031
   866 10031
   867 10031
   868 10031
   869 10031
   870 10031
   871 10031
   872 10031
   873 10031
   874 10031
   875 10031
   876 10031
   877 10031
   878 10031
   879 10031
   880 10031
   881 10031
   882 10031
   883 10031
   884 10031
   885 10031
   886 10031
   887 10031
   888 10031
   889 10031
   890 10031
   891 10031
   892 10031
   893 10031
   894 10031
   895 10031
   896 10031
   897 10031
   898 10031
   899 10031
   900 10031
   901 10031
   902 10031
   903 10031
   904 10031
   905 10031
   906 10031
   907 10031
   908 10031
   909 10031
   910 10031
   911 10031
   912 10031
   913 10031
   914 10031
   915 10031
   916 10031
   917 10031
   918 10031
   919 10031
   920 10031
   921 10031
   922 10031
   923 10031
   924 10031
   925 10031
   926 10031
   927 10031
   928 10031
   929 10031
   930 10031
   931 10031
   932 10031
   933 10031
   934 10031
   935 10031
   936 10031
   937 10031
   938 10031
   939 10031
   940 10031
   941 10031
   942 10031
   943 10031
   944 10031
   945 10031
   946 10031
   947 10031
   948 10031
   949 10031
   950 10031
   951 10031
   952 10031
   953 10031
   954 10031
   955 10031
   956 10031
   957 10031
   958 10031
   959 10031
   960 10031
   961 10031
   962 10031
   963 10031
   964 10031
   965 10031
   966 10031
   967 10031
   968 10031
   969 10031
   970 10031
   971 10031
   972 10031
   973 10031
   974 10031
   975 10031
   976 10031
   977 10031
   978 10031
   979 10031
   980 10031
   981 10031
   982 10031
   983 10031
   984 10031
   985 10031
   986 10031
   987 10031
   988 10031
   989 10031
   990 10031
   991 10031
   992 10031
   993 10031
   994 10031
   995 10031
   996 10031
   997 10031
   998 10031
   999 10031
  1000 10031
  1001 10031
  1002 10031
  1003 10031
  1004 10031
  1005 10031
  1006 10031
  1007 10031
  1008 10031
  1009 10031
  1010 10031
  1011 10031
  1012 10031
  1013 10031
  1014 10031
  1015 10031
  1016 10031
  1017 10031
  1018 10031
  1019 10031
  1020 10031
  1021 10031
  1022 10031
  1024 10031
  1025 10031
  1027 10158
  1029 10068
  1030 10068
  1031 10068
  1032 10068
  1033 10068
  1034 10068
  1035 10068
  1036 10068
  1037 10068
  1038 10068
  1039 10068
  1040 10068
  1041 10068
  1042 10068
  1043 10068
  1044 10068
  1045 10068
  1046 10068
  1047 10068
  1048 10068
  1049 10068
  1050 10068
  1051 10068
  1052 10068
  1053 10068
  1054 10068
  1055 10068
  1056 10068
  1057 10068
  1058 10068
  1059 10068
  1060 10068
  1061 10068
  1062 10068
  1063 10068
  1064 10068
  1065 10068
  1066 10068
  1067 10068
  1068 10068
  1069 10068
  1070 10068
  1071 10068
  1072 10068
  1073 10068
  1074 10068
  1075 10068
  1076 10068
  1077 10068
  1078 10068
  1079 10068
  1080 10068
  1081 10068
  1082 10068
  1083 10068
  1084 10068
  1085 10068
  1086 10068
  1087 10068
  1088 10068
  1089 10068
  1090 10068
  1091 10068
  1092 10068
  1093 10068
  1094 10068
  1095 10068
  1096 10068
  1097 10068
  1098 10068
  1099 10068
  1100 10068
  1101 10068
  1102 10068
  1103 10068
  1104 10068
  1105 10068
  1106 10068
  1107 10068
  1108 10068
  1109 10068
  1110 10068
  1111 10068
  1112 10068
  1113 10068
  1114 10068
  1115 10068
  1116 10068
  1117 10068
  1118 10068
  1119 10068
  1120 10068
  1121 10068
  1122 10068
  1123 10068
  1124 10068
  1125 10068
  1126 10068
  1127 10068
  1128 10068
  1129 10068
  1130 10068
  1131 10068
  1132 10068
  1133 10068
  1134 10068
  1135 10068
  1136 10068
  1137 10068
  1138 10068
  1139 10068
  1140 10068
  1141 10068
  1142 10068
  1143 10068
  1144 10068
  1145 10068
  1146 10068
  1147 10068
  1148 10068
  1149 10068
  1150 10068
  1151 10068
  1152 10068
  1153 10068
  1154 10068
  1155 10068
  1156 10068
  1157 10068
  1158 10068
  1159 10068
  1160 10068
  1161 10068
  1162 10068
  1163 10068
  1164 10068
  1165 10068
  1166 10068
  1167 10068
  1168 10068
  1169 10068
  1170 10068
  1171 10068
  1172 10068
  1173 10068
  1174 10068
  1175 10068
  1176 10068
  1177 10068
  1178 10068
  1179 10068
  1180 10068
  1181 10068
  1182 10068
  1183 10068
  1184 10068
  1185 10068
  1186 10068
  1187 10068
  1188 10068
  1189 10068
  1190 10068
  1191 10068
  1192 10068
  1193 10068
  1194 10068
  1195 10068
  1196 10068
  1197 10068
  1198 10068
  1199 10068
  1200 10068
  1201 10068
  1202 10068
  1203 10068
  1204 10068
  1205 10068
  1206 10068
  1207 10068
  1208 10068
  1209 10068
  1210 10068
  1211 10068
  1212 10068
  1213 10068
  1214 10068
  1215 10068
  1216 10068
  1217 10068
  1218 10068
  1219 10068
  1220 10068
  1221 10068
  1222 10068
  1223 10068
  1224 10068
  1225 10068
  1226 10068
  1227 10068
  1228 10068
  1229 10068
  1230 10068
  1231 10068
  1232 10068
  1233 10068
  1234 10068
  1235 10068
  1236 10068
  1237 10068
  1238 10068
  1239 10068
  1240 10068
  1241 10068
  1242 10068
  1243 10068
  1244 10068
  1245 10068
  1246 10068
  1247 10068
  1248 10068
  1249 10068
  1250 10068
  1251 10068
  1252 10068
  1253 10068
  1254 10068
  1255 10068
  1256 10068
  1257 10068
  1258 10068
  1259 10068
  1260 10068
  1261 10101
  1262 10101
  1263 10101
  1264 10101
  1265 10101
  1266 10101
  1267 10065
  1268 10065
  1269 10065
  1272 10095
  1273 10095
  1274 10055
  1275 10036
  1276 10036
  1278 10036
  1279 10036
  1280 10036
  1281 10036
  1282 10036
  1283 10036
  1284 10036
  1285 10036
  1286 10036
  1287 10036
  1288 10018
  1289 10018
  1290 10018
  1291 10018
  1292 10018
  1293 10018
  1294 10018
  1295 10018
  1296 10018
  1297 10018
  1298 10158
  1299 10018
  1300 10018
  1301 10018
  1302 10018
  1303 10018
  1304 10018
  1305 10018
  1306 10018
  1307 10018
  1308 10018
  1309 10018
  1310 10018
  1311 10018
  1312 10018
  1313 10055
  1314 10055
  1315 10018
  1316 10055
  1317 10055
  1318 10055
  1319 10055
  1320 10055
  1321 10031
  1323 10014
  1324 10143
  1325 10143
  1326 10016
  1327 10016
  1328 10016
  1329 10016
  1330 10016
  1331 10143
  1332 10016
  1333 10016
  1334 10143
  1335 10143
  1336 10143
  1337 10016
  1338 10016
  1339 10016
  1340 10016
  1341 10016
  1342 10016
  1343 10016
  1344 10143
  1345 10143
  1346 10143
  1347 10143
  1348 10143
  1349 10143
  1350 10143
  1351 10143
  1352 10016
  1353 10016
  1354 10016
  1355 10016
  1356 10016
  1357 10016
  1358 10143
  1359 10143
  1360 10143
  1361 10143
  1362 10143
  1363 10016
  1364 10016
  1365 10143
  1366 10016
  1367 10016
  1368 10016
  1369 10016
  1370 10016
  1371 10016
  1372 10016
  1373 10016
  1374 10143
  1375 10143
  1376 10143
  1377 10016
  1378 10016
  1379 10036
  1380 10036
  1381 10036
  1382 10036
  1383 10036
  1386 10016
  1387 10016
  1388 10016
  1389 10016
  1390 10016
  1391 10016
  1392 10016
  1393 10016
  1394 10016
  1395 10151
  1396 10151
  1397 10151
  1398 10151
  1399 10151
  1400 10151
  1401 10151
  1402 10151
  1403 10151
  1404 10151
  1405 10151
  1406 10151
  1407 10151
  1408 10151
  1409 10151
  1410 10151
  1411 10151
  1412 10151
  1413 10151
  1414 10151
  1415 10151
  1416 10151
  1417 10151
  1418 10151
  1419 10151
  1420 10151
  1421 10151
  1422 10151
  1423 10151
  1424 10151
  1425 10151
  1426 10151
  1427 10151
  1428 10151
  1429 10151
  1430 10151
  1431 10151
  1432 10151
  1433 10151
  1434 10151
  1435 10151
  1436 10151
  1437 10151
  1438 10151
  1439 10151
  1440 10151
  1441 10151
  1442 10151
  1443 10151
  1444 10151
  1445 10151
  1446 10151
  1447 10151
  1448 10151
  1449 10151
  1450 10151
  1451 10151
  1452 10151
  1453 10151
  1454 10151
  1455 10151
  1456 10151
  1457 10151
  1458 10151
  1459 10151
  1460 10151
  1461 10151
  1462 10151
  1463 10151
  1464 10151
  1465 10151
  1466 10151
  1467 10151
  1468 10151
  1469 10151
  1470 10151
  1471 10151
  1472 10151
  1473 10151
  1474 10151
  1475 10151
  1476 10151
  1477 10151
  1478 10151
  1479 10151
  1480 10151
  1481 10151
  1482 10151
  1483 10151
  1484 10151
  1485 10151
  1486 10151
  1487 10151
  1488 10151
  1489 10151
  1490 10151
  1491 10151
  1492 10151
  1493 10151
  1494 10151
  1495 10151
  1496 10151
  1497 10151
  1498 10151
  1499 10151
  1500 10151
  1501 10151
  1502 10151
  1503 10151
  1504 10151
  1505 10151
  1506 10151
  1507 10151
  1508 10151
  1509 10151
  1510 10151
  1511 10151
  1512 10151
  1513 10151
  1514 10151
  1515 10151
  1516 10151
  1517 10151
  1518 10151
  1519 10151
  1520 10151
  1521 10151
  1522 10151
  1523 10151
  1524 10151
  1525 10151
  1526 10151
  1527 10151
  1528 10151
  1529 10151
  1530 10151
  1531 10151
  1532 10151
  1533 10151
  1534 10151
  1535 10151
  1536 10151
  1537 10151
  1538 10151
  1539 10151
  1540 10151
  1541 10151
  1542 10151
  1543 10151
  1544 10151
  1545 10151
  1546 10151
  1547 10151
  1548 10151
  1549 10151
  1550 10151
  1551 10151
  1552 10151
  1553 10151
  1554 10151
  1555 10151
  1556 10151
  1557 10151
  1558 10151
  1559 10151
  1560 10151
  1561 10151
  1562 10151
  1563 10151
  1564 10151
  1565 10151
  1566 10151
  1567 10151
  1568 10151
  1569 10151
  1570 10151
  1571 10151
  1572 10151
  1573 10151
  1574 10151
  1575 10151
  1576 10151
  1577 10151
  1578 10151
  1579 10151
  1580 10151
  1581 10151
  1582 10151
  1583 10151
  1584 10151
  1585 10151
  1586 10151
  1587 10151
  1588 10151
  1589 10151
  1590 10151
  1591 10151
  1592 10151
  1593 10151
  1594 10151
  1595 10151
  1596 10151
  1597 10151
  1598 10151
  1599 10151
  1600 10151
  1601 10151
  1602 10151
  1603 10151
  1604 10151
  1605 10151
  1606 10151
  1607 10151
  1608 10151
  1609 10151
  1610 10151
  1611 10151
  1612 10151
  1613 10151
  1614 10151
  1615 10151
  1616 10151
  1617 10151
  1618 10151
  1619 10151
  1620 10151
  1623 10041
  1624 10041
  1625 10021
  1626 10021
  1628 10151
  1629 10151
  1630 10151
  1631 10151
  1632 10151
  1633 10151
  1634 10151
  1635 10151
  1636 10151
  1637 10151
  1638 10151
  1639 10151
  1640 10151
  1641 10151
  1642 10151
  1643 10151
  1644 10151
  1645 10151
  1646 10151
  1647 10151
  1648 10151
  1649 10151
  1650 10151
  1651 10151
  1652 10151
  1653 10151
  1654 10151
  1655 10151
  1656 10151
  1657 10151
  1658 10151
  1659 10151
  1660 10151
  1661 10151
  1662 10151
  1663 10151
  1664 10151
  1665 10151
  1666 10151
  1667 10151
  1668 10151
  1669 10151
  1670 10151
  1671 10151
  1672 10151
  1673 10151
  1674 10151
  1675 10151
  1676 10151
  1677 10151
  1678 10151
  1679 10151
  1680 10151
  1681 10151
  1682 10151
  1683 10151
  1684 10151
  1685 10151
  1686 10151
  1687 10151
  1688 10151
  1689 10151
  1690 10151
  1691 10151
  1692 10151
  1693 10151
  1694 10151
  1695 10151
  1696 10151
  1697 10151
  1698 10151
  1699 10151
  1700 10151
  1701 10151
  1702 10151
  1703 10151
  1704 10151
  1705 10151
  1706 10151
  1707 10151
  1708 10151
  1709 10151
  1710 10151
  1711 10151
  1712 10151
  1713 10151
  1714 10151
  1715 10151
  1716 10151
  1717 10151
  1718 10151
  1719 10151
  1720 10151
  1721 10151
  1722 10151
  1723 10151
  1724 10151
  1725 10151
  1726 10151
  1727 10151
  1728 10151
  1729 10151
  1730 10151
  1731 10151
  1732 10151
  1733 10151
  1734 10151
  1735 10151
  1736 10151
  1737 10151
  1738 10151
  1739 10151
  1740 10151
  1741 10151
  1742 10151
  1743 10151
  1744 10151
  1745 10151
  1746 10151
  1747 10151
  1748 10151
  1749 10151
  1750 10151
  1751 10151
  1752 10151
  1753 10151
  1754 10151
  1755 10151
  1756 10151
  1757 10151
  1758 10151
  1759 10151
  1760 10151
  1761 10151
  1762 10151
  1763 10151
  1764 10151
  1765 10151
  1766 10151
  1767 10151
  1768 10151
  1769 10151
  1770 10151
  1771 10151
  1772 10151
  1773 10151
  1774 10151
  1775 10151
  1776 10151
  1777 10151
  1778 10151
  1779 10151
  1780 10151
  1781 10151
  1782 10151
  1783 10151
  1784 10151
  1785 10151
  1786 10151
  1787 10151
  1788 10151
  1789 10151
  1790 10151
  1791 10151
  1792 10151
  1793 10151
  1794 10151
  1795 10151
  1796 10151
  1797 10151
  1798 10151
  1799 10151
  1800 10151
  1801 10151
  1802 10151
  1803 10151
  1804 10151
  1805 10151
  1806 10151
  1807 10151
  1808 10151
  1809 10151
  1810 10151
  1811 10151
  1812 10151
  1813 10151
  1814 10151
  1815 10151
  1816 10151
  1817 10151
  1818 10151
  1819 10151
  1820 10151
  1821 10151
  1822 10151
  1823 10151
  1824 10151
  1825 10151
  1826 10151
  1827 10151
  1828 10151
  1829 10151
  1830 10151
  1831 10151
  1832 10151
  1833 10151
  1834 10151
  1835 10151
  1836 10151
  1837 10151
  1838 10151
  1839 10151
  1840 10151
  1841 10151
  1842 10151
  1843 10151
  1844 10151
  1845 10151
  1846 10151
  1847 10151
  1848 10151
  1849 10151
  1850 10151
  1851 10151
  1852 10151
  1853 10151
  1854 10151
  1855 10151
  1856 10151
  1860 10049
  1868 10154
  1869 10081
  1870 10081
  1871 10081
  1872 10081
  1873 10081
  1874 10081
  1875 10081
  1876 10081
  1877 10081
  1878 10081
  1879 10081
  1880 10081
  1881 10081
  1882 10081
  1883 10081
  1884 10081
  1885 10081
  1886 10081
  1887 10081
  1888 10081
  1889 10081
  1890 10081
  1891 10081
  1892 10081
  1893 10081
  1894 10081
  1895 10081
  1896 10081
  1897 10081
  1898 10081
  1899 10081
  1900 10081
  1901 10081
  1902 10081
  1903 10081
  1904 10081
  1905 10081
  1906 10081
  1907 10081
  1908 10081
  1909 10081
  1910 10081
  1911 10081
  1912 10081
  1913 10081
  1914 10081
  1915 10081
  1916 10081
  1917 10081
  1918 10081
  1919 10081
  1920 10081
  1921 10081
  1922 10081
  1923 10081
  1924 10081
  1925 10081
  1926 10081
  1927 10081
  1928 10081
  1929 10081
  1930 10081
  1931 10081
  1932 10081
  1933 10081
  1934 10081
  1935 10081
  1936 10081
  1937 10081
  1938 10081
  1939 10081
  1940 10081
  1941 10081
  1942 10081
  1943 10081
  1944 10081
  1945 10081
  1946 10081
  1947 10081
  1948 10081
  1949 10081
  1950 10081
  1951 10081
  1952 10081
  1953 10081
  1954 10081
  1955 10081
  1956 10081
  1957 10081
  1958 10081
  1959 10081
  1960 10081
  1961 10081
  1962 10081
  1963 10081
  1964 10081
  1965 10081
  1966 10081
  1967 10081
  1968 10081
  1969 10081
  1970 10081
  1971 10081
  1972 10081
  1973 10081
  1974 10081
  1975 10081
  1976 10081
  1977 10081
  1978 10081
  1979 10081
  1980 10081
  1981 10081
  1982 10081
  1983 10081
  1984 10081
  1985 10081
  1986 10081
  1987 10081
  1988 10081
  1989 10081
  1990 10081
  1991 10081
  1992 10081
  1993 10081
  1994 10081
  1995 10081
  1996 10081
  1997 10081
  1998 10081
  1999 10081
  2000 10081
  2001 10081
  2002 10081
  2003 10081
  2004 10081
  2005 10081
  2006 10081
  2007 10081
  2008 10081
  2009 10081
  2010 10081
  2011 10081
  2012 10081
  2013 10081
  2014 10081
  2015 10081
  2016 10081
  2017 10081
  2018 10081
  2019 10081
  2020 10081
  2021 10081
  2022 10081
  2023 10081
  2024 10081
  2025 10143
  2026 10143
  2027 10143
  2028 10143
  2029 10143
  2030 10143
  2031 10154
  2032 10014
  2034 10055
  2036 10055
  2037 10173
