   690 10128
   691 10128
   692 10128
   693 10128
   694 10128
   695 10128
   696 10128
   697 10128
   698 10128
   699 10128
   700 10128
   701 10128
   702 10128
   703 10128
   704 10128
   705 10128
   706 10128
   707 10128
   708 10128
   709 10128
   710 10128
   711 10128
   712 10128
   713 10128
   714 10128
   715 10128
   716 10128
   717 10128
   718 10128
   719 10128
   720 10128
   721 10128
   722 10128
   723 10128
   724 10128
   725 10128
   726 10128
   727 10128
   728 10128
   729 10128
   730 10128
   731 10128
   732 10128
   733 10128
   734 10128
   735 10128
   736 10128
   737 10128
   738 10128
   739 10128
   740 10128
   741 10128
   742 10128
   743 10128
   744 10128
   745 10128
   746 10128
   747 10128
   748 10128
   749 10128
   750 10128
   751 10128
   752 10128
   753 10128
   754 10128
   755 10128
   756 10128
   757 10128
   758 10128
   759 10128
   760 10128
   761 10128
   762 10128
   763 10128
   764 10128
   765 10128
   766 10128
   767 10128
   768 10128
   769 10128
   770 10128
   771 10128
   772 10128
   773 10128
   774 10128
   775 10128
   776 10128
   777 10128
   778 10128
   779 10128
   780 10128
   781 10128
   782 10101
   783 10101
   784 10128
   785 10101
   786 10101
   787 10101
   788 10044
   789 10044
   790 10044
   792 10044
   793 10044
   794 10044
   795 10044
   796 10044
   797 10044
   798 10044
   799 10044
   800 10044
   801 10044
   802 10044
   803 10044
   804 10044
   805 10044
   806 10044
   807 10044
   808 10044
   809 10044
   810 10044
   811 10044
   812 10044
   813 10044
   814 10044
   815 10044
   816 10044
   817 10044
   818 10044
   819 10044
   820 10044
   821 10044
   822 10044
   823 10044
   824 10044
   825 10044
   826 10044
   827 10044
   828 10044
   829 10044
   830 10044
   831 10044
   832 10044
   833 10044
   834 10044
   835 10044
   836 10044
   837 10044
   838 10044
   839 10044
   840 10044
   841 10044
   842 10044
   843 10044
   844 10044
   845 10044
   846 10044
   847 10044
   848 10044
   849 10044
   850 10044
   851 10044
   852 10044
   853 10044
   854 10044
   855 10044
   856 10044
   857 10044
   858 10044
   859 10044
   860 10044
   861 10044
   862 10044
   863 10044
   864 10044
   865 10044
   866 10044
   867 10044
   868 10044
   869 10044
   870 10044
   871 10044
   872 10044
   873 10044
   874 10044
   875 10044
   876 10044
   877 10044
   878 10044
   879 10044
   880 10044
   881 10044
   882 10044
   883 10044
   884 10044
   885 10044
   886 10044
   887 10044
   888 10044
   889 10044
   890 10044
   891 10044
   892 10044
   893 10044
   894 10044
   895 10044
   896 10044
   897 10044
   898 10044
   899 10044
   900 10044
   901 10044
   902 10044
   903 10044
   904 10044
   905 10044
   906 10044
   907 10044
   908 10044
   909 10044
   910 10044
   911 10044
   912 10044
   913 10044
   914 10044
   915 10044
   916 10044
   917 10044
   918 10044
   919 10044
   920 10044
   921 10044
   922 10044
   923 10044
   924 10044
   925 10044
   926 10044
   927 10044
   928 10044
   929 10044
   930 10044
   931 10044
   932 10044
   933 10044
   934 10044
   935 10044
   936 10044
   937 10044
   938 10044
   939 10044
   940 10044
   941 10044
   942 10044
   943 10044
   944 10044
   945 10044
   946 10044
   947 10044
   948 10044
   949 10044
   950 10044
   951 10044
   952 10044
   953 10044
   954 10044
   955 10044
   956 10044
   957 10044
   958 10044
   959 10044
   960 10044
   961 10044
   962 10044
   963 10044
   964 10044
   965 10044
   966 10044
   967 10044
   968 10044
   969 10044
   970 10044
   971 10044
   972 10044
   973 10044
   974 10044
   975 10044
   976 10044
   977 10044
   978 10044
   979 10044
   980 10044
   981 10044
   982 10044
   983 10044
   984 10044
   985 10044
   986 10044
   987 10044
   988 10044
   989 10044
   990 10044
   991 10044
   992 10044
   993 10044
   994 10044
   995 10044
   996 10044
   997 10044
   998 10044
   999 10044
  1000 10044
  1001 10044
  1002 10044
  1003 10044
  1004 10044
  1005 10044
  1006 10044
  1007 10044
  1008 10044
  1009 10044
  1010 10044
  1011 10044
  1012 10044
  1013 10044
  1014 10044
  1015 10044
  1016 10044
  1017 10044
  1018 10044
  1019 10044
  1020 10044
  1021 10083
  1022 10083
  1023 10083
  1024 10083
  1025 10083
  1026 10083
  1027 10083
  1028 10083
  1029 10083
  1030 10083
  1031 10083
  1032 10083
  1033 10083
  1034 10083
  1035 10083
  1036 10083
  1037 10083
  1038 10083
  1039 10083
  1040 10083
  1041 10083
  1042 10083
  1043 10083
  1044 10083
  1045 10083
  1046 10083
  1047 10083
  1048 10083
  1049 10083
  1050 10083
  1051 10083
  1052 10083
  1053 10083
  1054 10083
  1055 10083
  1056 10083
  1057 10083
  1058 10083
  1059 10083
  1060 10083
  1061 10083
  1062 10083
  1063 10083
  1064 10083
  1065 10083
  1066 10083
  1067 10083
  1068 10083
  1069 10083
  1070 10083
  1071 10083
  1072 10083
  1073 10083
  1074 10083
  1075 10083
  1076 10083
  1077 10083
  1078 10083
  1079 10083
  1080 10083
  1081 10083
  1082 10083
  1083 10083
  1084 10083
  1085 10083
  1086 10083
  1087 10083
  1088 10083
  1089 10083
  1090 10083
  1091 10083
  1092 10083
  1093 10083
  1094 10083
  1095 10083
  1096 10083
  1097 10083
  1098 10083
  1099 10083
  1100 10083
  1101 10083
  1102 10083
  1103 10083
  1104 10083
  1105 10083
  1106 10083
  1107 10083
  1108 10083
  1109 10083
  1110 10083
  1111 10083
  1112 10083
  1113 10083
  1114 10083
  1115 10083
  1116 10083
  1117 10083
  1118 10083
  1119 10083
  1120 10083
  1121 10083
  1122 10083
  1123 10083
  1124 10083
  1125 10083
  1126 10083
  1127 10083
  1128 10083
  1129 10083
  1130 10083
  1131 10083
  1132 10083
  1133 10083
  1134 10083
  1135 10083
  1136 10083
  1137 10083
  1138 10083
  1139 10083
  1140 10083
  1141 10083
  1142 10083
  1143 10083
  1144 10083
  1145 10083
  1146 10083
  1147 10083
  1148 10083
  1149 10083
  1150 10083
  1151 10083
  1152 10083
  1153 10083
  1154 10083
  1155 10083
  1156 10083
  1157 10083
  1158 10083
  1159 10083
  1160 10083
  1161 10083
  1162 10083
  1163 10083
  1164 10083
  1165 10083
  1166 10083
  1167 10083
  1168 10083
  1169 10083
  1170 10083
  1171 10083
  1172 10083
  1173 10083
  1174 10083
  1175 10083
  1176 10083
  1177 10083
  1178 10083
  1179 10083
  1180 10083
  1181 10083
  1182 10083
  1183 10083
  1184 10083
  1185 10083
  1186 10083
  1187 10083
  1188 10083
  1189 10083
  1190 10083
  1191 10083
  1192 10083
  1193 10083
  1194 10083
  1195 10083
  1196 10083
  1197 10083
  1198 10083
  1199 10083
  1200 10083
  1201 10083
  1202 10083
  1203 10083
  1204 10083
  1205 10083
  1206 10083
  1207 10083
  1208 10083
  1209 10083
  1210 10083
  1211 10083
  1212 10083
  1213 10083
  1214 10083
  1215 10083
  1216 10083
  1217 10083
  1218 10083
  1219 10083
  1220 10083
  1221 10083
  1222 10083
  1223 10083
  1224 10083
  1225 10083
  1226 10083
  1227 10083
  1228 10083
  1229 10083
  1230 10083
  1231 10083
  1232 10083
  1233 10083
  1234 10083
  1235 10083
  1236 10083
  1237 10083
  1238 10083
  1239 10083
  1240 10083
  1241 10083
  1242 10083
  1243 10083
  1244 10083
  1245 10083
  1246 10083
  1247 10083
  1248 10083
  1249 10083
  1250 10083
  1251 10083
  1252 10083
  1253 10083
  1254 10083
  1255 10083
  1256 10083
  1257 10083
  1258 10083
  1259 10083
  1260 10083
  1261 10094
  1262 10094
  1263 10094
  1264 10094
  1267 10096
  1268 10096
  1269 10096
  1270 10136
  1271 10096
  1272 10096
  1273 10096
  1274 10096
  1275 10096
  1276 10096
  1277 10096
  1278 10096
  1279 10096
  1280 10096
  1281 10096
  1282 10096
  1283 10096
  1284 10096
  1285 10096
  1286 10096
  1287 10096
  1288 10096
  1289 10096
  1290 10096
  1291 10096
  1292 10096
  1293 10096
  1294 10096
  1295 10096
  1296 10096
  1297 10096
  1298 10096
  1299 10096
  1300 10096
  1301 10096
  1302 10096
  1303 10096
  1304 10096
  1305 10096
  1306 10096
  1307 10096
  1308 10096
  1309 10096
  1310 10096
  1311 10096
  1312 10096
  1313 10096
  1314 10096
  1315 10096
  1316 10096
  1317 10096
  1318 10096
  1319 10096
  1320 10096
  1321 10096
  1322 10096
  1323 10096
  1324 10096
  1325 10096
  1326 10096
  1327 10096
  1328 10096
  1329 10096
  1330 10096
  1331 10096
  1332 10096
  1333 10096
  1334 10096
  1335 10096
  1336 10096
  1337 10096
  1338 10096
  1339 10096
  1340 10096
  1341 10096
  1342 10096
  1343 10096
  1344 10096
  1345 10096
  1346 10096
  1347 10096
  1348 10096
  1349 10096
  1350 10096
  1351 10096
  1352 10096
  1353 10096
  1354 10096
  1355 10096
  1356 10096
  1357 10096
  1358 10096
  1359 10096
  1360 10096
  1361 10096
  1362 10096
  1363 10096
  1364 10096
  1365 10096
  1366 10096
  1367 10096
  1368 10096
  1369 10096
  1370 10096
  1371 10096
  1372 10096
  1373 10096
  1374 10096
  1375 10096
  1376 10096
  1377 10096
  1378 10096
  1379 10096
  1380 10096
  1381 10096
  1382 10096
  1383 10096
  1384 10096
  1385 10096
  1386 10096
  1387 10096
  1388 10096
  1389 10096
  1390 10096
  1391 10096
  1392 10096
  1393 10096
  1394 10096
  1395 10096
  1396 10096
  1397 10096
  1398 10096
  1399 10096
  1400 10096
  1401 10096
  1402 10096
  1403 10096
  1404 10096
  1405 10096
  1406 10096
  1407 10096
  1408 10096
  1409 10096
  1410 10096
  1411 10096
  1412 10096
  1413 10096
  1414 10096
  1415 10096
  1416 10096
  1417 10096
  1418 10096
  1419 10096
  1420 10096
  1421 10096
  1422 10096
  1423 10096
  1424 10096
  1425 10096
  1426 10096
  1427 10096
  1428 10096
  1429 10096
  1430 10096
  1431 10096
  1432 10096
  1433 10096
  1434 10096
  1435 10096
  1436 10096
  1437 10096
  1438 10096
  1439 10096
  1440 10096
  1441 10096
  1442 10096
  1443 10096
  1444 10096
  1445 10096
  1446 10096
  1447 10096
  1448 10096
  1449 10096
  1450 10096
  1451 10096
  1452 10096
  1453 10096
  1454 10096
  1455 10096
  1456 10096
  1457 10096
  1458 10096
  1459 10096
  1460 10096
  1461 10096
  1462 10096
  1463 10096
  1464 10096
  1465 10096
  1466 10096
  1467 10096
  1468 10096
  1469 10096
  1470 10096
  1471 10096
  1472 10096
  1473 10096
  1474 10096
  1475 10096
  1476 10096
  1477 10096
  1478 10096
  1479 10096
  1480 10096
  1481 10096
  1482 10096
  1483 10096
  1484 10096
  1485 10096
  1486 10096
  1487 10096
  1488 10096
  1489 10096
  1490 10096
  1491 10096
  1492 10096
  1493 10096
  1494 10096
  1495 10096
  1496 10096
  1497 10096
  1498 10096
  1499 10096
  1500 10096
  1501 10040
  1502 10040
  1503 10106
  1504 10040
  1505 10040
  1506 10040
  1507 10106
  1508 10106
  1509 10106
  1510 10106
  1511 10106
  1512 10106
  1513 10106
  1514 10106
  1515 10106
  1516 10106
  1517 10023
  1518 10106
  1519 10023
  1520 10106
  1521 10106
  1522 10106
  1523 10106
  1524 10040
  1525 10106
  1526 10106
  1527 10106
  1528 10106
  1529 10106
  1530 10106
  1531 10106
  1532 10040
  1533 10040
  1534 10040
  1535 10040
  1536 10040
  1537 10040
  1538 10106
  1539 10040
  1540 10040
  1541 10040
  1542 10040
  1543 10040
  1544 10040
  1545 10106
  1546 10040
  1547 10106
  1548 10040
  1549 10106
  1550 10040
  1551 10106
  1552 10106
  1553 10040
  1554 10040
  1555 10106
  1556 10106
  1557 10106
  1558 10106
  1559 10106
  1560 10106
  1561 10106
  1562 10106
  1563 10106
  1564 10106
  1565 10106
  1566 10106
  1567 10106
  1568 10106
  1569 10106
  1570 10106
  1571 10106
  1572 10106
  1573 10106
  1574 10106
  1575 10106
  1576 10106
  1577 10106
  1578 10106
  1579 10106
  1580 10106
  1581 10106
  1582 10106
  1583 10040
  1584 10106
  1585 10106
  1586 10106
  1587 10106
  1588 10106
  1589 10106
  1590 10106
  1591 10106
  1592 10106
  1593 10106
  1594 10106
  1595 10106
  1596 10106
  1597 10106
  1598 10106
  1599 10040
  1601 10040
  1605 10040
  1606 10040
  1607 10106
  1608 10106
  1610 10106
  1611 10078
  1612 10078
  1613 10106
  1614 10078
  1615 10106
  1616 10106
  1617 10106
  1619 10074
  1620 10143
  1621 10016
  1622 10143
  1623 10016
  1624 10016
  1625 10014
  1626 10167
  1627 10167
  1628 10167
  1629 10167
  1630 10167
  1631 10167
  1632 10167
  1633 10167
  1634 10167
  1635 10167
  1636 10167
  1637 10167
  1638 10167
  1639 10167
  1640 10167
  1641 10167
  1642 10167
  1643 10167
  1644 10167
  1645 10167
  1646 10167
  1647 10167
  1648 10167
  1649 10167
  1650 10167
  1651 10167
  1652 10167
  1653 10167
  1654 10167
  1655 10167
  1656 10167
  1657 10167
  1658 10167
  1659 10167
  1660 10167
  1661 10167
  1662 10167
  1663 10167
  1664 10167
  1665 10167
  1666 10167
  1667 10167
  1668 10167
  1669 10167
  1670 10167
  1671 10167
  1672 10167
  1673 10167
  1674 10167
  1675 10167
  1676 10167
  1677 10167
  1678 10167
  1679 10167
  1680 10167
  1681 10167
  1682 10167
  1683 10167
  1684 10167
  1685 10167
  1686 10167
  1687 10167
  1688 10167
  1689 10167
  1690 10167
  1691 10167
  1692 10167
  1693 10167
  1694 10167
  1695 10167
  1696 10167
  1697 10167
  1698 10167
  1699 10167
  1700 10167
  1701 10167
  1702 10167
  1703 10167
  1704 10167
  1705 10167
  1706 10167
  1707 10167
  1708 10167
  1709 10167
  1710 10167
  1711 10167
  1712 10167
  1713 10167
  1714 10167
  1715 10167
  1716 10167
  1717 10167
  1718 10167
  1719 10167
  1720 10167
  1721 10167
  1722 10167
  1723 10167
  1724 10167
  1725 10167
  1726 10167
  1727 10167
  1728 10167
  1729 10167
  1730 10167
  1731 10167
  1732 10167
  1733 10167
  1734 10167
  1735 10167
  1736 10167
  1737 10167
  1738 10167
  1739 10167
  1740 10167
  1741 10167
  1742 10167
  1743 10167
  1744 10167
  1745 10167
  1746 10167
  1747 10167
  1748 10167
  1749 10167
  1750 10167
  1751 10167
  1752 10167
  1753 10167
  1754 10167
  1755 10167
  1756 10167
  1757 10167
  1758 10167
  1759 10167
  1760 10167
  1761 10167
  1762 10167
  1763 10167
  1764 10167
  1765 10167
  1766 10167
  1767 10167
  1768 10167
  1769 10167
  1770 10167
  1771 10167
  1772 10167
  1773 10167
  1774 10167
  1775 10167
  1776 10167
  1777 10167
  1778 10167
  1779 10167
  1780 10167
  1781 10167
  1782 10167
  1783 10167
  1784 10167
  1785 10167
  1786 10167
  1787 10167
  1788 10167
  1789 10167
  1790 10167
  1791 10167
  1792 10167
  1793 10167
  1794 10167
  1795 10167
  1796 10167
  1797 10167
  1798 10167
  1799 10167
  1800 10167
  1801 10167
  1802 10167
  1803 10167
  1804 10167
  1805 10167
  1806 10167
  1807 10167
  1808 10167
  1809 10167
  1810 10167
  1811 10167
  1812 10167
  1813 10167
  1814 10167
  1815 10167
  1816 10167
  1817 10167
  1818 10167
  1819 10167
  1820 10167
  1821 10167
  1822 10167
  1823 10167
  1824 10167
  1825 10167
  1826 10167
  1827 10167
  1828 10167
  1829 10167
  1830 10167
  1831 10167
  1832 10167
  1833 10167
  1834 10167
  1835 10167
  1836 10167
  1837 10167
  1838 10167
  1839 10167
  1840 10167
  1841 10167
  1842 10167
  1843 10167
  1844 10167
  1845 10167
  1846 10167
  1847 10167
  1848 10167
  1849 10167
  1850 10167
  1851 10167
  1852 10167
  1853 10167
  1854 10167
  1855 10167
  1856 10167
  1857 10167
  1858 10167
  1859 10167
  1860 10167
  1861 10167
  1862 10016
  1863 10016
  1864 10143
  1866 10128
  1867 10128
  1868 10128
  1869 10128
  1870 10128
  1871 10128
  1872 10128
  1873 10128
  1874 10128
  1875 10128
  1876 10128
  1877 10128
  1878 10128
  1879 10128
  1880 10128
  1881 10128
  1882 10128
  1883 10128
  1884 10128
  1885 10128
  1886 10128
  1887 10128
  1888 10128
  1889 10128
  1890 10128
  1891 10128
  1892 10128
  1893 10128
  1894 10128
  1895 10128
  1896 10128
  1897 10128
  1898 10128
  1899 10128
  1900 10128
  1901 10128
  1902 10128
  1903 10128
  1904 10128
  1905 10128
  1906 10128
  1907 10128
  1908 10128
  1909 10128
  1910 10128
  1911 10128
  1912 10128
  1913 10128
  1914 10128
  1915 10128
  1916 10128
  1917 10128
  1918 10128
  1919 10128
  1920 10128
  1921 10128
  1922 10128
  1923 10128
  1924 10128
  1925 10128
  1926 10128
  1927 10128
  1928 10128
  1929 10128
  1930 10128
  1931 10128
  1932 10128
  1933 10128
  1934 10128
  1935 10128
  1936 10128
  1937 10128
  1938 10128
  1939 10128
  1940 10128
  1941 10128
  1942 10128
  1943 10128
  1944 10128
  1945 10128
  1946 10128
  1947 10128
  1948 10128
  1949 10128
  1950 10128
  1951 10128
  1952 10128
  1953 10128
  1954 10128
  1955 10128
  1956 10128
  1957 10128
  1958 10128
  1959 10128
  1960 10128
  1961 10128
  1962 10128
  1963 10128
  1964 10128
  1965 10128
  1966 10128
  1967 10128
  1968 10128
  1969 10128
  1970 10128
  1971 10128
  1972 10128
  1973 10128
  1974 10128
  1975 10128
  1976 10128
  1977 10128
  1978 10128
  1979 10128
  1980 10128
  1981 10128
  1982 10128
  1983 10128
  1984 10128
  1985 10128
  1986 10128
  1987 10128
  1988 10128
  1989 10128
  1990 10128
  1991 10128
  1992 10128
  1993 10128
  1994 10128
  1995 10128
  1996 10128
  1997 10128
  1998 10128
  1999 10128
  2000 10128
  2001 10128
  2002 10128
  2003 10128
  2004 10128
  2005 10128
  2006 10128
  2007 10128
  2008 10128
  2009 10128
  2010 10128
  2011 10128
  2012 10128
  2013 10128
  2014 10128
  2015 10128
  2016 10128
  2017 10128
  2018 10128
  2019 10128
  2020 10128
  2021 10128
  2022 10128
  2023 10128
  2024 10101
  2025 10128
  2026 10128
