   690 10075
   691 10075
   692 10075
   693 10075
   694 10075
   695 10075
   696 10075
   697 10075
   698 10075
   699 10075
   700 10075
   701 10075
   702 10075
   703 10075
   704 10075
   705 10075
   706 10075
   707 10075
   708 10075
   709 10075
   710 10075
   711 10075
   712 10075
   713 10075
   714 10075
   715 10075
   716 10075
   717 10075
   718 10075
   719 10075
   720 10075
   721 10075
   722 10075
   723 10075
   724 10075
   725 10075
   726 10075
   727 10075
   728 10075
   729 10075
   730 10075
   731 10075
   732 10075
   733 10075
   734 10075
   735 10075
   736 10075
   737 10075
   738 10075
   739 10075
   740 10075
   741 10075
   742 10075
   743 10075
   744 10075
   745 10075
   746 10075
   747 10075
   748 10075
   749 10075
   750 10075
   751 10075
   752 10075
   753 10075
   754 10075
   755 10075
   756 10075
   757 10075
   758 10075
   759 10075
   760 10075
   761 10075
   762 10075
   763 10075
   764 10075
   765 10075
   766 10075
   767 10075
   768 10075
   769 10075
   770 10075
   771 10075
   772 10075
   773 10075
   774 10075
   775 10075
   776 10075
   777 10075
   778 10075
   779 10075
   780 10075
   781 10108
   782 10108
   783 10108
   784 10101
   785 10141
   786 10101
   787 10061
   788 10162
   789 10086
   790 10086
   791 10086
   792 10086
   793 10086
   794 10086
   795 10086
   796 10086
   797 10086
   798 10086
   799 10086
   800 10086
   801 10086
   802 10086
   803 10086
   804 10086
   805 10086
   806 10086
   807 10086
   808 10086
   809 10086
   810 10086
   811 10086
   812 10086
   813 10086
   814 10086
   815 10086
   816 10086
   817 10086
   818 10086
   819 10086
   820 10086
   821 10086
   822 10086
   823 10086
   824 10086
   825 10086
   826 10086
   827 10086
   828 10086
   829 10086
   830 10086
   831 10086
   832 10086
   833 10086
   834 10086
   835 10086
   836 10086
   837 10086
   838 10086
   839 10086
   840 10086
   841 10086
   842 10086
   843 10086
   844 10086
   845 10086
   846 10086
   847 10086
   848 10086
   849 10086
   850 10086
   851 10086
   852 10086
   853 10086
   854 10086
   855 10086
   856 10086
   857 10086
   858 10086
   859 10086
   860 10086
   861 10086
   862 10086
   863 10086
   864 10086
   865 10086
   866 10086
   867 10086
   868 10086
   869 10086
   870 10086
   871 10086
   872 10086
   873 10086
   874 10086
   875 10086
   876 10086
   877 10086
   878 10086
   879 10086
   880 10086
   881 10086
   882 10086
   883 10086
   884 10086
   885 10086
   886 10086
   887 10086
   888 10086
   889 10086
   890 10086
   891 10086
   892 10086
   893 10086
   894 10086
   895 10086
   896 10086
   897 10086
   898 10086
   899 10086
   900 10086
   901 10086
   902 10086
   903 10086
   904 10086
   905 10086
   906 10086
   907 10086
   908 10086
   909 10086
   910 10086
   911 10086
   912 10086
   913 10086
   914 10086
   915 10086
   916 10086
   917 10086
   918 10086
   919 10086
   920 10086
   921 10086
   922 10086
   923 10086
   924 10086
   925 10086
   926 10086
   927 10086
   928 10086
   929 10086
   930 10086
   931 10086
   932 10086
   933 10086
   934 10086
   935 10086
   936 10086
   937 10086
   938 10086
   939 10086
   940 10086
   941 10086
   942 10086
   943 10086
   944 10086
   945 10086
   946 10086
   947 10086
   948 10086
   949 10086
   950 10086
   951 10086
   952 10086
   953 10086
   954 10086
   955 10086
   956 10086
   957 10086
   958 10086
   959 10086
   960 10086
   961 10086
   962 10086
   963 10086
   964 10086
   965 10086
   966 10086
   967 10086
   968 10086
   969 10086
   970 10086
   971 10086
   972 10086
   973 10086
   974 10086
   975 10086
   976 10086
   977 10086
   978 10086
   979 10086
   980 10086
   981 10086
   982 10086
   983 10086
   984 10086
   985 10086
   986 10086
   987 10086
   988 10086
   989 10086
   990 10086
   991 10086
   992 10086
   993 10086
   994 10086
   995 10086
   996 10086
   997 10086
   998 10086
   999 10086
  1000 10086
  1001 10086
  1002 10086
  1003 10086
  1004 10086
  1005 10086
  1006 10086
  1007 10086
  1008 10086
  1009 10086
  1010 10086
  1011 10086
  1012 10086
  1013 10086
  1014 10086
  1015 10086
  1016 10086
  1017 10086
  1018 10086
  1019 10086
  1020 10086
  1022 10141
  1023 10141
  1024 10141
  1025 10141
  1026 10141
  1027 10141
  1028 10067
  1029 10067
  1030 10067
  1031 10067
  1032 10006
  1033 10006
  1034 10006
  1035 10006
  1036 10006
  1037 10006
  1038 10006
  1039 10006
  1040 10006
  1041 10006
  1042 10006
  1043 10006
  1044 10006
  1045 10006
  1046 10006
  1047 10006
  1048 10006
  1049 10006
  1050 10006
  1051 10006
  1052 10006
  1053 10006
  1054 10006
  1055 10006
  1056 10006
  1057 10006
  1058 10006
  1059 10006
  1060 10006
  1061 10006
  1062 10006
  1063 10006
  1064 10006
  1065 10006
  1066 10006
  1067 10006
  1068 10006
  1069 10006
  1070 10006
  1071 10006
  1072 10006
  1073 10006
  1074 10006
  1075 10006
  1076 10006
  1077 10006
  1078 10006
  1079 10006
  1080 10006
  1081 10006
  1082 10006
  1083 10006
  1084 10006
  1085 10006
  1086 10006
  1087 10006
  1088 10006
  1089 10006
  1090 10006
  1091 10006
  1092 10006
  1093 10006
  1094 10006
  1095 10006
  1096 10006
  1097 10006
  1098 10006
  1099 10006
  1100 10006
  1101 10006
  1102 10006
  1103 10006
  1104 10006
  1105 10006
  1106 10006
  1107 10006
  1108 10006
  1109 10006
  1110 10006
  1111 10006
  1112 10006
  1113 10006
  1114 10006
  1115 10006
  1116 10006
  1117 10006
  1118 10006
  1119 10006
  1120 10006
  1121 10006
  1122 10006
  1123 10006
  1124 10006
  1125 10006
  1126 10006
  1127 10006
  1128 10006
  1129 10006
  1130 10006
  1131 10006
  1132 10006
  1133 10006
  1134 10006
  1135 10006
  1136 10006
  1137 10006
  1138 10006
  1139 10006
  1140 10006
  1141 10006
  1142 10006
  1143 10006
  1144 10006
  1145 10006
  1146 10006
  1147 10006
  1148 10006
  1149 10006
  1150 10006
  1151 10006
  1152 10006
  1153 10006
  1154 10006
  1155 10006
  1156 10006
  1157 10006
  1158 10006
  1159 10006
  1160 10006
  1161 10006
  1162 10006
  1163 10006
  1164 10006
  1165 10006
  1166 10006
  1167 10006
  1168 10006
  1169 10006
  1170 10006
  1171 10006
  1172 10006
  1173 10006
  1174 10006
  1175 10006
  1176 10006
  1177 10006
  1178 10006
  1179 10006
  1180 10006
  1181 10006
  1182 10006
  1183 10006
  1184 10006
  1185 10006
  1186 10006
  1187 10006
  1188 10006
  1189 10006
  1190 10006
  1191 10006
  1192 10006
  1193 10006
  1194 10006
  1195 10006
  1196 10006
  1197 10006
  1198 10006
  1199 10006
  1200 10006
  1201 10006
  1202 10006
  1203 10006
  1204 10006
  1205 10006
  1206 10006
  1207 10006
  1208 10006
  1209 10006
  1210 10006
  1211 10006
  1212 10006
  1213 10006
  1214 10006
  1215 10006
  1216 10006
  1217 10006
  1218 10006
  1219 10006
  1220 10006
  1221 10006
  1222 10006
  1223 10006
  1224 10006
  1225 10006
  1226 10006
  1227 10006
  1228 10006
  1229 10006
  1230 10006
  1231 10006
  1232 10006
  1233 10006
  1234 10006
  1235 10006
  1236 10006
  1237 10006
  1238 10006
  1239 10006
  1240 10006
  1241 10006
  1242 10006
  1243 10006
  1244 10006
  1245 10006
  1246 10006
  1247 10006
  1248 10006
  1249 10006
  1250 10006
  1251 10006
  1252 10006
  1253 10006
  1254 10006
  1255 10006
  1256 10006
  1257 10006
  1258 10006
  1259 10014
  1260 10154
  1261 10154
  1262 10014
  1263 10154
  1264 10014
  1265 10081
  1266 10074
  1267 10074
  1268 10074
  1269 10074
  1270 10074
  1271 10074
  1272 10074
  1273 10074
  1274 10074
  1275 10074
  1276 10074
  1277 10074
  1278 10074
  1279 10074
  1280 10074
  1281 10074
  1282 10074
  1283 10074
  1284 10074
  1285 10074
  1286 10074
  1287 10074
  1288 10074
  1289 10074
  1290 10074
  1291 10074
  1292 10074
  1293 10074
  1294 10074
  1295 10074
  1296 10074
  1297 10074
  1298 10074
  1299 10074
  1300 10074
  1301 10074
  1302 10074
  1303 10074
  1304 10074
  1305 10074
  1306 10074
  1307 10074
  1308 10074
  1309 10074
  1310 10074
  1311 10074
  1312 10074
  1313 10074
  1314 10074
  1315 10074
  1316 10074
  1317 10074
  1318 10074
  1319 10074
  1320 10074
  1321 10074
  1322 10074
  1323 10074
  1324 10074
  1325 10074
  1326 10074
  1327 10074
  1328 10074
  1329 10074
  1330 10074
  1331 10074
  1332 10074
  1333 10074
  1334 10074
  1335 10074
  1336 10074
  1337 10074
  1338 10074
  1339 10074
  1340 10074
  1341 10074
  1342 10074
  1343 10074
  1344 10074
  1345 10074
  1346 10074
  1347 10074
  1348 10074
  1349 10074
  1350 10074
  1351 10074
  1352 10074
  1353 10074
  1354 10074
  1355 10074
  1356 10074
  1357 10074
  1358 10074
  1359 10074
  1360 10074
  1361 10074
  1362 10074
  1363 10074
  1364 10074
  1365 10074
  1366 10074
  1367 10074
  1368 10074
  1369 10074
  1370 10074
  1371 10074
  1372 10074
  1373 10074
  1374 10074
  1375 10074
  1376 10074
  1377 10074
  1378 10074
  1379 10074
  1380 10074
  1381 10074
  1382 10074
  1383 10074
  1384 10074
  1385 10074
  1386 10074
  1387 10074
  1388 10074
  1389 10074
  1390 10074
  1391 10074
  1392 10074
  1393 10074
  1394 10074
  1395 10074
  1396 10074
  1397 10074
  1398 10074
  1399 10074
  1400 10074
  1401 10074
  1408 10074
  1409 10074
  1410 10074
  1411 10074
  1412 10074
  1413 10074
  1414 10074
  1415 10074
  1416 10074
  1417 10074
  1418 10074
  1419 10074
  1420 10074
  1421 10074
  1422 10074
  1423 10074
  1424 10074
  1425 10074
  1426 10074
  1427 10074
  1428 10074
  1429 10074
  1430 10074
  1431 10074
  1432 10074
  1433 10074
  1434 10074
  1435 10074
  1436 10074
  1437 10074
  1438 10074
  1439 10074
  1440 10074
  1441 10074
  1442 10074
  1443 10074
  1444 10074
  1445 10074
  1446 10074
  1447 10074
  1448 10074
  1449 10074
  1450 10074
  1451 10074
  1452 10074
  1453 10074
  1454 10074
  1455 10074
  1456 10074
  1457 10074
  1458 10074
  1459 10074
  1460 10074
  1461 10074
  1462 10074
  1463 10074
  1464 10074
  1465 10074
  1466 10074
  1467 10074
  1468 10074
  1469 10074
  1470 10074
  1471 10074
  1472 10074
  1473 10074
  1474 10074
  1475 10074
  1476 10074
  1477 10074
  1478 10074
  1479 10074
  1480 10074
  1481 10074
  1482 10074
  1483 10074
  1484 10074
  1485 10074
  1486 10074
  1487 10074
  1488 10074
  1489 10074
  1490 10074
  1491 10074
  1492 10074
  1493 10074
  1494 10074
  1495 10074
  1496 10074
  1497 10074
  1498 10095
  1499 10018
  1500 10018
  1501 10018
  1502 10018
  1503 10018
  1504 10018
  1505 10018
  1506 10018
  1507 10158
  1508 10140
  1509 10158
  1510 10140
  1511 10158
  1512 10158
  1513 10158
  1514 10158
  1515 10158
  1516 10158
  1517 10158
  1518 10140
  1519 10158
  1520 10158
  1521 10140
  1522 10055
  1523 10055
  1524 10018
  1525 10018
  1527 10141
  1528 10062
  1530 10101
  1531 10071
  1532 10071
  1533 10071
  1534 10071
  1535 10071
  1536 10071
  1537 10071
  1538 10071
  1539 10071
  1540 10071
  1541 10071
  1542 10071
  1543 10071
  1544 10071
  1545 10071
  1546 10071
  1547 10071
  1548 10071
  1549 10071
  1550 10071
  1551 10071
  1552 10071
  1553 10071
  1554 10071
  1555 10071
  1556 10071
  1557 10071
  1558 10071
  1559 10071
  1560 10071
  1561 10071
  1562 10071
  1563 10071
  1564 10071
  1565 10071
  1566 10071
  1567 10071
  1568 10071
  1569 10071
  1570 10071
  1571 10071
  1572 10071
  1573 10071
  1574 10071
  1575 10071
  1576 10071
  1577 10071
  1578 10071
  1579 10071
  1580 10071
  1581 10071
  1582 10071
  1583 10071
  1584 10071
  1585 10071
  1586 10071
  1587 10071
  1588 10071
  1589 10071
  1590 10071
  1591 10071
  1592 10071
  1593 10071
  1594 10071
  1595 10071
  1596 10071
  1597 10071
  1598 10071
  1599 10071
  1600 10071
  1601 10071
  1602 10071
  1603 10071
  1604 10071
  1605 10071
  1606 10071
  1607 10071
  1608 10071
  1609 10071
  1610 10071
  1611 10071
  1612 10071
  1613 10071
  1614 10071
  1615 10071
  1616 10071
  1617 10071
  1618 10138
  1619 10071
  1620 10071
  1621 10071
  1622 10033
  1623 10071
  1624 10033
  1625 10071
  1626 10071
  1627 10071
  1628 10071
  1629 10071
  1630 10071
  1631 10071
  1632 10071
  1633 10071
  1634 10071
  1635 10071
  1636 10071
  1637 10071
  1638 10071
  1639 10071
  1640 10071
  1641 10071
  1642 10071
  1645 10071
  1646 10071
  1647 10071
  1648 10071
  1649 10071
  1650 10071
  1651 10071
  1652 10071
  1653 10071
  1654 10071
  1655 10071
  1656 10141
  1657 10141
  1660 10141
  1661 10141
  1662 10141
  1663 10141
  1664 10055
  1665 10055
  1666 10055
  1667 10055
  1668 10055
  1674 10071
  1675 10071
  1676 10071
  1677 10071
  1678 10071
  1679 10071
  1680 10071
  1681 10071
  1682 10071
  1683 10071
  1684 10071
  1685 10071
  1686 10071
  1687 10071
  1688 10071
  1689 10071
  1690 10071
  1691 10071
  1692 10071
  1693 10071
  1694 10071
  1695 10071
  1696 10071
  1697 10071
  1698 10071
  1699 10071
  1700 10071
  1701 10071
  1702 10071
  1703 10071
  1704 10071
  1705 10071
  1706 10071
  1707 10071
  1708 10071
  1709 10071
  1710 10071
  1711 10071
  1712 10071
  1713 10071
  1714 10071
  1715 10071
  1716 10071
  1717 10071
  1718 10071
  1719 10071
  1720 10071
  1721 10071
  1722 10071
  1723 10071
  1724 10071
  1725 10071
  1726 10071
  1727 10071
  1728 10071
  1729 10071
  1730 10071
  1731 10071
  1732 10071
  1733 10071
  1734 10071
  1735 10071
  1736 10071
  1737 10071
  1738 10071
  1741 10071
  1742 10071
  1743 10071
  1744 10071
  1745 10071
  1746 10071
  1747 10071
  1748 10071
  1749 10071
  1750 10071
  1751 10071
  1752 10071
  1753 10149
  1754 10071
  1755 10071
  1756 10071
  1757 10071
  1758 10071
  1759 10071
  1760 10071
  1761 10071
  1762 10071
  1763 10071
  1764 10071
  1765 10071
  1766 10071
  1767 10071
  1768 10071
  1769 10071
  1770 10071
  1771 10071
  1772 10071
  1773 10071
  1774 10071
  1775 10071
  1776 10071
  1777 10071
  1778 10071
  1779 10071
  1780 10071
  1781 10071
  1782 10071
  1783 10071
  1784 10071
  1785 10071
  1786 10071
  1787 10071
  1788 10071
  1789 10071
  1790 10071
  1791 10071
  1792 10071
  1793 10071
  1794 10071
  1795 10071
  1796 10071
  1797 10071
  1798 10071
  1799 10071
  1800 10071
  1801 10071
  1802 10071
  1803 10071
  1804 10071
  1805 10071
  1806 10071
  1807 10071
  1808 10071
  1809 10071
  1810 10071
  1811 10071
  1812 10071
  1813 10071
  1814 10071
  1815 10071
  1816 10071
  1817 10071
  1818 10071
  1819 10071
  1820 10071
  1821 10071
  1822 10071
  1823 10071
  1824 10071
  1825 10071
  1826 10071
  1827 10071
  1828 10071
  1829 10071
  1830 10071
  1831 10071
  1832 10071
  1833 10071
  1834 10071
  1835 10071
  1836 10071
  1837 10071
  1838 10071
  1839 10071
  1840 10071
  1841 10071
  1842 10071
  1843 10071
  1844 10071
  1845 10071
  1846 10071
  1847 10071
  1848 10071
  1849 10071
  1850 10071
  1851 10071
  1852 10071
  1853 10071
  1854 10071
  1855 10071
  1856 10071
  1857 10094
  1858 10027
  1859 10027
  1866 10132
  1867 10132
  1868 10110
  1869 10110
  2021 10132
  2022 10132
  2023 10132
  2026 10154
  2027 10154
  2028 10016
  2029 10143
