   690 10083
   691 10083
   692 10083
   693 10083
   694 10083
   695 10083
   696 10083
   697 10083
   698 10083
   699 10083
   700 10083
   701 10083
   702 10083
   703 10083
   704 10083
   705 10083
   706 10083
   707 10083
   708 10083
   709 10083
   710 10083
   711 10083
   712 10083
   713 10083
   714 10083
   715 10083
   716 10083
   717 10083
   718 10083
   719 10083
   720 10083
   721 10083
   722 10083
   723 10083
   724 10083
   725 10083
   726 10083
   727 10083
   728 10083
   729 10083
   730 10083
   731 10083
   732 10083
   733 10083
   734 10083
   735 10083
   736 10083
   737 10083
   738 10083
   739 10083
   740 10083
   741 10083
   742 10083
   743 10083
   744 10083
   745 10083
   746 10083
   747 10083
   748 10083
   749 10083
   750 10083
   751 10083
   752 10083
   753 10083
   754 10083
   755 10083
   756 10083
   757 10083
   758 10083
   759 10083
   760 10083
   761 10083
   762 10083
   763 10083
   764 10083
   765 10083
   766 10083
   767 10083
   768 10083
   769 10083
   770 10083
   771 10083
   772 10083
   773 10083
   774 10083
   775 10083
   776 10083
   777 10083
   778 10083
   779 10083
   780 10083
   782 10002
   783 10002
   784 10002
   785 10002
   786 10002
   787 10002
   788 10002
   789 10002
   790 10002
   791 10002
   792 10002
   793 10002
   794 10002
   795 10002
   796 10002
   797 10002
   798 10002
   799 10002
   800 10002
   801 10002
   802 10002
   803 10002
   804 10002
   805 10002
   806 10002
   807 10002
   808 10002
   809 10002
   810 10002
   811 10002
   812 10002
   813 10002
   814 10002
   815 10002
   816 10002
   817 10002
   818 10002
   819 10002
   820 10002
   821 10002
   822 10002
   823 10002
   824 10002
   825 10002
   826 10002
   827 10002
   828 10002
   829 10002
   830 10002
   831 10002
   832 10002
   833 10002
   834 10002
   835 10002
   836 10002
   837 10002
   838 10002
   839 10002
   840 10002
   841 10002
   842 10002
   843 10002
   844 10002
   845 10002
   846 10002
   847 10002
   848 10002
   849 10002
   850 10002
   851 10002
   852 10002
   853 10002
   854 10002
   855 10002
   856 10002
   857 10002
   858 10002
   859 10002
   860 10002
   861 10002
   862 10002
   863 10002
   864 10002
   865 10002
   866 10002
   867 10002
   868 10002
   869 10002
   870 10002
   871 10002
   872 10002
   873 10002
   874 10002
   875 10002
   876 10002
   877 10002
   878 10002
   879 10002
   880 10002
   881 10002
   882 10002
   883 10002
   884 10002
   885 10002
   886 10002
   887 10002
   888 10002
   889 10002
   890 10002
   891 10002
   892 10002
   893 10002
   894 10002
   895 10002
   896 10002
   897 10002
   898 10002
   899 10002
   900 10002
   901 10002
   902 10002
   903 10002
   904 10002
   905 10002
   906 10002
   907 10002
   908 10002
   909 10002
   910 10002
   911 10002
   912 10002
   913 10002
   914 10002
   915 10002
   916 10002
   917 10002
   918 10002
   919 10002
   920 10002
   921 10002
   922 10002
   923 10002
   924 10002
   925 10002
   926 10002
   927 10002
   928 10002
   929 10002
   930 10002
   931 10002
   932 10002
   933 10002
   934 10002
   935 10002
   936 10002
   937 10002
   938 10002
   939 10002
   940 10002
   941 10002
   942 10002
   943 10002
   944 10002
   945 10002
   946 10002
   947 10002
   948 10002
   949 10002
   950 10002
   951 10002
   952 10002
   953 10002
   954 10002
   955 10002
   956 10002
   957 10002
   958 10002
   959 10002
   960 10002
   961 10002
   962 10002
   963 10002
   964 10002
   965 10002
   966 10002
   967 10002
   968 10002
   969 10002
   970 10002
   971 10002
   972 10002
   973 10002
   974 10002
   975 10002
   976 10002
   977 10002
   978 10002
   979 10002
   980 10002
   981 10002
   982 10002
   983 10002
   984 10002
   985 10002
   986 10002
   987 10002
   988 10002
   989 10002
   990 10002
   991 10002
   992 10002
   993 10002
   994 10002
   995 10002
   996 10002
   997 10002
   998 10002
   999 10002
  1000 10002
  1001 10002
  1002 10002
  1003 10002
  1004 10002
  1005 10002
  1006 10002
  1007 10002
  1008 10002
  1009 10002
  1010 10002
  1011 10002
  1012 10002
  1013 10002
  1014 10002
  1015 10002
  1016 10002
  1021 10122
  1023 10122
  1024 10122
  1025 10122
  1026 10122
  1027 10122
  1028 10122
  1029 10122
  1030 10122
  1031 10122
  1032 10122
  1033 10122
  1034 10122
  1035 10122
  1036 10122
  1037 10122
  1038 10122
  1039 10122
  1040 10122
  1041 10122
  1042 10122
  1043 10122
  1044 10122
  1045 10122
  1046 10122
  1047 10122
  1048 10122
  1049 10122
  1050 10122
  1051 10122
  1052 10122
  1053 10122
  1054 10122
  1055 10122
  1056 10122
  1057 10122
  1058 10122
  1059 10122
  1060 10122
  1061 10122
  1062 10122
  1063 10122
  1064 10122
  1065 10122
  1066 10122
  1067 10122
  1068 10122
  1069 10122
  1070 10122
  1071 10122
  1072 10122
  1073 10122
  1074 10122
  1075 10122
  1076 10122
  1077 10122
  1078 10122
  1079 10122
  1080 10122
  1081 10122
  1082 10122
  1083 10122
  1084 10122
  1085 10122
  1086 10122
  1087 10122
  1088 10122
  1089 10122
  1090 10122
  1091 10122
  1092 10122
  1093 10122
  1094 10122
  1095 10122
  1096 10122
  1097 10122
  1098 10122
  1099 10122
  1100 10122
  1101 10122
  1102 10122
  1103 10122
  1104 10122
  1105 10122
  1106 10122
  1107 10122
  1108 10122
  1109 10122
  1110 10122
  1111 10122
  1112 10122
  1113 10122
  1114 10122
  1115 10122
  1116 10122
  1117 10122
  1118 10122
  1119 10122
  1120 10122
  1121 10122
  1122 10122
  1123 10122
  1124 10122
  1125 10122
  1126 10122
  1127 10122
  1128 10122
  1129 10122
  1130 10122
  1131 10122
  1132 10122
  1133 10122
  1134 10122
  1135 10122
  1136 10122
  1137 10122
  1138 10122
  1139 10122
  1140 10122
  1141 10122
  1142 10122
  1143 10122
  1144 10122
  1145 10122
  1146 10122
  1147 10122
  1148 10122
  1149 10122
  1150 10122
  1151 10122
  1152 10122
  1153 10122
  1154 10122
  1155 10122
  1156 10122
  1157 10122
  1158 10122
  1159 10122
  1160 10122
  1161 10122
  1162 10122
  1163 10122
  1164 10122
  1165 10122
  1166 10122
  1167 10122
  1168 10122
  1169 10122
  1170 10122
  1171 10122
  1172 10122
  1173 10122
  1174 10122
  1175 10122
  1176 10122
  1177 10122
  1178 10122
  1179 10122
  1180 10122
  1181 10122
  1182 10122
  1183 10122
  1184 10122
  1185 10122
  1186 10122
  1187 10122
  1188 10122
  1189 10122
  1190 10122
  1191 10122
  1192 10122
  1193 10122
  1194 10122
  1195 10122
  1196 10122
  1197 10122
  1198 10122
  1199 10122
  1200 10122
  1201 10122
  1202 10122
  1203 10122
  1204 10122
  1205 10122
  1206 10122
  1207 10122
  1208 10122
  1209 10122
  1210 10122
  1211 10122
  1212 10122
  1213 10122
  1214 10122
  1215 10122
  1216 10122
  1217 10122
  1218 10122
  1219 10122
  1220 10122
  1221 10122
  1222 10122
  1223 10122
  1224 10122
  1225 10122
  1226 10122
  1227 10122
  1228 10122
  1229 10122
  1230 10122
  1231 10122
  1232 10122
  1233 10122
  1234 10122
  1235 10122
  1236 10122
  1237 10122
  1238 10122
  1239 10122
  1240 10122
  1241 10122
  1242 10122
  1243 10122
  1244 10122
  1245 10122
  1246 10122
  1247 10122
  1248 10122
  1249 10122
  1250 10122
  1251 10122
  1252 10122
  1253 10122
  1254 10122
  1255 10122
  1256 10122
  1257 10122
  1258 10122
  1259 10122
  1260 10122
  1261 10122
  1262 10122
  1263 10122
  1264 10122
  1265 10122
  1266 10122
  1270 10122
  1271 10122
  1272 10122
  1273 10148
  1274 10014
  1275 10014
  1276 10016
  1277 10016
  1278 10016
  1279 10016
  1280 10016
  1281 10016
  1282 10016
  1283 10016
  1284 10016
  1285 10014
  1286 10014
  1287 10014
  1288 10014
  1289 10154
  1290 10154
  1291 10130
  1292 10031
  1293 10031
  1294 10018
  1295 10018
  1296 10018
  1297 10018
  1298 10158
  1299 10055
  1300 10055
  1301 10055
  1302 10055
  1303 10055
  1304 10055
  1305 10055
  1306 10055
  1307 10055
  1308 10055
  1309 10055
  1310 10055
  1311 10055
  1312 10055
  1313 10055
  1314 10055
  1315 10055
  1316 10055
  1317 10055
  1318 10055
  1319 10055
  1320 10055
  1321 10040
  1322 10055
  1323 10055
  1324 10055
  1325 10055
  1332 10043
  1333 10043
  1356 10043
  1368 10138
  1370 10138
  1371 10043
  1372 10043
  1373 10043
  1374 10043
  1375 10043
  1376 10043
  1377 10043
  1378 10043
  1379 10043
  1380 10043
  1381 10043
  1382 10043
  1383 10043
  1384 10043
  1385 10043
  1386 10043
  1387 10043
  1388 10043
  1389 10043
  1390 10043
  1391 10043
  1392 10043
  1393 10043
  1394 10043
  1395 10043
  1396 10043
  1397 10043
  1398 10043
  1399 10043
  1400 10043
  1401 10043
  1402 10043
  1403 10043
  1404 10043
  1405 10043
  1406 10043
  1407 10043
  1408 10043
  1409 10043
  1410 10043
  1411 10043
  1412 10043
  1413 10043
  1414 10043
  1415 10043
  1416 10043
  1417 10043
  1418 10043
  1419 10043
  1420 10043
  1421 10043
  1422 10043
  1423 10043
  1424 10043
  1425 10043
  1426 10043
  1427 10043
  1428 10043
  1429 10043
  1430 10043
  1431 10043
  1432 10043
  1433 10043
  1434 10043
  1435 10043
  1436 10043
  1437 10043
  1438 10043
  1439 10043
  1440 10043
  1441 10043
  1442 10043
  1443 10043
  1444 10043
  1445 10043
  1446 10043
  1447 10043
  1448 10043
  1449 10043
  1450 10043
  1451 10043
  1452 10043
  1453 10043
  1454 10043
  1455 10043
  1456 10043
  1457 10043
  1458 10043
  1459 10043
  1460 10043
  1461 10043
  1462 10043
  1463 10043
  1464 10043
  1465 10043
  1466 10043
  1467 10043
  1468 10043
  1469 10043
  1470 10043
  1471 10043
  1472 10043
  1473 10043
  1474 10043
  1475 10043
  1476 10043
  1477 10043
  1478 10043
  1479 10043
  1480 10043
  1481 10043
  1482 10043
  1483 10043
  1484 10043
  1485 10043
  1486 10043
  1487 10043
  1488 10043
  1489 10043
  1490 10043
  1491 10043
  1492 10043
  1493 10043
  1494 10043
  1495 10043
  1496 10043
  1497 10043
  1498 10043
  1499 10043
  1500 10043
  1501 10043
  1502 10043
  1503 10043
  1504 10043
  1505 10043
  1506 10043
  1507 10043
  1508 10043
  1509 10043
  1510 10043
  1511 10043
  1512 10043
  1513 10043
  1514 10043
  1515 10043
  1516 10043
  1517 10043
  1518 10043
  1519 10043
  1520 10043
  1521 10043
  1522 10043
  1523 10043
  1524 10043
  1525 10043
  1526 10043
  1527 10043
  1528 10043
  1529 10043
  1530 10043
  1531 10043
  1532 10043
  1533 10043
  1534 10043
  1535 10043
  1536 10043
  1537 10043
  1538 10043
  1539 10043
  1540 10043
  1541 10043
  1542 10043
  1543 10043
  1544 10043
  1545 10043
  1546 10043
  1547 10043
  1548 10043
  1549 10043
  1550 10043
  1551 10043
  1552 10043
  1553 10043
  1554 10043
  1555 10043
  1556 10043
  1557 10043
  1558 10043
  1559 10043
  1560 10043
  1561 10043
  1562 10043
  1563 10043
  1564 10043
  1565 10043
  1566 10043
  1567 10043
  1568 10043
  1569 10043
  1570 10043
  1571 10043
  1572 10043
  1573 10043
  1574 10043
  1575 10043
  1576 10043
  1577 10043
  1578 10043
  1579 10043
  1580 10043
  1581 10043
  1582 10043
  1583 10043
  1584 10043
  1585 10043
  1586 10043
  1587 10043
  1588 10043
  1589 10043
  1590 10043
  1591 10043
  1592 10043
  1593 10043
  1594 10043
  1595 10043
  1596 10043
  1597 10043
  1598 10043
  1599 10043
  1600 10043
  1601 10043
  1602 10043
  1603 10043
  1604 10043
  1605 10043
  1606 10043
  1607 10043
  1608 10043
  1609 10043
  1610 10043
  1611 10043
  1612 10043
  1613 10043
  1614 10043
  1615 10043
  1616 10043
  1617 10043
  1618 10043
  1619 10043
  1620 10043
  1621 10101
  1622 10101
  1626 10088
  1627 10088
  1628 10088
  1629 10088
  1630 10088
  1631 10088
  1632 10088
  1633 10088
  1634 10088
  1635 10088
  1636 10088
  1637 10088
  1638 10088
  1639 10088
  1640 10088
  1641 10088
  1642 10088
  1643 10088
  1644 10088
  1645 10088
  1646 10088
  1647 10088
  1648 10088
  1649 10088
  1650 10088
  1651 10088
  1652 10088
  1653 10088
  1654 10088
  1655 10088
  1656 10088
  1657 10088
  1658 10088
  1659 10088
  1660 10088
  1661 10088
  1662 10088
  1663 10088
  1664 10088
  1665 10088
  1666 10088
  1667 10088
  1668 10088
  1669 10088
  1670 10088
  1671 10088
  1672 10088
  1673 10088
  1674 10088
  1675 10088
  1676 10088
  1677 10088
  1678 10088
  1679 10088
  1680 10088
  1681 10088
  1682 10088
  1683 10088
  1684 10088
  1685 10088
  1686 10088
  1687 10088
  1688 10088
  1689 10088
  1690 10088
  1691 10088
  1692 10088
  1693 10088
  1694 10088
  1695 10088
  1696 10088
  1697 10088
  1698 10088
  1699 10088
  1700 10088
  1701 10088
  1702 10088
  1703 10088
  1704 10088
  1705 10088
  1706 10088
  1707 10088
  1708 10088
  1709 10088
  1710 10088
  1711 10088
  1712 10088
  1713 10088
  1714 10088
  1715 10088
  1716 10088
  1717 10088
  1718 10088
  1719 10088
  1720 10088
  1721 10088
  1722 10088
  1723 10088
  1724 10088
  1725 10088
  1726 10088
  1727 10088
  1728 10088
  1729 10088
  1730 10088
  1731 10088
  1732 10088
  1733 10088
  1734 10088
  1735 10088
  1736 10088
  1737 10088
  1738 10088
  1739 10088
  1740 10088
  1741 10088
  1742 10088
  1743 10088
  1744 10088
  1745 10088
  1746 10088
  1747 10088
  1748 10088
  1749 10088
  1750 10088
  1751 10088
  1752 10088
  1753 10088
  1754 10088
  1755 10088
  1756 10088
  1757 10088
  1758 10088
  1759 10088
  1760 10088
  1761 10088
  1762 10088
  1763 10088
  1764 10088
  1765 10088
  1766 10088
  1767 10088
  1768 10088
  1769 10088
  1770 10088
  1771 10088
  1772 10088
  1773 10088
  1774 10088
  1775 10088
  1776 10088
  1777 10088
  1778 10088
  1779 10088
  1780 10088
  1781 10088
  1782 10088
  1783 10088
  1784 10088
  1785 10088
  1786 10088
  1787 10088
  1788 10088
  1789 10088
  1790 10088
  1791 10088
  1792 10088
  1793 10088
  1794 10088
  1795 10088
  1796 10088
  1797 10088
  1798 10088
  1799 10088
  1800 10088
  1801 10088
  1802 10088
  1803 10088
  1804 10088
  1805 10088
  1806 10088
  1807 10088
  1808 10088
  1809 10088
  1810 10088
  1811 10088
  1812 10088
  1813 10088
  1814 10088
  1815 10088
  1816 10088
  1817 10088
  1818 10088
  1819 10088
  1820 10088
  1821 10088
  1822 10088
  1823 10088
  1824 10088
  1825 10088
  1826 10088
  1827 10088
  1828 10088
  1829 10088
  1830 10088
  1831 10088
  1832 10088
  1833 10088
  1834 10088
  1835 10088
  1836 10088
  1837 10088
  1838 10088
  1839 10088
  1840 10088
  1841 10088
  1842 10088
  1843 10088
  1844 10088
  1845 10088
  1846 10088
  1847 10088
  1848 10088
  1849 10088
  1850 10088
  1851 10088
  1852 10088
  1853 10088
  1854 10088
  1855 10088
  1857 10143
  1858 10143
  1859 10143
  1860 10155
  1861 10143
  1862 10155
  1863 10155
  1864 10155
  1865 10155
  1866 10155
  1867 10155
  1868 10155
  1869 10155
  1870 10155
  1871 10155
  1872 10155
  1873 10155
  1874 10155
  1875 10155
  1876 10155
  1877 10155
  1878 10155
  1879 10155
  1880 10155
  1881 10155
  1882 10155
  1883 10155
  1884 10155
  1885 10155
  1886 10155
  1887 10155
  1888 10155
  1889 10155
  1890 10155
  1891 10155
  1892 10155
  1893 10155
  1894 10155
  1895 10155
  1896 10155
  1897 10155
  1898 10155
  1899 10155
  1900 10155
  1901 10155
  1902 10155
  1903 10155
  1904 10155
  1905 10155
  1906 10155
  1907 10155
  1908 10155
  1909 10155
  1910 10155
  1911 10155
  1912 10155
  1913 10155
  1914 10155
  1915 10155
  1916 10155
  1917 10155
  1918 10155
  1919 10155
  1920 10155
  1921 10155
  1922 10155
  1923 10155
  1924 10155
  1925 10155
  1926 10155
  1927 10155
  1928 10155
  1929 10155
  1930 10155
  1931 10155
  1932 10155
  1933 10155
  1934 10155
  1935 10155
  1936 10155
  1937 10155
  1938 10155
  1939 10155
  1940 10155
  1941 10155
  1942 10155
  1943 10155
  1944 10155
  1945 10155
  1946 10155
  1947 10155
  1948 10155
  1949 10155
  1950 10155
  1951 10155
  1952 10155
  1953 10155
  1954 10155
  1955 10155
  1956 10155
  1957 10155
  1958 10155
  1959 10155
  1960 10155
  1961 10155
  1962 10155
  1963 10155
  1964 10155
  1965 10155
  1966 10155
  1967 10155
  1968 10155
  1969 10155
  1970 10155
  1971 10155
  1972 10155
  1973 10155
  1974 10155
  1975 10155
  1976 10155
  1977 10155
  1978 10155
  1979 10155
  1980 10155
  1981 10155
  1982 10155
  1983 10155
  1984 10155
  1985 10155
  1986 10155
  1987 10155
  1988 10155
  1989 10155
  1990 10155
  1991 10155
  1992 10155
  1993 10155
  1994 10155
  1995 10155
  1996 10155
  1997 10155
  1998 10155
  1999 10155
  2000 10155
  2001 10155
  2002 10155
  2003 10155
  2004 10155
  2005 10155
  2006 10155
  2007 10155
  2008 10155
  2009 10155
  2010 10155
  2011 10155
  2012 10155
  2013 10155
  2014 10155
  2015 10155
  2016 10155
  2017 10155
  2018 10155
  2019 10155
  2020 10155
  2021 10155
  2022 10155
  2023 10154
  2024 10154
  2025 10154
  2026 10064
  2027 10064
  2028 10083
  2029 10083
  2030 10083
  2031 10083
  2032 10083
  2034 10086
  2035 10086
