   690 10124
   691 10124
   692 10124
   693 10124
   694 10124
   695 10124
   696 10124
   697 10124
   698 10124
   699 10124
   700 10124
   701 10124
   702 10124
   703 10124
   704 10124
   705 10124
   706 10124
   707 10124
   708 10124
   709 10124
   710 10124
   711 10124
   712 10124
   713 10124
   714 10124
   715 10124
   716 10124
   717 10124
   718 10124
   719 10124
   720 10124
   721 10124
   722 10124
   723 10124
   724 10124
   725 10124
   726 10124
   727 10124
   728 10124
   729 10124
   730 10124
   731 10124
   732 10124
   733 10124
   734 10124
   735 10124
   736 10124
   737 10124
   738 10124
   739 10124
   740 10124
   741 10124
   742 10124
   743 10124
   744 10124
   745 10124
   746 10124
   747 10124
   748 10124
   749 10124
   750 10124
   751 10124
   752 10124
   753 10124
   754 10124
   755 10124
   756 10124
   757 10124
   758 10124
   759 10124
   760 10124
   761 10124
   762 10124
   763 10124
   764 10124
   765 10124
   766 10124
   767 10124
   768 10124
   769 10124
   770 10124
   771 10124
   772 10124
   773 10124
   774 10124
   775 10124
   776 10124
   777 10124
   778 10124
   779 10124
   780 10124
   781 10143
   782 10134
   783 10134
   784 10134
   785 10134
   786 10134
   787 10134
   788 10134
   789 10134
   790 10134
   791 10134
   792 10134
   793 10134
   794 10134
   795 10134
   796 10134
   797 10134
   798 10134
   799 10134
   800 10134
   801 10134
   802 10134
   803 10134
   804 10134
   805 10134
   806 10134
   807 10134
   808 10134
   809 10134
   810 10134
   811 10134
   812 10134
   813 10134
   814 10134
   815 10134
   816 10134
   817 10134
   818 10134
   819 10134
   820 10134
   821 10134
   822 10134
   823 10134
   824 10134
   825 10134
   826 10134
   827 10134
   828 10134
   829 10134
   830 10134
   831 10134
   832 10134
   833 10134
   834 10134
   835 10134
   836 10134
   837 10134
   838 10134
   839 10134
   840 10134
   841 10134
   842 10134
   843 10134
   844 10134
   845 10134
   846 10134
   847 10134
   848 10134
   849 10134
   850 10134
   851 10134
   852 10134
   853 10134
   854 10134
   855 10134
   856 10134
   857 10134
   858 10134
   859 10134
   860 10134
   861 10134
   862 10134
   863 10134
   864 10134
   865 10134
   866 10134
   867 10134
   868 10134
   869 10134
   870 10134
   871 10134
   872 10134
   873 10134
   874 10134
   875 10134
   876 10134
   877 10134
   878 10134
   879 10134
   880 10134
   881 10134
   882 10134
   883 10134
   884 10134
   885 10134
   886 10134
   887 10134
   888 10134
   889 10134
   890 10134
   891 10134
   892 10134
   893 10134
   894 10134
   895 10134
   896 10134
   897 10134
   898 10134
   899 10134
   900 10134
   901 10134
   902 10134
   903 10134
   904 10134
   905 10134
   906 10134
   907 10134
   908 10134
   909 10134
   910 10134
   911 10134
   912 10134
   913 10134
   914 10134
   915 10134
   916 10134
   917 10134
   918 10134
   919 10134
   920 10134
   921 10134
   922 10134
   923 10134
   924 10134
   925 10134
   926 10134
   927 10134
   928 10134
   929 10134
   930 10134
   931 10134
   932 10134
   933 10134
   934 10134
   935 10134
   936 10134
   937 10134
   938 10134
   939 10134
   940 10134
   941 10134
   942 10134
   943 10134
   944 10134
   945 10134
   946 10134
   947 10134
   948 10134
   949 10134
   950 10134
   951 10134
   952 10134
   953 10134
   954 10134
   955 10134
   956 10134
   957 10134
   958 10134
   959 10134
   960 10134
   961 10134
   962 10134
   963 10134
   964 10134
   965 10134
   966 10134
   967 10134
   968 10134
   969 10134
   970 10134
   971 10134
   972 10134
   973 10134
   974 10134
   975 10134
   976 10134
   977 10134
   978 10134
   979 10134
   980 10134
   981 10134
   982 10134
   983 10134
   984 10134
   985 10134
   986 10134
   987 10134
   988 10134
   989 10134
   990 10134
   991 10134
   992 10134
   993 10134
   994 10134
   995 10134
   996 10134
   997 10134
   998 10134
   999 10134
  1000 10134
  1001 10134
  1002 10134
  1003 10134
  1004 10134
  1005 10134
  1006 10134
  1007 10134
  1008 10134
  1009 10134
  1010 10134
  1011 10134
  1012 10134
  1013 10134
  1014 10134
  1015 10134
  1016 10134
  1017 10134
  1018 10134
  1019 10134
  1020 10134
  1021 10136
  1022 10136
  1023 10136
  1024 10136
  1025 10136
  1026 10136
  1027 10136
  1028 10136
  1029 10136
  1030 10136
  1031 10136
  1032 10136
  1033 10136
  1034 10136
  1035 10136
  1036 10136
  1037 10136
  1038 10136
  1039 10136
  1040 10136
  1041 10136
  1042 10136
  1043 10136
  1044 10136
  1045 10136
  1046 10136
  1047 10136
  1048 10136
  1049 10136
  1050 10136
  1051 10136
  1052 10136
  1053 10136
  1054 10136
  1055 10136
  1056 10136
  1057 10136
  1058 10136
  1059 10136
  1060 10136
  1061 10136
  1062 10136
  1063 10136
  1064 10136
  1065 10136
  1066 10136
  1067 10136
  1068 10136
  1069 10136
  1070 10136
  1071 10136
  1072 10136
  1073 10136
  1074 10136
  1075 10136
  1076 10136
  1077 10136
  1078 10136
  1079 10136
  1080 10136
  1081 10136
  1082 10136
  1083 10136
  1084 10136
  1085 10136
  1086 10136
  1087 10136
  1088 10136
  1089 10136
  1090 10136
  1091 10136
  1092 10136
  1093 10136
  1094 10136
  1095 10136
  1096 10136
  1097 10136
  1098 10136
  1099 10136
  1100 10136
  1101 10136
  1102 10136
  1103 10136
  1104 10136
  1105 10136
  1106 10136
  1107 10136
  1108 10136
  1109 10136
  1110 10136
  1111 10136
  1112 10136
  1113 10136
  1114 10136
  1115 10136
  1116 10136
  1117 10136
  1118 10136
  1119 10136
  1120 10136
  1121 10136
  1122 10136
  1123 10136
  1124 10136
  1125 10136
  1126 10136
  1127 10136
  1128 10136
  1129 10136
  1130 10136
  1131 10136
  1132 10136
  1133 10136
  1134 10136
  1135 10136
  1136 10136
  1137 10136
  1138 10136
  1139 10136
  1140 10136
  1141 10136
  1142 10136
  1143 10136
  1144 10136
  1145 10136
  1146 10136
  1147 10136
  1148 10136
  1149 10136
  1150 10136
  1151 10136
  1152 10136
  1153 10136
  1154 10136
  1155 10136
  1156 10136
  1157 10136
  1158 10136
  1159 10136
  1160 10136
  1161 10136
  1162 10136
  1163 10136
  1164 10136
  1165 10136
  1166 10136
  1167 10136
  1168 10136
  1169 10136
  1170 10136
  1171 10136
  1172 10136
  1173 10136
  1174 10136
  1175 10136
  1176 10136
  1177 10136
  1178 10136
  1179 10136
  1180 10136
  1181 10136
  1182 10136
  1183 10136
  1184 10136
  1185 10136
  1186 10136
  1187 10136
  1188 10136
  1189 10136
  1190 10136
  1191 10136
  1192 10136
  1193 10136
  1194 10136
  1195 10136
  1196 10136
  1197 10136
  1198 10136
  1199 10136
  1200 10136
  1201 10136
  1202 10136
  1203 10136
  1204 10136
  1205 10136
  1206 10136
  1207 10136
  1208 10136
  1209 10136
  1210 10136
  1211 10136
  1212 10136
  1213 10136
  1214 10136
  1215 10136
  1216 10136
  1217 10136
  1218 10136
  1219 10136
  1220 10136
  1221 10136
  1222 10136
  1223 10136
  1224 10136
  1225 10136
  1226 10136
  1227 10136
  1228 10096
  1229 10096
  1230 10096
  1231 10096
  1232 10096
  1233 10096
  1234 10136
  1235 10136
  1236 10136
  1237 10136
  1238 10136
  1239 10136
  1240 10136
  1241 10136
  1242 10136
  1243 10136
  1244 10136
  1245 10136
  1246 10136
  1247 10136
  1248 10136
  1249 10136
  1250 10136
  1251 10136
  1252 10136
  1253 10136
  1254 10136
  1255 10136
  1256 10136
  1257 10136
  1258 10136
  1259 10136
  1264 10098
  1265 10098
  1266 10018
  1267 10018
  1268 10018
  1269 10018
  1270 10018
  1271 10055
  1272 10018
  1273 10018
  1274 10055
  1275 10055
  1276 10018
  1277 10018
  1278 10018
  1279 10018
  1280 10018
  1281 10055
  1282 10055
  1283 10055
  1284 10055
  1285 10055
  1287 10018
  1288 10154
  1289 10154
  1290 10154
  1291 10154
  1292 10154
  1293 10016
  1295 10106
  1296 10106
  1300 10164
  1301 10164
  1317 10164
  1318 10164
  1319 10071
  1321 10043
  1322 10169
  1352 10164
  1370 10138
  1371 10138
  1375 10043
  1376 10043
  1377 10049
  1378 10049
  1379 10049
  1380 10049
  1381 10049
  1382 10049
  1383 10049
  1384 10049
  1385 10049
  1386 10049
  1387 10049
  1388 10049
  1389 10049
  1390 10049
  1391 10049
  1392 10049
  1393 10049
  1394 10049
  1395 10049
  1396 10049
  1397 10049
  1398 10049
  1399 10049
  1400 10049
  1401 10049
  1402 10049
  1403 10049
  1404 10049
  1405 10049
  1406 10049
  1407 10049
  1408 10049
  1409 10049
  1410 10049
  1411 10049
  1412 10049
  1413 10049
  1414 10049
  1415 10049
  1416 10049
  1417 10049
  1418 10049
  1419 10049
  1420 10049
  1421 10049
  1422 10049
  1423 10049
  1424 10049
  1425 10049
  1426 10049
  1427 10049
  1428 10049
  1429 10049
  1430 10049
  1431 10049
  1432 10049
  1433 10049
  1434 10049
  1435 10049
  1436 10049
  1437 10049
  1438 10049
  1439 10049
  1440 10049
  1441 10049
  1442 10049
  1443 10049
  1444 10049
  1445 10049
  1446 10049
  1447 10049
  1448 10049
  1449 10049
  1450 10049
  1451 10049
  1452 10049
  1453 10049
  1454 10049
  1455 10049
  1456 10049
  1457 10049
  1458 10049
  1459 10049
  1460 10049
  1461 10049
  1462 10049
  1463 10049
  1464 10049
  1465 10049
  1466 10049
  1467 10049
  1468 10049
  1469 10049
  1470 10049
  1471 10049
  1472 10049
  1473 10049
  1474 10049
  1475 10049
  1476 10049
  1477 10049
  1478 10049
  1479 10049
  1480 10049
  1481 10049
  1482 10049
  1483 10049
  1484 10049
  1485 10049
  1486 10049
  1487 10049
  1488 10049
  1489 10049
  1490 10049
  1491 10049
  1492 10049
  1493 10049
  1494 10049
  1495 10049
  1496 10049
  1497 10049
  1498 10049
  1499 10049
  1500 10049
  1501 10049
  1502 10049
  1503 10049
  1504 10049
  1505 10049
  1506 10049
  1507 10049
  1508 10049
  1509 10049
  1510 10049
  1511 10049
  1512 10049
  1513 10049
  1514 10049
  1515 10049
  1516 10049
  1517 10049
  1518 10049
  1519 10049
  1520 10049
  1521 10049
  1522 10049
  1523 10049
  1524 10049
  1525 10049
  1526 10049
  1527 10049
  1528 10049
  1529 10049
  1530 10049
  1531 10049
  1532 10049
  1533 10049
  1534 10049
  1535 10049
  1536 10049
  1537 10049
  1538 10049
  1539 10049
  1540 10049
  1541 10049
  1542 10049
  1543 10049
  1544 10049
  1545 10049
  1546 10049
  1547 10049
  1548 10049
  1549 10049
  1550 10049
  1551 10049
  1552 10049
  1553 10049
  1554 10049
  1555 10049
  1556 10049
  1557 10049
  1558 10049
  1559 10049
  1560 10049
  1561 10049
  1562 10049
  1563 10049
  1564 10049
  1565 10049
  1566 10049
  1567 10049
  1568 10049
  1569 10049
  1570 10049
  1571 10049
  1572 10049
  1573 10049
  1574 10049
  1575 10049
  1576 10049
  1577 10049
  1578 10049
  1579 10049
  1580 10049
  1581 10049
  1582 10049
  1583 10049
  1584 10049
  1585 10049
  1586 10049
  1587 10049
  1588 10049
  1589 10049
  1590 10049
  1591 10049
  1592 10049
  1593 10049
  1594 10049
  1595 10049
  1596 10049
  1597 10049
  1598 10049
  1599 10049
  1600 10049
  1601 10049
  1602 10049
  1603 10049
  1604 10049
  1605 10049
  1606 10049
  1607 10049
  1608 10049
  1609 10049
  1610 10049
  1611 10049
  1612 10049
  1613 10049
  1614 10049
  1615 10049
  1616 10049
  1617 10049
  1618 10049
  1619 10049
  1620 10049
  1622 10043
  1625 10067
  1626 10067
  1627 10067
  1628 10067
  1629 10067
  1630 10067
  1631 10067
  1632 10067
  1633 10067
  1634 10067
  1635 10067
  1636 10067
  1637 10067
  1638 10067
  1639 10067
  1640 10067
  1641 10067
  1642 10067
  1643 10067
  1644 10067
  1645 10067
  1646 10067
  1647 10067
  1648 10067
  1649 10067
  1650 10067
  1651 10067
  1652 10067
  1653 10067
  1654 10067
  1655 10067
  1656 10067
  1657 10067
  1658 10067
  1659 10067
  1660 10067
  1661 10067
  1662 10067
  1663 10067
  1664 10067
  1665 10067
  1666 10067
  1667 10067
  1668 10067
  1669 10067
  1670 10067
  1671 10067
  1672 10067
  1673 10067
  1674 10067
  1675 10067
  1676 10067
  1677 10067
  1678 10067
  1679 10067
  1680 10067
  1681 10067
  1682 10067
  1683 10067
  1684 10067
  1685 10067
  1686 10067
  1687 10067
  1688 10067
  1689 10067
  1690 10067
  1691 10067
  1692 10067
  1693 10067
  1694 10067
  1695 10067
  1696 10067
  1697 10067
  1698 10067
  1699 10067
  1700 10067
  1701 10067
  1702 10067
  1703 10067
  1704 10067
  1705 10067
  1706 10067
  1707 10067
  1708 10067
  1709 10067
  1710 10067
  1711 10067
  1712 10067
  1713 10067
  1714 10067
  1715 10067
  1716 10067
  1717 10067
  1718 10067
  1719 10067
  1720 10067
  1721 10067
  1722 10067
  1723 10067
  1724 10067
  1725 10067
  1726 10067
  1727 10067
  1728 10067
  1729 10067
  1730 10067
  1731 10067
  1732 10067
  1733 10067
  1734 10067
  1735 10067
  1736 10067
  1737 10067
  1738 10067
  1739 10067
  1740 10067
  1741 10067
  1742 10067
  1743 10067
  1744 10067
  1745 10067
  1746 10067
  1747 10067
  1748 10067
  1749 10067
  1750 10067
  1751 10067
  1752 10067
  1753 10067
  1754 10067
  1755 10067
  1756 10067
  1757 10067
  1758 10067
  1759 10067
  1760 10067
  1761 10067
  1762 10067
  1763 10067
  1764 10067
  1765 10067
  1766 10067
  1767 10067
  1768 10067
  1769 10067
  1770 10067
  1771 10067
  1772 10067
  1773 10067
  1774 10067
  1775 10067
  1776 10067
  1777 10067
  1778 10067
  1779 10067
  1780 10067
  1781 10067
  1782 10067
  1783 10067
  1784 10067
  1785 10067
  1786 10067
  1787 10067
  1788 10067
  1789 10067
  1790 10067
  1791 10067
  1792 10067
  1793 10067
  1794 10067
  1795 10067
  1796 10067
  1797 10067
  1798 10067
  1799 10067
  1800 10067
  1801 10067
  1802 10067
  1803 10067
  1804 10067
  1805 10067
  1806 10067
  1807 10067
  1808 10067
  1809 10067
  1810 10067
  1811 10067
  1812 10067
  1813 10067
  1814 10067
  1815 10067
  1816 10067
  1817 10067
  1818 10067
  1819 10067
  1820 10067
  1821 10067
  1822 10067
  1823 10067
  1824 10067
  1825 10067
  1826 10067
  1827 10067
  1828 10067
  1829 10067
  1830 10067
  1831 10067
  1832 10067
  1833 10067
  1834 10067
  1835 10067
  1836 10067
  1837 10067
  1838 10067
  1839 10067
  1840 10067
  1841 10067
  1842 10067
  1843 10067
  1844 10067
  1845 10067
  1846 10067
  1847 10067
  1848 10067
  1849 10067
  1850 10067
  1851 10067
  1852 10067
  1853 10067
  1854 10067
  1855 10067
  1856 10067
  1857 10067
  1858 10067
  1859 10067
  1860 10067
  1861 10067
  1862 10101
  1863 10101
  1864 10101
  1865 10101
  1866 10101
  1867 10081
  1868 10081
  1869 10081
  1870 10081
  1871 10081
  1872 10081
  1873 10081
  1874 10081
  1875 10081
  1876 10081
  1877 10081
  1878 10081
  1879 10081
  1880 10081
  1881 10081
  1882 10081
  1883 10081
  1884 10081
  1885 10081
  1886 10081
  1887 10081
  1888 10081
  1889 10081
  1890 10081
  1891 10081
  1892 10081
  1893 10081
  1894 10081
  1895 10081
  1896 10081
  1897 10081
  1898 10081
  1899 10081
  1900 10081
  1901 10081
  1902 10081
  1903 10081
  1904 10081
  1905 10081
  1906 10081
  1907 10081
  1908 10081
  1909 10081
  1910 10081
  1911 10081
  1912 10081
  1913 10081
  1914 10081
  1915 10081
  1916 10081
  1917 10081
  1918 10081
  1919 10081
  1920 10081
  1921 10081
  1922 10081
  1923 10081
  1924 10081
  1925 10081
  1926 10081
  1927 10081
  1928 10081
  1929 10081
  1930 10081
  1931 10081
  1932 10081
  1933 10081
  1934 10081
  1935 10081
  1936 10081
  1937 10081
  1938 10081
  1939 10081
  1940 10081
  1941 10081
  1942 10081
  1943 10081
  1944 10081
  1945 10081
  1946 10081
  1947 10081
  1948 10081
  1949 10081
  1950 10081
  1951 10081
  1952 10081
  1953 10081
  1954 10081
  1955 10081
  1956 10081
  1957 10081
  1958 10081
  1959 10081
  1960 10081
  1961 10081
  1962 10081
  1963 10081
  1964 10081
  1965 10081
  1966 10081
  1967 10081
  1968 10081
  1969 10081
  1970 10081
  1971 10081
  1972 10081
  1973 10081
  1974 10081
  1975 10081
  1976 10081
  1977 10081
  1978 10081
  1979 10081
  1980 10081
  1981 10081
  1982 10081
  1983 10081
  1984 10081
  1985 10081
  1986 10081
  1987 10081
  1988 10081
  1989 10081
  1990 10081
  1991 10081
  1992 10081
  1993 10081
  1994 10081
  1995 10081
  1996 10081
  1997 10081
  1998 10081
  1999 10081
  2000 10081
  2001 10081
  2002 10081
  2003 10081
  2004 10081
  2005 10081
  2006 10081
  2007 10081
  2008 10081
  2009 10081
  2010 10081
  2011 10081
  2012 10081
  2013 10081
  2014 10081
  2015 10081
  2016 10081
  2017 10081
  2018 10081
  2019 10081
  2020 10081
  2021 10081
  2022 10081
  2023 10081
  2024 10081
  2025 10081
  2026 10074
