   690 10006
   691 10006
   692 10006
   693 10006
   694 10006
   695 10006
   696 10006
   697 10006
   698 10006
   699 10006
   700 10006
   701 10006
   702 10006
   703 10006
   704 10006
   705 10006
   706 10006
   707 10006
   708 10006
   709 10006
   710 10006
   711 10006
   712 10006
   713 10006
   714 10006
   715 10006
   716 10006
   717 10006
   718 10006
   719 10006
   720 10006
   721 10006
   722 10006
   723 10006
   724 10006
   725 10006
   726 10006
   727 10006
   728 10006
   729 10006
   730 10006
   731 10006
   732 10006
   733 10006
   734 10006
   735 10006
   736 10006
   737 10006
   738 10006
   739 10006
   740 10006
   741 10006
   742 10006
   743 10006
   744 10006
   745 10006
   746 10006
   747 10006
   748 10006
   749 10006
   750 10006
   751 10006
   752 10006
   753 10006
   754 10006
   755 10006
   756 10006
   757 10006
   758 10006
   759 10006
   760 10006
   761 10006
   762 10006
   763 10006
   764 10006
   765 10006
   766 10006
   767 10006
   768 10006
   769 10006
   770 10006
   771 10006
   772 10006
   773 10006
   774 10006
   775 10006
   776 10006
   777 10006
   778 10006
   779 10006
   780 10006
   781 10143
   782 10143
   783 10143
   784 10120
   785 10122
   786 10005
   787 10005
   788 10005
   789 10005
   790 10005
   791 10005
   792 10005
   793 10005
   794 10005
   795 10005
   796 10005
   797 10005
   798 10005
   799 10005
   800 10005
   801 10005
   802 10005
   803 10005
   804 10005
   805 10005
   806 10005
   807 10005
   808 10005
   809 10005
   810 10005
   811 10005
   812 10005
   813 10005
   814 10005
   815 10005
   816 10005
   817 10005
   818 10005
   819 10005
   820 10005
   821 10005
   822 10005
   823 10005
   824 10005
   825 10005
   826 10005
   827 10005
   828 10005
   829 10005
   830 10005
   831 10005
   832 10005
   833 10005
   834 10005
   835 10005
   836 10005
   837 10005
   838 10005
   839 10005
   840 10005
   841 10005
   842 10005
   843 10005
   844 10005
   845 10005
   846 10005
   847 10005
   848 10005
   849 10005
   850 10005
   851 10005
   852 10005
   853 10005
   854 10005
   855 10005
   856 10005
   857 10005
   858 10005
   859 10005
   860 10005
   861 10005
   862 10005
   863 10005
   864 10005
   865 10005
   866 10005
   867 10005
   868 10005
   869 10005
   870 10005
   871 10005
   872 10005
   873 10005
   874 10005
   875 10005
   876 10005
   877 10005
   878 10005
   879 10005
   880 10005
   881 10005
   882 10005
   883 10005
   884 10005
   885 10005
   886 10005
   887 10005
   888 10005
   889 10005
   890 10005
   891 10005
   892 10005
   893 10005
   894 10005
   895 10005
   896 10005
   897 10005
   898 10005
   899 10005
   900 10005
   901 10005
   902 10005
   903 10005
   904 10005
   905 10005
   906 10005
   907 10005
   908 10005
   909 10005
   910 10005
   911 10005
   912 10005
   913 10005
   914 10005
   915 10005
   916 10005
   917 10005
   918 10005
   919 10005
   920 10005
   921 10005
   922 10005
   923 10005
   924 10005
   925 10005
   926 10005
   927 10005
   928 10005
   929 10005
   930 10005
   931 10005
   932 10005
   933 10005
   934 10005
   935 10005
   936 10005
   937 10005
   938 10005
   939 10005
   940 10005
   941 10005
   942 10005
   943 10005
   944 10005
   945 10005
   946 10005
   947 10005
   948 10005
   949 10005
   950 10005
   951 10005
   952 10005
   953 10005
   954 10005
   955 10005
   956 10005
   957 10005
   958 10005
   959 10005
   960 10005
   961 10005
   962 10005
   963 10005
   964 10005
   965 10005
   966 10005
   967 10005
   968 10005
   969 10005
   970 10005
   971 10005
   972 10005
   973 10005
   974 10005
   975 10005
   976 10005
   977 10005
   978 10005
   979 10005
   980 10005
   981 10005
   982 10005
   983 10005
   984 10005
   985 10005
   986 10005
   987 10005
   988 10005
   989 10005
   990 10005
   991 10005
   992 10005
   993 10005
   994 10005
   995 10005
   996 10005
   997 10005
   998 10005
   999 10005
  1000 10005
  1001 10005
  1002 10005
  1003 10005
  1004 10005
  1005 10005
  1006 10005
  1007 10005
  1008 10005
  1009 10005
  1010 10005
  1011 10005
  1012 10005
  1013 10005
  1014 10005
  1015 10005
  1016 10005
  1017 10005
  1018 10005
  1019 10005
  1026 10083
  1030 10011
  1031 10011
  1032 10011
  1033 10011
  1034 10011
  1035 10011
  1036 10011
  1037 10011
  1038 10011
  1039 10011
  1040 10011
  1041 10011
  1042 10011
  1043 10011
  1044 10011
  1045 10011
  1046 10011
  1047 10011
  1048 10011
  1049 10011
  1050 10011
  1051 10011
  1052 10011
  1053 10011
  1054 10011
  1055 10011
  1056 10011
  1057 10011
  1058 10011
  1059 10011
  1060 10011
  1061 10011
  1062 10011
  1063 10011
  1064 10011
  1065 10011
  1066 10011
  1067 10011
  1068 10011
  1069 10011
  1070 10011
  1071 10011
  1072 10011
  1073 10011
  1074 10011
  1075 10011
  1076 10011
  1077 10011
  1078 10011
  1079 10011
  1080 10011
  1081 10011
  1082 10011
  1083 10011
  1084 10011
  1085 10011
  1086 10011
  1087 10011
  1088 10011
  1089 10011
  1090 10011
  1091 10011
  1092 10011
  1093 10011
  1094 10011
  1095 10011
  1096 10011
  1097 10011
  1098 10011
  1099 10011
  1100 10011
  1101 10011
  1102 10011
  1103 10011
  1104 10011
  1105 10011
  1106 10011
  1107 10011
  1108 10011
  1109 10011
  1110 10011
  1111 10011
  1112 10011
  1113 10011
  1114 10011
  1115 10011
  1116 10011
  1117 10011
  1118 10011
  1119 10011
  1120 10011
  1121 10011
  1122 10011
  1123 10011
  1124 10011
  1125 10011
  1126 10011
  1127 10011
  1128 10011
  1129 10011
  1130 10011
  1131 10011
  1132 10011
  1133 10011
  1134 10011
  1135 10011
  1136 10011
  1137 10011
  1138 10011
  1139 10011
  1140 10011
  1141 10011
  1142 10011
  1143 10011
  1144 10011
  1145 10011
  1146 10011
  1147 10011
  1148 10011
  1149 10011
  1150 10011
  1151 10011
  1152 10011
  1153 10011
  1154 10011
  1155 10011
  1156 10011
  1157 10011
  1158 10011
  1159 10011
  1160 10011
  1161 10011
  1162 10011
  1163 10011
  1164 10011
  1165 10011
  1166 10011
  1167 10011
  1168 10011
  1169 10011
  1170 10011
  1171 10011
  1172 10011
  1173 10011
  1174 10011
  1175 10011
  1176 10011
  1177 10011
  1178 10011
  1179 10011
  1180 10011
  1181 10011
  1182 10011
  1183 10011
  1184 10011
  1185 10011
  1186 10011
  1187 10011
  1188 10011
  1189 10011
  1190 10011
  1191 10011
  1192 10011
  1193 10011
  1194 10011
  1195 10011
  1196 10011
  1197 10011
  1198 10011
  1199 10011
  1200 10011
  1201 10011
  1202 10011
  1203 10011
  1204 10011
  1205 10011
  1206 10011
  1207 10011
  1208 10011
  1209 10011
  1210 10011
  1211 10011
  1212 10011
  1213 10011
  1214 10011
  1215 10011
  1216 10011
  1217 10011
  1218 10011
  1219 10011
  1220 10011
  1221 10011
  1222 10011
  1223 10011
  1224 10011
  1225 10011
  1226 10011
  1227 10011
  1228 10011
  1229 10011
  1230 10011
  1231 10011
  1232 10011
  1233 10011
  1234 10011
  1235 10011
  1236 10011
  1237 10011
  1238 10011
  1239 10011
  1240 10011
  1241 10011
  1242 10011
  1243 10011
  1244 10011
  1245 10011
  1246 10011
  1247 10011
  1248 10011
  1249 10011
  1250 10011
  1251 10011
  1252 10011
  1253 10011
  1254 10011
  1255 10011
  1256 10011
  1257 10011
  1263 10039
  1264 10039
  1265 10039
  1266 10039
  1267 10039
  1268 10039
  1269 10039
  1270 10123
  1271 10123
  1272 10101
  1273 10101
  1275 10039
  1276 10039
  1277 10039
  1278 10039
  1279 10039
  1280 10039
  1281 10039
  1282 10039
  1283 10039
  1284 10039
  1285 10039
  1286 10039
  1287 10039
  1288 10039
  1289 10039
  1290 10039
  1291 10039
  1292 10039
  1293 10039
  1294 10039
  1295 10039
  1296 10039
  1297 10039
  1298 10039
  1299 10039
  1300 10039
  1301 10039
  1302 10039
  1303 10039
  1304 10039
  1305 10039
  1306 10039
  1307 10039
  1308 10039
  1309 10039
  1310 10039
  1311 10039
  1312 10039
  1313 10039
  1314 10039
  1315 10039
  1316 10039
  1317 10039
  1318 10039
  1319 10039
  1320 10039
  1321 10039
  1322 10039
  1323 10039
  1324 10039
  1325 10039
  1326 10039
  1327 10039
  1328 10039
  1329 10039
  1330 10039
  1331 10039
  1332 10039
  1333 10039
  1334 10039
  1335 10039
  1336 10039
  1337 10039
  1338 10039
  1339 10039
  1340 10039
  1341 10039
  1342 10039
  1343 10039
  1344 10039
  1345 10039
  1346 10039
  1347 10039
  1348 10039
  1349 10039
  1350 10039
  1351 10039
  1352 10039
  1353 10039
  1354 10039
  1355 10039
  1356 10039
  1357 10039
  1358 10039
  1359 10039
  1360 10039
  1361 10039
  1362 10039
  1363 10039
  1364 10039
  1365 10039
  1366 10039
  1367 10039
  1368 10039
  1369 10039
  1370 10039
  1371 10039
  1372 10039
  1373 10039
  1374 10039
  1375 10039
  1376 10039
  1377 10039
  1378 10039
  1379 10039
  1380 10039
  1381 10039
  1382 10039
  1383 10039
  1384 10039
  1385 10039
  1386 10039
  1387 10039
  1388 10039
  1389 10039
  1390 10039
  1391 10039
  1392 10039
  1393 10039
  1394 10039
  1395 10039
  1396 10039
  1397 10039
  1398 10039
  1399 10039
  1400 10039
  1401 10039
  1402 10039
  1403 10039
  1404 10039
  1405 10039
  1406 10039
  1407 10039
  1408 10039
  1409 10039
  1410 10039
  1411 10039
  1412 10039
  1413 10039
  1414 10039
  1415 10039
  1416 10039
  1417 10039
  1418 10039
  1419 10039
  1420 10039
  1421 10039
  1422 10039
  1423 10039
  1424 10039
  1425 10039
  1426 10039
  1427 10039
  1428 10039
  1429 10039
  1430 10039
  1431 10039
  1432 10039
  1433 10039
  1434 10039
  1435 10039
  1436 10039
  1437 10039
  1438 10039
  1439 10039
  1440 10039
  1441 10039
  1442 10039
  1443 10039
  1444 10039
  1445 10039
  1446 10039
  1447 10039
  1448 10039
  1449 10039
  1450 10039
  1451 10039
  1452 10039
  1453 10039
  1454 10039
  1455 10039
  1456 10039
  1457 10039
  1458 10039
  1459 10039
  1460 10039
  1461 10039
  1462 10039
  1463 10039
  1464 10039
  1465 10039
  1466 10039
  1467 10039
  1468 10039
  1469 10039
  1470 10039
  1471 10039
  1472 10039
  1473 10039
  1474 10039
  1475 10039
  1476 10039
  1477 10039
  1478 10039
  1479 10039
  1480 10039
  1481 10039
  1482 10039
  1483 10039
  1484 10039
  1485 10039
  1486 10039
  1487 10039
  1488 10039
  1489 10039
  1490 10039
  1491 10039
  1492 10039
  1493 10039
  1494 10039
  1495 10039
  1496 10039
  1497 10039
  1498 10039
  1499 10039
  1500 10039
  1501 10067
  1502 10067
  1503 10067
  1504 10067
  1505 10067
  1506 10067
  1507 10067
  1508 10067
  1509 10067
  1510 10067
  1511 10067
  1512 10067
  1513 10067
  1514 10067
  1515 10067
  1516 10067
  1517 10067
  1518 10067
  1519 10067
  1520 10067
  1521 10067
  1522 10067
  1523 10067
  1524 10067
  1525 10067
  1526 10067
  1527 10067
  1528 10067
  1529 10067
  1530 10067
  1531 10067
  1532 10067
  1533 10067
  1534 10067
  1535 10067
  1536 10067
  1537 10067
  1538 10067
  1539 10067
  1540 10067
  1541 10067
  1542 10067
  1543 10067
  1544 10067
  1545 10067
  1546 10067
  1547 10067
  1548 10067
  1549 10067
  1550 10067
  1551 10067
  1552 10067
  1553 10067
  1554 10067
  1555 10067
  1556 10067
  1557 10067
  1558 10067
  1559 10067
  1560 10067
  1561 10067
  1562 10067
  1563 10067
  1564 10067
  1565 10067
  1566 10067
  1567 10067
  1568 10067
  1569 10067
  1570 10067
  1571 10067
  1572 10067
  1573 10067
  1574 10067
  1575 10067
  1576 10067
  1577 10067
  1578 10067
  1579 10067
  1580 10067
  1581 10067
  1582 10067
  1583 10067
  1584 10067
  1585 10067
  1586 10067
  1587 10067
  1588 10067
  1589 10067
  1590 10067
  1591 10067
  1592 10067
  1593 10067
  1594 10067
  1595 10067
  1596 10067
  1597 10067
  1598 10067
  1599 10067
  1600 10067
  1601 10067
  1602 10067
  1603 10067
  1604 10067
  1605 10067
  1606 10067
  1607 10067
  1608 10067
  1609 10067
  1610 10067
  1611 10067
  1612 10067
  1613 10067
  1614 10067
  1615 10067
  1616 10067
  1617 10067
  1618 10067
  1619 10067
  1620 10067
  1624 10081
  1625 10081
  1626 10081
  1627 10167
  1628 10167
  1629 10167
  1630 10081
  1631 10081
  1632 10081
  1633 10081
  1634 10081
  1635 10081
  1636 10081
  1637 10081
  1638 10081
  1639 10081
  1640 10081
  1641 10081
  1642 10081
  1643 10081
  1644 10081
  1645 10081
  1646 10081
  1647 10081
  1648 10081
  1649 10081
  1650 10081
  1651 10081
  1652 10081
  1653 10081
  1654 10081
  1655 10081
  1656 10081
  1657 10081
  1658 10081
  1659 10081
  1660 10081
  1661 10081
  1662 10081
  1663 10081
  1664 10081
  1665 10081
  1666 10081
  1667 10081
  1668 10081
  1669 10081
  1670 10081
  1671 10081
  1672 10081
  1673 10081
  1674 10081
  1675 10081
  1676 10081
  1677 10081
  1678 10081
  1679 10081
  1680 10081
  1681 10081
  1682 10081
  1683 10081
  1684 10081
  1685 10081
  1686 10081
  1687 10081
  1688 10081
  1689 10081
  1690 10081
  1691 10081
  1692 10081
  1693 10081
  1694 10081
  1695 10081
  1696 10081
  1697 10081
  1698 10081
  1699 10081
  1700 10081
  1701 10081
  1702 10081
  1703 10081
  1704 10081
  1705 10081
  1706 10081
  1707 10081
  1708 10081
  1709 10081
  1710 10081
  1711 10081
  1712 10081
  1713 10081
  1714 10081
  1715 10081
  1716 10081
  1717 10081
  1718 10081
  1719 10081
  1720 10081
  1721 10081
  1722 10081
  1723 10081
  1724 10081
  1725 10081
  1726 10081
  1727 10081
  1728 10081
  1729 10081
  1730 10081
  1731 10081
  1732 10081
  1733 10081
  1734 10081
  1735 10081
  1736 10081
  1737 10081
  1738 10081
  1739 10081
  1740 10081
  1741 10081
  1742 10081
  1743 10081
  1744 10081
  1745 10081
  1746 10081
  1747 10081
  1748 10081
  1749 10081
  1750 10081
  1751 10081
  1752 10081
  1753 10081
  1754 10081
  1755 10081
  1756 10081
  1757 10081
  1758 10081
  1759 10081
  1760 10081
  1761 10081
  1762 10081
  1763 10081
  1764 10081
  1765 10081
  1766 10081
  1767 10081
  1768 10081
  1769 10081
  1770 10081
  1771 10081
  1772 10081
  1773 10081
  1774 10081
  1775 10081
  1776 10081
  1777 10081
  1778 10081
  1779 10081
  1780 10081
  1781 10081
  1782 10081
  1783 10081
  1784 10081
  1785 10081
  1786 10081
  1787 10081
  1788 10081
  1789 10081
  1790 10081
  1791 10081
  1792 10081
  1793 10081
  1794 10081
  1795 10081
  1796 10081
  1797 10081
  1798 10081
  1799 10081
  1800 10081
  1801 10081
  1802 10081
  1803 10081
  1804 10081
  1805 10081
  1806 10081
  1807 10081
  1808 10081
  1809 10081
  1810 10081
  1811 10081
  1812 10081
  1813 10081
  1814 10081
  1815 10081
  1816 10081
  1817 10081
  1818 10081
  1819 10081
  1820 10081
  1821 10081
  1822 10081
  1823 10081
  1824 10081
  1825 10081
  1826 10081
  1827 10081
  1828 10081
  1829 10081
  1830 10081
  1831 10081
  1832 10081
  1833 10081
  1834 10081
  1835 10081
  1836 10081
  1837 10081
  1838 10081
  1839 10081
  1840 10081
  1841 10081
  1842 10081
  1843 10081
  1844 10081
  1845 10081
  1846 10081
  1847 10081
  1848 10081
  1849 10081
  1850 10081
  1851 10081
  1852 10081
  1853 10081
  1854 10081
  1855 10081
  1856 10167
  1857 10016
  1858 10016
  1859 10074
  1860 10036
  1861 10036
  1865 10090
  1866 10039
  1867 10039
  1868 10033
  1869 10039
  1870 10039
  1871 10039
  1872 10039
  1873 10039
  1874 10039
  1875 10039
  1876 10039
  1877 10039
  1878 10039
  1879 10039
  1880 10039
  1881 10039
  1882 10039
  1883 10039
  1884 10039
  1885 10039
  1886 10039
  1887 10039
  1888 10039
  1889 10039
  1890 10039
  1891 10039
  1892 10039
  1893 10039
  1894 10039
  1895 10039
  1896 10039
  1897 10039
  1898 10039
  1899 10039
  1900 10039
  1901 10039
  1902 10039
  1903 10039
  1904 10039
  1905 10039
  1906 10039
  1907 10039
  1908 10039
  1909 10039
  1910 10039
  1911 10039
  1912 10039
  1913 10039
  1914 10039
  1915 10039
  1916 10039
  1917 10039
  1918 10039
  1919 10039
  1920 10039
  1921 10039
  1922 10039
  1923 10039
  1924 10039
  1925 10039
  1926 10039
  1927 10039
  1928 10039
  1929 10039
  1930 10039
  1931 10039
  1932 10039
  1933 10039
  1934 10039
  1935 10039
  1936 10039
  1937 10039
  1938 10039
  1939 10039
  1940 10039
  1941 10039
  1942 10039
  1943 10039
  1944 10039
  1945 10039
  1946 10039
  1947 10039
  1948 10039
  1949 10039
  1950 10039
  1951 10039
  1952 10039
  1953 10039
  1954 10039
  1955 10039
  1956 10039
  1957 10039
  1958 10039
  1959 10039
  1960 10039
  1961 10039
  1962 10039
  1963 10039
  1964 10039
  1965 10039
  1966 10039
  1967 10039
  1968 10039
  1969 10039
  1970 10039
  1971 10039
  1972 10039
  1973 10039
  1974 10039
  1975 10039
  1976 10039
  1977 10039
  1978 10039
  1979 10039
  1980 10039
  1981 10039
  1982 10039
  1983 10039
  1984 10039
  1985 10039
  1986 10039
  1987 10039
  1988 10039
  1989 10039
  1990 10039
  1991 10039
  1992 10039
  1993 10039
  1994 10039
  1995 10039
  1996 10039
  1997 10039
  1998 10039
  1999 10039
  2000 10039
  2001 10039
  2002 10039
  2003 10039
  2004 10039
  2005 10039
  2006 10039
  2007 10039
  2008 10039
  2009 10039
  2010 10039
  2011 10039
  2012 10039
  2013 10039
  2014 10039
  2015 10039
  2016 10039
  2017 10039
  2018 10039
  2019 10039
  2020 10039
  2021 10039
  2022 10039
  2023 10039
  2024 10039
  2025 10039
  2026 10039
  2027 10039
  2028 10039
  2029 10039
  2030 10039
  2031 10039
  2032 10039
  2033 10039
  2034 10039
  2035 10039
  2036 10039
  2037 10039
  2038 10039
  2039 10039
  2040 10039
  2041 10039
  2042 10039
  2043 10039
  2044 10039
  2045 10090
  2046 10090
  2047 10039
  2048 10039
  2049 10039
  2050 10090
  2051 10039
  2052 10090
  2053 10090
  2056 10101
  2057 10050
  2058 10141
  2059 10141
  2061 10134
  2063 10154
  2064 10154
  2065 10154
  2066 10154
  2067 10143
  2068 10154
  2069 10016
  2070 10016
  2071 10016
