   689 10074
   690 10081
   691 10081
   692 10081
   693 10081
   694 10081
   695 10081
   696 10081
   697 10081
   698 10081
   699 10081
   700 10081
   701 10081
   702 10081
   703 10081
   704 10081
   705 10081
   706 10081
   707 10081
   708 10081
   709 10081
   710 10081
   711 10081
   712 10081
   713 10081
   714 10081
   715 10081
   716 10081
   717 10081
   718 10081
   719 10081
   720 10081
   721 10081
   722 10081
   723 10081
   724 10081
   725 10081
   726 10081
   727 10081
   728 10081
   729 10081
   730 10081
   731 10081
   732 10081
   733 10081
   734 10081
   735 10081
   736 10081
   737 10081
   738 10081
   739 10081
   740 10081
   741 10081
   742 10081
   743 10081
   744 10081
   745 10081
   746 10081
   747 10081
   748 10081
   749 10081
   750 10081
   751 10081
   752 10081
   753 10081
   754 10081
   755 10081
   756 10081
   757 10081
   758 10081
   759 10081
   760 10081
   761 10081
   762 10081
   763 10081
   764 10081
   765 10081
   766 10081
   767 10081
   768 10081
   769 10081
   770 10081
   771 10081
   772 10081
   773 10081
   774 10081
   775 10081
   776 10081
   777 10081
   778 10081
   779 10081
   780 10081
   781 10167
   782 10081
   783 10081
   784 10081
   785 10081
   786 10081
   787 10081
   788 10115
   789 10115
   790 10107
   791 10107
   792 10107
   793 10107
   794 10107
   795 10107
   796 10107
   797 10107
   798 10107
   799 10107
   800 10107
   801 10107
   802 10107
   803 10107
   804 10107
   805 10107
   806 10107
   807 10107
   808 10107
   809 10130
   831 10115
   832 10107
   833 10107
   834 10107
   835 10107
   836 10107
   837 10107
   838 10107
   839 10107
   840 10107
   841 10107
   842 10107
   843 10107
   844 10107
   845 10107
   846 10107
   847 10107
   848 10107
   849 10107
   850 10107
   851 10107
   852 10107
   853 10107
   854 10107
   855 10107
   856 10107
   857 10107
   858 10107
   859 10107
   860 10107
   861 10107
   862 10107
   863 10107
   864 10107
   865 10107
   866 10107
   867 10107
   868 10107
   869 10107
   870 10107
   871 10107
   872 10107
   873 10107
   874 10107
   875 10107
   876 10107
   877 10107
   878 10107
   879 10107
   880 10107
   881 10107
   882 10107
   883 10107
   884 10107
   885 10107
   886 10107
   887 10107
   888 10107
   889 10107
   890 10107
   891 10107
   892 10107
   893 10107
   894 10107
   895 10107
   896 10107
   897 10107
   898 10107
   899 10107
   900 10107
   901 10107
   902 10107
   903 10107
   904 10107
   905 10107
   906 10107
   907 10107
   908 10107
   909 10107
   910 10107
   911 10107
   912 10107
   913 10107
   914 10107
   915 10107
   916 10107
   917 10107
   918 10107
   919 10107
   920 10107
   921 10107
   922 10107
   923 10107
   924 10107
   925 10107
   926 10107
   927 10107
   928 10107
   929 10107
   930 10107
   931 10107
   932 10107
   933 10107
   934 10107
   935 10107
   936 10107
   937 10107
   938 10107
   939 10107
   940 10107
   941 10107
   942 10107
   943 10107
   944 10107
   945 10107
   946 10107
   947 10107
   948 10107
   949 10107
   950 10107
   951 10107
   952 10107
   953 10107
   954 10107
   955 10107
   956 10107
   957 10107
   958 10107
   959 10107
   960 10107
   961 10107
   962 10107
   963 10107
   964 10107
   965 10107
   966 10107
   967 10107
   968 10107
   969 10107
   970 10107
   971 10107
   972 10107
   973 10107
   974 10107
   975 10107
   976 10107
   977 10107
   978 10107
   979 10107
   980 10107
   981 10107
   982 10107
   983 10107
   984 10107
   985 10107
   986 10107
   987 10107
   988 10107
   989 10107
   990 10107
   991 10107
   992 10107
   993 10107
   994 10107
   995 10107
   996 10107
   997 10107
   998 10107
   999 10107
  1000 10107
  1001 10107
  1002 10107
  1003 10107
  1004 10107
  1005 10107
  1006 10107
  1007 10107
  1008 10107
  1009 10107
  1010 10107
  1021 10081
  1022 10081
  1023 10081
  1024 10167
  1025 10167
  1026 10153
  1027 10081
  1028 10153
  1029 10081
  1030 10081
  1031 10081
  1032 10081
  1033 10074
  1034 10074
  1035 10081
  1036 10081
  1037 10074
  1040 10081
  1041 10081
  1042 10081
  1043 10081
  1044 10081
  1045 10081
  1046 10081
  1047 10081
  1048 10081
  1049 10081
  1050 10081
  1051 10081
  1053 10081
  1055 10081
  1056 10081
  1057 10081
  1058 10074
  1060 10074
  1061 10081
  1062 10081
  1063 10081
  1067 10074
  1068 10074
  1070 10074
  1077 10081
  1078 10081
  1079 10081
  1080 10081
  1081 10081
  1082 10081
  1089 10081
  1092 10081
  1093 10081
  1098 10081
  1099 10081
  1100 10081
  1101 10081
  1102 10081
  1103 10081
  1104 10081
  1105 10081
  1106 10081
  1107 10081
  1108 10081
  1109 10081
  1110 10081
  1111 10081
  1112 10081
  1113 10081
  1114 10081
  1115 10081
  1116 10081
  1117 10081
  1118 10081
  1119 10081
  1120 10081
  1121 10081
  1122 10081
  1129 10081
  1131 10081
  1132 10081
  1133 10081
  1134 10081
  1135 10081
  1136 10081
  1137 10081
  1138 10081
  1140 10081
  1146 10081
  1147 10081
  1148 10081
  1149 10081
  1150 10016
  1151 10016
  1152 10016
  1168 10081
  1169 10081
  1170 10081
  1171 10081
  1172 10081
  1173 10081
  1174 10081
  1175 10074
  1176 10081
  1177 10074
  1178 10081
  1179 10081
  1180 10081
  1198 10081
  1204 10081
  1206 10081
  1207 10081
  1228 10081
  1229 10081
  1236 10081
  1238 10074
  1240 10166
  1241 10166
  1242 10166
  1243 10116
  1244 10116
  1245 10116
  1246 10116
  1247 10116
  1248 10166
  1249 10166
  1250 10074
  1258 10167
  1259 10167
  1260 10167
  1261 10081
  1262 10081
  1263 10081
  1264 10081
  1265 10081
  1266 10081
  1267 10081
  1268 10081
  1269 10081
  1270 10081
  1271 10081
  1272 10081
  1273 10081
  1274 10081
  1275 10081
  1276 10081
  1277 10081
  1278 10081
  1279 10081
  1280 10081
  1281 10081
  1282 10081
  1283 10081
  1284 10081
  1285 10081
  1286 10081
  1287 10081
  1288 10081
  1289 10081
  1290 10081
  1291 10081
  1292 10081
  1293 10081
  1294 10081
  1295 10081
  1296 10081
  1297 10081
  1298 10081
  1299 10081
  1300 10081
  1301 10081
  1302 10081
  1303 10081
  1304 10081
  1305 10081
  1306 10081
  1307 10081
  1308 10081
  1309 10081
  1310 10081
  1311 10081
  1312 10081
  1313 10081
  1314 10081
  1315 10081
  1316 10081
  1317 10081
  1318 10081
  1319 10081
  1320 10081
  1321 10081
  1322 10081
  1323 10081
  1324 10081
  1325 10081
  1326 10081
  1327 10081
  1328 10081
  1329 10081
  1330 10081
  1331 10081
  1332 10081
  1333 10081
  1334 10081
  1335 10081
  1336 10081
  1337 10081
  1338 10081
  1339 10081
  1340 10081
  1341 10081
  1342 10081
  1343 10081
  1344 10081
  1345 10081
  1346 10081
  1347 10081
  1348 10081
  1349 10081
  1350 10081
  1351 10081
  1352 10081
  1353 10081
  1354 10081
  1355 10081
  1356 10081
  1357 10081
  1358 10081
  1359 10081
  1360 10081
  1361 10081
  1362 10081
  1363 10081
  1364 10081
  1365 10081
  1366 10081
  1367 10081
  1368 10081
  1369 10081
  1370 10081
  1371 10081
  1372 10081
  1373 10081
  1374 10081
  1375 10081
  1376 10081
  1377 10081
  1378 10081
  1379 10081
  1380 10081
  1381 10081
  1382 10081
  1383 10081
  1384 10081
  1385 10081
  1386 10081
  1387 10081
  1388 10081
  1389 10081
  1390 10081
  1391 10081
  1392 10081
  1393 10081
  1394 10081
  1395 10081
  1396 10081
  1397 10081
  1398 10081
  1399 10081
  1400 10081
  1401 10081
  1402 10081
  1403 10081
  1404 10081
  1405 10081
  1406 10081
  1407 10081
  1408 10081
  1409 10081
  1410 10081
  1411 10081
  1412 10081
  1413 10081
  1414 10081
  1415 10081
  1416 10081
  1417 10081
  1418 10081
  1419 10081
  1420 10081
  1421 10081
  1422 10081
  1423 10081
  1424 10081
  1425 10081
  1426 10081
  1427 10081
  1428 10081
  1429 10081
  1430 10081
  1431 10081
  1432 10081
  1433 10081
  1434 10081
  1435 10081
  1436 10081
  1437 10081
  1438 10081
  1439 10081
  1440 10081
  1441 10081
  1442 10081
  1443 10081
  1444 10081
  1445 10081
  1446 10081
  1447 10081
  1448 10081
  1449 10081
  1450 10081
  1451 10081
  1452 10081
  1453 10081
  1454 10081
  1455 10081
  1456 10081
  1457 10081
  1458 10081
  1459 10081
  1460 10081
  1461 10081
  1462 10081
  1463 10081
  1464 10081
  1465 10081
  1466 10081
  1467 10081
  1468 10081
  1469 10081
  1470 10081
  1471 10081
  1472 10081
  1473 10081
  1474 10081
  1475 10081
  1476 10081
  1477 10081
  1478 10081
  1479 10081
  1480 10081
  1481 10081
  1482 10081
  1483 10081
  1484 10081
  1485 10081
  1486 10081
  1487 10081
  1488 10081
  1489 10081
  1490 10081
  1491 10081
  1492 10081
  1493 10081
  1494 10081
  1495 10081
  1496 10081
  1497 10081
  1498 10081
  1499 10081
  1500 10081
  1501 10081
  1502 10081
  1503 10081
  1504 10167
  1505 10081
  1506 10081
  1507 10081
  1508 10081
  1509 10081
  1510 10081
  1511 10167
  1512 10167
  1513 10167
  1514 10167
  1515 10167
  1516 10081
  1517 10081
  1518 10081
  1519 10081
  1520 10081
  1521 10081
  1522 10081
  1523 10081
  1524 10081
  1525 10081
  1526 10081
  1527 10081
  1528 10081
  1529 10081
  1530 10081
  1531 10081
  1532 10081
  1533 10081
  1534 10081
  1535 10081
  1536 10081
  1537 10081
  1538 10081
  1539 10081
  1540 10016
  1541 10081
  1543 10055
  1544 10055
  1545 10106
  1547 10018
  1548 10018
  1549 10018
  1550 10106
  1551 10106
  1552 10055
  1555 10016
  1556 10016
  1557 10081
  1558 10081
  1559 10081
  1560 10081
  1561 10081
  1562 10081
  1563 10081
  1564 10081
  1565 10081
  1566 10081
  1567 10081
  1568 10081
  1569 10081
  1570 10081
  1571 10081
  1572 10081
  1573 10081
  1574 10081
  1575 10081
  1576 10081
  1577 10081
  1578 10081
  1579 10081
  1580 10081
  1581 10081
  1582 10081
  1583 10081
  1584 10081
  1585 10081
  1586 10081
  1587 10081
  1588 10081
  1589 10081
  1590 10081
  1591 10081
  1592 10081
  1593 10081
  1594 10081
  1595 10081
  1596 10081
  1597 10081
  1598 10081
  1599 10081
  1600 10081
  1601 10081
  1602 10081
  1603 10081
  1604 10081
  1605 10081
  1606 10081
  1607 10081
  1608 10081
  1609 10081
  1610 10081
  1611 10081
  1612 10081
  1613 10081
  1614 10081
  1615 10081
  1616 10016
  1617 10016
  1618 10016
  1619 10167
  1620 10167
  1621 10081
  1622 10081
  1623 10081
  1624 10081
  1625 10081
  1626 10081
  1627 10167
  1628 10167
  1629 10167
  1630 10081
  1631 10081
  1632 10081
  1633 10081
  1634 10081
  1635 10081
  1636 10081
  1637 10081
  1638 10081
  1639 10081
  1640 10081
  1641 10081
  1642 10081
  1643 10081
  1644 10081
  1645 10081
  1646 10081
  1647 10081
  1648 10081
  1649 10081
  1650 10081
  1651 10081
  1652 10081
  1653 10081
  1654 10081
  1655 10081
  1656 10081
  1657 10081
  1658 10081
  1659 10081
  1660 10081
  1661 10081
  1662 10081
  1663 10081
  1664 10081
  1665 10081
  1666 10081
  1667 10081
  1668 10081
  1669 10081
  1670 10081
  1671 10081
  1672 10081
  1673 10081
  1674 10081
  1675 10081
  1676 10081
  1677 10081
  1678 10081
  1679 10081
  1680 10081
  1681 10081
  1682 10081
  1683 10081
  1684 10081
  1685 10081
  1686 10081
  1687 10081
  1688 10081
  1689 10081
  1690 10081
  1691 10081
  1692 10081
  1693 10081
  1694 10081
  1695 10081
  1696 10081
  1697 10081
  1698 10081
  1699 10081
  1700 10081
  1701 10081
  1702 10081
  1703 10081
  1704 10081
  1705 10081
  1706 10081
  1707 10081
  1708 10081
  1709 10081
  1710 10081
  1711 10081
  1712 10081
  1713 10081
  1714 10081
  1715 10081
  1716 10081
  1717 10081
  1718 10081
  1719 10081
  1720 10081
  1721 10081
  1722 10081
  1723 10081
  1724 10081
  1725 10081
  1726 10081
  1727 10081
  1728 10081
  1729 10081
  1730 10081
  1731 10081
  1732 10081
  1733 10081
  1734 10081
  1735 10081
  1736 10081
  1737 10081
  1738 10081
  1739 10081
  1740 10081
  1741 10081
  1742 10081
  1743 10081
  1744 10081
  1745 10081
  1746 10081
  1747 10081
  1748 10081
  1749 10081
  1750 10081
  1751 10081
  1752 10081
  1753 10081
  1754 10081
  1755 10081
  1756 10081
  1757 10081
  1758 10081
  1759 10081
  1760 10081
  1761 10081
  1762 10081
  1763 10081
  1764 10081
  1765 10081
  1766 10081
  1767 10081
  1768 10081
  1769 10081
  1770 10081
  1771 10081
  1772 10081
  1773 10081
  1774 10081
  1775 10081
  1776 10081
  1777 10081
  1778 10081
  1779 10081
  1780 10081
  1781 10081
  1782 10081
  1783 10081
  1784 10081
  1785 10081
  1786 10081
  1787 10081
  1788 10081
  1789 10081
  1790 10081
  1791 10081
  1792 10081
  1793 10081
  1794 10081
  1795 10081
  1796 10081
  1797 10081
  1798 10081
  1799 10081
  1800 10081
  1801 10081
  1802 10081
  1803 10081
  1804 10081
  1805 10081
  1806 10081
  1807 10081
  1808 10081
  1809 10081
  1810 10081
  1811 10081
  1812 10081
  1813 10081
  1814 10081
  1815 10081
  1816 10081
  1817 10081
  1818 10081
  1819 10081
  1820 10081
  1821 10081
  1822 10081
  1823 10081
  1824 10081
  1825 10081
  1826 10081
  1827 10081
  1828 10081
  1829 10081
  1830 10081
  1831 10081
  1832 10081
  1833 10081
  1834 10081
  1835 10081
  1836 10081
  1837 10081
  1838 10081
  1839 10081
  1840 10081
  1841 10081
  1842 10081
  1843 10081
  1844 10081
  1845 10081
  1846 10081
  1847 10081
  1848 10081
  1849 10081
  1850 10081
  1851 10081
  1852 10081
  1853 10081
  1854 10081
  1855 10081
  1856 10167
  1857 10167
  1858 10167
  1859 10081
  1860 10081
  1861 10081
  1862 10081
  1863 10081
  1864 10081
  1865 10081
  1866 10081
  1867 10081
  1868 10081
  1869 10081
  1870 10081
  1871 10081
  1872 10081
  1873 10081
  1874 10081
  1875 10081
  1876 10081
  1877 10081
  1878 10081
  1879 10081
  1880 10081
  1881 10081
  1882 10081
  1883 10081
  1884 10081
  1885 10081
  1886 10081
  1887 10081
  1888 10081
  1889 10081
  1890 10081
  1891 10081
  1892 10081
  1893 10081
  1894 10081
  1895 10081
  1896 10081
  1897 10081
  1898 10081
  1899 10081
  1900 10081
  1901 10081
  1902 10081
  1903 10081
  1904 10081
  1905 10081
  1906 10081
  1907 10081
  1908 10081
  1909 10081
  1910 10081
  1911 10081
  1912 10081
  1913 10081
  1914 10081
  1915 10081
  1916 10081
  1917 10081
  1918 10081
  1919 10081
  1920 10081
  1921 10081
  1922 10081
  1923 10081
  1924 10081
  1925 10081
  1926 10081
  1927 10081
  1928 10081
  1929 10081
  1930 10081
  1931 10081
  1932 10081
  1933 10081
  1934 10081
  1935 10081
  1936 10081
  1937 10081
  1938 10081
  1939 10081
  1940 10081
  1941 10081
  1942 10081
  1943 10081
  1944 10081
  1945 10081
  1946 10081
  1947 10081
  1948 10081
  1949 10081
  1950 10081
  1951 10081
  1952 10081
  1953 10081
  1954 10081
  1955 10081
  1956 10081
  1957 10081
  1958 10081
  1959 10081
  1960 10081
  1961 10081
  1962 10081
  1963 10081
  1964 10081
  1965 10081
  1966 10081
  1967 10081
  1968 10081
  1969 10081
  1970 10081
  1971 10081
  1972 10081
  1973 10081
  1974 10081
  1975 10081
  1976 10081
  1977 10081
  1978 10081
  1979 10081
  1980 10081
  1981 10081
  1982 10081
  1983 10081
  1984 10081
  1985 10081
  1986 10081
  1987 10081
  1988 10081
  1989 10081
  1990 10081
  1991 10081
  1992 10081
  1993 10081
  1994 10081
  1995 10081
  1996 10081
  1997 10081
  1998 10081
  1999 10081
  2000 10081
  2001 10081
  2002 10081
  2003 10081
  2004 10081
  2005 10081
  2006 10081
  2007 10081
  2008 10081
  2009 10081
  2010 10081
  2011 10081
  2012 10081
  2013 10081
  2014 10081
  2015 10081
  2016 10081
  2017 10081
  2018 10081
  2019 10081
  2020 10081
  2021 10081
  2022 10081
  2023 10081
  2024 10081
  2025 10081
