   683 10018
   684 10018
   685 10018
   686 10018
   687 10018
   688 10018
   689 10018
   690 10018
   691 10018
   692 10018
   693 10018
   694 10018
   695 10018
   696 10018
   697 10018
   698 10018
   699 10018
   700 10018
   701 10018
   702 10018
   703 10018
   704 10018
   705 10018
   706 10018
   707 10018
   708 10018
   709 10018
   710 10018
   711 10018
   712 10018
   713 10018
   714 10018
   715 10018
   716 10018
   717 10018
   718 10018
   719 10018
   720 10018
   721 10018
   722 10018
   723 10018
   724 10018
   725 10018
   726 10018
   727 10018
   728 10018
   729 10018
   730 10018
   731 10018
   732 10018
   733 10018
   734 10018
   735 10018
   736 10018
   737 10018
   738 10018
   739 10018
   740 10018
   741 10018
   742 10018
   743 10018
   744 10018
   745 10018
   746 10018
   747 10018
   748 10018
   749 10018
   750 10018
   751 10018
   752 10018
   753 10018
   754 10018
   755 10018
   756 10018
   757 10018
   758 10018
   759 10018
   760 10018
   761 10018
   762 10018
   763 10018
   764 10018
   765 10018
   766 10018
   767 10018
   768 10018
   769 10018
   770 10018
   771 10018
   772 10018
   773 10018
   774 10018
   775 10018
   776 10018
   777 10018
   778 10018
   779 10018
   780 10018
   781 10154
   782 10154
   783 10154
   784 10156
   785 10156
   786 10156
   787 10156
   788 10156
   789 10156
   790 10156
   791 10156
   792 10156
   793 10156
   794 10156
   795 10156
   796 10156
   797 10156
   798 10156
   799 10156
   800 10156
   801 10156
   802 10156
   803 10156
   804 10156
   805 10156
   806 10156
   807 10156
   808 10156
   809 10156
   810 10156
   811 10156
   812 10156
   813 10156
   814 10156
   815 10156
   816 10156
   817 10156
   818 10156
   819 10156
   820 10156
   821 10156
   822 10156
   823 10156
   824 10156
   825 10156
   826 10156
   827 10156
   828 10156
   829 10156
   830 10156
   831 10156
   832 10156
   833 10156
   834 10156
   835 10156
   836 10156
   837 10156
   838 10156
   839 10156
   840 10156
   841 10156
   842 10156
   843 10156
   844 10156
   845 10156
   846 10156
   847 10156
   848 10156
   849 10156
   850 10156
   851 10156
   852 10156
   853 10156
   854 10156
   855 10156
   856 10156
   857 10156
   858 10156
   859 10156
   860 10156
   861 10156
   862 10156
   863 10156
   864 10156
   865 10156
   866 10156
   867 10156
   868 10156
   869 10156
   870 10156
   871 10156
   872 10156
   873 10156
   874 10156
   875 10156
   876 10156
   877 10156
   878 10156
   879 10156
   880 10156
   881 10156
   882 10156
   883 10156
   884 10156
   885 10156
   886 10156
   887 10156
   888 10156
   889 10156
   890 10156
   891 10156
   892 10156
   893 10156
   894 10156
   895 10156
   896 10156
   897 10156
   898 10156
   899 10156
   900 10156
   901 10156
   902 10156
   903 10156
   904 10156
   905 10156
   906 10156
   907 10156
   908 10156
   909 10156
   910 10156
   911 10156
   912 10156
   913 10156
   914 10156
   915 10156
   916 10156
   917 10156
   918 10156
   919 10156
   920 10156
   921 10156
   922 10156
   923 10156
   924 10156
   925 10156
   926 10156
   927 10156
   928 10156
   929 10156
   930 10156
   931 10156
   932 10156
   933 10156
   934 10156
   935 10156
   936 10156
   937 10156
   938 10156
   939 10156
   940 10156
   941 10156
   942 10156
   943 10156
   944 10156
   945 10156
   946 10156
   947 10156
   948 10156
   949 10156
   950 10156
   951 10156
   952 10156
   953 10156
   954 10156
   955 10156
   956 10156
   957 10156
   958 10156
   959 10156
   960 10156
   961 10156
   962 10156
   963 10156
   964 10156
   965 10156
   966 10156
   967 10156
   968 10156
   969 10156
   970 10156
   971 10156
   972 10156
   973 10156
   974 10156
   975 10156
   976 10156
   977 10156
   978 10156
   979 10156
   980 10156
   981 10156
   982 10156
   983 10156
   984 10156
   985 10156
   986 10156
   987 10156
   988 10156
   989 10156
   990 10156
   991 10156
   992 10156
   993 10156
   994 10156
   995 10156
   996 10156
   997 10156
   998 10156
   999 10156
  1000 10156
  1001 10156
  1002 10156
  1003 10156
  1004 10156
  1005 10156
  1006 10156
  1007 10156
  1008 10156
  1009 10156
  1010 10156
  1011 10156
  1012 10156
  1013 10156
  1014 10156
  1015 10156
  1016 10156
  1017 10156
  1018 10156
  1019 10156
  1020 10156
  1026 10101
  1027 10101
  1028 10101
  1029 10101
  1030 10101
  1031 10101
  1032 10101
  1033 10101
  1034 10101
  1035 10101
  1036 10101
  1037 10101
  1038 10101
  1039 10101
  1040 10101
  1041 10101
  1042 10101
  1043 10101
  1044 10101
  1045 10101
  1046 10101
  1047 10101
  1048 10101
  1049 10101
  1050 10101
  1051 10101
  1052 10101
  1053 10101
  1054 10101
  1055 10101
  1056 10101
  1057 10101
  1058 10101
  1059 10101
  1060 10101
  1061 10101
  1062 10101
  1063 10101
  1064 10101
  1065 10101
  1066 10101
  1067 10101
  1068 10101
  1069 10101
  1070 10101
  1071 10101
  1072 10101
  1073 10101
  1074 10101
  1075 10101
  1076 10101
  1077 10101
  1078 10101
  1079 10101
  1080 10101
  1081 10101
  1082 10101
  1083 10101
  1084 10101
  1085 10101
  1086 10101
  1087 10101
  1088 10101
  1089 10101
  1090 10101
  1091 10101
  1092 10101
  1093 10101
  1094 10101
  1095 10101
  1096 10101
  1097 10101
  1098 10101
  1099 10101
  1100 10101
  1101 10101
  1102 10101
  1103 10101
  1104 10101
  1105 10101
  1106 10101
  1107 10101
  1108 10101
  1109 10101
  1110 10101
  1111 10101
  1112 10101
  1113 10101
  1114 10101
  1115 10101
  1116 10101
  1117 10101
  1118 10101
  1119 10101
  1120 10101
  1121 10101
  1122 10101
  1123 10101
  1124 10101
  1125 10101
  1126 10101
  1127 10101
  1128 10101
  1129 10101
  1130 10101
  1131 10101
  1132 10101
  1133 10101
  1134 10101
  1135 10101
  1136 10101
  1137 10101
  1138 10101
  1139 10101
  1140 10101
  1141 10101
  1142 10101
  1143 10101
  1144 10101
  1145 10101
  1146 10101
  1147 10101
  1148 10101
  1149 10101
  1150 10101
  1151 10101
  1152 10101
  1153 10101
  1154 10101
  1155 10101
  1156 10101
  1157 10101
  1158 10101
  1159 10101
  1160 10101
  1161 10101
  1162 10101
  1163 10101
  1164 10101
  1165 10101
  1166 10101
  1167 10101
  1168 10101
  1169 10101
  1170 10101
  1171 10101
  1172 10101
  1173 10101
  1174 10101
  1175 10101
  1176 10101
  1177 10101
  1178 10101
  1179 10101
  1180 10101
  1181 10101
  1182 10101
  1183 10101
  1184 10101
  1185 10101
  1186 10101
  1187 10101
  1188 10101
  1189 10101
  1190 10101
  1191 10101
  1192 10101
  1193 10101
  1194 10101
  1195 10101
  1196 10101
  1197 10101
  1198 10101
  1199 10101
  1200 10101
  1201 10101
  1202 10101
  1203 10101
  1204 10101
  1205 10101
  1206 10101
  1207 10101
  1208 10101
  1209 10101
  1210 10101
  1211 10101
  1212 10101
  1213 10101
  1214 10101
  1215 10101
  1216 10101
  1217 10101
  1218 10101
  1219 10101
  1220 10101
  1221 10101
  1222 10101
  1223 10101
  1224 10101
  1225 10101
  1226 10101
  1227 10101
  1228 10101
  1229 10101
  1230 10101
  1231 10101
  1232 10101
  1233 10101
  1234 10101
  1235 10101
  1236 10101
  1237 10101
  1238 10101
  1239 10101
  1240 10101
  1241 10101
  1242 10101
  1243 10101
  1244 10101
  1245 10101
  1246 10101
  1247 10101
  1248 10101
  1249 10101
  1250 10101
  1251 10101
  1252 10101
  1253 10101
  1254 10101
  1255 10101
  1256 10101
  1257 10101
  1258 10158
  1259 10140
  1260 10140
  1261 10018
  1262 10018
  1263 10018
  1264 10018
  1265 10040
  1266 10106
  1267 10040
  1268 10040
  1269 10040
  1270 10040
  1271 10040
  1272 10040
  1273 10040
  1274 10040
  1275 10152
  1276 10152
  1277 10152
  1278 10152
  1279 10152
  1280 10152
  1281 10152
  1282 10152
  1283 10152
  1284 10152
  1285 10152
  1286 10152
  1287 10152
  1288 10152
  1289 10152
  1290 10152
  1291 10152
  1292 10152
  1293 10152
  1294 10152
  1295 10152
  1296 10152
  1297 10152
  1298 10152
  1299 10152
  1300 10152
  1301 10152
  1302 10152
  1303 10152
  1304 10152
  1305 10152
  1306 10152
  1307 10152
  1308 10152
  1309 10152
  1310 10152
  1311 10152
  1312 10152
  1313 10152
  1314 10152
  1315 10152
  1316 10152
  1317 10152
  1318 10152
  1319 10152
  1320 10152
  1321 10152
  1322 10152
  1323 10152
  1324 10152
  1325 10152
  1326 10152
  1327 10152
  1328 10152
  1329 10152
  1330 10152
  1331 10152
  1332 10152
  1333 10152
  1334 10152
  1335 10152
  1336 10152
  1337 10152
  1338 10152
  1339 10152
  1340 10152
  1341 10152
  1342 10152
  1343 10152
  1344 10152
  1345 10152
  1346 10152
  1347 10152
  1348 10152
  1349 10152
  1350 10152
  1351 10152
  1352 10152
  1353 10152
  1354 10152
  1355 10152
  1356 10152
  1357 10152
  1358 10152
  1359 10152
  1360 10152
  1361 10152
  1362 10152
  1363 10152
  1364 10152
  1365 10152
  1366 10152
  1367 10152
  1368 10152
  1369 10152
  1370 10152
  1371 10152
  1372 10152
  1373 10152
  1374 10152
  1375 10152
  1376 10152
  1377 10152
  1378 10152
  1379 10152
  1380 10152
  1381 10152
  1382 10152
  1383 10152
  1384 10152
  1385 10152
  1386 10152
  1387 10152
  1388 10152
  1389 10152
  1390 10152
  1391 10152
  1392 10152
  1393 10152
  1394 10152
  1395 10152
  1396 10152
  1397 10152
  1398 10152
  1399 10152
  1400 10152
  1401 10152
  1402 10152
  1403 10152
  1404 10152
  1405 10152
  1406 10152
  1407 10152
  1408 10152
  1409 10152
  1410 10152
  1411 10152
  1412 10152
  1413 10152
  1414 10152
  1415 10152
  1416 10152
  1417 10152
  1418 10152
  1419 10152
  1420 10152
  1421 10152
  1422 10152
  1423 10152
  1424 10152
  1425 10152
  1426 10152
  1427 10152
  1428 10152
  1429 10152
  1430 10152
  1431 10152
  1432 10152
  1433 10152
  1434 10152
  1435 10152
  1436 10152
  1437 10152
  1438 10152
  1439 10152
  1440 10152
  1441 10152
  1442 10152
  1443 10152
  1444 10152
  1445 10152
  1446 10152
  1447 10152
  1448 10152
  1449 10152
  1450 10152
  1451 10152
  1452 10152
  1453 10152
  1454 10152
  1455 10152
  1456 10152
  1457 10152
  1458 10152
  1459 10152
  1460 10152
  1461 10152
  1462 10152
  1463 10152
  1464 10152
  1465 10152
  1466 10152
  1467 10152
  1468 10152
  1469 10152
  1470 10152
  1471 10152
  1472 10152
  1473 10152
  1474 10152
  1475 10152
  1476 10152
  1477 10152
  1478 10152
  1479 10152
  1480 10152
  1481 10152
  1482 10152
  1483 10152
  1484 10152
  1485 10152
  1486 10152
  1487 10152
  1488 10152
  1489 10152
  1490 10152
  1491 10152
  1492 10152
  1493 10152
  1494 10152
  1495 10152
  1496 10152
  1497 10152
  1498 10152
  1499 10152
  1500 10152
  1501 10006
  1502 10006
  1503 10006
  1504 10006
  1505 10006
  1506 10006
  1507 10006
  1508 10006
  1509 10006
  1510 10152
  1511 10152
  1512 10152
  1513 10152
  1514 10006
  1515 10006
  1516 10006
  1517 10006
  1518 10006
  1519 10006
  1520 10006
  1521 10006
  1522 10006
  1523 10006
  1524 10006
  1525 10006
  1526 10006
  1527 10006
  1528 10006
  1529 10006
  1530 10006
  1531 10006
  1532 10006
  1533 10006
  1534 10006
  1535 10006
  1536 10006
  1537 10006
  1538 10006
  1539 10006
  1540 10006
  1541 10006
  1542 10006
  1543 10006
  1544 10006
  1545 10006
  1546 10006
  1547 10006
  1548 10006
  1549 10006
  1550 10006
  1551 10006
  1552 10006
  1553 10006
  1554 10006
  1555 10006
  1556 10006
  1557 10006
  1558 10006
  1559 10006
  1560 10006
  1561 10006
  1562 10006
  1563 10006
  1564 10006
  1565 10006
  1566 10006
  1567 10006
  1568 10006
  1569 10006
  1570 10006
  1571 10006
  1572 10006
  1573 10006
  1574 10006
  1575 10006
  1576 10006
  1577 10006
  1578 10006
  1579 10006
  1580 10006
  1581 10006
  1582 10006
  1583 10006
  1584 10006
  1585 10006
  1586 10006
  1587 10006
  1588 10006
  1589 10006
  1590 10006
  1591 10006
  1592 10006
  1593 10006
  1594 10006
  1595 10006
  1596 10006
  1597 10006
  1598 10006
  1599 10006
  1600 10006
  1601 10006
  1602 10006
  1603 10006
  1604 10006
  1605 10006
  1606 10006
  1607 10006
  1608 10006
  1609 10006
  1610 10006
  1611 10006
  1612 10006
  1613 10006
  1614 10006
  1615 10006
  1616 10152
  1617 10152
  1621 10043
  1622 10043
  1624 10043
  1630 10108
  1631 10108
  1632 10108
  1633 10108
  1634 10108
  1635 10108
  1636 10108
  1637 10108
  1638 10108
  1639 10108
  1640 10108
  1641 10108
  1642 10108
  1643 10108
  1644 10108
  1645 10108
  1646 10108
  1647 10108
  1648 10108
  1649 10108
  1650 10108
  1651 10108
  1652 10108
  1653 10108
  1654 10108
  1655 10108
  1656 10108
  1657 10108
  1658 10108
  1659 10108
  1660 10108
  1661 10108
  1662 10108
  1663 10108
  1664 10108
  1665 10108
  1666 10108
  1667 10108
  1668 10108
  1669 10108
  1670 10108
  1671 10108
  1672 10108
  1673 10108
  1674 10108
  1675 10108
  1676 10108
  1677 10108
  1678 10108
  1679 10108
  1680 10108
  1681 10108
  1682 10108
  1683 10108
  1684 10108
  1685 10108
  1686 10108
  1687 10108
  1688 10108
  1689 10108
  1690 10108
  1691 10108
  1692 10108
  1693 10108
  1694 10108
  1695 10108
  1696 10108
  1697 10108
  1698 10108
  1699 10108
  1700 10108
  1701 10108
  1702 10108
  1703 10108
  1704 10108
  1705 10108
  1706 10108
  1707 10108
  1708 10108
  1709 10108
  1710 10108
  1711 10108
  1712 10108
  1713 10108
  1714 10108
  1715 10108
  1716 10108
  1717 10108
  1718 10108
  1719 10108
  1720 10108
  1721 10108
  1722 10108
  1723 10108
  1724 10108
  1725 10108
  1726 10108
  1727 10108
  1728 10108
  1729 10108
  1730 10108
  1731 10108
  1732 10108
  1733 10108
  1734 10108
  1735 10108
  1736 10108
  1737 10108
  1738 10108
  1739 10108
  1740 10108
  1741 10108
  1742 10108
  1743 10108
  1744 10108
  1745 10108
  1746 10108
  1747 10108
  1748 10108
  1749 10108
  1750 10108
  1751 10108
  1752 10108
  1753 10108
  1754 10108
  1755 10108
  1756 10108
  1757 10108
  1758 10108
  1759 10108
  1760 10108
  1761 10108
  1762 10108
  1763 10108
  1764 10108
  1765 10108
  1766 10108
  1767 10108
  1768 10108
  1769 10108
  1770 10108
  1771 10108
  1772 10108
  1773 10108
  1774 10108
  1775 10108
  1776 10108
  1777 10108
  1778 10108
  1779 10108
  1780 10108
  1781 10108
  1782 10108
  1783 10108
  1784 10108
  1785 10108
  1786 10108
  1787 10108
  1788 10108
  1789 10108
  1790 10108
  1791 10108
  1792 10108
  1793 10108
  1794 10108
  1795 10108
  1796 10108
  1797 10108
  1798 10108
  1799 10108
  1800 10108
  1801 10108
  1802 10108
  1803 10108
  1804 10108
  1805 10108
  1806 10108
  1807 10108
  1808 10108
  1809 10108
  1810 10108
  1811 10108
  1812 10108
  1813 10108
  1814 10108
  1815 10108
  1816 10108
  1817 10108
  1818 10108
  1819 10108
  1820 10108
  1821 10108
  1822 10108
  1823 10108
  1824 10108
  1825 10108
  1826 10108
  1827 10108
  1828 10108
  1829 10108
  1830 10108
  1831 10108
  1832 10108
  1833 10108
  1834 10108
  1835 10108
  1836 10108
  1837 10108
  1838 10108
  1839 10108
  1840 10108
  1841 10108
  1842 10108
  1843 10108
  1844 10108
  1845 10108
  1846 10108
  1847 10108
  1848 10108
  1849 10108
  1850 10108
  1851 10108
  1852 10108
  1853 10108
  1854 10108
  1855 10108
  1856 10125
  1857 10125
  1858 10125
  1859 10125
  1860 10125
  1862 10108
  1863 10108
  1864 10108
  1865 10108
  1866 10007
  1870 10007
  1871 10007
  1872 10007
  1873 10007
  1874 10007
  1875 10007
  1876 10007
  1877 10007
  1878 10007
  1879 10007
  1880 10007
  1881 10007
  1882 10007
  1883 10007
  1884 10007
  1885 10007
  1886 10007
  1887 10007
  1888 10007
  1889 10007
  1890 10007
  1891 10007
  1892 10007
  1893 10007
  1894 10007
  1895 10007
  1896 10007
  1897 10007
  1898 10007
  1899 10007
  1900 10007
  1901 10007
  1902 10007
  1903 10007
  1904 10007
  1905 10007
  1906 10007
  1907 10007
  1908 10007
  1909 10007
  1910 10007
  1911 10007
  1912 10007
  1913 10007
  1914 10007
  1915 10007
  1916 10007
  1917 10007
  1918 10007
  1919 10007
  1920 10007
  1921 10007
  1922 10007
  1923 10007
  1924 10007
  1925 10007
  1926 10007
  1927 10007
  1928 10007
  1929 10007
  1930 10007
  1931 10007
  1932 10007
  1933 10007
  1934 10007
  1935 10007
  1936 10007
  1937 10007
  1938 10007
  1939 10007
  1940 10007
  1941 10007
  1942 10007
  1943 10007
  1944 10007
  1945 10007
  1946 10007
  1947 10007
  1948 10007
  1949 10007
  1950 10007
  1951 10007
  1952 10007
  1953 10007
  1954 10007
  1955 10007
  1956 10007
  1957 10007
  1958 10007
  1959 10007
  1960 10007
  1961 10007
  1962 10007
  1963 10007
  1964 10007
  1965 10007
  1966 10007
  1967 10007
  1968 10007
  1969 10007
  1970 10007
  1971 10007
  1972 10007
  1973 10007
  1974 10007
  1975 10007
  1976 10007
  1977 10007
  1978 10007
  1979 10007
  1980 10007
  1981 10007
  1982 10007
  1983 10007
  1984 10007
  1985 10007
  1986 10007
  1987 10007
  1988 10007
  1989 10007
  1990 10007
  1991 10007
  1992 10007
  1993 10007
  1994 10007
  1995 10007
  1996 10007
  1997 10007
  1998 10007
  1999 10007
  2000 10007
  2001 10007
  2002 10007
  2003 10007
  2004 10007
  2005 10007
  2006 10007
  2007 10007
  2008 10007
  2009 10007
  2010 10007
  2011 10007
  2012 10007
  2013 10007
  2014 10007
  2015 10007
  2016 10007
  2017 10007
  2018 10007
  2019 10007
  2020 10007
