   690 10163
   691 10163
   692 10163
   693 10163
   694 10163
   695 10163
   696 10163
   697 10163
   698 10163
   699 10163
   700 10163
   701 10163
   702 10163
   703 10163
   704 10163
   705 10163
   706 10163
   707 10163
   708 10163
   709 10163
   710 10163
   711 10163
   712 10163
   713 10163
   714 10163
   715 10163
   716 10163
   717 10163
   718 10163
   719 10163
   720 10163
   721 10163
   722 10163
   723 10163
   724 10163
   725 10163
   726 10163
   727 10163
   728 10163
   729 10163
   730 10163
   731 10163
   732 10163
   733 10163
   734 10163
   735 10163
   736 10163
   737 10163
   738 10163
   739 10163
   740 10163
   741 10163
   742 10163
   743 10163
   744 10163
   745 10163
   746 10163
   747 10163
   748 10163
   749 10163
   750 10163
   751 10163
   752 10163
   753 10163
   754 10163
   755 10163
   756 10163
   757 10163
   758 10163
   759 10163
   760 10163
   761 10163
   762 10163
   763 10163
   764 10163
   765 10163
   766 10163
   767 10163
   768 10163
   769 10163
   770 10163
   771 10163
   772 10163
   773 10163
   774 10163
   775 10163
   776 10163
   777 10163
   778 10163
   779 10163
   780 10163
   785 10108
   786 10108
   787 10108
   788 10029
   790 10108
   791 10101
   792 10101
   793 10101
   794 10101
   795 10101
   796 10101
   797 10101
   798 10101
   799 10101
   800 10101
   801 10101
   802 10101
   803 10101
   804 10101
   805 10101
   806 10101
   807 10101
   808 10101
   809 10101
   810 10101
   811 10101
   812 10101
   813 10101
   814 10101
   815 10101
   816 10101
   817 10101
   818 10101
   819 10101
   820 10101
   821 10101
   822 10101
   823 10101
   824 10101
   825 10101
   826 10101
   827 10101
   828 10101
   829 10101
   830 10101
   831 10101
   832 10101
   833 10101
   834 10101
   835 10101
   836 10101
   837 10101
   838 10101
   839 10101
   840 10101
   841 10101
   842 10101
   843 10101
   844 10101
   845 10101
   846 10101
   847 10101
   848 10101
   849 10101
   850 10101
   851 10101
   852 10101
   853 10101
   854 10101
   855 10101
   856 10101
   857 10101
   858 10101
   859 10101
   860 10101
   861 10101
   862 10101
   863 10101
   864 10101
   865 10101
   866 10101
   867 10101
   868 10101
   869 10101
   870 10101
   871 10101
   872 10101
   873 10101
   874 10101
   875 10101
   876 10101
   877 10101
   878 10101
   879 10101
   880 10101
   881 10101
   882 10101
   883 10101
   884 10101
   885 10101
   886 10101
   887 10101
   888 10101
   889 10101
   890 10101
   891 10101
   892 10101
   893 10101
   894 10101
   895 10101
   896 10101
   897 10101
   898 10101
   899 10101
   900 10101
   901 10101
   902 10101
   903 10101
   904 10101
   905 10101
   906 10101
   907 10101
   908 10101
   909 10101
   910 10105
   911 10105
   912 10101
   913 10105
   914 10105
   915 10105
   916 10105
   917 10105
   918 10105
   919 10105
   920 10101
   921 10101
   922 10101
   923 10101
   924 10101
   925 10101
   926 10101
   927 10101
   928 10101
   929 10101
   930 10101
   931 10101
   932 10101
   933 10101
   934 10105
   935 10101
   936 10101
   937 10101
   938 10101
   939 10101
   940 10101
   941 10101
   942 10101
   943 10101
   944 10101
   945 10101
   946 10101
   947 10101
   948 10101
   949 10101
   950 10101
   951 10105
   952 10101
   953 10105
   954 10105
   955 10105
   956 10101
   957 10101
   958 10101
   959 10101
   960 10105
   961 10101
   962 10105
   963 10105
   964 10101
   965 10105
   966 10105
   967 10101
   968 10101
   969 10101
   970 10101
   971 10101
   972 10101
   973 10101
   974 10101
   975 10105
   976 10101
   977 10101
   978 10101
   979 10101
   980 10101
   981 10101
   982 10105
   983 10105
   984 10105
   985 10105
   986 10105
   987 10105
   988 10105
   989 10105
   990 10105
   991 10125
   992 10125
   993 10125
   994 10125
   995 10125
   996 10125
   997 10125
   998 10105
   999 10105
  1000 10125
  1001 10125
  1002 10125
  1003 10125
  1004 10125
  1005 10125
  1006 10125
  1007 10125
  1008 10125
  1009 10125
  1010 10125
  1011 10125
  1012 10125
  1013 10125
  1014 10125
  1015 10125
  1016 10125
  1017 10125
  1018 10125
  1021 10108
  1022 10102
  1027 10101
  1028 10101
  1029 10101
  1030 10101
  1031 10101
  1032 10101
  1033 10101
  1034 10101
  1035 10101
  1036 10101
  1037 10101
  1038 10101
  1039 10101
  1040 10101
  1041 10101
  1042 10101
  1043 10101
  1044 10101
  1045 10101
  1046 10101
  1047 10101
  1048 10101
  1049 10101
  1050 10101
  1051 10101
  1052 10101
  1053 10101
  1054 10101
  1055 10101
  1056 10101
  1057 10101
  1058 10101
  1059 10101
  1060 10101
  1061 10101
  1062 10101
  1063 10101
  1064 10101
  1065 10101
  1066 10101
  1067 10101
  1068 10101
  1069 10101
  1070 10101
  1071 10101
  1072 10101
  1073 10101
  1074 10101
  1075 10101
  1076 10101
  1077 10101
  1078 10101
  1079 10101
  1080 10101
  1081 10101
  1082 10101
  1083 10101
  1084 10101
  1085 10101
  1086 10101
  1087 10101
  1088 10101
  1089 10101
  1090 10101
  1091 10101
  1092 10101
  1093 10101
  1094 10101
  1095 10101
  1096 10101
  1097 10101
  1098 10101
  1099 10101
  1100 10101
  1101 10101
  1102 10101
  1103 10101
  1104 10101
  1105 10101
  1106 10101
  1107 10101
  1108 10101
  1109 10101
  1110 10101
  1111 10101
  1112 10101
  1113 10101
  1114 10101
  1115 10101
  1116 10101
  1117 10101
  1118 10101
  1119 10101
  1120 10101
  1121 10101
  1122 10101
  1123 10101
  1124 10101
  1125 10101
  1126 10101
  1127 10101
  1128 10101
  1129 10101
  1130 10101
  1131 10101
  1132 10101
  1133 10101
  1134 10101
  1135 10101
  1136 10101
  1137 10101
  1138 10101
  1139 10101
  1140 10101
  1141 10101
  1142 10101
  1143 10101
  1144 10101
  1145 10101
  1146 10101
  1147 10101
  1148 10101
  1149 10101
  1150 10101
  1151 10101
  1152 10101
  1153 10101
  1154 10101
  1155 10101
  1156 10101
  1157 10101
  1158 10101
  1159 10101
  1160 10101
  1161 10101
  1162 10101
  1163 10101
  1164 10101
  1165 10101
  1166 10101
  1167 10101
  1168 10101
  1169 10101
  1170 10101
  1171 10101
  1172 10101
  1173 10101
  1174 10101
  1175 10101
  1176 10101
  1177 10101
  1178 10101
  1179 10101
  1180 10101
  1181 10101
  1182 10101
  1183 10101
  1184 10101
  1185 10101
  1186 10101
  1187 10101
  1188 10101
  1189 10101
  1190 10101
  1191 10101
  1192 10101
  1193 10101
  1194 10101
  1195 10101
  1196 10101
  1197 10101
  1198 10101
  1199 10101
  1200 10101
  1201 10101
  1202 10101
  1203 10101
  1204 10101
  1205 10101
  1206 10101
  1207 10101
  1208 10101
  1209 10101
  1210 10101
  1211 10101
  1212 10101
  1213 10101
  1214 10101
  1215 10101
  1216 10101
  1217 10101
  1218 10101
  1219 10101
  1220 10101
  1221 10101
  1222 10101
  1223 10101
  1224 10101
  1225 10101
  1226 10101
  1227 10101
  1228 10101
  1229 10101
  1230 10101
  1231 10101
  1232 10101
  1233 10101
  1234 10101
  1235 10101
  1236 10101
  1237 10101
  1238 10101
  1239 10101
  1240 10101
  1241 10101
  1242 10101
  1243 10101
  1244 10101
  1245 10101
  1246 10101
  1247 10101
  1248 10101
  1249 10101
  1250 10101
  1251 10101
  1252 10101
  1253 10101
  1254 10101
  1255 10101
  1256 10101
  1257 10101
  1259 10098
  1260 10098
  1261 10098
  1262 10018
  1263 10018
  1264 10018
  1265 10018
  1266 10018
  1267 10158
  1268 10018
  1269 10018
  1270 10055
  1271 10055
  1272 10055
  1273 10055
  1274 10158
  1275 10158
  1276 10158
  1277 10055
  1278 10158
  1279 10158
  1280 10158
  1281 10158
  1282 10158
  1283 10055
  1284 10055
  1285 10055
  1286 10158
  1287 10055
  1288 10158
  1289 10040
  1290 10040
  1291 10040
  1292 10040
  1293 10040
  1294 10018
  1295 10106
  1296 10106
  1307 10031
  1308 10145
  1309 10145
  1310 10145
  1313 10143
  1318 10143
  1319 10143
  1320 10016
  1321 10143
  1322 10143
  1323 10143
  1324 10143
  1325 10014
  1326 10143
  1327 10016
  1328 10143
  1329 10143
  1330 10143
  1331 10143
  1332 10016
  1333 10143
  1334 10143
  1335 10143
  1336 10143
  1337 10143
  1338 10143
  1339 10143
  1340 10143
  1341 10016
  1342 10016
  1343 10016
  1344 10016
  1345 10014
  1346 10014
  1347 10130
  1354 10149
  1355 10149
  1356 10149
  1357 10149
  1358 10149
  1359 10149
  1360 10149
  1361 10071
  1362 10071
  1363 10071
  1364 10071
  1365 10071
  1366 10071
  1367 10080
  1368 10080
  1369 10080
  1370 10071
  1371 10064
  1372 10071
  1373 10071
  1374 10071
  1375 10071
  1376 10071
  1381 10028
  1386 10016
  1387 10016
  1388 10016
  1389 10016
  1390 10016
  1391 10016
  1392 10016
  1393 10016
  1394 10016
  1395 10022
  1396 10022
  1397 10022
  1398 10022
  1399 10022
  1400 10022
  1401 10022
  1402 10022
  1403 10022
  1404 10022
  1405 10022
  1406 10022
  1407 10022
  1408 10022
  1409 10022
  1410 10022
  1411 10022
  1412 10022
  1413 10022
  1414 10022
  1415 10022
  1416 10022
  1417 10022
  1418 10022
  1419 10022
  1420 10022
  1421 10022
  1422 10022
  1423 10022
  1424 10022
  1425 10022
  1426 10022
  1427 10022
  1428 10022
  1429 10022
  1430 10022
  1431 10022
  1432 10022
  1433 10022
  1434 10022
  1435 10022
  1436 10022
  1437 10022
  1438 10022
  1439 10022
  1440 10022
  1441 10022
  1442 10022
  1443 10022
  1444 10022
  1445 10022
  1446 10022
  1447 10022
  1448 10022
  1449 10022
  1450 10022
  1451 10022
  1452 10022
  1453 10022
  1454 10022
  1455 10022
  1456 10022
  1457 10022
  1458 10022
  1459 10022
  1460 10022
  1461 10022
  1462 10022
  1463 10022
  1464 10022
  1465 10022
  1466 10022
  1467 10022
  1468 10022
  1469 10022
  1470 10022
  1471 10022
  1472 10022
  1473 10022
  1474 10022
  1475 10022
  1476 10022
  1477 10022
  1478 10022
  1479 10022
  1480 10022
  1481 10022
  1482 10022
  1483 10022
  1484 10022
  1485 10022
  1486 10022
  1487 10022
  1488 10022
  1489 10022
  1490 10022
  1491 10022
  1492 10022
  1493 10022
  1494 10022
  1495 10022
  1496 10022
  1497 10022
  1498 10022
  1499 10022
  1500 10022
  1501 10022
  1502 10022
  1503 10022
  1504 10022
  1505 10022
  1506 10022
  1507 10022
  1508 10022
  1509 10022
  1510 10022
  1511 10022
  1512 10022
  1513 10022
  1514 10022
  1515 10022
  1516 10022
  1517 10022
  1518 10022
  1519 10022
  1520 10022
  1521 10022
  1522 10022
  1523 10022
  1524 10022
  1525 10022
  1526 10022
  1527 10022
  1528 10022
  1529 10022
  1530 10022
  1531 10022
  1532 10022
  1533 10022
  1534 10022
  1535 10022
  1536 10022
  1537 10022
  1538 10022
  1539 10022
  1540 10022
  1541 10022
  1542 10022
  1543 10022
  1544 10022
  1545 10022
  1546 10022
  1547 10022
  1548 10022
  1549 10022
  1550 10022
  1551 10022
  1552 10022
  1553 10022
  1554 10022
  1555 10022
  1556 10022
  1557 10022
  1558 10022
  1559 10022
  1560 10022
  1561 10022
  1562 10022
  1563 10022
  1564 10022
  1565 10022
  1566 10022
  1567 10022
  1568 10022
  1569 10022
  1570 10022
  1571 10022
  1572 10022
  1573 10022
  1574 10022
  1575 10022
  1576 10022
  1577 10022
  1578 10022
  1579 10022
  1580 10022
  1581 10022
  1582 10022
  1583 10022
  1584 10022
  1585 10022
  1586 10022
  1587 10022
  1588 10022
  1589 10022
  1590 10022
  1591 10022
  1592 10022
  1593 10022
  1594 10022
  1595 10022
  1596 10022
  1597 10022
  1598 10022
  1599 10022
  1600 10022
  1601 10022
  1602 10022
  1603 10022
  1604 10022
  1605 10022
  1606 10022
  1607 10022
  1608 10022
  1609 10022
  1610 10022
  1611 10022
  1612 10022
  1613 10022
  1614 10022
  1615 10022
  1616 10022
  1617 10022
  1618 10022
  1619 10022
  1620 10022
  1625 10123
  1627 10075
  1628 10143
  1629 10075
  1630 10155
  1631 10155
  1632 10155
  1633 10155
  1634 10155
  1635 10155
  1636 10155
  1637 10155
  1638 10155
  1639 10155
  1640 10155
  1641 10155
  1642 10155
  1643 10155
  1644 10155
  1645 10155
  1646 10155
  1647 10155
  1648 10155
  1649 10155
  1650 10155
  1651 10155
  1652 10155
  1653 10155
  1654 10155
  1655 10155
  1656 10155
  1657 10155
  1658 10155
  1659 10155
  1660 10155
  1661 10155
  1662 10155
  1663 10155
  1664 10155
  1665 10155
  1666 10155
  1667 10155
  1668 10155
  1669 10155
  1670 10155
  1671 10155
  1672 10155
  1673 10155
  1674 10155
  1675 10155
  1676 10155
  1677 10155
  1678 10155
  1679 10155
  1680 10155
  1681 10155
  1682 10155
  1683 10155
  1684 10155
  1685 10155
  1686 10155
  1687 10155
  1688 10155
  1689 10155
  1690 10155
  1691 10155
  1692 10155
  1693 10155
  1694 10155
  1695 10155
  1696 10155
  1697 10155
  1698 10155
  1699 10155
  1700 10155
  1701 10155
  1702 10155
  1703 10155
  1704 10155
  1705 10155
  1706 10155
  1707 10155
  1708 10155
  1709 10155
  1710 10155
  1711 10155
  1712 10155
  1713 10155
  1714 10155
  1715 10155
  1716 10155
  1717 10155
  1718 10155
  1719 10155
  1720 10155
  1721 10155
  1722 10155
  1723 10155
  1724 10155
  1725 10155
  1726 10155
  1727 10155
  1728 10155
  1729 10155
  1730 10155
  1731 10155
  1732 10155
  1733 10155
  1734 10155
  1735 10155
  1736 10155
  1737 10155
  1738 10155
  1739 10155
  1740 10155
  1741 10155
  1742 10155
  1743 10155
  1744 10155
  1745 10155
  1746 10155
  1747 10155
  1748 10155
  1749 10155
  1750 10155
  1751 10155
  1752 10155
  1753 10155
  1754 10155
  1755 10155
  1756 10155
  1757 10155
  1758 10155
  1759 10155
  1760 10155
  1761 10155
  1762 10155
  1763 10155
  1764 10155
  1765 10155
  1766 10155
  1767 10155
  1768 10155
  1769 10155
  1770 10155
  1771 10155
  1772 10155
  1773 10155
  1774 10155
  1775 10155
  1776 10155
  1777 10155
  1778 10155
  1779 10155
  1780 10155
  1781 10155
  1782 10155
  1783 10155
  1784 10155
  1785 10155
  1786 10155
  1787 10155
  1788 10155
  1789 10155
  1790 10155
  1791 10155
  1792 10155
  1793 10155
  1794 10155
  1795 10155
  1796 10155
  1797 10155
  1798 10155
  1799 10155
  1800 10155
  1801 10155
  1802 10155
  1803 10155
  1804 10155
  1805 10155
  1806 10155
  1807 10155
  1808 10155
  1809 10155
  1810 10155
  1811 10155
  1812 10155
  1813 10155
  1814 10155
  1815 10155
  1816 10155
  1817 10155
  1818 10155
  1819 10155
  1820 10155
  1821 10155
  1822 10155
  1823 10155
  1824 10155
  1825 10155
  1826 10155
  1827 10155
  1828 10155
  1829 10155
  1830 10155
  1831 10155
  1832 10155
  1833 10155
  1834 10155
  1835 10155
  1836 10155
  1837 10155
  1838 10155
  1839 10155
  1840 10155
  1841 10155
  1842 10155
  1843 10155
  1844 10155
  1845 10155
  1846 10155
  1847 10155
  1848 10155
  1849 10155
  1850 10155
  1851 10155
  1852 10155
  1853 10155
  1854 10155
  1855 10155
  1856 10155
  1857 10014
  1858 10154
  1859 10036
  1860 10130
  1861 10130
  1862 10130
  1863 10130
  1864 10130
  1865 10130
  1866 10130
  1867 10130
  1868 10130
  1869 10130
  1870 10130
  1871 10130
  1872 10130
  1873 10130
  1874 10130
  1875 10130
  1877 10130
  1878 10130
  1879 10130
  1880 10130
  1881 10130
  1882 10130
  1883 10130
  1884 10130
  1885 10129
  1886 10129
  1889 10116
  1890 10129
  1891 10129
  1892 10130
  1893 10130
  1894 10130
  1895 10130
  1896 10130
  1897 10130
  1898 10130
  1899 10130
  1900 10130
  1901 10016
  1902 10130
  1908 10031
  1909 10031
  1910 10031
  1911 10031
  1912 10031
  1913 10031
  1914 10031
  1915 10031
  1916 10031
  1917 10031
  1918 10031
  1919 10031
  1920 10031
  1921 10031
  1922 10031
  1923 10031
  1924 10031
  1925 10031
  1926 10031
  1927 10031
  1928 10031
  1929 10031
  1930 10031
  1931 10031
  1932 10031
  1933 10031
  1934 10031
  1935 10031
  1936 10031
  1937 10031
  1938 10031
  1939 10031
  1940 10031
  1941 10031
  1942 10031
  1943 10031
  1944 10031
  1945 10031
  1946 10031
  1947 10031
  1948 10031
  1949 10031
  1950 10031
  1951 10031
  1952 10031
  1953 10031
  1954 10031
  1955 10031
  1956 10031
  1957 10031
  1958 10031
  1959 10031
  1960 10031
  1961 10031
  1962 10031
  1963 10031
  1964 10031
  1965 10031
  1966 10031
  1967 10031
  1968 10031
  1969 10031
  1970 10031
  1971 10031
  1972 10031
  1973 10031
  1974 10031
  1975 10031
  1976 10031
  1977 10031
  1978 10031
  1979 10031
  1980 10031
  1981 10031
  1982 10031
  1983 10031
  1984 10031
  1985 10031
  1986 10031
  1987 10031
  1988 10031
  1989 10031
  1990 10031
  1991 10031
  1992 10031
  1993 10031
  1994 10031
  1995 10031
  1996 10031
  1997 10031
  1998 10031
  1999 10031
  2000 10031
  2001 10031
  2002 10031
  2003 10031
  2004 10031
  2005 10031
  2006 10031
  2007 10031
  2008 10031
  2009 10031
  2010 10031
  2011 10031
  2012 10031
  2013 10031
  2014 10031
  2015 10031
  2016 10031
  2017 10031
  2018 10031
  2019 10031
  2020 10031
  2021 10031
  2022 10031
  2023 10154
  2024 10154
  2025 10074
  2026 10130
  2027 10130
  2518 10155
  2519 10155
  2520 10155
  2521 10155
  2522 10155
