   600 10007
   601 10007
   602 10007
   603 10007
   604 10007
   605 10007
   606 10007
   607 10007
   608 10007
   609 10007
   610 10007
   611 10007
   612 10007
   613 10007
   614 10007
   615 10007
   616 10007
   617 10007
   618 10007
   619 10007
   620 10007
   621 10007
   622 10007
   625 10007
   626 10007
   627 10007
   628 10007
   629 10007
   630 10007
   631 10007
   632 10007
   633 10007
   634 10007
   635 10007
   636 10007
   637 10007
   638 10007
   639 10007
   640 10007
   641 10007
   642 10007
   643 10007
   644 10007
   645 10007
   646 10007
   647 10007
   648 10007
   649 10007
   650 10007
   651 10007
   652 10007
   653 10007
   654 10007
   655 10007
   656 10007
   657 10007
   658 10007
   659 10007
   660 10007
   661 10007
   662 10007
   663 10007
   664 10007
   665 10007
   666 10007
   667 10007
   668 10007
   669 10007
   670 10007
   671 10007
   672 10007
   673 10007
   690 10081
   691 10081
   692 10081
   693 10081
   694 10081
   695 10081
   696 10081
   697 10081
   698 10081
   699 10081
   700 10081
   701 10081
   702 10081
   703 10081
   704 10081
   705 10081
   706 10081
   707 10081
   708 10081
   709 10081
   710 10081
   711 10081
   712 10081
   713 10081
   714 10081
   715 10081
   716 10081
   717 10081
   718 10081
   719 10081
   720 10081
   721 10081
   722 10081
   723 10081
   724 10081
   725 10081
   726 10081
   727 10081
   728 10081
   729 10081
   730 10081
   731 10081
   732 10081
   733 10081
   734 10081
   735 10081
   736 10081
   737 10081
   738 10081
   739 10081
   740 10081
   741 10081
   742 10081
   743 10081
   744 10081
   745 10081
   746 10081
   747 10081
   748 10081
   749 10081
   750 10081
   751 10081
   752 10081
   753 10081
   754 10081
   755 10081
   756 10081
   757 10081
   758 10081
   759 10081
   760 10081
   761 10081
   762 10081
   763 10081
   764 10081
   765 10081
   766 10081
   767 10081
   768 10081
   769 10081
   770 10081
   771 10081
   772 10081
   773 10081
   774 10081
   775 10081
   776 10081
   777 10081
   778 10081
   779 10081
   780 10081
   781 10081
   782 10081
   783 10081
   784 10081
   785 10074
   786 10095
   787 10095
   788 10095
   789 10095
   790 10095
   791 10095
   792 10095
   793 10095
   794 10095
   795 10095
   796 10095
   797 10095
   798 10095
   799 10095
   800 10095
   801 10095
   802 10095
   803 10095
   804 10095
   805 10095
   806 10095
   807 10095
   808 10095
   809 10095
   810 10095
   811 10095
   812 10095
   813 10095
   814 10095
   815 10095
   816 10095
   817 10095
   818 10095
   819 10095
   820 10095
   821 10095
   822 10095
   823 10095
   824 10095
   825 10095
   826 10095
   827 10095
   828 10095
   829 10095
   830 10095
   831 10095
   832 10095
   833 10095
   834 10095
   835 10095
   836 10095
   837 10095
   838 10095
   839 10095
   840 10095
   841 10095
   842 10095
   843 10095
   844 10095
   845 10095
   846 10095
   847 10095
   848 10095
   849 10095
   850 10095
   851 10095
   852 10095
   853 10095
   854 10095
   855 10095
   856 10095
   857 10095
   858 10095
   859 10095
   860 10095
   861 10095
   862 10095
   863 10095
   864 10095
   865 10095
   866 10095
   867 10095
   868 10095
   869 10095
   870 10095
   871 10095
   872 10095
   873 10095
   874 10095
   875 10095
   876 10095
   877 10095
   878 10095
   879 10095
   880 10095
   881 10095
   882 10095
   883 10095
   884 10095
   885 10095
   886 10095
   887 10095
   888 10095
   889 10095
   890 10095
   891 10095
   892 10095
   893 10095
   894 10095
   895 10095
   896 10095
   897 10095
   898 10095
   899 10095
   900 10095
   901 10095
   902 10095
   903 10095
   904 10095
   905 10095
   906 10095
   907 10095
   908 10095
   909 10095
   910 10095
   911 10095
   912 10095
   913 10095
   914 10095
   915 10095
   916 10095
   917 10095
   918 10095
   919 10095
   920 10095
   921 10095
   922 10095
   923 10095
   924 10095
   925 10095
   926 10095
   927 10095
   928 10095
   929 10095
   930 10095
   931 10095
   932 10095
   933 10095
   934 10095
   935 10095
   936 10095
   937 10095
   938 10095
   939 10095
   940 10095
   941 10095
   942 10095
   943 10095
   944 10095
   945 10095
   946 10095
   947 10095
   948 10095
   949 10095
   950 10095
   951 10095
   952 10095
   953 10095
   954 10095
   955 10095
   956 10095
   957 10095
   958 10095
   959 10095
   960 10095
   961 10095
   962 10095
   963 10095
   964 10095
   965 10095
   966 10095
   967 10095
   968 10095
   969 10095
   970 10095
   971 10095
   972 10095
   973 10095
   974 10095
   975 10095
   976 10095
   977 10095
   978 10095
   979 10095
   980 10095
   981 10095
   982 10095
   983 10095
   984 10095
   985 10095
   986 10095
   987 10095
   988 10095
   989 10095
   990 10095
   991 10095
   992 10095
   993 10095
   994 10095
   995 10095
   996 10095
   997 10095
   998 10095
   999 10095
  1000 10095
  1001 10095
  1002 10095
  1003 10095
  1004 10095
  1005 10095
  1006 10095
  1007 10095
  1008 10095
  1009 10095
  1010 10095
  1011 10095
  1012 10095
  1013 10095
  1014 10095
  1015 10095
  1016 10095
  1017 10095
  1018 10095
  1019 10095
  1020 10095
  1021 10095
  1026 10007
  1027 10007
  1028 10007
  1029 10007
  1030 10007
  1031 10007
  1032 10007
  1033 10007
  1034 10007
  1035 10007
  1036 10007
  1037 10007
  1038 10007
  1039 10007
  1040 10007
  1041 10007
  1042 10007
  1043 10007
  1044 10007
  1045 10007
  1046 10007
  1047 10007
  1048 10007
  1049 10007
  1050 10007
  1051 10007
  1052 10007
  1053 10007
  1054 10007
  1055 10007
  1056 10007
  1057 10007
  1058 10007
  1059 10007
  1060 10007
  1061 10007
  1062 10007
  1063 10007
  1064 10007
  1065 10007
  1066 10007
  1067 10007
  1068 10007
  1069 10007
  1070 10007
  1071 10007
  1072 10007
  1073 10007
  1074 10007
  1075 10007
  1076 10007
  1077 10007
  1078 10007
  1079 10007
  1080 10007
  1081 10007
  1082 10007
  1083 10007
  1084 10007
  1085 10007
  1086 10007
  1087 10007
  1088 10007
  1089 10007
  1090 10007
  1091 10007
  1092 10007
  1093 10007
  1094 10007
  1095 10007
  1096 10007
  1097 10007
  1098 10007
  1099 10007
  1100 10007
  1101 10007
  1102 10007
  1103 10007
  1104 10007
  1105 10007
  1106 10007
  1107 10007
  1108 10007
  1109 10007
  1110 10007
  1111 10007
  1112 10007
  1113 10007
  1114 10007
  1115 10007
  1116 10007
  1117 10007
  1118 10007
  1119 10007
  1120 10007
  1121 10007
  1122 10007
  1123 10007
  1124 10007
  1125 10007
  1126 10007
  1127 10007
  1128 10007
  1129 10007
  1130 10007
  1131 10007
  1132 10007
  1133 10007
  1134 10007
  1135 10007
  1136 10007
  1137 10007
  1138 10007
  1139 10007
  1140 10007
  1141 10007
  1142 10007
  1143 10007
  1144 10007
  1145 10007
  1146 10007
  1147 10007
  1148 10007
  1149 10007
  1150 10007
  1151 10007
  1152 10007
  1153 10007
  1154 10007
  1155 10007
  1156 10007
  1157 10007
  1158 10007
  1159 10007
  1160 10007
  1161 10007
  1162 10007
  1163 10007
  1164 10007
  1165 10007
  1166 10007
  1167 10007
  1168 10007
  1169 10007
  1170 10007
  1171 10007
  1172 10007
  1173 10007
  1174 10007
  1175 10007
  1176 10007
  1177 10007
  1178 10007
  1179 10007
  1180 10007
  1181 10007
  1182 10007
  1183 10007
  1184 10007
  1185 10007
  1186 10007
  1187 10007
  1188 10007
  1189 10007
  1190 10007
  1191 10007
  1192 10007
  1193 10007
  1194 10007
  1195 10007
  1196 10007
  1197 10007
  1198 10007
  1199 10007
  1200 10007
  1201 10007
  1202 10007
  1203 10007
  1204 10007
  1205 10007
  1206 10007
  1207 10007
  1208 10007
  1209 10007
  1210 10007
  1211 10007
  1212 10007
  1213 10007
  1214 10007
  1215 10007
  1216 10007
  1217 10007
  1218 10007
  1219 10007
  1220 10007
  1221 10007
  1222 10007
  1223 10007
  1224 10007
  1225 10007
  1226 10007
  1227 10007
  1228 10007
  1229 10007
  1230 10007
  1231 10007
  1232 10007
  1233 10007
  1234 10007
  1235 10007
  1236 10007
  1237 10007
  1238 10007
  1239 10007
  1240 10007
  1241 10007
  1242 10007
  1243 10007
  1244 10007
  1245 10007
  1246 10007
  1247 10007
  1248 10007
  1249 10007
  1250 10007
  1251 10007
  1252 10007
  1253 10007
  1254 10007
  1255 10007
  1256 10007
  1257 10007
  1258 10007
  1259 10007
  1260 10007
  1261 10007
  1262 10007
  1263 10007
  1264 10007
  1265 10007
  1267 10122
  1269 10023
  1275 10018
  1276 10018
  1277 10018
  1278 10018
  1279 10055
  1280 10055
  1281 10055
  1282 10055
  1283 10055
  1284 10055
  1285 10055
  1286 10055
  1287 10055
  1288 10055
  1289 10055
  1290 10055
  1291 10055
  1292 10055
  1293 10055
  1294 10018
  1297 10141
  1298 10101
  1299 10141
  1300 10141
  1302 10101
  1311 10141
  1312 10141
  1313 10141
  1318 10169
  1319 10169
  1320 10169
  1327 10101
  1328 10101
  1330 10101
  1332 10141
  1333 10141
  1334 10141
  1335 10141
  1338 10141
  1339 10061
  1340 10061
  1341 10061
  1342 10061
  1343 10061
  1344 10141
  1345 10141
  1346 10141
  1348 10050
  1349 10050
  1350 10050
  1351 10141
  1352 10101
  1353 10101
  1354 10141
  1358 10141
  1359 10141
  1360 10141
  1361 10101
  1362 10141
  1363 10141
  1364 10101
  1365 10101
  1366 10141
  1367 10141
  1368 10141
  1369 10141
  1370 10141
  1371 10141
  1372 10141
  1375 10141
  1376 10141
  1377 10141
  1378 10141
  1383 10169
  1384 10169
  1385 10169
  1386 10169
  1387 10169
  1388 10169
  1389 10169
  1390 10169
  1391 10169
  1392 10169
  1393 10169
  1394 10169
  1395 10169
  1396 10169
  1397 10169
  1398 10169
  1399 10169
  1400 10169
  1401 10169
  1402 10169
  1403 10169
  1404 10169
  1405 10169
  1406 10169
  1407 10169
  1408 10169
  1409 10169
  1410 10169
  1411 10169
  1412 10169
  1413 10169
  1414 10169
  1415 10169
  1416 10169
  1417 10169
  1418 10169
  1419 10169
  1420 10169
  1421 10169
  1422 10169
  1423 10169
  1424 10169
  1425 10169
  1426 10169
  1427 10169
  1428 10169
  1429 10169
  1430 10169
  1431 10169
  1432 10169
  1433 10169
  1434 10169
  1435 10169
  1436 10169
  1437 10169
  1438 10169
  1439 10169
  1440 10169
  1441 10169
  1442 10169
  1443 10169
  1444 10169
  1445 10169
  1446 10169
  1447 10169
  1448 10169
  1449 10169
  1450 10169
  1451 10169
  1452 10169
  1453 10169
  1454 10169
  1455 10169
  1456 10169
  1457 10169
  1458 10169
  1459 10169
  1460 10169
  1461 10169
  1462 10169
  1463 10169
  1464 10169
  1465 10169
  1466 10169
  1467 10169
  1468 10169
  1469 10169
  1470 10169
  1471 10169
  1472 10169
  1473 10169
  1474 10169
  1475 10169
  1476 10169
  1477 10169
  1478 10169
  1479 10169
  1480 10169
  1481 10169
  1482 10169
  1483 10169
  1484 10169
  1485 10169
  1486 10169
  1487 10169
  1488 10169
  1489 10169
  1490 10169
  1491 10169
  1492 10169
  1493 10169
  1494 10169
  1495 10169
  1496 10169
  1497 10169
  1498 10169
  1499 10169
  1500 10169
  1501 10169
  1502 10169
  1503 10169
  1504 10169
  1505 10169
  1506 10169
  1507 10169
  1508 10169
  1509 10169
  1510 10169
  1511 10169
  1512 10169
  1513 10169
  1514 10169
  1515 10169
  1516 10169
  1517 10169
  1518 10169
  1519 10169
  1520 10169
  1521 10169
  1522 10169
  1523 10169
  1524 10169
  1525 10169
  1526 10169
  1527 10169
  1528 10169
  1529 10169
  1530 10169
  1531 10169
  1532 10169
  1533 10169
  1534 10169
  1535 10169
  1536 10169
  1537 10169
  1538 10169
  1539 10169
  1540 10169
  1541 10169
  1542 10169
  1543 10169
  1544 10169
  1545 10169
  1546 10169
  1547 10169
  1548 10169
  1549 10169
  1550 10169
  1551 10169
  1552 10169
  1553 10169
  1554 10169
  1555 10169
  1556 10169
  1557 10169
  1558 10169
  1559 10169
  1560 10169
  1561 10169
  1562 10169
  1563 10169
  1564 10169
  1565 10169
  1566 10169
  1567 10169
  1568 10169
  1569 10169
  1570 10169
  1571 10169
  1572 10169
  1573 10169
  1574 10169
  1575 10169
  1576 10169
  1577 10169
  1578 10169
  1579 10169
  1580 10169
  1581 10169
  1582 10169
  1583 10169
  1584 10169
  1585 10169
  1586 10169
  1587 10169
  1588 10169
  1589 10169
  1590 10169
  1591 10169
  1592 10169
  1593 10169
  1594 10169
  1595 10169
  1596 10169
  1597 10169
  1598 10169
  1599 10169
  1600 10169
  1601 10169
  1602 10169
  1603 10169
  1604 10169
  1605 10169
  1606 10169
  1607 10169
  1608 10169
  1609 10169
  1610 10169
  1611 10169
  1612 10169
  1613 10169
  1614 10169
  1615 10169
  1616 10169
  1617 10169
  1618 10169
  1619 10169
  1620 10169
  1624 10113
  1625 10005
  1626 10005
  1627 10005
  1628 10005
  1629 10005
  1630 10005
  1631 10005
  1632 10005
  1633 10005
  1634 10005
  1635 10005
  1636 10005
  1637 10005
  1638 10005
  1639 10005
  1640 10005
  1641 10005
  1642 10005
  1643 10005
  1644 10005
  1645 10005
  1646 10005
  1647 10005
  1648 10005
  1649 10005
  1650 10005
  1651 10005
  1652 10005
  1653 10005
  1654 10005
  1655 10005
  1656 10005
  1657 10005
  1658 10005
  1659 10005
  1660 10005
  1661 10005
  1662 10005
  1663 10005
  1664 10005
  1665 10005
  1666 10005
  1667 10005
  1668 10005
  1669 10005
  1670 10005
  1671 10005
  1672 10005
  1673 10005
  1674 10005
  1675 10005
  1676 10005
  1677 10005
  1678 10005
  1679 10005
  1680 10005
  1681 10005
  1682 10005
  1683 10005
  1684 10005
  1685 10005
  1686 10005
  1687 10005
  1688 10005
  1689 10005
  1690 10005
  1691 10005
  1692 10005
  1693 10005
  1694 10005
  1695 10005
  1696 10005
  1697 10005
  1698 10005
  1699 10005
  1700 10005
  1701 10005
  1702 10005
  1703 10005
  1704 10005
  1705 10005
  1706 10005
  1707 10005
  1708 10005
  1709 10005
  1710 10005
  1711 10005
  1712 10005
  1713 10005
  1714 10005
  1715 10005
  1716 10005
  1717 10005
  1718 10005
  1719 10005
  1720 10005
  1721 10005
  1722 10005
  1723 10005
  1724 10005
  1725 10005
  1726 10005
  1727 10005
  1728 10005
  1729 10005
  1730 10005
  1731 10005
  1732 10005
  1733 10005
  1734 10005
  1735 10005
  1736 10005
  1737 10005
  1738 10005
  1739 10005
  1740 10005
  1741 10005
  1742 10005
  1743 10005
  1744 10005
  1745 10005
  1746 10005
  1747 10005
  1748 10005
  1749 10005
  1750 10005
  1751 10005
  1752 10005
  1753 10005
  1754 10005
  1755 10005
  1756 10005
  1757 10005
  1758 10005
  1759 10005
  1760 10005
  1761 10005
  1762 10005
  1763 10005
  1764 10005
  1765 10005
  1766 10005
  1767 10005
  1768 10005
  1769 10005
  1770 10005
  1771 10005
  1772 10005
  1773 10005
  1774 10005
  1775 10005
  1776 10005
  1777 10005
  1778 10005
  1779 10005
  1780 10005
  1781 10005
  1782 10005
  1783 10005
  1784 10005
  1785 10005
  1786 10005
  1787 10005
  1788 10005
  1789 10005
  1790 10005
  1791 10005
  1792 10005
  1793 10005
  1794 10005
  1795 10005
  1796 10005
  1797 10005
  1798 10005
  1799 10005
  1800 10005
  1801 10005
  1802 10005
  1803 10005
  1804 10005
  1805 10005
  1806 10005
  1807 10005
  1808 10005
  1809 10005
  1810 10005
  1811 10005
  1812 10005
  1813 10005
  1814 10005
  1815 10005
  1816 10005
  1817 10005
  1818 10005
  1819 10005
  1820 10005
  1821 10005
  1822 10005
  1823 10005
  1824 10005
  1825 10005
  1826 10005
  1827 10005
  1828 10005
  1829 10005
  1830 10005
  1831 10005
  1832 10005
  1833 10005
  1834 10005
  1835 10005
  1836 10005
  1837 10005
  1838 10005
  1839 10005
  1840 10005
  1841 10005
  1842 10005
  1843 10005
  1844 10005
  1845 10005
  1846 10005
  1847 10005
  1848 10005
  1849 10005
  1850 10005
  1851 10005
  1852 10005
  1853 10005
  1854 10005
  1855 10005
  1856 10005
  1857 10005
  1858 10005
  1859 10005
  1860 10005
  1861 10005
  1862 10005
  1863 10005
  1864 10122
  1865 10122
  1866 10005
  1867 10005
  1868 10122
  1869 10085
  1870 10005
  1871 10005
  1872 10005
  1873 10005
  1874 10005
  1875 10005
  1876 10005
  1877 10005
  1878 10005
  1879 10005
  1880 10005
  1881 10005
  1882 10005
  1883 10005
  1884 10005
  1885 10005
  1886 10005
  1887 10005
  1888 10005
  1889 10005
  1890 10005
  1891 10005
  1892 10005
  1893 10005
  1894 10005
  1895 10005
  1896 10005
  1897 10005
  1898 10005
  1899 10005
  1900 10005
  1901 10005
  1902 10005
  1903 10005
  1904 10005
  1905 10005
  1906 10005
  1907 10005
  1908 10005
  1909 10005
  1910 10005
  1911 10005
  1912 10005
  1913 10005
  1914 10005
  1915 10005
  1916 10005
  1917 10005
  1918 10005
  1919 10005
  1920 10005
  1921 10005
  1922 10005
  1923 10005
  1924 10005
  1925 10005
  1926 10005
  1927 10005
  1928 10005
  1929 10005
  1930 10005
  1931 10005
  1932 10005
  1933 10005
  1934 10005
  1935 10005
  1936 10005
  1937 10005
  1938 10005
  1939 10005
  1940 10005
  1941 10005
  1942 10005
  1943 10005
  1944 10005
  1945 10005
  1946 10005
  1947 10005
  1948 10005
  1949 10005
  1950 10005
  1951 10005
  1952 10005
  1953 10005
  1954 10005
  1955 10005
  1956 10005
  1957 10005
  1958 10005
  1959 10005
  1960 10005
  1961 10005
  1962 10005
  1963 10005
  1964 10005
  1965 10005
  1966 10005
  1967 10005
  1968 10005
  1969 10005
  1970 10005
  1971 10005
  1972 10005
  1973 10005
  1974 10005
  1975 10005
  1976 10005
  1977 10005
  1978 10005
  1979 10005
  1980 10005
  1981 10005
  1982 10005
  1983 10005
  1984 10005
  1985 10005
  1986 10005
  1987 10005
  1988 10005
  1989 10005
  1990 10005
  1991 10005
  1992 10005
  1993 10005
  1994 10005
  1995 10005
  1996 10005
  1997 10005
  1998 10005
  1999 10005
  2000 10005
  2001 10005
  2002 10005
  2003 10005
  2004 10005
  2005 10005
  2006 10005
  2007 10005
  2008 10005
  2009 10005
  2010 10005
  2011 10005
  2012 10005
  2013 10005
  2014 10005
  2015 10005
  2016 10005
  2017 10005
  2018 10005
  2019 10005
  2020 10005
  2021 10050
  2024 10101
  2025 10101
  2026 10101
  2027 10101
  2029 10154
  2030 10154
  2031 10154
  2032 10081
  2033 10154
  2034 10154
  2035 10081
  2036 10081
  2037 10081
  2038 10081
  2039 10081
  2040 10081
