   677 10075
   678 10075
   680 10075
   681 10075
   683 10075
   684 10075
   685 10075
   686 10031
   687 10075
   689 10169
   690 10112
   691 10112
   692 10112
   693 10112
   694 10112
   695 10112
   696 10112
   697 10112
   698 10112
   699 10112
   700 10112
   701 10112
   702 10112
   703 10112
   704 10112
   705 10112
   706 10112
   707 10112
   708 10112
   709 10112
   710 10112
   711 10112
   712 10112
   713 10112
   714 10112
   715 10112
   716 10112
   717 10112
   718 10112
   719 10112
   720 10112
   721 10112
   722 10112
   723 10112
   724 10112
   725 10112
   726 10112
   727 10112
   728 10112
   729 10112
   730 10112
   731 10112
   732 10112
   733 10112
   734 10112
   735 10112
   736 10112
   737 10112
   738 10112
   739 10112
   740 10112
   741 10112
   742 10112
   743 10112
   744 10112
   745 10112
   746 10112
   747 10112
   748 10112
   749 10112
   750 10112
   751 10112
   752 10112
   753 10112
   754 10112
   755 10112
   756 10112
   757 10112
   758 10112
   759 10112
   760 10112
   761 10112
   762 10112
   763 10112
   764 10112
   765 10112
   766 10112
   767 10112
   768 10112
   769 10112
   770 10112
   771 10112
   772 10112
   773 10112
   774 10112
   775 10112
   776 10112
   777 10112
   778 10112
   779 10112
   780 10112
   789 10022
   790 10073
   791 10073
   792 10073
   793 10017
   794 10073
   795 10073
   796 10073
   797 10073
   798 10073
   799 10073
   800 10073
   801 10073
   802 10073
   803 10073
   804 10073
   805 10073
   806 10073
   807 10073
   808 10073
   809 10073
   810 10073
   811 10073
   812 10073
   813 10073
   814 10073
   815 10073
   816 10073
   817 10073
   818 10073
   819 10073
   820 10073
   821 10073
   824 10073
   825 10073
   826 10073
   827 10073
   828 10073
   829 10073
   830 10073
   831 10073
   832 10073
   833 10073
   834 10073
   835 10073
   836 10073
   837 10073
   838 10073
   839 10073
   840 10073
   841 10073
   842 10073
   843 10073
   844 10073
   845 10073
   846 10073
   847 10073
   848 10073
   849 10073
   850 10073
   851 10073
   852 10073
   853 10073
   854 10073
   855 10073
   856 10073
   857 10073
   858 10073
   859 10073
   860 10073
   861 10073
   862 10073
   863 10073
   864 10073
   865 10073
   866 10073
   867 10073
   873 10073
   875 10073
   877 10073
   878 10073
   879 10073
   880 10073
   881 10073
   882 10073
   883 10073
   884 10073
   885 10073
   886 10073
   887 10073
   888 10073
   889 10073
   890 10073
   891 10073
   892 10073
   893 10073
   894 10073
   895 10073
   896 10073
   897 10073
   898 10073
   899 10073
   900 10073
   901 10073
   902 10073
   903 10073
   904 10073
   905 10073
   906 10073
   907 10073
   908 10073
   909 10073
   910 10073
   911 10073
   912 10073
   913 10073
   914 10073
   915 10073
   918 10073
   919 10073
   920 10073
   921 10073
   922 10073
   923 10073
   924 10073
   927 10073
   931 10073
   932 10073
   933 10073
   935 10073
   936 10073
   937 10073
   938 10073
   939 10073
   941 10073
   942 10073
   943 10073
   944 10073
   945 10073
   947 10073
   948 10073
   949 10073
   950 10073
   952 10073
   953 10073
   954 10073
   955 10073
   956 10073
   957 10073
   958 10073
   959 10073
   960 10073
   961 10073
   963 10073
   964 10073
   965 10073
   967 10073
   968 10073
   971 10073
   973 10073
   975 10073
   976 10073
   980 10073
   983 10073
   984 10073
   985 10073
   986 10073
   987 10073
   989 10017
   991 10017
   992 10073
   993 10073
   994 10073
   997 10073
  1003 10017
  1004 10017
  1005 10073
  1006 10073
  1007 10073
  1008 10073
  1011 10073
  1012 10028
  1013 10028
  1014 10028
  1025 10137
  1026 10137
  1028 10146
  1029 10146
  1030 10146
  1031 10146
  1032 10146
  1033 10146
  1034 10146
  1035 10146
  1036 10146
  1037 10146
  1038 10146
  1039 10146
  1040 10146
  1041 10146
  1042 10146
  1043 10146
  1044 10146
  1045 10146
  1046 10146
  1047 10146
  1048 10146
  1049 10146
  1050 10146
  1051 10146
  1052 10146
  1053 10146
  1054 10146
  1055 10146
  1056 10146
  1057 10146
  1058 10146
  1059 10146
  1060 10146
  1061 10146
  1062 10146
  1063 10146
  1064 10146
  1065 10146
  1066 10146
  1067 10146
  1068 10146
  1069 10146
  1070 10146
  1071 10146
  1072 10146
  1073 10146
  1074 10146
  1075 10146
  1076 10146
  1077 10146
  1078 10146
  1079 10146
  1080 10146
  1081 10146
  1082 10146
  1083 10146
  1084 10146
  1085 10146
  1086 10146
  1087 10146
  1088 10146
  1089 10146
  1090 10146
  1091 10146
  1092 10146
  1093 10146
  1094 10146
  1095 10146
  1096 10146
  1097 10146
  1098 10146
  1099 10146
  1100 10146
  1101 10146
  1102 10146
  1103 10146
  1104 10146
  1105 10146
  1106 10146
  1107 10146
  1108 10146
  1109 10146
  1110 10146
  1111 10146
  1112 10146
  1113 10146
  1114 10146
  1115 10146
  1116 10146
  1117 10146
  1118 10146
  1119 10146
  1120 10146
  1121 10146
  1122 10146
  1123 10146
  1124 10146
  1125 10146
  1126 10146
  1127 10146
  1128 10146
  1129 10146
  1130 10146
  1131 10146
  1132 10146
  1133 10146
  1134 10146
  1135 10146
  1136 10146
  1137 10146
  1138 10146
  1139 10146
  1140 10146
  1141 10146
  1142 10146
  1143 10146
  1144 10146
  1145 10146
  1146 10146
  1147 10146
  1148 10146
  1149 10146
  1150 10146
  1151 10146
  1152 10146
  1153 10146
  1154 10146
  1155 10146
  1156 10146
  1157 10146
  1158 10146
  1159 10146
  1160 10146
  1161 10146
  1162 10146
  1163 10146
  1164 10146
  1165 10146
  1166 10146
  1167 10146
  1168 10146
  1169 10146
  1170 10146
  1171 10146
  1172 10146
  1173 10146
  1174 10146
  1175 10146
  1176 10146
  1177 10146
  1178 10146
  1179 10146
  1180 10146
  1181 10146
  1182 10146
  1183 10146
  1184 10146
  1185 10146
  1186 10146
  1187 10146
  1188 10146
  1189 10146
  1190 10146
  1191 10146
  1192 10146
  1193 10146
  1194 10146
  1195 10146
  1196 10146
  1197 10146
  1198 10146
  1199 10146
  1200 10146
  1201 10146
  1202 10146
  1203 10146
  1204 10146
  1205 10146
  1206 10146
  1207 10146
  1208 10146
  1209 10146
  1210 10146
  1211 10146
  1212 10146
  1213 10146
  1214 10146
  1215 10146
  1216 10146
  1217 10146
  1218 10146
  1219 10146
  1220 10146
  1221 10146
  1222 10146
  1223 10146
  1224 10146
  1225 10146
  1226 10146
  1227 10146
  1228 10146
  1229 10146
  1230 10146
  1231 10146
  1232 10146
  1233 10146
  1234 10146
  1235 10146
  1236 10146
  1237 10146
  1238 10146
  1239 10146
  1240 10146
  1241 10146
  1242 10146
  1243 10146
  1244 10146
  1245 10146
  1246 10146
  1247 10146
  1248 10146
  1249 10146
  1250 10146
  1251 10146
  1252 10146
  1253 10146
  1254 10146
  1255 10146
  1256 10146
  1257 10146
  1258 10155
  1259 10143
  1260 10143
  1261 10075
  1262 10143
  1263 10075
  1264 10075
  1265 10075
  1266 10075
  1267 10075
  1268 10075
  1269 10075
  1270 10075
  1271 10075
  1272 10075
  1273 10075
  1274 10075
  1275 10075
  1276 10075
  1277 10075
  1278 10075
  1279 10075
  1280 10075
  1281 10075
  1282 10075
  1283 10075
  1284 10075
  1285 10075
  1286 10075
  1287 10075
  1288 10075
  1289 10075
  1290 10075
  1291 10075
  1292 10075
  1293 10075
  1294 10075
  1295 10075
  1296 10075
  1297 10075
  1298 10075
  1299 10075
  1300 10075
  1301 10075
  1302 10075
  1303 10075
  1304 10075
  1305 10075
  1306 10075
  1307 10075
  1308 10075
  1309 10075
  1310 10075
  1311 10075
  1312 10075
  1313 10075
  1314 10075
  1315 10075
  1316 10075
  1317 10075
  1318 10075
  1319 10075
  1320 10075
  1321 10075
  1322 10075
  1323 10075
  1324 10075
  1325 10075
  1326 10075
  1327 10075
  1328 10075
  1329 10075
  1330 10075
  1331 10075
  1332 10075
  1333 10075
  1334 10075
  1335 10075
  1336 10075
  1337 10075
  1338 10075
  1339 10075
  1340 10075
  1341 10075
  1342 10075
  1343 10075
  1344 10075
  1345 10075
  1346 10075
  1347 10075
  1348 10075
  1349 10075
  1350 10075
  1351 10075
  1352 10075
  1353 10075
  1354 10075
  1355 10075
  1356 10075
  1357 10075
  1358 10075
  1359 10075
  1360 10075
  1361 10075
  1362 10075
  1363 10075
  1364 10075
  1365 10075
  1366 10075
  1367 10075
  1368 10075
  1369 10075
  1370 10075
  1371 10075
  1372 10075
  1373 10075
  1374 10075
  1375 10075
  1376 10075
  1377 10075
  1378 10075
  1379 10075
  1380 10075
  1381 10075
  1382 10075
  1383 10075
  1384 10075
  1385 10075
  1386 10075
  1387 10075
  1388 10075
  1389 10075
  1390 10075
  1391 10075
  1392 10075
  1393 10075
  1394 10075
  1395 10075
  1396 10075
  1397 10075
  1398 10075
  1399 10075
  1400 10075
  1401 10075
  1402 10075
  1403 10075
  1404 10075
  1405 10075
  1406 10075
  1407 10075
  1408 10075
  1409 10075
  1410 10075
  1411 10075
  1412 10075
  1413 10075
  1414 10075
  1415 10075
  1416 10075
  1417 10075
  1418 10075
  1419 10075
  1420 10075
  1421 10075
  1422 10075
  1423 10075
  1424 10075
  1425 10075
  1426 10075
  1427 10075
  1428 10075
  1429 10075
  1430 10075
  1431 10075
  1432 10075
  1433 10075
  1434 10075
  1435 10075
  1436 10075
  1437 10075
  1438 10075
  1439 10075
  1440 10075
  1441 10075
  1442 10075
  1443 10075
  1444 10075
  1445 10075
  1446 10075
  1447 10075
  1448 10075
  1449 10075
  1450 10075
  1451 10075
  1452 10075
  1453 10075
  1454 10075
  1455 10075
  1456 10075
  1457 10075
  1458 10075
  1459 10075
  1460 10075
  1461 10075
  1462 10075
  1463 10075
  1464 10075
  1465 10075
  1466 10075
  1467 10075
  1468 10075
  1469 10075
  1470 10075
  1471 10075
  1472 10075
  1473 10075
  1474 10075
  1475 10075
  1476 10075
  1477 10075
  1478 10075
  1479 10075
  1480 10075
  1481 10075
  1482 10075
  1483 10075
  1484 10075
  1485 10075
  1486 10075
  1487 10075
  1488 10075
  1489 10075
  1490 10075
  1491 10075
  1492 10075
  1493 10075
  1494 10075
  1495 10075
  1496 10075
  1497 10075
  1498 10075
  1499 10075
  1500 10075
  1501 10016
  1503 10016
  1504 10016
  1505 10075
  1506 10075
  1507 10016
  1508 10016
  1509 10016
  1510 10023
  1512 10023
  1514 10018
  1515 10158
  1516 10158
  1517 10158
  1518 10158
  1519 10158
  1520 10158
  1521 10055
  1522 10055
  1523 10055
  1524 10055
  1525 10055
  1526 10055
  1527 10055
  1528 10055
  1529 10055
  1530 10055
  1531 10055
  1532 10055
  1533 10055
  1534 10055
  1535 10055
  1536 10055
  1537 10055
  1538 10055
  1539 10055
  1540 10018
  1541 10018
  1542 10040
  1543 10040
  1544 10040
  1545 10040
  1546 10040
  1547 10040
  1548 10040
  1549 10040
  1550 10040
  1551 10040
  1552 10040
  1553 10040
  1554 10040
  1555 10040
  1556 10040
  1557 10040
  1558 10040
  1559 10040
  1560 10040
  1561 10040
  1562 10040
  1563 10055
  1564 10055
  1565 10055
  1566 10055
  1567 10055
  1568 10055
  1570 10141
  1572 10101
  1573 10101
  1574 10050
  1575 10088
  1576 10088
  1577 10141
  1578 10141
  1579 10141
  1580 10141
  1586 10061
  1587 10141
  1588 10065
  1593 10141
  1594 10141
  1595 10141
  1599 10141
  1600 10141
  1601 10141
  1605 10141
  1607 10141
  1608 10141
  1615 10101
  1616 10061
  1617 10141
  1618 10141
  1619 10141
  1620 10141
  1622 10101
  1625 10128
  1626 10062
  1627 10128
  1628 10128
  1629 10128
  1630 10128
  1631 10128
  1632 10128
  1633 10128
  1634 10128
  1635 10128
  1636 10128
  1637 10128
  1638 10128
  1639 10128
  1640 10128
  1641 10128
  1642 10128
  1643 10128
  1644 10128
  1645 10128
  1646 10128
  1647 10128
  1648 10128
  1649 10128
  1650 10128
  1651 10128
  1652 10128
  1653 10128
  1654 10128
  1655 10128
  1656 10128
  1657 10128
  1658 10128
  1659 10128
  1660 10128
  1661 10128
  1662 10128
  1663 10128
  1664 10128
  1665 10128
  1666 10128
  1667 10128
  1668 10128
  1669 10128
  1670 10128
  1671 10128
  1672 10128
  1673 10128
  1674 10128
  1675 10128
  1676 10128
  1677 10128
  1678 10128
  1679 10128
  1680 10128
  1681 10128
  1682 10128
  1683 10128
  1684 10128
  1685 10128
  1686 10128
  1687 10128
  1688 10128
  1689 10128
  1690 10128
  1691 10128
  1692 10128
  1693 10128
  1694 10128
  1695 10128
  1696 10128
  1697 10128
  1698 10128
  1699 10128
  1700 10128
  1701 10128
  1702 10128
  1703 10128
  1704 10128
  1705 10128
  1706 10128
  1707 10128
  1708 10128
  1709 10128
  1710 10128
  1711 10128
  1712 10128
  1713 10128
  1714 10128
  1715 10128
  1716 10128
  1717 10128
  1718 10128
  1719 10128
  1720 10128
  1721 10128
  1722 10128
  1723 10128
  1724 10128
  1725 10128
  1726 10128
  1727 10128
  1728 10128
  1729 10128
  1730 10128
  1731 10128
  1732 10128
  1733 10128
  1734 10128
  1735 10128
  1736 10128
  1737 10128
  1738 10128
  1739 10128
  1740 10128
  1741 10128
  1742 10128
  1743 10128
  1744 10128
  1745 10128
  1746 10128
  1747 10128
  1748 10128
  1749 10128
  1750 10128
  1751 10128
  1752 10128
  1753 10128
  1754 10128
  1755 10128
  1756 10128
  1757 10128
  1758 10128
  1759 10128
  1760 10128
  1761 10128
  1762 10128
  1763 10128
  1764 10128
  1765 10128
  1766 10128
  1767 10128
  1768 10128
  1769 10128
  1770 10128
  1771 10128
  1772 10128
  1773 10128
  1774 10128
  1775 10128
  1776 10128
  1777 10128
  1778 10128
  1779 10128
  1780 10128
  1781 10128
  1782 10128
  1783 10128
  1784 10128
  1785 10128
  1786 10128
  1787 10128
  1788 10128
  1789 10128
  1790 10128
  1791 10128
  1792 10128
  1793 10128
  1794 10128
  1795 10128
  1796 10128
  1797 10128
  1798 10128
  1799 10128
  1800 10128
  1801 10128
  1802 10128
  1803 10128
  1804 10128
  1805 10128
  1806 10128
  1807 10128
  1808 10128
  1809 10128
  1810 10128
  1811 10128
  1812 10128
  1813 10128
  1814 10128
  1815 10128
  1816 10128
  1817 10128
  1818 10128
  1819 10128
  1820 10128
  1821 10128
  1822 10128
  1823 10128
  1824 10128
  1825 10128
  1826 10128
  1827 10128
  1828 10128
  1829 10128
  1830 10128
  1831 10128
  1832 10128
  1833 10128
  1834 10128
  1835 10128
  1836 10128
  1837 10128
  1838 10128
  1839 10128
  1840 10128
  1841 10128
  1842 10128
  1843 10128
  1844 10128
  1845 10128
  1846 10128
  1847 10128
  1848 10128
  1849 10128
  1850 10128
  1851 10128
  1852 10128
  1853 10128
  1854 10128
  1855 10128
  1856 10128
  1857 10128
  1858 10128
  1859 10128
  1860 10128
  1861 10128
  1862 10128
  1863 10128
  1864 10128
  1865 10128
  1866 10128
  1867 10128
  1868 10128
  1869 10128
  1870 10065
  1871 10065
  1872 10065
  1873 10065
  1874 10065
  1875 10065
  1876 10065
  1877 10065
  1878 10065
  1879 10065
  1880 10065
  1881 10065
  1882 10065
  1883 10065
  1884 10065
  1885 10065
  1886 10065
  1887 10065
  1888 10065
  1889 10065
  1890 10065
  1891 10065
  1892 10065
  1893 10065
  1894 10065
  1895 10065
  1896 10065
  1897 10065
  1898 10065
  1899 10065
  1900 10065
  1901 10065
  1902 10065
  1903 10065
  1904 10065
  1905 10065
  1906 10065
  1907 10065
  1908 10065
  1909 10065
  1910 10065
  1911 10065
  1912 10065
  1913 10065
  1914 10065
  1915 10065
  1916 10065
  1917 10065
  1918 10065
  1919 10065
  1920 10065
  1921 10065
  1922 10065
  1923 10065
  1924 10065
  1925 10065
  1926 10065
  1927 10065
  1928 10065
  1929 10065
  1930 10065
  1931 10065
  1932 10065
  1933 10065
  1934 10065
  1935 10065
  1936 10065
  1937 10065
  1938 10065
  1939 10065
  1940 10065
  1941 10065
  1942 10065
  1943 10065
  1944 10065
  1945 10065
  1946 10065
  1947 10065
  1948 10065
  1949 10065
  1950 10065
  1951 10065
  1952 10065
  1953 10065
  1954 10065
  1955 10065
  1956 10065
  1957 10065
  1958 10065
  1959 10065
  1960 10065
  1961 10065
  1962 10065
  1963 10065
  1964 10065
  1965 10065
  1966 10065
  1967 10065
  1968 10065
  1969 10065
  1970 10065
  1971 10065
  1972 10065
  1973 10065
  1974 10065
  1975 10065
  1976 10065
  1977 10065
  1978 10065
  1979 10065
  1980 10065
  1981 10065
  1982 10065
  1983 10065
  1984 10065
  1985 10065
  1986 10065
  1987 10065
  1988 10065
  1989 10065
  1990 10065
  1991 10065
  1992 10065
  1993 10065
  1994 10065
  1995 10065
  1996 10065
  1997 10065
  1998 10065
  1999 10065
  2000 10065
  2001 10065
  2002 10065
  2003 10065
  2004 10065
  2005 10065
  2006 10065
  2007 10065
  2008 10065
  2009 10065
  2010 10065
  2011 10065
  2012 10065
  2013 10065
  2014 10065
  2015 10065
  2016 10065
  2017 10065
  2018 10065
  2019 10065
  2020 10065
  2021 10101
  2022 10101
  2023 10050
  2024 10101
  2025 10141
  2026 10101
  2027 10101
  2029 10154
  2030 10154
  2036 10112
  2037 10112
  2038 10112
  2039 10112
  2040 10112
  2041 10112
