   690 10035
   691 10035
   692 10035
   693 10035
   694 10035
   695 10035
   696 10035
   697 10035
   698 10035
   699 10035
   700 10035
   701 10035
   702 10035
   703 10035
   704 10035
   705 10035
   706 10035
   707 10035
   708 10035
   709 10035
   710 10035
   711 10035
   712 10035
   713 10035
   714 10035
   715 10035
   716 10035
   717 10035
   718 10035
   719 10035
   720 10035
   721 10035
   722 10035
   723 10035
   724 10035
   725 10035
   726 10035
   727 10035
   728 10035
   729 10035
   730 10035
   731 10035
   732 10035
   733 10035
   734 10035
   735 10035
   736 10035
   737 10035
   738 10035
   739 10035
   740 10035
   741 10035
   742 10035
   743 10035
   744 10035
   745 10035
   746 10035
   747 10035
   748 10035
   749 10035
   750 10035
   751 10035
   752 10035
   753 10035
   754 10035
   755 10035
   756 10035
   757 10035
   758 10035
   759 10035
   760 10035
   761 10035
   762 10035
   763 10035
   764 10035
   765 10035
   766 10035
   767 10035
   768 10035
   769 10035
   770 10035
   771 10035
   772 10035
   773 10035
   774 10035
   775 10035
   776 10035
   777 10035
   778 10035
   779 10035
   780 10035
   781 10002
   782 10002
   783 10057
   784 10057
   785 10057
   786 10057
   787 10002
   788 10002
   789 10002
   790 10002
   791 10002
   792 10002
   793 10002
   794 10002
   795 10035
   796 10035
   797 10035
   798 10035
   799 10035
   800 10035
   801 10035
   802 10035
   803 10035
   804 10035
   805 10035
   806 10035
   807 10035
   808 10035
   809 10035
   810 10035
   811 10035
   812 10035
   813 10035
   814 10035
   815 10035
   816 10035
   817 10035
   818 10035
   819 10035
   820 10035
   821 10035
   822 10035
   823 10035
   824 10035
   825 10035
   826 10035
   827 10035
   828 10035
   829 10035
   830 10035
   831 10035
   832 10035
   833 10035
   834 10035
   835 10035
   836 10035
   837 10035
   838 10035
   839 10035
   840 10035
   841 10035
   842 10035
   843 10035
   844 10035
   845 10035
   846 10035
   847 10035
   848 10035
   849 10035
   850 10035
   851 10035
   852 10035
   853 10035
   854 10035
   855 10035
   856 10035
   857 10035
   858 10035
   859 10035
   860 10035
   861 10035
   862 10035
   863 10035
   864 10035
   865 10035
   866 10035
   867 10035
   868 10035
   869 10035
   870 10035
   871 10035
   872 10035
   873 10035
   874 10035
   875 10035
   876 10035
   877 10035
   878 10035
   879 10035
   880 10035
   881 10035
   882 10035
   883 10035
   884 10035
   885 10035
   886 10035
   887 10035
   888 10035
   889 10035
   890 10035
   891 10035
   892 10035
   893 10035
   894 10035
   895 10035
   896 10035
   897 10035
   898 10035
   899 10035
   900 10035
   901 10035
   902 10035
   903 10035
   904 10035
   905 10035
   906 10035
   907 10035
   908 10035
   909 10035
   910 10035
   911 10035
   912 10035
   913 10035
   914 10035
   915 10035
   916 10035
   917 10035
   918 10035
   919 10035
   920 10035
   921 10035
   922 10035
   923 10035
   924 10035
   925 10035
   926 10035
   927 10035
   928 10035
   929 10035
   930 10035
   931 10035
   932 10035
   933 10035
   934 10035
   935 10035
   936 10035
   937 10035
   938 10035
   939 10035
   940 10035
   941 10035
   942 10035
   943 10035
   944 10035
   945 10035
   946 10035
   947 10035
   948 10035
   949 10035
   950 10035
   951 10035
   952 10035
   953 10035
   954 10035
   955 10035
   956 10035
   957 10035
   958 10035
   959 10035
   960 10035
   961 10035
   962 10035
   963 10035
   964 10035
   965 10035
   966 10035
   967 10035
   968 10035
   969 10035
   970 10035
   971 10035
   972 10035
   973 10035
   974 10035
   975 10035
   976 10035
   977 10035
   978 10035
   979 10035
   980 10035
   981 10035
   982 10035
   983 10035
   984 10035
   985 10035
   986 10035
   987 10035
   988 10035
   989 10035
   990 10035
   991 10035
   992 10035
   993 10035
   994 10035
   995 10035
   996 10035
   997 10035
   998 10035
   999 10035
  1000 10035
  1001 10035
  1002 10035
  1003 10035
  1004 10035
  1005 10035
  1006 10035
  1007 10035
  1008 10035
  1009 10035
  1010 10035
  1011 10035
  1012 10035
  1013 10035
  1014 10035
  1015 10035
  1016 10035
  1017 10035
  1018 10035
  1019 10035
  1020 10035
  1024 10122
  1025 10029
  1026 10122
  1027 10122
  1028 10122
  1029 10122
  1030 10122
  1031 10122
  1032 10122
  1033 10122
  1034 10122
  1035 10122
  1036 10122
  1037 10122
  1038 10122
  1039 10122
  1040 10122
  1041 10122
  1042 10122
  1043 10122
  1044 10122
  1045 10122
  1046 10122
  1047 10122
  1048 10122
  1049 10122
  1050 10122
  1051 10122
  1052 10122
  1053 10122
  1054 10122
  1055 10122
  1056 10122
  1057 10122
  1058 10122
  1059 10122
  1060 10122
  1061 10122
  1062 10122
  1063 10122
  1064 10122
  1065 10122
  1066 10122
  1067 10122
  1068 10122
  1069 10122
  1070 10122
  1071 10122
  1072 10122
  1073 10122
  1074 10122
  1075 10122
  1076 10122
  1077 10122
  1078 10122
  1079 10122
  1080 10122
  1081 10122
  1082 10122
  1083 10122
  1084 10122
  1085 10122
  1086 10122
  1087 10122
  1088 10122
  1089 10122
  1090 10122
  1091 10122
  1092 10122
  1093 10122
  1094 10122
  1095 10122
  1096 10122
  1097 10122
  1098 10122
  1099 10122
  1100 10122
  1101 10122
  1102 10122
  1103 10122
  1104 10122
  1105 10122
  1106 10122
  1107 10122
  1108 10122
  1109 10122
  1110 10122
  1111 10122
  1112 10122
  1113 10122
  1114 10122
  1115 10122
  1116 10122
  1117 10122
  1118 10122
  1119 10122
  1120 10122
  1121 10122
  1122 10122
  1123 10122
  1124 10122
  1125 10122
  1126 10122
  1127 10122
  1128 10122
  1129 10122
  1130 10122
  1131 10122
  1132 10122
  1133 10122
  1134 10122
  1135 10122
  1136 10122
  1137 10122
  1138 10122
  1139 10122
  1140 10122
  1141 10122
  1142 10122
  1143 10122
  1144 10122
  1145 10122
  1146 10122
  1147 10122
  1148 10122
  1149 10122
  1150 10122
  1151 10122
  1152 10122
  1153 10122
  1154 10122
  1155 10122
  1156 10122
  1157 10122
  1158 10122
  1159 10122
  1160 10122
  1161 10122
  1162 10122
  1163 10122
  1164 10122
  1165 10122
  1166 10122
  1167 10122
  1168 10122
  1169 10122
  1170 10122
  1171 10122
  1172 10122
  1173 10122
  1174 10122
  1175 10122
  1176 10122
  1177 10122
  1178 10122
  1179 10122
  1180 10122
  1181 10122
  1182 10122
  1183 10122
  1184 10122
  1185 10122
  1186 10122
  1187 10122
  1188 10122
  1189 10122
  1190 10122
  1191 10122
  1192 10122
  1193 10122
  1194 10122
  1195 10122
  1196 10122
  1197 10122
  1198 10122
  1199 10122
  1200 10122
  1201 10122
  1202 10122
  1203 10122
  1204 10122
  1205 10122
  1206 10122
  1207 10122
  1208 10122
  1209 10122
  1210 10122
  1211 10122
  1212 10122
  1213 10122
  1214 10122
  1215 10122
  1216 10122
  1217 10122
  1218 10122
  1219 10122
  1220 10122
  1221 10122
  1222 10122
  1223 10122
  1224 10122
  1225 10122
  1226 10122
  1227 10122
  1228 10122
  1229 10122
  1230 10122
  1231 10122
  1232 10122
  1233 10122
  1234 10122
  1235 10122
  1236 10122
  1237 10122
  1238 10122
  1239 10122
  1240 10122
  1241 10122
  1242 10122
  1243 10122
  1244 10122
  1245 10122
  1246 10122
  1247 10122
  1248 10122
  1249 10122
  1250 10122
  1251 10122
  1252 10122
  1253 10122
  1254 10122
  1255 10122
  1256 10122
  1257 10122
  1258 10122
  1261 10154
  1262 10154
  1263 10154
  1264 10014
  1265 10014
  1266 10154
  1267 10095
  1268 10154
  1269 10154
  1270 10154
  1271 10154
  1272 10154
  1273 10154
  1275 10095
  1276 10095
  1277 10095
  1278 10095
  1279 10095
  1280 10095
  1281 10095
  1282 10095
  1283 10095
  1284 10095
  1285 10095
  1286 10095
  1287 10095
  1288 10095
  1289 10095
  1290 10095
  1291 10095
  1292 10095
  1293 10095
  1294 10095
  1295 10095
  1296 10095
  1297 10095
  1298 10095
  1299 10095
  1300 10095
  1301 10095
  1302 10095
  1303 10095
  1304 10095
  1305 10095
  1306 10095
  1307 10095
  1308 10095
  1309 10095
  1310 10095
  1311 10095
  1312 10095
  1313 10095
  1314 10095
  1315 10095
  1316 10095
  1317 10095
  1318 10095
  1319 10095
  1320 10095
  1321 10095
  1322 10095
  1323 10095
  1324 10095
  1325 10095
  1326 10095
  1327 10095
  1328 10095
  1329 10095
  1330 10095
  1331 10095
  1332 10095
  1333 10095
  1334 10095
  1335 10095
  1336 10095
  1337 10095
  1338 10095
  1339 10095
  1340 10095
  1341 10095
  1342 10095
  1343 10095
  1344 10095
  1345 10095
  1346 10095
  1347 10095
  1348 10095
  1349 10095
  1350 10095
  1351 10095
  1352 10095
  1353 10095
  1354 10095
  1355 10095
  1356 10095
  1357 10095
  1358 10095
  1359 10095
  1360 10095
  1361 10095
  1362 10095
  1363 10095
  1364 10095
  1365 10095
  1366 10095
  1367 10095
  1368 10095
  1369 10095
  1370 10095
  1371 10095
  1372 10095
  1373 10095
  1374 10095
  1375 10095
  1376 10095
  1377 10095
  1378 10095
  1379 10095
  1380 10095
  1381 10095
  1382 10095
  1383 10095
  1384 10095
  1385 10095
  1386 10095
  1387 10095
  1388 10095
  1389 10095
  1390 10095
  1391 10095
  1392 10095
  1393 10095
  1394 10095
  1395 10095
  1396 10095
  1397 10095
  1398 10095
  1399 10095
  1400 10095
  1401 10095
  1402 10095
  1403 10095
  1404 10095
  1405 10095
  1406 10095
  1407 10095
  1408 10095
  1409 10095
  1410 10095
  1411 10095
  1412 10095
  1413 10095
  1414 10095
  1415 10095
  1416 10095
  1417 10095
  1418 10095
  1419 10095
  1420 10095
  1421 10095
  1422 10095
  1423 10095
  1424 10095
  1425 10095
  1426 10095
  1427 10095
  1428 10095
  1429 10095
  1430 10095
  1431 10095
  1432 10095
  1433 10095
  1434 10095
  1435 10095
  1436 10095
  1437 10095
  1438 10095
  1439 10095
  1440 10095
  1441 10095
  1442 10095
  1443 10095
  1444 10095
  1445 10095
  1446 10095
  1447 10095
  1448 10095
  1449 10095
  1450 10095
  1451 10095
  1452 10095
  1453 10095
  1454 10095
  1455 10095
  1456 10095
  1457 10095
  1458 10095
  1459 10095
  1460 10095
  1461 10095
  1462 10095
  1463 10095
  1464 10095
  1465 10095
  1466 10095
  1467 10095
  1468 10095
  1469 10095
  1470 10095
  1471 10095
  1472 10095
  1473 10095
  1474 10095
  1475 10095
  1476 10095
  1477 10095
  1478 10095
  1479 10095
  1480 10095
  1481 10095
  1482 10095
  1483 10095
  1484 10095
  1485 10095
  1486 10095
  1487 10095
  1488 10095
  1489 10095
  1490 10095
  1491 10095
  1492 10095
  1493 10095
  1494 10095
  1495 10095
  1496 10095
  1497 10095
  1498 10095
  1499 10095
  1500 10095
  1501 10067
  1502 10067
  1503 10067
  1504 10067
  1505 10067
  1506 10067
  1507 10067
  1508 10067
  1509 10067
  1510 10067
  1511 10067
  1512 10067
  1513 10067
  1514 10067
  1515 10067
  1516 10067
  1517 10067
  1518 10067
  1519 10067
  1520 10067
  1521 10067
  1522 10067
  1523 10067
  1524 10067
  1525 10067
  1526 10067
  1527 10067
  1528 10067
  1529 10067
  1530 10067
  1531 10067
  1532 10067
  1533 10067
  1534 10067
  1535 10067
  1536 10067
  1537 10067
  1538 10067
  1539 10067
  1540 10067
  1541 10067
  1542 10067
  1543 10067
  1544 10067
  1545 10067
  1546 10067
  1547 10067
  1548 10067
  1549 10067
  1550 10067
  1551 10067
  1552 10067
  1553 10067
  1554 10067
  1555 10067
  1556 10067
  1557 10067
  1558 10067
  1559 10067
  1560 10067
  1561 10067
  1562 10067
  1563 10067
  1564 10067
  1565 10067
  1566 10067
  1567 10067
  1568 10067
  1569 10067
  1570 10067
  1571 10067
  1572 10067
  1573 10067
  1574 10067
  1575 10067
  1576 10067
  1577 10067
  1578 10067
  1579 10067
  1580 10067
  1581 10067
  1582 10067
  1583 10067
  1584 10067
  1585 10067
  1586 10067
  1587 10067
  1588 10067
  1589 10067
  1590 10067
  1591 10067
  1592 10067
  1593 10067
  1594 10067
  1595 10067
  1596 10067
  1597 10067
  1598 10067
  1599 10067
  1600 10067
  1601 10067
  1602 10067
  1603 10067
  1604 10067
  1605 10067
  1606 10067
  1607 10067
  1608 10067
  1609 10067
  1610 10067
  1611 10067
  1612 10067
  1613 10067
  1614 10067
  1615 10067
  1616 10067
  1617 10067
  1618 10067
  1619 10067
  1620 10067
  1622 10101
  1623 10101
  1627 10154
  1628 10154
  1629 10154
  1630 10155
  1631 10155
  1632 10155
  1633 10155
  1634 10155
  1635 10155
  1636 10155
  1637 10155
  1638 10155
  1639 10155
  1640 10155
  1641 10155
  1642 10155
  1643 10155
  1644 10155
  1645 10155
  1646 10155
  1647 10155
  1648 10155
  1649 10155
  1650 10155
  1651 10155
  1652 10155
  1653 10155
  1654 10155
  1655 10155
  1656 10155
  1657 10155
  1658 10155
  1659 10155
  1660 10155
  1661 10155
  1662 10155
  1663 10155
  1664 10155
  1665 10155
  1666 10155
  1667 10155
  1668 10155
  1669 10155
  1670 10155
  1671 10155
  1672 10155
  1673 10155
  1674 10155
  1675 10155
  1676 10155
  1677 10155
  1678 10155
  1679 10155
  1680 10155
  1681 10155
  1682 10155
  1683 10155
  1684 10155
  1685 10155
  1686 10155
  1687 10155
  1688 10155
  1689 10155
  1690 10155
  1691 10155
  1692 10155
  1693 10155
  1694 10155
  1695 10155
  1696 10155
  1697 10155
  1698 10155
  1699 10155
  1700 10155
  1701 10155
  1702 10155
  1703 10155
  1704 10155
  1705 10155
  1706 10155
  1707 10155
  1708 10155
  1709 10155
  1710 10155
  1711 10155
  1712 10155
  1713 10155
  1714 10155
  1715 10155
  1716 10155
  1717 10155
  1718 10155
  1719 10155
  1720 10155
  1721 10155
  1722 10155
  1723 10155
  1724 10155
  1725 10155
  1726 10155
  1727 10155
  1728 10155
  1729 10155
  1730 10155
  1731 10155
  1732 10155
  1733 10155
  1734 10155
  1735 10155
  1736 10155
  1737 10155
  1738 10155
  1739 10155
  1740 10155
  1741 10155
  1742 10155
  1743 10155
  1744 10155
  1745 10155
  1746 10155
  1747 10155
  1748 10155
  1749 10155
  1750 10155
  1751 10155
  1752 10155
  1753 10155
  1754 10155
  1755 10155
  1756 10155
  1757 10155
  1758 10155
  1759 10155
  1760 10155
  1761 10155
  1762 10155
  1763 10155
  1764 10155
  1765 10155
  1766 10155
  1767 10155
  1768 10155
  1769 10155
  1770 10155
  1771 10155
  1772 10155
  1773 10155
  1774 10155
  1775 10155
  1776 10155
  1777 10155
  1778 10155
  1779 10155
  1780 10155
  1781 10155
  1782 10155
  1783 10155
  1784 10155
  1785 10155
  1786 10155
  1787 10155
  1788 10155
  1789 10155
  1790 10155
  1791 10155
  1792 10155
  1793 10155
  1794 10155
  1795 10155
  1796 10155
  1797 10155
  1798 10155
  1799 10155
  1800 10155
  1801 10155
  1802 10155
  1803 10155
  1804 10155
  1805 10155
  1806 10155
  1807 10155
  1808 10155
  1809 10155
  1810 10155
  1811 10155
  1812 10155
  1813 10155
  1814 10155
  1815 10155
  1816 10155
  1817 10155
  1818 10155
  1819 10155
  1820 10155
  1821 10155
  1822 10155
  1823 10155
  1824 10155
  1825 10155
  1826 10155
  1827 10155
  1828 10155
  1829 10155
  1830 10155
  1831 10155
  1832 10155
  1833 10155
  1834 10155
  1835 10155
  1836 10155
  1837 10155
  1838 10155
  1839 10155
  1840 10155
  1841 10155
  1842 10155
  1843 10155
  1844 10155
  1845 10155
  1846 10155
  1847 10155
  1848 10155
  1849 10155
  1850 10155
  1851 10155
  1852 10155
  1853 10155
  1854 10155
  1855 10155
  1856 10155
  1857 10155
  1858 10155
  1859 10155
  1860 10155
  1861 10155
  1862 10155
  1863 10143
  1864 10143
  1865 10143
  1866 10155
  1867 10155
  1868 10155
  1869 10155
  1870 10155
  1871 10155
  1872 10155
  1873 10155
  1874 10155
  1875 10155
  1876 10155
  1877 10155
  1878 10155
  1879 10155
  1880 10155
  1881 10155
  1882 10155
  1883 10155
  1884 10155
  1885 10155
  1886 10155
  1887 10155
  1888 10155
  1889 10155
  1890 10155
  1891 10155
  1892 10155
  1893 10155
  1894 10155
  1895 10155
  1896 10155
  1897 10155
  1898 10155
  1899 10155
  1900 10155
  1901 10155
  1902 10155
  1903 10155
  1904 10155
  1905 10155
  1906 10155
  1907 10155
  1908 10155
  1909 10155
  1910 10155
  1911 10155
  1912 10155
  1913 10155
  1914 10155
  1915 10155
  1916 10155
  1917 10155
  1918 10155
  1919 10155
  1920 10155
  1921 10155
  1922 10155
  1923 10155
  1924 10155
  1925 10155
  1926 10155
  1927 10155
  1928 10155
  1929 10155
  1930 10155
  1931 10155
  1932 10155
  1933 10155
  1934 10155
  1935 10155
  1936 10155
  1937 10155
  1938 10155
  1939 10155
  1940 10155
  1941 10155
  1942 10155
  1943 10155
  1944 10155
  1945 10155
  1946 10155
  1947 10155
  1948 10155
  1949 10155
  1950 10155
  1951 10155
  1952 10155
  1953 10155
  1954 10155
  1955 10155
  1956 10155
  1957 10155
  1958 10155
  1959 10155
  1960 10155
  1961 10155
  1962 10155
  1963 10155
  1964 10155
  1965 10155
  1966 10155
  1967 10155
  1968 10155
  1969 10155
  1970 10155
  1971 10155
  1972 10155
  1973 10155
  1974 10155
  1975 10155
  1976 10155
  1977 10155
  1978 10155
  1979 10155
  1980 10155
  1981 10155
  1982 10155
  1983 10155
  1984 10155
  1985 10155
  1986 10155
  1987 10155
  1988 10155
  1989 10155
  1990 10155
  1991 10155
  1992 10155
  1993 10155
  1994 10155
  1995 10155
  1996 10155
  1997 10155
  1998 10155
  1999 10155
  2000 10155
  2001 10155
  2002 10155
  2003 10155
  2004 10155
  2005 10155
  2006 10155
  2007 10155
  2008 10155
  2009 10155
  2010 10155
  2011 10155
  2012 10155
  2013 10155
  2014 10155
  2015 10155
  2016 10155
  2017 10155
  2018 10155
  2019 10155
  2020 10155
  2021 10155
  2022 10155
  2023 10155
  2024 10016
  2025 10016
  2026 10154
  2027 10154
  2028 10014
  2029 10154
  2030 10101
  2031 10101
  2032 10101
  2033 10101
  2034 10100
  2036 10100
  2037 10035
  2038 10035
  2039 10035
  2040 10035
  2041 10035
  2042 10035
