   688 10001
   689 10151
   690 10151
   691 10151
   692 10151
   693 10151
   694 10151
   695 10151
   696 10151
   697 10151
   698 10151
   699 10151
   700 10151
   701 10151
   702 10151
   703 10151
   704 10151
   705 10151
   706 10151
   707 10151
   708 10151
   709 10151
   710 10151
   711 10151
   712 10151
   713 10151
   714 10151
   715 10151
   716 10151
   717 10151
   718 10151
   719 10151
   720 10151
   721 10151
   722 10151
   723 10151
   724 10151
   725 10151
   726 10151
   727 10151
   728 10151
   729 10151
   730 10151
   731 10151
   732 10151
   733 10151
   734 10151
   735 10151
   736 10151
   737 10151
   738 10151
   739 10151
   740 10151
   741 10151
   742 10151
   743 10151
   744 10151
   745 10151
   746 10151
   747 10151
   748 10151
   749 10151
   750 10151
   751 10151
   752 10151
   753 10151
   754 10151
   755 10151
   756 10151
   757 10151
   758 10151
   759 10151
   760 10151
   761 10151
   762 10151
   763 10151
   764 10151
   765 10151
   766 10151
   767 10151
   768 10151
   769 10151
   770 10151
   771 10151
   772 10151
   773 10151
   774 10151
   775 10151
   776 10151
   777 10151
   778 10151
   779 10151
   780 10151
   784 10149
   785 10149
   786 10071
   787 10071
   788 10071
   789 10071
   790 10071
   791 10071
   792 10071
   793 10071
   794 10071
   795 10112
   796 10112
   797 10112
   798 10112
   799 10112
   800 10112
   801 10112
   802 10112
   803 10112
   804 10112
   805 10112
   806 10112
   807 10112
   808 10112
   809 10112
   810 10112
   811 10112
   812 10112
   813 10112
   814 10112
   815 10112
   816 10112
   817 10112
   818 10112
   819 10112
   820 10112
   821 10112
   822 10112
   823 10112
   824 10112
   825 10112
   826 10112
   827 10112
   828 10112
   829 10112
   830 10112
   831 10112
   832 10112
   833 10112
   834 10112
   835 10112
   836 10112
   837 10112
   838 10112
   839 10112
   840 10112
   841 10112
   842 10112
   843 10112
   844 10112
   845 10112
   846 10112
   847 10112
   848 10112
   849 10112
   850 10112
   851 10112
   852 10112
   853 10112
   854 10112
   855 10112
   856 10112
   857 10112
   858 10112
   859 10112
   860 10112
   861 10112
   862 10112
   863 10112
   864 10112
   865 10112
   866 10112
   867 10112
   868 10112
   869 10112
   870 10112
   871 10112
   872 10112
   873 10112
   874 10112
   875 10112
   876 10112
   877 10112
   878 10112
   879 10112
   880 10112
   881 10112
   882 10112
   883 10112
   884 10112
   885 10112
   886 10112
   887 10112
   888 10112
   889 10112
   890 10112
   891 10112
   892 10112
   893 10112
   894 10112
   895 10112
   896 10112
   897 10112
   898 10112
   899 10112
   900 10112
   901 10112
   902 10112
   903 10112
   904 10112
   905 10112
   906 10112
   907 10112
   908 10112
   909 10112
   910 10112
   911 10112
   912 10112
   913 10112
   914 10112
   915 10112
   916 10112
   917 10112
   918 10112
   919 10112
   920 10112
   921 10112
   922 10112
   923 10112
   924 10112
   925 10112
   926 10112
   927 10112
   928 10112
   929 10112
   930 10112
   931 10112
   932 10112
   933 10112
   934 10112
   935 10112
   936 10112
   937 10112
   938 10112
   939 10112
   940 10112
   941 10112
   942 10112
   943 10112
   944 10112
   945 10112
   946 10112
   947 10112
   948 10112
   949 10112
   950 10112
   951 10112
   952 10112
   953 10112
   954 10112
   955 10112
   956 10112
   957 10112
   958 10112
   959 10112
   960 10112
   961 10112
   962 10112
   963 10112
   964 10112
   965 10112
   966 10112
   967 10112
   968 10112
   969 10112
   970 10112
   971 10112
   972 10112
   973 10112
   974 10112
   975 10112
   976 10112
   977 10112
   978 10112
   979 10112
   980 10112
   981 10112
   982 10112
   983 10112
   984 10112
   985 10112
   986 10112
   987 10112
   988 10112
   989 10112
   990 10112
   991 10112
   992 10112
   993 10112
   994 10112
   995 10112
   996 10112
   997 10112
   998 10112
   999 10112
  1000 10112
  1001 10112
  1002 10112
  1003 10112
  1004 10112
  1005 10112
  1006 10112
  1007 10112
  1008 10112
  1009 10112
  1010 10112
  1011 10112
  1012 10112
  1013 10112
  1014 10112
  1015 10112
  1016 10112
  1017 10112
  1018 10112
  1019 10112
  1020 10112
  1025 10031
  1026 10031
  1027 10031
  1028 10031
  1029 10031
  1030 10031
  1031 10031
  1032 10031
  1033 10031
  1034 10031
  1035 10031
  1036 10031
  1037 10031
  1038 10031
  1039 10031
  1040 10031
  1041 10031
  1042 10031
  1043 10031
  1044 10031
  1045 10031
  1046 10031
  1047 10031
  1048 10031
  1049 10031
  1050 10031
  1051 10031
  1052 10031
  1053 10031
  1054 10031
  1055 10031
  1056 10031
  1057 10031
  1058 10031
  1059 10031
  1060 10031
  1061 10031
  1062 10031
  1063 10031
  1064 10031
  1065 10031
  1066 10031
  1067 10031
  1068 10031
  1069 10031
  1070 10031
  1071 10031
  1072 10031
  1073 10031
  1074 10031
  1075 10031
  1076 10031
  1077 10031
  1078 10031
  1079 10031
  1080 10031
  1081 10031
  1082 10031
  1083 10031
  1084 10031
  1085 10031
  1086 10031
  1087 10031
  1088 10031
  1089 10031
  1090 10031
  1091 10031
  1092 10031
  1093 10031
  1094 10031
  1095 10031
  1096 10031
  1097 10031
  1098 10031
  1099 10031
  1100 10031
  1101 10031
  1102 10031
  1103 10031
  1104 10031
  1105 10031
  1106 10031
  1107 10031
  1108 10031
  1109 10031
  1110 10031
  1111 10031
  1112 10031
  1113 10031
  1114 10031
  1115 10031
  1116 10031
  1117 10031
  1118 10031
  1119 10031
  1120 10031
  1121 10031
  1122 10031
  1123 10031
  1124 10031
  1125 10031
  1126 10031
  1127 10031
  1128 10031
  1129 10031
  1130 10031
  1131 10031
  1132 10031
  1133 10031
  1134 10031
  1135 10031
  1136 10031
  1137 10031
  1138 10031
  1139 10031
  1140 10031
  1141 10031
  1142 10031
  1143 10031
  1144 10031
  1145 10031
  1146 10031
  1147 10031
  1148 10031
  1149 10031
  1150 10031
  1151 10031
  1152 10031
  1153 10031
  1154 10031
  1155 10031
  1156 10031
  1157 10031
  1158 10031
  1159 10031
  1160 10031
  1161 10031
  1162 10031
  1163 10031
  1164 10031
  1165 10031
  1166 10031
  1167 10031
  1168 10031
  1169 10031
  1170 10031
  1171 10031
  1172 10031
  1173 10031
  1174 10031
  1175 10031
  1176 10031
  1177 10031
  1178 10031
  1179 10031
  1180 10031
  1181 10031
  1182 10031
  1183 10031
  1184 10031
  1185 10031
  1186 10031
  1187 10031
  1188 10031
  1189 10031
  1190 10031
  1191 10031
  1192 10031
  1193 10031
  1194 10031
  1195 10031
  1196 10031
  1197 10031
  1198 10031
  1199 10031
  1200 10031
  1201 10031
  1202 10031
  1203 10031
  1204 10031
  1205 10031
  1206 10031
  1207 10031
  1208 10031
  1209 10031
  1210 10031
  1211 10031
  1212 10031
  1213 10031
  1214 10031
  1215 10031
  1216 10031
  1217 10031
  1218 10031
  1219 10031
  1220 10031
  1221 10031
  1222 10031
  1223 10031
  1224 10031
  1225 10031
  1226 10031
  1227 10031
  1228 10031
  1229 10031
  1230 10031
  1231 10031
  1232 10031
  1233 10031
  1234 10031
  1235 10031
  1236 10031
  1237 10031
  1238 10031
  1239 10031
  1240 10031
  1241 10031
  1242 10031
  1243 10031
  1244 10031
  1245 10031
  1246 10031
  1247 10031
  1248 10031
  1249 10031
  1250 10031
  1251 10031
  1252 10031
  1253 10031
  1254 10031
  1255 10031
  1256 10031
  1257 10031
  1266 10154
  1267 10154
  1268 10154
  1270 10071
  1271 10071
  1272 10071
  1282 10094
  1283 10094
  1284 10094
  1285 10094
  1286 10094
  1309 10154
  1310 10154
  1311 10074
  1312 10154
  1313 10143
  1314 10143
  1315 10143
  1316 10143
  1317 10143
  1318 10143
  1319 10143
  1320 10016
  1321 10143
  1322 10143
  1323 10143
  1324 10143
  1325 10014
  1326 10143
  1327 10016
  1328 10143
  1329 10154
  1330 10143
  1331 10143
  1332 10016
  1333 10036
  1334 10036
  1335 10016
  1336 10016
  1337 10016
  1338 10016
  1339 10143
  1340 10016
  1341 10016
  1342 10016
  1343 10016
  1344 10016
  1345 10016
  1346 10016
  1347 10016
  1348 10016
  1349 10016
  1350 10016
  1351 10016
  1352 10143
  1353 10016
  1354 10143
  1355 10143
  1356 10143
  1357 10016
  1358 10143
  1359 10143
  1360 10143
  1361 10143
  1362 10143
  1363 10143
  1364 10143
  1365 10016
  1366 10143
  1367 10143
  1368 10006
  1369 10006
  1370 10006
  1371 10006
  1372 10006
  1373 10143
  1374 10143
  1375 10143
  1376 10143
  1377 10143
  1378 10143
  1379 10143
  1380 10143
  1381 10143
  1382 10143
  1383 10143
  1384 10143
  1385 10143
  1386 10143
  1387 10143
  1388 10143
  1389 10143
  1390 10143
  1391 10143
  1392 10016
  1393 10016
  1394 10016
  1395 10016
  1396 10016
  1397 10016
  1398 10016
  1399 10016
  1403 10016
  1404 10016
  1405 10143
  1406 10143
  1407 10143
  1408 10143
  1409 10143
  1410 10016
  1411 10016
  1412 10016
  1413 10016
  1414 10016
  1424 10016
  1425 10016
  1426 10016
  1427 10143
  1428 10143
  1429 10143
  1430 10143
  1431 10143
  1432 10143
  1433 10143
  1434 10143
  1435 10143
  1436 10143
  1437 10143
  1438 10143
  1439 10143
  1440 10143
  1441 10143
  1442 10143
  1443 10143
  1444 10143
  1445 10143
  1446 10143
  1447 10143
  1448 10143
  1449 10143
  1450 10016
  1451 10016
  1452 10016
  1453 10016
  1454 10143
  1455 10143
  1456 10016
  1457 10016
  1458 10016
  1459 10143
  1460 10143
  1461 10143
  1462 10143
  1463 10143
  1464 10143
  1465 10143
  1466 10143
  1467 10143
  1468 10143
  1469 10014
  1470 10016
  1471 10014
  1472 10074
  1473 10014
  1474 10014
  1475 10014
  1476 10014
  1477 10014
  1478 10036
  1479 10036
  1480 10036
  1481 10081
  1482 10014
  1483 10014
  1484 10014
  1485 10143
  1486 10081
  1487 10016
  1488 10036
  1489 10036
  1490 10081
  1491 10036
  1492 10154
  1493 10014
  1494 10154
  1495 10074
  1496 10154
  1497 10154
  1498 10154
  1499 10154
  1500 10154
  1501 10154
  1502 10154
  1503 10154
  1504 10154
  1505 10031
  1506 10031
  1507 10031
  1508 10055
  1509 10055
  1510 10055
  1511 10018
  1512 10018
  1513 10018
  1514 10018
  1515 10158
  1516 10158
  1517 10158
  1518 10158
  1519 10018
  1520 10055
  1521 10055
  1522 10055
  1523 10055
  1524 10055
  1525 10055
  1526 10055
  1527 10055
  1528 10055
  1529 10055
  1530 10055
  1531 10055
  1532 10055
  1533 10055
  1534 10055
  1535 10055
  1536 10055
  1537 10055
  1538 10055
  1539 10055
  1540 10055
  1541 10055
  1542 10055
  1543 10055
  1544 10055
  1545 10055
  1546 10055
  1547 10055
  1548 10055
  1549 10055
  1550 10055
  1551 10055
  1552 10055
  1553 10055
  1554 10055
  1555 10055
  1556 10055
  1557 10055
  1558 10055
  1559 10055
  1560 10055
  1561 10055
  1562 10055
  1563 10055
  1564 10055
  1565 10055
  1566 10055
  1567 10055
  1568 10055
  1569 10055
  1570 10055
  1571 10055
  1572 10055
  1573 10055
  1618 10047
  1626 10085
  1627 10143
  1628 10143
  1629 10143
  1630 10155
  1631 10155
  1632 10155
  1633 10155
  1634 10155
  1635 10155
  1636 10155
  1637 10155
  1638 10155
  1639 10155
  1640 10155
  1641 10155
  1642 10155
  1643 10155
  1644 10155
  1645 10155
  1646 10155
  1647 10155
  1648 10155
  1649 10155
  1650 10155
  1651 10155
  1652 10155
  1653 10155
  1654 10155
  1655 10155
  1656 10155
  1657 10155
  1658 10155
  1659 10155
  1660 10155
  1661 10155
  1662 10155
  1663 10155
  1664 10155
  1665 10155
  1666 10155
  1667 10155
  1668 10155
  1669 10155
  1670 10155
  1671 10155
  1672 10155
  1673 10155
  1674 10155
  1675 10155
  1676 10155
  1677 10155
  1678 10155
  1679 10155
  1680 10155
  1681 10155
  1682 10155
  1683 10155
  1684 10155
  1685 10155
  1686 10155
  1687 10155
  1688 10155
  1689 10155
  1690 10155
  1691 10155
  1692 10155
  1693 10155
  1694 10155
  1695 10155
  1696 10155
  1697 10155
  1698 10155
  1699 10155
  1700 10155
  1701 10155
  1702 10155
  1703 10155
  1704 10155
  1705 10155
  1706 10155
  1707 10155
  1708 10155
  1709 10155
  1710 10155
  1711 10155
  1712 10155
  1713 10155
  1714 10155
  1715 10155
  1716 10155
  1717 10155
  1718 10155
  1719 10155
  1720 10155
  1721 10155
  1722 10155
  1723 10155
  1724 10155
  1725 10155
  1726 10155
  1727 10155
  1728 10155
  1729 10155
  1730 10155
  1731 10155
  1732 10155
  1733 10155
  1734 10155
  1735 10155
  1736 10155
  1737 10155
  1738 10155
  1739 10155
  1740 10155
  1741 10155
  1742 10155
  1743 10155
  1744 10155
  1745 10155
  1746 10155
  1747 10155
  1748 10155
  1749 10155
  1750 10155
  1751 10155
  1752 10155
  1753 10155
  1754 10155
  1755 10155
  1756 10155
  1757 10155
  1758 10155
  1759 10155
  1760 10155
  1761 10155
  1762 10155
  1763 10155
  1764 10155
  1765 10155
  1766 10155
  1767 10155
  1768 10155
  1769 10155
  1770 10155
  1771 10155
  1772 10155
  1773 10155
  1774 10155
  1775 10155
  1776 10155
  1777 10155
  1778 10155
  1779 10155
  1780 10155
  1781 10155
  1782 10155
  1783 10155
  1784 10155
  1785 10155
  1786 10155
  1787 10155
  1788 10155
  1789 10155
  1790 10155
  1791 10155
  1792 10155
  1793 10155
  1794 10155
  1795 10155
  1796 10155
  1797 10155
  1798 10155
  1799 10155
  1800 10155
  1801 10155
  1802 10155
  1803 10155
  1804 10155
  1805 10155
  1806 10155
  1807 10155
  1808 10155
  1809 10155
  1810 10155
  1811 10155
  1812 10155
  1813 10155
  1814 10155
  1815 10155
  1816 10155
  1817 10155
  1818 10155
  1819 10155
  1820 10155
  1821 10155
  1822 10155
  1823 10155
  1824 10155
  1825 10155
  1826 10155
  1827 10155
  1828 10155
  1829 10155
  1830 10155
  1831 10155
  1832 10155
  1833 10155
  1834 10155
  1835 10155
  1836 10155
  1837 10155
  1838 10155
  1839 10155
  1840 10155
  1841 10155
  1842 10155
  1843 10155
  1844 10155
  1845 10155
  1846 10155
  1847 10155
  1848 10155
  1849 10155
  1850 10155
  1851 10155
  1852 10155
  1853 10155
  1854 10155
  1855 10155
  1856 10155
  1857 10016
  1858 10016
  1859 10016
  1860 10016
  1870 10082
  1871 10082
  1872 10082
  1873 10082
  1874 10082
  1875 10082
  1876 10082
  1877 10082
  1878 10082
  1879 10082
  1880 10082
  1881 10082
  1882 10082
  1883 10082
  1884 10082
  1885 10082
  1886 10082
  1887 10082
  1888 10082
  1889 10082
  1890 10082
  1891 10082
  1892 10082
  1893 10082
  1894 10082
  1895 10082
  1896 10082
  1897 10082
  1898 10082
  1899 10082
  1900 10082
  1901 10082
  1902 10082
  1903 10082
  1904 10082
  1905 10082
  1906 10082
  1907 10082
  1908 10082
  1909 10082
  1910 10082
  1911 10082
  1912 10082
  1913 10082
  1914 10082
  1915 10082
  1916 10082
  1917 10082
  1918 10082
  1919 10082
  1920 10082
  1921 10082
  1922 10082
  1923 10082
  1924 10082
  1925 10082
  1926 10082
  1927 10082
  1928 10082
  1929 10082
  1930 10082
  1931 10082
  1932 10082
  1933 10082
  1934 10082
  1935 10082
  1936 10082
  1937 10082
  1938 10082
  1939 10082
  1940 10082
  1941 10082
  1942 10082
  1943 10082
  1944 10082
  1945 10082
  1946 10082
  1947 10082
  1948 10082
  1949 10082
  1950 10082
  1951 10082
  1952 10082
  1953 10082
  1954 10082
  1955 10082
  1956 10082
  1957 10082
  1958 10082
  1959 10082
  1960 10082
  1961 10082
  1962 10082
  1963 10082
  1964 10082
  1965 10082
  1966 10082
  1967 10082
  1968 10082
  1969 10082
  1970 10082
  1971 10082
  1972 10082
  1973 10082
  1974 10082
  1975 10082
  1976 10082
  1977 10082
  1978 10082
  1979 10082
  1980 10082
  1981 10082
  1982 10082
  1983 10082
  1984 10082
  1985 10082
  1986 10082
  1987 10082
  1988 10082
  1989 10082
  1990 10082
  1991 10082
  1992 10082
  1993 10082
  1994 10082
  1995 10082
  1996 10082
  1997 10082
  1998 10082
  1999 10082
  2000 10082
  2001 10082
  2002 10082
  2003 10082
  2004 10082
  2005 10082
  2006 10082
  2007 10082
  2008 10082
  2009 10082
  2010 10082
  2011 10082
  2012 10082
  2013 10082
  2014 10082
  2015 10082
  2016 10082
  2017 10082
  2018 10082
  2019 10082
  2020 10082
  2021 10082
  2022 10082
  2023 10082
  2024 10082
  2025 10151
  2026 10151
  2027 10151
  2028 10151
  2608 10015
  2609 10015
  2610 10015
  2611 10015
  2612 10015
