   690 10046
   691 10046
   692 10046
   693 10046
   694 10046
   695 10046
   696 10046
   697 10046
   698 10046
   699 10046
   700 10046
   701 10046
   702 10046
   703 10046
   704 10046
   705 10046
   706 10046
   707 10046
   708 10046
   709 10046
   710 10046
   711 10046
   712 10046
   713 10046
   714 10046
   715 10046
   716 10046
   717 10046
   718 10046
   719 10046
   720 10046
   721 10046
   722 10046
   723 10046
   724 10046
   725 10046
   726 10046
   727 10046
   728 10046
   729 10046
   730 10046
   731 10046
   732 10046
   733 10046
   734 10046
   735 10046
   736 10046
   737 10046
   738 10046
   739 10046
   740 10046
   741 10046
   742 10046
   743 10046
   744 10046
   745 10046
   746 10046
   747 10046
   748 10046
   749 10046
   750 10046
   751 10046
   752 10046
   753 10046
   754 10046
   755 10046
   756 10046
   757 10046
   758 10046
   759 10046
   760 10046
   761 10046
   762 10046
   763 10046
   764 10046
   765 10046
   766 10046
   767 10046
   768 10046
   769 10046
   770 10046
   771 10046
   772 10046
   773 10046
   774 10046
   775 10046
   776 10046
   777 10046
   778 10046
   779 10046
   780 10046
   783 10044
   784 10044
   785 10044
   786 10044
   787 10044
   788 10044
   789 10044
   790 10044
   791 10044
   792 10044
   793 10044
   794 10044
   795 10044
   796 10044
   797 10044
   798 10044
   799 10044
   800 10044
   801 10044
   802 10044
   803 10044
   804 10044
   805 10044
   806 10044
   807 10044
   808 10044
   809 10044
   810 10044
   811 10044
   812 10044
   813 10044
   814 10044
   815 10044
   816 10044
   817 10044
   818 10044
   819 10044
   820 10044
   821 10044
   822 10044
   823 10044
   824 10044
   825 10044
   826 10044
   827 10044
   828 10044
   829 10044
   830 10044
   831 10044
   832 10044
   833 10044
   834 10044
   835 10044
   836 10044
   837 10044
   838 10044
   839 10044
   840 10044
   841 10044
   842 10044
   843 10044
   844 10044
   845 10044
   846 10044
   847 10044
   848 10044
   849 10044
   850 10044
   851 10044
   852 10044
   853 10044
   854 10044
   855 10044
   856 10044
   857 10044
   858 10044
   859 10044
   860 10044
   861 10044
   862 10044
   863 10044
   864 10044
   865 10044
   866 10044
   867 10044
   868 10044
   869 10044
   870 10044
   871 10044
   872 10044
   873 10044
   874 10044
   875 10044
   876 10044
   877 10044
   878 10044
   879 10044
   880 10044
   881 10044
   882 10044
   883 10044
   884 10044
   885 10044
   886 10044
   887 10044
   888 10044
   889 10044
   890 10044
   891 10044
   892 10044
   893 10044
   894 10044
   895 10044
   896 10044
   897 10044
   898 10044
   899 10044
   900 10044
   901 10044
   902 10044
   903 10044
   904 10044
   905 10044
   906 10044
   907 10044
   908 10044
   909 10044
   910 10044
   911 10044
   912 10044
   913 10044
   914 10044
   915 10044
   916 10044
   917 10044
   918 10044
   919 10044
   920 10044
   921 10044
   922 10044
   923 10044
   924 10044
   925 10044
   926 10044
   927 10044
   928 10044
   929 10044
   930 10044
   931 10044
   932 10044
   933 10044
   934 10044
   935 10044
   936 10044
   937 10044
   938 10044
   939 10044
   940 10044
   941 10044
   942 10044
   943 10044
   944 10044
   945 10044
   946 10044
   947 10044
   948 10044
   949 10044
   950 10044
   951 10044
   952 10044
   953 10044
   954 10044
   955 10044
   956 10044
   957 10044
   958 10044
   959 10044
   960 10044
   961 10044
   962 10044
   963 10044
   964 10044
   965 10044
   966 10044
   967 10044
   968 10044
   969 10044
   970 10044
   971 10044
   972 10044
   973 10044
   974 10044
   975 10044
   976 10044
   977 10044
   978 10044
   979 10044
   980 10044
   981 10044
   982 10044
   983 10044
   984 10044
   985 10044
   986 10044
   987 10044
   988 10044
   989 10044
   990 10044
   991 10044
   992 10044
   993 10044
   994 10044
   995 10044
   996 10044
   997 10044
   998 10044
   999 10044
  1000 10044
  1001 10044
  1002 10044
  1003 10044
  1004 10044
  1005 10044
  1006 10044
  1007 10044
  1008 10044
  1009 10044
  1010 10044
  1011 10044
  1012 10044
  1013 10044
  1014 10044
  1015 10044
  1016 10044
  1017 10044
  1018 10044
  1019 10044
  1020 10044
  1021 10108
  1022 10131
  1023 10131
  1024 10131
  1025 10131
  1026 10131
  1027 10131
  1028 10131
  1029 10131
  1030 10131
  1031 10131
  1032 10131
  1033 10131
  1034 10131
  1035 10131
  1036 10131
  1037 10131
  1038 10131
  1039 10131
  1040 10131
  1041 10131
  1042 10131
  1043 10131
  1044 10131
  1045 10131
  1046 10131
  1047 10131
  1048 10131
  1049 10131
  1050 10131
  1051 10131
  1052 10131
  1053 10131
  1054 10131
  1055 10131
  1056 10131
  1057 10131
  1058 10131
  1059 10131
  1060 10131
  1061 10131
  1062 10131
  1063 10131
  1064 10131
  1065 10131
  1066 10131
  1067 10131
  1068 10131
  1069 10131
  1070 10131
  1071 10131
  1072 10131
  1073 10131
  1074 10131
  1075 10131
  1076 10131
  1077 10131
  1078 10131
  1079 10131
  1080 10131
  1081 10131
  1082 10131
  1083 10131
  1084 10131
  1085 10131
  1086 10131
  1087 10131
  1088 10131
  1089 10131
  1090 10131
  1091 10131
  1092 10131
  1093 10131
  1094 10131
  1095 10131
  1096 10131
  1097 10131
  1098 10131
  1099 10131
  1100 10131
  1101 10131
  1102 10131
  1103 10131
  1104 10131
  1105 10131
  1106 10131
  1107 10131
  1108 10131
  1109 10131
  1110 10131
  1111 10131
  1112 10131
  1113 10131
  1114 10131
  1115 10131
  1116 10131
  1117 10131
  1118 10131
  1119 10131
  1120 10131
  1121 10131
  1122 10131
  1123 10131
  1124 10131
  1125 10131
  1126 10131
  1127 10131
  1128 10131
  1129 10131
  1130 10131
  1131 10131
  1132 10131
  1133 10131
  1134 10131
  1135 10131
  1136 10131
  1137 10131
  1138 10131
  1139 10131
  1140 10131
  1141 10131
  1142 10131
  1143 10131
  1144 10131
  1145 10131
  1146 10131
  1147 10131
  1148 10131
  1149 10131
  1150 10131
  1151 10131
  1152 10131
  1153 10131
  1154 10131
  1155 10131
  1156 10131
  1157 10131
  1158 10131
  1159 10131
  1160 10131
  1161 10131
  1162 10131
  1163 10131
  1164 10131
  1165 10131
  1166 10131
  1167 10131
  1168 10131
  1169 10131
  1170 10131
  1171 10131
  1172 10131
  1173 10131
  1174 10131
  1175 10131
  1176 10131
  1177 10131
  1178 10131
  1179 10131
  1180 10131
  1181 10131
  1182 10131
  1183 10131
  1184 10131
  1185 10131
  1186 10131
  1187 10131
  1188 10131
  1189 10131
  1190 10131
  1191 10131
  1192 10131
  1193 10131
  1194 10131
  1195 10131
  1196 10131
  1197 10131
  1198 10131
  1199 10131
  1200 10131
  1201 10131
  1202 10131
  1203 10131
  1204 10131
  1205 10131
  1206 10131
  1207 10131
  1208 10131
  1209 10131
  1210 10131
  1211 10131
  1212 10131
  1213 10131
  1214 10131
  1215 10131
  1216 10131
  1217 10131
  1218 10131
  1219 10131
  1220 10131
  1221 10131
  1222 10131
  1223 10131
  1224 10131
  1225 10131
  1226 10131
  1227 10131
  1228 10131
  1229 10131
  1230 10131
  1231 10131
  1232 10131
  1233 10131
  1234 10131
  1235 10131
  1236 10131
  1237 10131
  1238 10131
  1239 10131
  1240 10131
  1241 10131
  1242 10131
  1243 10131
  1244 10131
  1245 10131
  1246 10131
  1247 10131
  1248 10131
  1249 10131
  1250 10131
  1251 10131
  1252 10131
  1253 10131
  1254 10131
  1255 10131
  1256 10131
  1257 10131
  1258 10040
  1259 10040
  1260 10040
  1261 10040
  1262 10040
  1263 10040
  1264 10040
  1265 10040
  1266 10018
  1267 10040
  1268 10018
  1269 10018
  1270 10018
  1271 10018
  1272 10040
  1273 10040
  1274 10040
  1275 10040
  1276 10040
  1277 10040
  1278 10040
  1279 10040
  1280 10040
  1288 10040
  1289 10040
  1290 10040
  1291 10040
  1297 10040
  1298 10040
  1299 10018
  1300 10040
  1301 10040
  1302 10040
  1303 10040
  1304 10040
  1305 10040
  1306 10040
  1307 10055
  1308 10055
  1309 10055
  1311 10101
  1388 10016
  1389 10016
  1390 10016
  1391 10016
  1392 10016
  1393 10016
  1394 10016
  1395 10022
  1396 10022
  1397 10022
  1398 10022
  1399 10022
  1400 10022
  1401 10022
  1402 10022
  1403 10022
  1404 10022
  1405 10022
  1406 10022
  1407 10022
  1408 10022
  1409 10022
  1410 10022
  1411 10022
  1412 10022
  1413 10022
  1414 10022
  1415 10022
  1416 10022
  1417 10022
  1418 10022
  1419 10022
  1420 10022
  1421 10022
  1422 10022
  1423 10022
  1424 10022
  1425 10022
  1426 10022
  1427 10022
  1428 10022
  1429 10022
  1430 10022
  1431 10022
  1432 10022
  1433 10022
  1434 10022
  1435 10022
  1436 10022
  1437 10022
  1438 10022
  1439 10022
  1440 10022
  1441 10022
  1442 10022
  1443 10022
  1444 10022
  1445 10022
  1446 10022
  1447 10022
  1448 10022
  1449 10022
  1450 10022
  1451 10022
  1452 10022
  1453 10022
  1454 10022
  1455 10022
  1456 10022
  1457 10022
  1458 10022
  1459 10022
  1460 10022
  1461 10022
  1462 10022
  1463 10022
  1464 10022
  1465 10022
  1466 10022
  1467 10022
  1468 10022
  1469 10022
  1470 10022
  1471 10022
  1472 10022
  1473 10022
  1474 10022
  1475 10022
  1476 10022
  1477 10022
  1478 10022
  1479 10022
  1480 10022
  1481 10022
  1482 10022
  1483 10022
  1484 10022
  1485 10022
  1486 10022
  1487 10022
  1488 10022
  1489 10022
  1490 10022
  1491 10022
  1492 10022
  1493 10022
  1494 10022
  1495 10022
  1496 10022
  1497 10022
  1498 10022
  1499 10022
  1500 10022
  1501 10022
  1502 10022
  1503 10022
  1504 10022
  1505 10022
  1506 10022
  1507 10022
  1508 10022
  1509 10022
  1510 10022
  1511 10022
  1512 10022
  1513 10022
  1514 10022
  1515 10022
  1516 10022
  1517 10022
  1518 10022
  1519 10022
  1520 10022
  1521 10022
  1522 10022
  1523 10022
  1524 10022
  1525 10022
  1526 10022
  1527 10022
  1528 10022
  1529 10022
  1530 10022
  1531 10022
  1532 10022
  1533 10022
  1534 10022
  1535 10022
  1536 10022
  1537 10022
  1538 10022
  1539 10022
  1540 10022
  1541 10022
  1542 10022
  1543 10022
  1544 10022
  1545 10022
  1546 10022
  1547 10022
  1548 10022
  1549 10022
  1550 10022
  1551 10022
  1552 10022
  1553 10022
  1554 10022
  1555 10022
  1556 10022
  1557 10022
  1558 10022
  1559 10022
  1560 10022
  1561 10022
  1562 10022
  1563 10022
  1564 10022
  1565 10022
  1566 10022
  1567 10022
  1568 10022
  1569 10022
  1570 10022
  1571 10022
  1572 10022
  1573 10022
  1574 10022
  1575 10022
  1576 10022
  1577 10022
  1578 10022
  1579 10022
  1580 10022
  1581 10022
  1582 10022
  1583 10022
  1584 10022
  1585 10022
  1586 10022
  1587 10022
  1588 10022
  1589 10022
  1590 10022
  1591 10022
  1592 10022
  1593 10022
  1594 10022
  1595 10022
  1596 10022
  1597 10022
  1598 10022
  1599 10022
  1600 10022
  1601 10022
  1602 10022
  1603 10022
  1604 10022
  1605 10022
  1606 10022
  1607 10022
  1608 10022
  1609 10022
  1610 10022
  1611 10022
  1612 10022
  1613 10022
  1614 10022
  1615 10022
  1616 10022
  1617 10022
  1618 10022
  1619 10022
  1620 10022
  1625 10138
  1626 10138
  1627 10138
  1628 10138
  1629 10138
  1630 10138
  1631 10138
  1632 10138
  1633 10138
  1634 10138
  1635 10138
  1636 10138
  1637 10138
  1638 10138
  1639 10138
  1640 10138
  1641 10138
  1642 10138
  1643 10138
  1644 10138
  1645 10138
  1646 10138
  1647 10138
  1648 10138
  1649 10138
  1650 10138
  1651 10138
  1652 10138
  1653 10138
  1654 10138
  1655 10138
  1656 10138
  1657 10138
  1658 10138
  1659 10138
  1660 10138
  1661 10138
  1662 10138
  1663 10138
  1664 10138
  1665 10138
  1666 10138
  1667 10138
  1668 10138
  1669 10138
  1670 10138
  1671 10138
  1672 10138
  1673 10138
  1674 10138
  1675 10138
  1676 10138
  1677 10138
  1678 10138
  1679 10138
  1680 10138
  1681 10138
  1682 10138
  1683 10138
  1684 10138
  1685 10138
  1686 10138
  1687 10138
  1688 10138
  1689 10138
  1690 10138
  1691 10138
  1692 10138
  1693 10138
  1694 10138
  1695 10138
  1696 10138
  1697 10138
  1698 10138
  1699 10138
  1700 10138
  1701 10138
  1702 10138
  1703 10138
  1704 10138
  1705 10138
  1706 10138
  1707 10138
  1708 10138
  1709 10138
  1710 10138
  1711 10138
  1712 10138
  1713 10138
  1714 10138
  1715 10138
  1716 10138
  1717 10138
  1718 10138
  1719 10138
  1720 10138
  1721 10138
  1722 10138
  1723 10138
  1724 10138
  1725 10138
  1726 10138
  1727 10138
  1728 10138
  1729 10138
  1730 10138
  1731 10138
  1732 10138
  1733 10138
  1734 10138
  1735 10138
  1736 10138
  1737 10138
  1738 10138
  1739 10138
  1740 10138
  1741 10138
  1742 10138
  1743 10138
  1744 10138
  1745 10138
  1746 10138
  1747 10138
  1748 10138
  1749 10138
  1750 10138
  1751 10138
  1752 10138
  1753 10138
  1754 10138
  1755 10138
  1756 10138
  1757 10138
  1758 10138
  1759 10138
  1760 10138
  1761 10138
  1762 10138
  1763 10138
  1764 10138
  1765 10138
  1766 10138
  1767 10138
  1768 10138
  1769 10138
  1770 10138
  1771 10138
  1772 10138
  1773 10138
  1774 10138
  1775 10138
  1776 10138
  1777 10138
  1778 10138
  1779 10138
  1780 10138
  1781 10138
  1782 10138
  1783 10138
  1784 10138
  1785 10138
  1786 10138
  1787 10138
  1788 10138
  1789 10138
  1790 10138
  1791 10138
  1792 10138
  1793 10138
  1794 10138
  1795 10138
  1796 10138
  1797 10138
  1798 10138
  1799 10138
  1800 10138
  1801 10138
  1802 10138
  1803 10138
  1804 10138
  1805 10138
  1806 10138
  1807 10138
  1808 10138
  1809 10138
  1810 10138
  1811 10138
  1812 10138
  1813 10138
  1814 10138
  1815 10138
  1816 10138
  1817 10138
  1818 10138
  1819 10138
  1820 10138
  1821 10138
  1822 10138
  1823 10138
  1824 10138
  1825 10138
  1826 10138
  1827 10138
  1828 10138
  1829 10138
  1830 10138
  1831 10138
  1832 10138
  1833 10138
  1834 10138
  1835 10138
  1836 10138
  1837 10138
  1838 10138
  1839 10138
  1840 10138
  1841 10138
  1842 10138
  1843 10138
  1844 10138
  1845 10138
  1846 10138
  1847 10138
  1848 10138
  1849 10138
  1850 10138
  1851 10138
  1852 10138
  1853 10138
  1854 10138
  1855 10138
  1856 10138
  1857 10138
  1858 10138
  1859 10138
  1860 10138
  1861 10101
  1862 10101
  1863 10123
  1867 10097
  1868 10097
  1869 10097
  1870 10065
  1871 10065
  1872 10065
  1873 10065
  1874 10065
  1875 10065
  1876 10065
  1877 10065
  1878 10065
  1879 10065
  1880 10065
  1881 10065
  1882 10065
  1883 10065
  1884 10065
  1885 10065
  1886 10065
  1887 10065
  1888 10065
  1889 10065
  1890 10065
  1891 10065
  1892 10065
  1893 10065
  1894 10065
  1895 10065
  1896 10065
  1897 10065
  1898 10065
  1899 10065
  1900 10065
  1901 10065
  1902 10065
  1903 10065
  1904 10065
  1905 10065
  1906 10065
  1907 10065
  1908 10065
  1909 10065
  1910 10065
  1911 10065
  1912 10065
  1913 10065
  1914 10065
  1915 10065
  1916 10065
  1917 10065
  1918 10065
  1919 10065
  1920 10065
  1921 10065
  1922 10065
  1923 10065
  1924 10065
  1925 10065
  1926 10065
  1927 10065
  1928 10065
  1929 10065
  1930 10065
  1931 10065
  1932 10065
  1933 10065
  1934 10065
  1935 10065
  1936 10065
  1937 10065
  1938 10065
  1939 10065
  1940 10065
  1941 10065
  1942 10065
  1943 10065
  1944 10065
  1945 10065
  1946 10065
  1947 10065
  1948 10065
  1949 10065
  1950 10065
  1951 10065
  1952 10065
  1953 10065
  1954 10065
  1955 10065
  1956 10065
  1957 10065
  1958 10065
  1959 10065
  1960 10065
  1961 10065
  1962 10065
  1963 10065
  1964 10065
  1965 10065
  1966 10065
  1967 10065
  1968 10065
  1969 10065
  1970 10065
  1971 10065
  1972 10065
  1973 10065
  1974 10065
  1975 10065
  1976 10065
  1977 10065
  1978 10065
  1979 10065
  1980 10065
  1981 10065
  1982 10065
  1983 10065
  1984 10065
  1985 10065
  1986 10065
  1987 10065
  1988 10065
  1989 10065
  1990 10065
  1991 10065
  1992 10065
  1993 10065
  1994 10065
  1995 10065
  1996 10065
  1997 10065
  1998 10065
  1999 10065
  2000 10065
  2001 10065
  2002 10065
  2003 10065
  2004 10065
  2005 10065
  2006 10065
  2007 10065
  2008 10065
  2009 10065
  2010 10065
  2011 10065
  2012 10065
  2013 10065
  2014 10065
  2015 10065
  2016 10065
  2017 10065
  2018 10065
  2019 10065
  2020 10065
