   690 10018
   691 10018
   692 10018
   693 10018
   694 10018
   695 10018
   696 10018
   697 10018
   698 10018
   699 10018
   700 10018
   701 10018
   702 10018
   703 10018
   704 10018
   705 10018
   706 10018
   707 10018
   708 10018
   709 10018
   710 10018
   711 10018
   712 10018
   713 10018
   714 10018
   715 10018
   716 10018
   717 10018
   718 10018
   719 10018
   720 10018
   721 10018
   722 10018
   723 10018
   724 10018
   725 10018
   726 10018
   727 10018
   728 10018
   729 10018
   730 10018
   731 10018
   732 10018
   733 10018
   734 10018
   735 10018
   736 10018
   737 10018
   738 10018
   739 10018
   740 10018
   741 10018
   742 10018
   743 10018
   744 10018
   745 10018
   746 10018
   747 10018
   748 10018
   749 10018
   750 10018
   751 10018
   752 10018
   753 10018
   754 10018
   755 10018
   756 10018
   757 10018
   758 10018
   759 10018
   760 10018
   761 10018
   762 10018
   763 10018
   764 10018
   765 10018
   766 10018
   767 10018
   768 10018
   769 10018
   770 10018
   771 10018
   772 10018
   773 10018
   774 10018
   775 10018
   776 10018
   777 10018
   778 10018
   779 10018
   780 10018
   781 10101
   782 10101
   786 10154
   787 10154
   788 10154
   789 10156
   790 10156
   791 10143
   792 10161
   793 10161
   794 10059
   795 10059
   796 10059
   797 10059
   798 10059
   799 10059
   800 10059
   801 10059
   802 10059
   803 10059
   804 10059
   805 10059
   806 10059
   807 10059
   808 10059
   809 10059
   810 10059
   811 10059
   812 10059
   813 10059
   814 10059
   815 10059
   816 10059
   817 10059
   818 10059
   819 10059
   820 10059
   821 10059
   822 10059
   823 10059
   824 10059
   825 10059
   826 10059
   827 10059
   828 10059
   829 10059
   830 10059
   831 10059
   832 10059
   833 10059
   834 10059
   835 10059
   836 10059
   837 10059
   838 10059
   839 10059
   840 10059
   841 10059
   842 10059
   843 10059
   844 10059
   845 10059
   846 10059
   847 10059
   848 10059
   849 10059
   850 10059
   851 10059
   852 10059
   853 10059
   854 10059
   855 10059
   856 10059
   857 10059
   858 10059
   859 10059
   860 10059
   861 10059
   862 10059
   863 10059
   864 10059
   865 10059
   866 10059
   867 10059
   868 10059
   869 10059
   870 10059
   871 10059
   872 10059
   873 10059
   874 10059
   875 10059
   876 10059
   877 10059
   878 10059
   879 10059
   880 10059
   881 10059
   882 10059
   883 10059
   884 10059
   885 10059
   886 10059
   887 10059
   888 10059
   889 10059
   890 10059
   891 10059
   892 10059
   893 10059
   894 10059
   895 10059
   896 10059
   897 10059
   898 10059
   899 10059
   900 10059
   901 10059
   902 10059
   903 10059
   904 10059
   905 10059
   906 10059
   907 10059
   908 10059
   909 10059
   910 10059
   911 10059
   912 10059
   913 10059
   914 10059
   915 10059
   916 10059
   917 10059
   918 10059
   919 10059
   920 10059
   921 10059
   922 10059
   923 10059
   924 10059
   925 10059
   926 10059
   927 10059
   928 10059
   929 10059
   930 10059
   931 10059
   932 10059
   933 10059
   934 10059
   935 10059
   936 10059
   937 10059
   938 10059
   939 10059
   940 10059
   941 10059
   942 10059
   943 10059
   944 10059
   945 10059
   946 10059
   947 10059
   948 10059
   949 10059
   950 10059
   951 10059
   952 10059
   953 10059
   954 10059
   955 10059
   956 10059
   957 10059
   958 10059
   959 10059
   960 10059
   961 10059
   962 10059
   963 10059
   964 10059
   965 10059
   966 10059
   967 10059
   968 10059
   969 10059
   970 10059
   971 10059
   972 10059
   973 10059
   974 10059
   975 10059
   976 10059
   977 10059
   978 10059
   979 10059
   980 10059
   981 10059
   982 10059
   983 10059
   984 10059
   985 10059
   986 10059
   987 10059
   988 10059
   989 10059
   990 10059
   991 10059
   992 10059
   993 10059
   994 10059
   995 10059
   996 10059
   997 10059
   998 10059
   999 10059
  1000 10059
  1001 10059
  1002 10059
  1003 10059
  1004 10059
  1005 10059
  1006 10059
  1007 10059
  1008 10059
  1009 10059
  1010 10059
  1011 10059
  1012 10059
  1013 10059
  1014 10059
  1015 10059
  1016 10059
  1017 10059
  1018 10059
  1019 10059
  1020 10059
  1021 10036
  1024 10050
  1025 10050
  1026 10050
  1027 10050
  1028 10050
  1029 10050
  1030 10050
  1031 10050
  1032 10050
  1033 10050
  1034 10050
  1035 10050
  1036 10050
  1037 10050
  1038 10050
  1039 10050
  1040 10050
  1041 10050
  1042 10050
  1043 10050
  1044 10050
  1045 10050
  1046 10050
  1047 10050
  1048 10050
  1049 10050
  1050 10050
  1051 10050
  1052 10050
  1053 10050
  1054 10050
  1055 10050
  1056 10050
  1057 10050
  1058 10050
  1059 10050
  1060 10050
  1061 10050
  1062 10050
  1063 10050
  1064 10050
  1065 10050
  1066 10050
  1067 10050
  1068 10050
  1069 10050
  1070 10050
  1071 10050
  1072 10050
  1073 10050
  1074 10050
  1075 10050
  1076 10050
  1077 10050
  1078 10050
  1079 10050
  1080 10050
  1081 10050
  1082 10050
  1083 10050
  1084 10050
  1085 10050
  1086 10050
  1087 10050
  1088 10050
  1089 10050
  1090 10050
  1091 10050
  1092 10050
  1093 10050
  1094 10050
  1095 10050
  1096 10050
  1097 10050
  1098 10050
  1099 10050
  1100 10050
  1101 10050
  1102 10050
  1103 10050
  1104 10050
  1105 10050
  1106 10050
  1107 10050
  1108 10050
  1109 10050
  1110 10050
  1111 10050
  1112 10050
  1113 10050
  1114 10050
  1115 10050
  1116 10050
  1117 10050
  1118 10050
  1119 10050
  1120 10050
  1121 10050
  1122 10050
  1123 10050
  1124 10050
  1125 10050
  1126 10050
  1127 10050
  1128 10050
  1129 10050
  1130 10050
  1131 10050
  1132 10050
  1133 10050
  1134 10050
  1135 10050
  1136 10050
  1137 10050
  1138 10050
  1139 10050
  1140 10050
  1141 10050
  1142 10050
  1143 10050
  1144 10050
  1145 10050
  1146 10050
  1147 10050
  1148 10050
  1149 10050
  1150 10050
  1151 10050
  1152 10050
  1153 10050
  1154 10050
  1155 10050
  1156 10050
  1157 10050
  1158 10050
  1159 10050
  1160 10050
  1161 10050
  1162 10050
  1163 10050
  1164 10050
  1165 10050
  1166 10050
  1167 10050
  1168 10050
  1169 10050
  1170 10050
  1171 10050
  1172 10050
  1173 10050
  1174 10050
  1175 10050
  1176 10050
  1177 10050
  1178 10050
  1179 10050
  1180 10050
  1181 10050
  1182 10050
  1183 10050
  1184 10050
  1185 10050
  1186 10050
  1187 10050
  1188 10050
  1189 10050
  1190 10050
  1191 10050
  1192 10050
  1193 10050
  1194 10050
  1195 10050
  1196 10050
  1197 10050
  1198 10050
  1199 10050
  1200 10050
  1201 10050
  1202 10050
  1203 10050
  1204 10050
  1205 10050
  1206 10050
  1207 10050
  1208 10050
  1209 10050
  1210 10050
  1211 10050
  1212 10050
  1213 10050
  1214 10050
  1215 10050
  1216 10050
  1217 10050
  1218 10050
  1219 10050
  1220 10050
  1221 10050
  1222 10050
  1223 10050
  1224 10050
  1225 10050
  1226 10050
  1227 10050
  1228 10050
  1229 10050
  1230 10050
  1231 10050
  1232 10050
  1233 10050
  1234 10050
  1235 10050
  1236 10050
  1237 10050
  1238 10050
  1239 10050
  1240 10050
  1241 10050
  1242 10050
  1243 10050
  1244 10050
  1245 10050
  1246 10050
  1247 10050
  1248 10050
  1249 10050
  1250 10050
  1251 10050
  1252 10050
  1253 10050
  1254 10050
  1255 10050
  1256 10050
  1257 10050
  1258 10050
  1259 10101
  1260 10101
  1261 10101
  1262 10134
  1264 10130
  1266 10154
  1267 10095
  1268 10156
  1269 10156
  1270 10156
  1271 10156
  1272 10156
  1273 10156
  1274 10156
  1275 10156
  1276 10156
  1277 10156
  1278 10156
  1279 10156
  1280 10156
  1281 10156
  1282 10156
  1283 10156
  1284 10156
  1285 10156
  1286 10156
  1287 10156
  1288 10156
  1289 10156
  1290 10156
  1291 10156
  1292 10156
  1293 10156
  1294 10156
  1295 10156
  1296 10156
  1297 10156
  1298 10156
  1299 10156
  1300 10156
  1301 10156
  1302 10156
  1303 10156
  1304 10156
  1305 10156
  1306 10156
  1307 10156
  1308 10156
  1309 10156
  1310 10156
  1311 10156
  1312 10156
  1313 10156
  1314 10156
  1315 10156
  1316 10156
  1317 10156
  1318 10156
  1319 10156
  1320 10156
  1321 10156
  1322 10156
  1323 10156
  1324 10156
  1325 10156
  1326 10156
  1327 10156
  1328 10156
  1329 10156
  1330 10156
  1331 10156
  1332 10156
  1333 10156
  1334 10156
  1335 10156
  1336 10156
  1337 10156
  1338 10156
  1339 10156
  1340 10156
  1341 10156
  1342 10156
  1343 10156
  1344 10156
  1345 10156
  1346 10156
  1347 10156
  1348 10156
  1349 10156
  1350 10156
  1351 10156
  1352 10156
  1353 10156
  1354 10156
  1355 10156
  1356 10156
  1357 10156
  1358 10156
  1359 10156
  1360 10156
  1361 10156
  1362 10156
  1363 10156
  1364 10156
  1365 10156
  1366 10156
  1367 10156
  1368 10156
  1369 10156
  1370 10156
  1371 10156
  1372 10156
  1373 10156
  1374 10156
  1375 10156
  1376 10156
  1377 10156
  1378 10156
  1379 10156
  1380 10156
  1381 10156
  1382 10156
  1383 10156
  1384 10156
  1385 10156
  1386 10156
  1387 10156
  1388 10156
  1389 10156
  1390 10156
  1391 10156
  1392 10156
  1393 10156
  1394 10156
  1395 10156
  1396 10156
  1397 10156
  1398 10156
  1399 10156
  1400 10156
  1401 10156
  1402 10156
  1403 10156
  1404 10156
  1405 10156
  1406 10156
  1407 10156
  1408 10156
  1409 10156
  1410 10156
  1411 10156
  1412 10156
  1413 10156
  1414 10156
  1415 10156
  1416 10156
  1417 10156
  1418 10156
  1419 10156
  1420 10156
  1421 10156
  1422 10156
  1423 10156
  1424 10156
  1425 10156
  1426 10156
  1427 10156
  1428 10156
  1429 10156
  1430 10156
  1431 10156
  1432 10156
  1433 10156
  1434 10156
  1435 10156
  1436 10156
  1437 10156
  1438 10156
  1439 10156
  1440 10156
  1441 10156
  1442 10156
  1443 10156
  1444 10156
  1445 10156
  1446 10156
  1447 10156
  1448 10156
  1449 10156
  1450 10156
  1451 10156
  1452 10156
  1453 10156
  1454 10156
  1455 10156
  1456 10156
  1457 10156
  1458 10156
  1459 10156
  1460 10156
  1461 10156
  1462 10156
  1463 10156
  1464 10156
  1465 10156
  1466 10156
  1467 10156
  1468 10156
  1469 10156
  1470 10156
  1471 10156
  1472 10156
  1473 10156
  1474 10156
  1475 10156
  1476 10156
  1477 10156
  1478 10156
  1479 10156
  1480 10156
  1481 10156
  1482 10156
  1483 10156
  1484 10156
  1485 10156
  1486 10156
  1487 10156
  1488 10156
  1489 10156
  1490 10156
  1491 10156
  1492 10156
  1493 10156
  1494 10156
  1495 10156
  1496 10156
  1497 10156
  1498 10156
  1499 10156
  1500 10156
  1501 10154
  1502 10055
  1503 10055
  1504 10055
  1505 10055
  1506 10055
  1507 10055
  1508 10018
  1509 10018
  1510 10018
  1511 10055
  1512 10055
  1513 10055
  1514 10055
  1515 10055
  1516 10055
  1517 10055
  1518 10055
  1519 10055
  1520 10055
  1521 10055
  1522 10055
  1523 10055
  1524 10055
  1525 10055
  1526 10055
  1527 10055
  1528 10055
  1529 10055
  1530 10055
  1531 10055
  1532 10055
  1533 10055
  1534 10055
  1535 10055
  1536 10055
  1537 10055
  1538 10055
  1575 10085
  1576 10085
  1577 10085
  1579 10085
  1580 10055
  1581 10055
  1582 10055
  1583 10040
  1584 10040
  1585 10040
  1586 10040
  1587 10040
  1588 10040
  1589 10106
  1590 10106
  1595 10101
  1596 10101
  1597 10101
  1598 10101
  1599 10101
  1616 10152
  1617 10152
  1625 10022
  1626 10022
  1627 10022
  1628 10041
  1629 10041
  1630 10022
  1631 10022
  1632 10022
  1633 10022
  1634 10022
  1635 10022
  1636 10022
  1637 10022
  1638 10022
  1639 10022
  1640 10022
  1641 10022
  1642 10022
  1643 10022
  1644 10022
  1645 10022
  1646 10022
  1647 10022
  1648 10022
  1649 10022
  1650 10022
  1651 10022
  1652 10022
  1653 10022
  1654 10022
  1655 10022
  1656 10022
  1657 10022
  1658 10022
  1659 10022
  1660 10022
  1661 10022
  1662 10022
  1663 10022
  1664 10022
  1665 10022
  1666 10022
  1667 10022
  1668 10022
  1669 10022
  1670 10022
  1671 10022
  1672 10022
  1673 10022
  1674 10022
  1675 10022
  1676 10022
  1677 10022
  1678 10022
  1679 10022
  1680 10022
  1681 10022
  1682 10022
  1683 10022
  1684 10022
  1685 10022
  1686 10022
  1687 10022
  1688 10022
  1689 10022
  1690 10022
  1691 10022
  1692 10022
  1693 10022
  1694 10022
  1695 10022
  1696 10022
  1697 10022
  1698 10022
  1699 10022
  1700 10022
  1701 10022
  1702 10022
  1703 10022
  1704 10022
  1705 10022
  1706 10022
  1707 10022
  1708 10022
  1709 10022
  1710 10022
  1711 10022
  1712 10022
  1713 10022
  1714 10022
  1715 10022
  1716 10022
  1717 10022
  1718 10022
  1719 10022
  1720 10022
  1721 10022
  1722 10022
  1723 10022
  1724 10022
  1725 10022
  1726 10022
  1727 10022
  1728 10022
  1729 10022
  1730 10022
  1731 10022
  1732 10022
  1733 10022
  1734 10022
  1735 10022
  1736 10022
  1737 10022
  1738 10022
  1739 10022
  1740 10022
  1741 10022
  1742 10022
  1743 10022
  1744 10022
  1745 10022
  1746 10022
  1747 10022
  1748 10022
  1749 10022
  1750 10022
  1751 10022
  1752 10022
  1753 10022
  1754 10022
  1755 10022
  1756 10022
  1757 10022
  1758 10022
  1759 10022
  1760 10022
  1761 10022
  1762 10022
  1763 10022
  1764 10022
  1765 10022
  1766 10022
  1767 10022
  1768 10022
  1769 10022
  1770 10022
  1771 10022
  1772 10022
  1773 10022
  1774 10022
  1775 10022
  1776 10022
  1777 10022
  1778 10022
  1779 10022
  1780 10022
  1781 10022
  1782 10022
  1783 10022
  1784 10022
  1785 10022
  1786 10022
  1787 10022
  1788 10022
  1789 10022
  1790 10022
  1791 10022
  1792 10022
  1793 10022
  1794 10022
  1795 10022
  1796 10022
  1797 10022
  1798 10022
  1799 10022
  1800 10022
  1801 10022
  1802 10022
  1803 10022
  1804 10022
  1805 10022
  1806 10022
  1807 10022
  1808 10022
  1809 10022
  1810 10022
  1811 10022
  1812 10022
  1813 10022
  1814 10022
  1815 10022
  1816 10022
  1817 10022
  1818 10022
  1819 10022
  1820 10022
  1821 10022
  1822 10022
  1823 10022
  1824 10022
  1825 10022
  1826 10022
  1827 10022
  1828 10022
  1829 10022
  1830 10022
  1831 10022
  1832 10022
  1833 10022
  1834 10022
  1835 10022
  1836 10022
  1837 10022
  1838 10022
  1839 10022
  1840 10022
  1841 10022
  1842 10022
  1843 10022
  1844 10022
  1845 10022
  1846 10022
  1847 10022
  1848 10022
  1849 10022
  1850 10022
  1851 10022
  1852 10022
  1853 10022
  1854 10022
  1855 10022
  1869 10112
  1870 10112
  1871 10112
  1872 10112
  1873 10112
  1874 10112
  1875 10112
  1876 10112
  1877 10112
  1878 10112
  1879 10112
  1880 10112
  1881 10112
  1882 10112
  1883 10112
  1884 10112
  1885 10112
  1886 10112
  1887 10112
  1888 10112
  1889 10112
  1890 10112
  1891 10112
  1892 10112
  1893 10112
  1894 10112
  1895 10112
  1896 10112
  1897 10112
  1898 10112
  1899 10112
  1900 10112
  1901 10112
  1902 10112
  1903 10112
  1904 10112
  1905 10112
  1906 10112
  1907 10112
  1908 10112
  1909 10112
  1910 10112
  1911 10112
  1912 10112
  1913 10112
  1914 10112
  1915 10112
  1916 10112
  1917 10112
  1918 10112
  1919 10112
  1920 10112
  1921 10112
  1922 10112
  1923 10112
  1924 10112
  1925 10112
  1926 10112
  1927 10112
  1928 10112
  1929 10112
  1930 10112
  1931 10112
  1932 10112
  1933 10112
  1934 10112
  1935 10112
  1936 10112
  1937 10112
  1938 10112
  1939 10112
  1940 10112
  1941 10112
  1942 10112
  1943 10112
  1944 10112
  1945 10112
  1946 10112
  1947 10112
  1948 10112
  1949 10112
  1950 10112
  1951 10112
  1952 10112
  1953 10112
  1954 10112
  1955 10112
  1956 10112
  1957 10112
  1958 10112
  1959 10112
  1960 10112
  1961 10112
  1962 10112
  1963 10112
  1964 10112
  1965 10112
  1966 10112
  1967 10112
  1968 10112
  1969 10112
  1970 10112
  1971 10112
  1972 10112
  1973 10112
  1974 10112
  1975 10112
  1976 10112
  1977 10112
  1978 10112
  1979 10112
  1980 10112
  1981 10112
  1982 10112
  1983 10112
  1984 10112
  1985 10112
  1986 10112
  1987 10112
  1988 10112
  1989 10112
  1990 10112
  1991 10112
  1992 10112
  1993 10112
  1994 10112
  1995 10112
  1996 10112
  1997 10112
  1998 10112
  1999 10112
  2000 10112
  2001 10112
  2002 10112
  2003 10112
  2004 10112
  2005 10112
  2006 10112
  2007 10112
  2008 10112
  2009 10112
  2010 10112
  2011 10112
  2012 10112
  2013 10112
  2014 10112
  2015 10112
  2016 10112
  2017 10112
  2018 10112
  2019 10112
  2020 10112
  2021 10112
  2022 10112
  2023 10112
  2024 10112
  2025 10112
  2026 10112
  2027 10085
  2028 10085
  2029 10085
  2030 10085
  2031 10085
  2032 10085
  2033 10085
  2034 10055
  2035 10055
  2036 10055
