   686 10075
   687 10075
   689 10169
   690 10075
   691 10075
   692 10075
   693 10075
   694 10075
   695 10075
   696 10075
   697 10075
   698 10075
   699 10075
   700 10075
   701 10075
   702 10075
   703 10075
   704 10075
   705 10075
   706 10075
   707 10075
   708 10075
   709 10075
   710 10075
   711 10075
   712 10075
   713 10075
   714 10075
   715 10075
   716 10075
   717 10075
   718 10075
   719 10075
   720 10075
   721 10075
   722 10075
   723 10075
   724 10075
   725 10075
   726 10075
   727 10075
   728 10075
   729 10075
   730 10075
   731 10075
   732 10075
   733 10075
   734 10075
   735 10075
   736 10075
   737 10075
   738 10075
   739 10075
   740 10075
   741 10075
   742 10075
   743 10075
   744 10075
   745 10075
   746 10075
   747 10075
   748 10075
   749 10075
   750 10075
   751 10075
   752 10075
   753 10075
   754 10075
   755 10075
   756 10075
   757 10075
   758 10075
   759 10075
   760 10075
   761 10075
   762 10075
   763 10075
   764 10075
   765 10075
   766 10075
   767 10075
   768 10075
   769 10075
   770 10075
   771 10075
   772 10075
   773 10075
   774 10075
   775 10075
   776 10075
   777 10075
   778 10075
   779 10075
   780 10075
   781 10041
   787 10062
   788 10062
   789 10062
   790 10146
   791 10146
   792 10146
   793 10146
   794 10146
   795 10146
   796 10146
   797 10146
   798 10146
   799 10146
   800 10146
   801 10146
   802 10146
   803 10146
   804 10146
   805 10146
   806 10146
   807 10146
   808 10146
   809 10146
   810 10146
   811 10146
   812 10146
   813 10146
   814 10146
   815 10146
   816 10146
   817 10146
   818 10146
   819 10146
   820 10146
   821 10146
   822 10146
   823 10146
   824 10146
   825 10146
   826 10146
   827 10146
   828 10146
   829 10146
   830 10146
   831 10146
   832 10146
   833 10146
   834 10146
   835 10146
   836 10146
   837 10146
   838 10146
   839 10146
   840 10146
   841 10146
   842 10146
   843 10146
   844 10146
   845 10146
   846 10146
   847 10146
   848 10146
   849 10146
   850 10146
   851 10146
   852 10146
   853 10146
   854 10146
   855 10146
   856 10146
   857 10146
   858 10146
   859 10146
   860 10146
   861 10146
   862 10146
   863 10146
   864 10146
   865 10146
   866 10146
   867 10146
   868 10146
   869 10146
   870 10146
   871 10146
   872 10146
   873 10146
   874 10146
   875 10146
   876 10146
   877 10146
   878 10146
   879 10146
   880 10146
   881 10146
   882 10146
   883 10146
   884 10146
   885 10146
   886 10146
   887 10146
   888 10146
   889 10146
   890 10146
   891 10146
   892 10146
   893 10146
   894 10146
   895 10146
   896 10146
   897 10146
   898 10146
   899 10146
   900 10146
   901 10146
   902 10146
   903 10146
   904 10146
   905 10146
   906 10146
   907 10146
   908 10146
   909 10146
   910 10146
   911 10146
   912 10146
   913 10146
   914 10146
   915 10146
   916 10146
   917 10146
   918 10146
   919 10146
   920 10146
   921 10146
   922 10146
   923 10146
   924 10146
   925 10146
   926 10146
   927 10146
   928 10146
   929 10146
   930 10146
   931 10146
   932 10146
   933 10146
   934 10146
   935 10146
   936 10146
   937 10146
   938 10146
   939 10146
   940 10146
   941 10146
   942 10146
   943 10146
   944 10146
   945 10146
   946 10146
   947 10146
   948 10146
   949 10146
   950 10146
   951 10146
   952 10146
   953 10146
   954 10146
   955 10146
   956 10146
   957 10146
   958 10146
   959 10146
   960 10146
   961 10146
   962 10146
   963 10146
   964 10146
   965 10146
   966 10146
   967 10146
   968 10146
   969 10146
   970 10146
   971 10146
   972 10146
   973 10146
   974 10146
   975 10146
   976 10146
   977 10146
   978 10146
   979 10146
   980 10146
   981 10146
   982 10146
   983 10146
   984 10146
   985 10146
   986 10146
   987 10146
   988 10146
   989 10146
   990 10146
   991 10146
   992 10146
   993 10146
   994 10146
   995 10146
   996 10146
   997 10146
   998 10146
   999 10146
  1000 10146
  1001 10146
  1002 10146
  1003 10146
  1004 10146
  1005 10146
  1006 10146
  1007 10146
  1008 10146
  1009 10146
  1010 10146
  1011 10146
  1012 10146
  1013 10146
  1014 10146
  1015 10146
  1016 10146
  1017 10146
  1018 10146
  1019 10146
  1020 10146
  1021 10140
  1022 10140
  1023 10140
  1025 10050
  1026 10128
  1027 10128
  1028 10007
  1029 10128
  1030 10128
  1032 10128
  1033 10128
  1034 10128
  1035 10128
  1036 10128
  1037 10128
  1038 10128
  1039 10128
  1040 10128
  1041 10128
  1042 10128
  1043 10128
  1044 10128
  1045 10128
  1046 10128
  1047 10128
  1048 10128
  1049 10128
  1050 10128
  1051 10128
  1052 10128
  1053 10128
  1054 10128
  1055 10128
  1056 10128
  1057 10128
  1058 10128
  1059 10128
  1060 10128
  1061 10128
  1062 10128
  1063 10128
  1064 10128
  1065 10128
  1066 10128
  1067 10128
  1068 10128
  1069 10128
  1070 10128
  1071 10128
  1072 10128
  1073 10128
  1074 10128
  1075 10128
  1076 10128
  1077 10128
  1078 10128
  1079 10128
  1080 10128
  1081 10128
  1082 10128
  1083 10128
  1084 10128
  1085 10128
  1086 10128
  1087 10128
  1088 10128
  1089 10128
  1090 10128
  1091 10128
  1092 10128
  1093 10128
  1094 10128
  1095 10128
  1096 10128
  1097 10128
  1098 10128
  1099 10128
  1100 10128
  1101 10128
  1102 10128
  1103 10128
  1104 10128
  1105 10128
  1106 10128
  1107 10128
  1108 10128
  1109 10128
  1110 10128
  1111 10128
  1112 10128
  1113 10128
  1114 10128
  1115 10128
  1116 10128
  1117 10128
  1118 10128
  1119 10128
  1120 10128
  1121 10128
  1122 10128
  1123 10128
  1124 10128
  1125 10128
  1126 10128
  1127 10128
  1128 10128
  1129 10128
  1130 10128
  1131 10128
  1132 10128
  1133 10128
  1134 10128
  1135 10128
  1136 10128
  1137 10128
  1138 10128
  1139 10128
  1140 10128
  1141 10128
  1142 10128
  1143 10128
  1144 10128
  1145 10128
  1146 10128
  1147 10128
  1148 10128
  1149 10128
  1150 10128
  1151 10128
  1152 10128
  1153 10128
  1154 10128
  1155 10128
  1156 10128
  1157 10128
  1158 10128
  1159 10128
  1160 10128
  1161 10128
  1162 10128
  1163 10128
  1164 10128
  1165 10128
  1166 10128
  1167 10128
  1168 10128
  1169 10128
  1170 10128
  1171 10128
  1172 10128
  1173 10128
  1174 10128
  1175 10128
  1176 10128
  1177 10128
  1178 10128
  1179 10128
  1180 10128
  1181 10128
  1182 10128
  1183 10128
  1184 10128
  1185 10128
  1186 10128
  1187 10128
  1188 10128
  1189 10128
  1190 10128
  1191 10128
  1192 10128
  1193 10128
  1194 10128
  1195 10128
  1196 10128
  1197 10128
  1198 10128
  1199 10128
  1200 10128
  1201 10128
  1202 10128
  1203 10128
  1204 10128
  1205 10128
  1206 10128
  1207 10128
  1208 10128
  1209 10128
  1210 10128
  1211 10128
  1212 10128
  1213 10128
  1214 10128
  1215 10128
  1216 10128
  1217 10128
  1218 10128
  1219 10128
  1220 10128
  1221 10128
  1222 10128
  1223 10128
  1224 10128
  1225 10128
  1226 10128
  1227 10128
  1228 10128
  1229 10128
  1230 10128
  1231 10128
  1232 10128
  1233 10128
  1234 10128
  1235 10128
  1236 10128
  1237 10128
  1238 10128
  1239 10128
  1240 10128
  1241 10128
  1242 10128
  1243 10128
  1244 10128
  1245 10128
  1246 10128
  1247 10128
  1248 10128
  1249 10128
  1250 10128
  1251 10128
  1252 10128
  1253 10128
  1254 10128
  1255 10128
  1256 10128
  1257 10128
  1258 10128
  1259 10007
  1260 10007
  1261 10007
  1262 10007
  1263 10007
  1264 10007
  1265 10007
  1266 10128
  1267 10128
  1268 10128
  1272 10141
  1273 10055
  1274 10075
  1395 10075
  1396 10075
  1397 10075
  1398 10075
  1399 10075
  1400 10075
  1401 10075
  1402 10075
  1403 10075
  1404 10075
  1405 10075
  1406 10075
  1407 10075
  1408 10075
  1409 10075
  1410 10075
  1411 10075
  1412 10075
  1413 10075
  1414 10075
  1415 10075
  1416 10075
  1417 10075
  1418 10075
  1419 10075
  1420 10075
  1421 10075
  1422 10075
  1423 10075
  1424 10075
  1425 10075
  1426 10075
  1427 10075
  1428 10075
  1429 10075
  1430 10075
  1431 10075
  1432 10075
  1433 10075
  1434 10075
  1435 10075
  1436 10075
  1437 10075
  1438 10075
  1439 10075
  1440 10075
  1441 10075
  1442 10075
  1443 10075
  1444 10075
  1445 10075
  1446 10075
  1447 10075
  1448 10075
  1449 10075
  1450 10075
  1451 10075
  1452 10075
  1453 10075
  1454 10075
  1455 10075
  1456 10075
  1457 10075
  1458 10075
  1459 10075
  1460 10075
  1461 10075
  1462 10075
  1463 10075
  1464 10075
  1465 10075
  1466 10075
  1467 10075
  1468 10075
  1469 10075
  1470 10075
  1471 10075
  1472 10075
  1473 10075
  1474 10075
  1475 10075
  1476 10075
  1477 10075
  1478 10075
  1479 10075
  1480 10075
  1481 10075
  1482 10075
  1483 10075
  1484 10075
  1485 10075
  1486 10075
  1487 10075
  1488 10075
  1489 10075
  1490 10075
  1491 10075
  1492 10075
  1493 10075
  1494 10075
  1495 10075
  1496 10075
  1497 10143
  1528 10055
  1541 10055
  1542 10018
  1543 10018
  1544 10018
  1582 10040
  1583 10158
  1585 10055
  1600 10173
  1601 10173
  1612 10140
  1615 10141
  1616 10141
  1617 10101
  1618 10101
  1619 10101
  1620 10101
  1621 10101
  1630 10028
  1632 10152
  1633 10152
  1634 10152
  1635 10152
  1636 10152
  1637 10152
  1638 10152
  1639 10152
  1640 10152
  1641 10152
  1642 10152
  1643 10152
  1644 10152
  1645 10152
  1646 10152
  1647 10152
  1648 10152
  1649 10152
  1650 10152
  1651 10152
  1652 10152
  1653 10152
  1654 10152
  1655 10152
  1656 10152
  1657 10152
  1658 10152
  1659 10152
  1660 10152
  1661 10152
  1662 10152
  1663 10152
  1664 10152
  1665 10152
  1666 10152
  1667 10152
  1668 10152
  1669 10152
  1670 10152
  1671 10152
  1672 10152
  1673 10152
  1674 10152
  1675 10152
  1676 10152
  1677 10152
  1678 10152
  1679 10152
  1680 10152
  1681 10152
  1682 10152
  1683 10152
  1684 10152
  1685 10152
  1686 10152
  1687 10152
  1688 10152
  1689 10152
  1690 10152
  1691 10152
  1692 10152
  1693 10152
  1694 10152
  1695 10152
  1696 10152
  1697 10152
  1698 10152
  1699 10152
  1700 10152
  1701 10152
  1702 10152
  1703 10152
  1704 10152
  1705 10152
  1706 10152
  1707 10152
  1708 10152
  1709 10152
  1710 10152
  1711 10152
  1712 10152
  1713 10152
  1714 10152
  1715 10152
  1716 10152
  1717 10152
  1718 10152
  1719 10152
  1720 10152
  1721 10152
  1722 10152
  1723 10152
  1724 10152
  1725 10152
  1726 10152
  1727 10152
  1729 10152
  1730 10152
  1731 10152
  1732 10152
  1733 10152
  1734 10152
  1737 10152
  1738 10152
  1739 10152
  1740 10152
  1741 10152
  1742 10152
  1743 10152
  1744 10152
  1745 10152
  1746 10152
  1747 10152
  1748 10152
  1749 10152
  1750 10152
  1751 10152
  1752 10152
  1753 10152
  1754 10152
  1755 10152
  1756 10152
  1757 10152
  1758 10152
  1759 10152
  1761 10152
  1762 10152
  1763 10152
  1764 10152
  1765 10152
  1767 10152
  1768 10152
  1769 10152
  1770 10152
  1771 10152
  1772 10152
  1773 10152
  1774 10152
  1775 10152
  1776 10152
  1777 10152
  1778 10152
  1779 10152
  1780 10152
  1781 10152
  1782 10152
  1784 10152
  1785 10152
  1787 10152
  1789 10152
  1790 10152
  1791 10152
  1792 10152
  1793 10152
  1794 10152
  1795 10152
  1796 10152
  1797 10152
  1798 10152
  1799 10152
  1800 10152
  1801 10152
  1802 10152
  1803 10152
  1804 10152
  1805 10152
  1806 10152
  1807 10152
  1808 10152
  1809 10152
  1810 10152
  1811 10152
  1812 10152
  1813 10152
  1814 10152
  1816 10152
  1817 10152
  1818 10152
  1819 10152
  1820 10152
  1821 10152
  1822 10152
  1823 10152
  1824 10152
  1825 10152
  1826 10152
  1827 10152
  1828 10152
  1829 10152
  1830 10152
  1831 10152
  1832 10152
  1833 10152
  1834 10152
  1835 10152
  1836 10152
  1837 10152
  1838 10152
  1839 10152
  1840 10152
  1841 10152
  1842 10152
  1843 10152
  1844 10152
  1845 10152
  1846 10152
  1847 10152
  1848 10152
  1849 10152
  1850 10152
  1851 10152
  1852 10152
  1853 10152
  1854 10152
  1855 10152
  1856 10152
  1857 10047
  1858 10159
  1866 10090
  1867 10090
  1868 10090
  1869 10090
  1870 10090
  1871 10090
  1872 10090
  1873 10090
  1874 10090
  1875 10090
  1876 10090
  1877 10090
  1878 10090
  1879 10090
  1880 10090
  1881 10090
  1882 10090
  1883 10090
  1884 10090
  1885 10090
  1886 10090
  1887 10090
  1888 10090
  1889 10090
  1890 10090
  1891 10090
  1892 10090
  1893 10090
  1894 10090
  1895 10090
  1896 10090
  1897 10090
  1898 10090
  1899 10090
  1900 10090
  1901 10090
  1902 10090
  1903 10090
  1904 10090
  1905 10090
  1906 10090
  1907 10090
  1908 10090
  1909 10090
  1910 10090
  1911 10090
  1912 10090
  1913 10090
  1914 10090
  1915 10090
  1916 10090
  1917 10090
  1918 10090
  1919 10090
  1920 10090
  1921 10090
  1922 10090
  1923 10090
  1924 10090
  1925 10090
  1926 10090
  1927 10090
  1928 10090
  1929 10090
  1930 10090
  1931 10090
  1932 10090
  1933 10090
  1934 10090
  1935 10090
  1936 10090
  1937 10090
  1938 10090
  1939 10090
  1940 10090
  1941 10090
  1942 10090
  1943 10090
  1944 10090
  1945 10090
  1946 10090
  1947 10090
  1948 10090
  1949 10090
  1950 10090
  1951 10090
  1952 10090
  1953 10090
  1954 10090
  1955 10090
  1956 10090
  1957 10090
  1958 10090
  1959 10090
  1960 10090
  1961 10090
  1962 10090
  1963 10090
  1964 10090
  1965 10090
  1966 10090
  1967 10090
  1968 10090
  1969 10090
  1970 10090
  1971 10090
  1972 10090
  1973 10090
  1974 10090
  1975 10090
  1976 10090
  1977 10090
  1978 10090
  1979 10090
  1980 10090
  1981 10090
  1982 10090
  1983 10090
  1984 10090
  1985 10090
  1986 10090
  1987 10090
  1988 10090
  1989 10090
  1990 10090
  1991 10090
  1992 10090
  1993 10090
  1994 10090
  1995 10090
  1996 10090
  1997 10090
  1998 10090
  1999 10090
  2000 10090
  2001 10090
  2002 10090
  2003 10090
  2004 10090
  2005 10090
  2006 10090
  2007 10090
  2008 10090
  2009 10090
  2010 10090
  2011 10090
  2012 10090
  2013 10090
  2014 10090
  2015 10090
  2016 10090
  2017 10090
  2018 10090
  2019 10090
  2020 10090
  2021 10090
  2022 10090
  2023 10090
  2024 10090
  2025 10090
  2029 10152
  2030 10152
  2031 10152
  2032 10152
  2033 10152
  2034 10034
  2035 10034
  2036 10034
  2037 10034
  2038 10034
