   604 10137
   605 10137
   607 10137
   608 10137
   617 10137
   618 10137
   620 10137
   621 10137
   654 10131
   655 10131
   657 10131
   658 10131
   659 10127
   660 10127
   662 10131
   663 10131
   690 10048
   691 10048
   692 10048
   693 10048
   694 10048
   695 10048
   696 10048
   697 10048
   698 10048
   699 10048
   700 10048
   701 10048
   702 10048
   703 10048
   704 10048
   705 10048
   706 10048
   707 10048
   708 10048
   709 10048
   710 10048
   711 10048
   712 10048
   713 10048
   714 10048
   715 10048
   716 10048
   717 10048
   718 10048
   719 10048
   720 10048
   721 10048
   722 10048
   723 10048
   724 10048
   725 10048
   726 10048
   727 10048
   728 10048
   729 10048
   730 10048
   731 10048
   732 10048
   733 10048
   734 10048
   735 10048
   736 10048
   737 10048
   738 10048
   739 10048
   740 10048
   741 10048
   742 10048
   743 10048
   744 10048
   745 10048
   746 10048
   747 10048
   748 10048
   749 10048
   750 10048
   751 10048
   752 10048
   753 10048
   754 10048
   755 10048
   756 10048
   757 10048
   758 10048
   759 10048
   760 10048
   761 10048
   762 10048
   763 10048
   764 10048
   765 10048
   766 10048
   767 10048
   768 10048
   769 10048
   770 10048
   771 10048
   772 10048
   773 10048
   774 10048
   775 10048
   776 10048
   777 10048
   778 10048
   779 10048
   780 10048
   781 10048
   782 10048
   783 10048
   784 10048
   792 10131
   793 10131
   794 10131
   795 10048
   796 10048
   797 10048
   798 10048
   799 10048
   800 10048
   801 10048
   802 10048
   803 10048
   804 10048
   805 10048
   806 10048
   807 10048
   808 10048
   809 10048
   810 10048
   811 10048
   812 10048
   813 10048
   814 10048
   815 10048
   816 10048
   817 10048
   818 10048
   819 10048
   820 10048
   821 10048
   822 10048
   823 10048
   824 10048
   825 10048
   826 10048
   827 10048
   828 10048
   829 10048
   830 10048
   831 10048
   832 10048
   833 10048
   834 10048
   835 10048
   836 10048
   837 10048
   838 10048
   839 10048
   840 10048
   841 10048
   842 10048
   843 10048
   844 10048
   845 10048
   846 10048
   847 10048
   848 10048
   849 10048
   850 10048
   851 10048
   852 10048
   853 10048
   854 10048
   855 10048
   856 10048
   857 10048
   858 10048
   859 10048
   860 10048
   861 10048
   862 10048
   863 10048
   864 10048
   865 10048
   866 10048
   867 10048
   868 10048
   869 10048
   870 10048
   871 10048
   872 10048
   873 10048
   874 10048
   875 10048
   876 10048
   877 10048
   878 10048
   879 10048
   880 10048
   881 10048
   882 10048
   883 10048
   884 10048
   885 10048
   886 10048
   887 10048
   888 10048
   889 10048
   890 10048
   891 10048
   892 10048
   893 10048
   894 10048
   895 10048
   896 10048
   897 10048
   898 10048
   899 10048
   900 10048
   901 10048
   902 10048
   903 10048
   904 10048
   905 10048
   906 10048
   907 10048
   908 10048
   909 10048
   910 10048
   911 10048
   912 10048
   913 10048
   914 10048
   915 10048
   916 10048
   917 10048
   918 10048
   919 10048
   920 10048
   921 10048
   922 10048
   923 10048
   924 10048
   925 10048
   926 10048
   927 10048
   928 10048
   929 10048
   930 10048
   931 10048
   932 10048
   933 10048
   934 10048
   935 10048
   936 10048
   937 10048
   938 10048
   939 10048
   940 10048
   941 10048
   942 10048
   943 10048
   944 10048
   945 10048
   946 10048
   947 10048
   948 10048
   949 10048
   950 10048
   951 10048
   952 10048
   953 10048
   954 10048
   955 10048
   956 10048
   957 10048
   958 10048
   959 10048
   960 10048
   961 10048
   962 10048
   963 10048
   964 10048
   965 10048
   966 10048
   967 10048
   968 10048
   969 10048
   970 10048
   971 10048
   972 10048
   973 10048
   974 10048
   975 10048
   976 10048
   977 10048
   978 10048
   979 10048
   980 10048
   981 10048
   982 10048
   983 10048
   984 10048
   985 10048
   986 10048
   987 10048
   988 10048
   989 10048
   990 10048
   991 10048
   992 10048
   993 10048
   994 10048
   995 10048
   996 10048
   997 10048
   998 10048
   999 10048
  1000 10048
  1001 10048
  1002 10048
  1003 10048
  1004 10048
  1005 10048
  1006 10048
  1007 10048
  1008 10048
  1009 10048
  1010 10048
  1011 10048
  1012 10048
  1013 10048
  1014 10048
  1015 10048
  1016 10048
  1017 10048
  1018 10048
  1019 10048
  1020 10048
  1026 10101
  1027 10101
  1028 10101
  1030 10100
  1031 10002
  1032 10002
  1033 10002
  1034 10002
  1035 10002
  1036 10002
  1037 10002
  1038 10002
  1039 10002
  1040 10002
  1041 10002
  1042 10002
  1043 10002
  1044 10002
  1045 10002
  1046 10002
  1047 10002
  1048 10002
  1049 10002
  1050 10002
  1051 10002
  1052 10002
  1053 10002
  1054 10002
  1055 10002
  1056 10002
  1057 10002
  1058 10002
  1059 10002
  1060 10002
  1061 10002
  1062 10002
  1063 10002
  1064 10002
  1065 10002
  1066 10002
  1067 10002
  1068 10002
  1069 10002
  1070 10002
  1071 10002
  1072 10002
  1073 10002
  1074 10002
  1075 10002
  1076 10002
  1077 10002
  1078 10002
  1079 10002
  1080 10002
  1081 10002
  1082 10002
  1083 10002
  1084 10002
  1085 10002
  1086 10002
  1087 10002
  1088 10002
  1089 10002
  1090 10002
  1091 10002
  1092 10002
  1093 10002
  1094 10002
  1095 10002
  1096 10002
  1097 10002
  1098 10002
  1099 10002
  1100 10002
  1101 10002
  1102 10002
  1103 10002
  1104 10002
  1105 10002
  1106 10002
  1107 10002
  1108 10002
  1109 10002
  1110 10002
  1111 10002
  1112 10002
  1113 10002
  1114 10002
  1115 10002
  1116 10002
  1117 10002
  1118 10002
  1119 10002
  1120 10002
  1121 10002
  1122 10002
  1123 10002
  1124 10002
  1125 10002
  1126 10002
  1127 10002
  1128 10002
  1129 10002
  1130 10002
  1131 10002
  1132 10002
  1133 10002
  1134 10002
  1135 10002
  1136 10002
  1137 10002
  1138 10002
  1139 10002
  1140 10002
  1141 10002
  1142 10002
  1143 10002
  1144 10002
  1145 10002
  1146 10002
  1147 10002
  1148 10002
  1149 10002
  1150 10002
  1151 10002
  1152 10002
  1153 10002
  1154 10002
  1155 10002
  1156 10002
  1157 10002
  1158 10002
  1159 10002
  1160 10002
  1161 10002
  1162 10002
  1163 10002
  1164 10002
  1165 10002
  1166 10002
  1167 10002
  1168 10002
  1169 10002
  1170 10002
  1171 10002
  1172 10002
  1173 10002
  1174 10002
  1175 10002
  1176 10002
  1177 10002
  1178 10002
  1179 10002
  1180 10002
  1181 10002
  1182 10002
  1183 10002
  1184 10002
  1185 10002
  1186 10002
  1187 10002
  1188 10002
  1189 10002
  1190 10002
  1191 10002
  1192 10002
  1193 10002
  1194 10002
  1195 10002
  1196 10002
  1197 10002
  1198 10002
  1199 10002
  1200 10002
  1201 10002
  1202 10002
  1203 10002
  1204 10002
  1205 10002
  1206 10002
  1207 10002
  1208 10002
  1209 10002
  1210 10002
  1211 10002
  1212 10002
  1213 10002
  1214 10002
  1215 10002
  1216 10002
  1217 10002
  1218 10002
  1219 10002
  1220 10002
  1221 10002
  1222 10002
  1223 10002
  1224 10002
  1225 10002
  1226 10002
  1227 10002
  1228 10002
  1229 10002
  1230 10002
  1231 10002
  1232 10002
  1233 10002
  1234 10002
  1235 10002
  1236 10002
  1237 10002
  1238 10002
  1239 10002
  1240 10002
  1241 10002
  1242 10002
  1243 10002
  1244 10002
  1245 10002
  1246 10002
  1247 10002
  1248 10002
  1249 10002
  1250 10002
  1251 10002
  1252 10002
  1253 10002
  1254 10002
  1255 10002
  1256 10002
  1257 10002
  1258 10002
  1259 10002
  1260 10002
  1261 10002
  1262 10002
  1263 10002
  1264 10047
  1265 10002
  1266 10002
  1267 10002
  1268 10002
  1269 10002
  1270 10002
  1271 10002
  1272 10002
  1273 10002
  1274 10002
  1275 10002
  1276 10002
  1277 10002
  1278 10002
  1279 10002
  1280 10002
  1281 10002
  1282 10002
  1283 10002
  1284 10002
  1285 10002
  1286 10002
  1287 10002
  1288 10002
  1289 10002
  1290 10002
  1291 10002
  1292 10002
  1293 10002
  1294 10002
  1295 10002
  1296 10002
  1297 10047
  1298 10002
  1299 10002
  1300 10002
  1301 10002
  1302 10002
  1303 10002
  1304 10002
  1305 10002
  1306 10002
  1307 10002
  1308 10002
  1309 10002
  1310 10047
  1311 10057
  1312 10047
  1313 10057
  1314 10047
  1315 10047
  1316 10057
  1317 10047
  1318 10047
  1319 10047
  1320 10047
  1321 10071
  1322 10149
  1323 10149
  1324 10149
  1325 10149
  1326 10071
  1327 10149
  1328 10149
  1329 10149
  1330 10149
  1331 10071
  1332 10149
  1333 10071
  1334 10071
  1335 10149
  1336 10149
  1337 10149
  1338 10149
  1339 10149
  1340 10149
  1341 10149
  1342 10149
  1343 10149
  1344 10149
  1345 10149
  1346 10071
  1347 10149
  1348 10071
  1349 10149
  1350 10071
  1351 10149
  1352 10149
  1353 10149
  1354 10149
  1355 10149
  1356 10071
  1357 10149
  1358 10149
  1359 10149
  1360 10149
  1361 10071
  1362 10149
  1363 10149
  1364 10149
  1365 10149
  1366 10149
  1367 10149
  1368 10149
  1369 10149
  1370 10149
  1371 10149
  1372 10149
  1373 10149
  1374 10149
  1375 10149
  1376 10149
  1377 10149
  1378 10071
  1379 10071
  1380 10149
  1381 10149
  1382 10149
  1383 10149
  1384 10149
  1385 10149
  1386 10149
  1387 10149
  1388 10071
  1389 10071
  1390 10149
  1391 10149
  1392 10149
  1393 10149
  1394 10149
  1395 10071
  1396 10071
  1397 10071
  1398 10071
  1399 10071
  1400 10071
  1401 10149
  1402 10149
  1403 10149
  1404 10149
  1405 10149
  1406 10071
  1407 10071
  1408 10071
  1409 10071
  1410 10071
  1411 10149
  1412 10149
  1413 10149
  1414 10149
  1415 10149
  1416 10149
  1417 10149
  1418 10149
  1419 10149
  1420 10149
  1421 10149
  1422 10149
  1423 10149
  1424 10149
  1425 10149
  1426 10149
  1427 10149
  1428 10149
  1429 10149
  1430 10149
  1431 10149
  1432 10149
  1433 10149
  1434 10149
  1435 10149
  1436 10071
  1437 10071
  1438 10071
  1446 10062
  1449 10061
  1450 10101
  1451 10106
  1452 10106
  1453 10106
  1454 10098
  1455 10098
  1456 10098
  1457 10018
  1458 10018
  1459 10018
  1460 10158
  1461 10158
  1462 10140
  1463 10140
  1464 10140
  1465 10140
  1466 10140
  1467 10140
  1468 10140
  1469 10140
  1470 10140
  1471 10140
  1472 10140
  1473 10158
  1474 10158
  1475 10158
  1476 10158
  1477 10158
  1478 10158
  1479 10158
  1480 10158
  1481 10158
  1482 10158
  1483 10158
  1484 10158
  1485 10158
  1486 10158
  1487 10158
  1488 10158
  1489 10158
  1490 10158
  1491 10158
  1492 10158
  1493 10158
  1494 10140
  1496 10140
  1499 10018
  1500 10140
  1501 10140
  1502 10140
  1503 10158
  1504 10018
  1505 10018
  1506 10158
  1507 10158
  1508 10018
  1509 10018
  1510 10158
  1511 10158
  1512 10158
  1513 10055
  1514 10062
  1515 10062
  1516 10062
  1517 10062
  1519 10062
  1520 10138
  1521 10062
  1523 10071
  1524 10071
  1525 10071
  1526 10071
  1527 10071
  1528 10071
  1529 10071
  1530 10071
  1531 10149
  1532 10071
  1533 10149
  1534 10149
  1535 10149
  1536 10149
  1537 10149
  1538 10149
  1539 10149
  1540 10149
  1541 10149
  1542 10149
  1543 10149
  1544 10149
  1545 10149
  1546 10149
  1547 10149
  1548 10071
  1549 10149
  1550 10149
  1551 10149
  1552 10149
  1553 10149
  1554 10149
  1555 10149
  1556 10149
  1557 10149
  1558 10071
  1559 10071
  1560 10054
  1561 10054
  1562 10054
  1563 10054
  1564 10071
  1565 10071
  1566 10071
  1567 10149
  1568 10149
  1569 10149
  1570 10149
  1571 10149
  1572 10149
  1573 10149
  1574 10149
  1575 10071
  1576 10071
  1577 10149
  1578 10071
  1579 10071
  1580 10071
  1581 10149
  1582 10149
  1583 10149
  1584 10149
  1585 10149
  1586 10149
  1587 10149
  1588 10149
  1589 10149
  1590 10149
  1591 10149
  1592 10149
  1593 10149
  1594 10149
  1595 10149
  1596 10149
  1597 10149
  1598 10149
  1599 10149
  1600 10149
  1601 10149
  1602 10149
  1603 10149
  1604 10071
  1605 10071
  1606 10071
  1607 10071
  1608 10071
  1609 10071
  1614 10154
  1615 10154
  1616 10154
  1617 10016
  1618 10016
  1619 10153
  1620 10153
  1621 10153
  1622 10153
  1623 10153
  1624 10153
  1625 10153
  1626 10153
  1627 10153
  1628 10153
  1629 10153
  1630 10081
  1631 10081
  1632 10081
  1633 10081
  1634 10081
  1635 10081
  1636 10081
  1637 10081
  1638 10081
  1639 10081
  1640 10081
  1641 10081
  1642 10081
  1643 10081
  1644 10081
  1645 10081
  1646 10081
  1647 10081
  1648 10081
  1649 10081
  1650 10081
  1651 10081
  1652 10081
  1653 10081
  1654 10081
  1655 10081
  1656 10081
  1657 10081
  1658 10081
  1659 10081
  1660 10081
  1661 10081
  1662 10081
  1663 10081
  1664 10081
  1665 10081
  1666 10081
  1667 10081
  1668 10081
  1669 10081
  1670 10081
  1671 10081
  1672 10081
  1673 10081
  1674 10081
  1675 10081
  1676 10081
  1677 10081
  1678 10081
  1679 10081
  1680 10081
  1681 10081
  1682 10081
  1683 10081
  1684 10081
  1685 10081
  1686 10081
  1687 10081
  1688 10081
  1689 10081
  1690 10081
  1691 10081
  1692 10081
  1693 10081
  1694 10081
  1695 10081
  1696 10081
  1697 10081
  1698 10081
  1699 10081
  1700 10081
  1701 10081
  1702 10081
  1703 10081
  1704 10081
  1705 10081
  1706 10081
  1707 10081
  1708 10081
  1709 10081
  1710 10081
  1711 10081
  1712 10081
  1713 10081
  1714 10081
  1715 10081
  1716 10081
  1717 10081
  1718 10081
  1719 10081
  1720 10081
  1721 10081
  1722 10081
  1723 10081
  1724 10081
  1725 10081
  1726 10081
  1727 10081
  1728 10081
  1729 10081
  1730 10081
  1731 10081
  1732 10081
  1733 10081
  1734 10081
  1735 10081
  1736 10081
  1737 10081
  1738 10081
  1739 10081
  1740 10081
  1741 10081
  1742 10081
  1743 10081
  1744 10081
  1745 10081
  1746 10081
  1747 10081
  1748 10081
  1749 10081
  1750 10081
  1751 10081
  1752 10081
  1753 10081
  1754 10081
  1755 10081
  1756 10081
  1757 10081
  1758 10081
  1759 10081
  1760 10081
  1761 10081
  1762 10081
  1763 10081
  1764 10081
  1765 10081
  1766 10081
  1767 10081
  1768 10081
  1769 10081
  1770 10081
  1771 10081
  1772 10081
  1773 10081
  1774 10081
  1775 10081
  1776 10081
  1777 10081
  1778 10081
  1779 10081
  1780 10081
  1781 10081
  1782 10081
  1783 10081
  1784 10081
  1785 10081
  1786 10081
  1787 10081
  1788 10081
  1789 10081
  1790 10081
  1791 10081
  1792 10081
  1793 10081
  1794 10081
  1795 10081
  1796 10081
  1797 10081
  1798 10081
  1799 10081
  1800 10081
  1801 10081
  1802 10081
  1803 10081
  1804 10081
  1805 10081
  1806 10081
  1807 10081
  1808 10081
  1809 10081
  1810 10081
  1811 10081
  1812 10081
  1813 10081
  1814 10081
  1815 10081
  1816 10081
  1817 10081
  1818 10081
  1819 10081
  1820 10081
  1821 10081
  1822 10081
  1823 10081
  1824 10081
  1825 10081
  1826 10081
  1827 10081
  1828 10081
  1829 10081
  1830 10081
  1831 10081
  1832 10081
  1833 10081
  1834 10081
  1835 10081
  1836 10081
  1837 10081
  1838 10081
  1839 10081
  1840 10081
  1841 10081
  1842 10081
  1843 10081
  1844 10081
  1845 10081
  1846 10081
  1847 10081
  1848 10081
  1849 10081
  1850 10081
  1851 10081
  1852 10081
  1853 10081
  1854 10081
  1855 10081
  1856 10153
  1857 10153
  1858 10153
  1859 10153
  1860 10153
  1861 10153
  1862 10153
  1863 10153
  1864 10153
  1865 10154
  1866 10154
  1868 10167
  1870 10033
  1871 10033
  1872 10033
  1873 10033
  1874 10033
  1875 10033
  1876 10033
  1877 10033
  1878 10033
  1879 10033
  1880 10033
  1881 10033
  1882 10033
  1883 10033
  1884 10033
  1885 10033
  1886 10033
  1887 10033
  1888 10033
  1889 10033
  1890 10033
  1891 10033
  1892 10033
  1893 10033
  1894 10033
  1895 10033
  1896 10033
  1897 10033
  1898 10033
  1899 10033
  1900 10033
  1901 10033
  1902 10033
  1903 10033
  1904 10033
  1905 10033
  1906 10033
  1907 10033
  1908 10033
  1909 10033
  1910 10033
  1911 10033
  1912 10033
  1913 10033
  1914 10033
  1915 10033
  1916 10033
  1917 10033
  1918 10033
  1919 10033
  1920 10033
  1921 10033
  1922 10033
  1923 10033
  1924 10033
  1925 10033
  1926 10033
  1927 10033
  1928 10033
  1929 10033
  1930 10033
  1931 10033
  1932 10033
  1933 10033
  1934 10033
  1935 10033
  1936 10033
  1937 10033
  1938 10033
  1939 10033
  1940 10033
  1941 10033
  1942 10033
  1943 10033
  1944 10033
  1945 10033
  1946 10033
  1947 10033
  1948 10033
  1949 10033
  1950 10033
  1951 10033
  1952 10033
  1953 10033
  1954 10033
  1955 10033
  1956 10033
  1957 10033
  1958 10033
  1959 10033
  1960 10033
  1961 10033
  1962 10033
  1963 10033
  1964 10033
  1965 10033
  1966 10033
  1967 10033
  1968 10033
  1969 10033
  1970 10033
  1971 10033
  1972 10033
  1973 10033
  1974 10033
  1975 10033
  1976 10033
  1977 10033
  1978 10033
  1979 10033
  1980 10033
  1981 10033
  1982 10033
  1983 10033
  1984 10033
  1985 10033
  1986 10033
  1987 10033
  1988 10033
  1989 10033
  1990 10033
  1991 10033
  1992 10033
  1993 10033
  1994 10033
  1995 10033
  1996 10033
  1997 10033
  1998 10033
  1999 10033
  2000 10033
  2001 10033
  2002 10033
  2003 10033
  2004 10033
  2005 10033
  2006 10033
  2007 10033
  2008 10033
  2009 10033
  2010 10033
  2011 10033
  2012 10033
  2013 10033
  2014 10033
  2015 10033
  2016 10033
  2017 10033
  2018 10033
  2019 10033
  2020 10033
  2021 10033
  2025 10048
  2026 10048
  2027 10048
