   689 10120
   690 10120
   691 10120
   692 10120
   693 10120
   694 10120
   695 10120
   696 10120
   697 10120
   698 10120
   699 10120
   700 10120
   701 10120
   702 10120
   703 10120
   704 10120
   705 10120
   706 10120
   707 10120
   708 10120
   709 10120
   710 10120
   711 10120
   712 10120
   713 10120
   714 10120
   715 10120
   716 10120
   717 10120
   718 10120
   719 10120
   720 10120
   721 10120
   722 10120
   723 10120
   724 10120
   725 10120
   726 10120
   727 10120
   728 10120
   729 10120
   730 10120
   731 10120
   732 10120
   733 10120
   734 10120
   735 10120
   736 10120
   737 10120
   738 10120
   739 10120
   740 10120
   741 10120
   742 10120
   743 10120
   744 10120
   745 10120
   746 10120
   747 10120
   748 10120
   749 10120
   750 10120
   751 10120
   752 10120
   753 10120
   754 10120
   755 10120
   756 10120
   757 10120
   758 10120
   759 10120
   760 10120
   761 10120
   762 10120
   763 10120
   764 10120
   765 10120
   766 10120
   767 10120
   768 10120
   769 10120
   770 10120
   771 10120
   772 10120
   773 10120
   774 10120
   775 10120
   776 10120
   777 10120
   778 10120
   779 10120
   780 10120
   781 10120
   782 10120
   783 10120
   784 10120
   785 10120
   786 10009
   787 10009
   788 10009
   790 10009
   791 10009
   792 10009
   793 10009
   794 10009
   795 10009
   796 10009
   797 10009
   798 10009
   799 10009
   800 10009
   801 10009
   802 10009
   803 10009
   804 10009
   805 10009
   806 10009
   807 10009
   808 10009
   809 10009
   810 10009
   811 10009
   812 10009
   813 10009
   814 10009
   815 10009
   816 10009
   817 10009
   818 10009
   819 10009
   820 10009
   821 10009
   822 10009
   823 10009
   824 10009
   825 10009
   826 10009
   827 10009
   828 10009
   829 10009
   830 10009
   831 10009
   832 10009
   833 10009
   834 10009
   835 10009
   836 10009
   837 10009
   838 10009
   839 10009
   840 10009
   841 10009
   842 10009
   843 10009
   844 10009
   845 10009
   846 10009
   847 10009
   848 10009
   849 10009
   850 10009
   851 10009
   852 10009
   853 10009
   854 10009
   855 10009
   856 10009
   857 10009
   858 10009
   859 10009
   860 10009
   861 10009
   862 10009
   863 10009
   864 10009
   865 10009
   866 10009
   867 10009
   868 10009
   869 10009
   870 10009
   871 10009
   872 10009
   873 10009
   874 10009
   875 10009
   876 10009
   877 10009
   878 10009
   879 10009
   880 10009
   881 10009
   882 10009
   883 10009
   884 10009
   885 10009
   886 10009
   887 10009
   888 10009
   889 10009
   890 10009
   891 10009
   892 10009
   893 10009
   894 10009
   895 10009
   896 10009
   897 10009
   898 10009
   899 10009
   900 10009
   901 10009
   902 10009
   903 10009
   904 10009
   905 10009
   906 10009
   907 10009
   908 10009
   909 10009
   910 10009
   911 10009
   912 10009
   913 10009
   914 10009
   915 10009
   916 10009
   917 10009
   918 10009
   919 10009
   920 10009
   921 10009
   922 10009
   923 10009
   924 10009
   925 10009
   926 10009
   927 10009
   928 10009
   929 10009
   930 10009
   931 10009
   932 10009
   933 10009
   934 10009
   935 10009
   936 10009
   937 10009
   938 10009
   939 10009
   940 10009
   941 10009
   942 10009
   943 10009
   944 10009
   945 10009
   946 10009
   947 10009
   948 10009
   949 10009
   950 10009
   951 10009
   952 10009
   953 10009
   954 10009
   955 10009
   956 10009
   957 10009
   958 10009
   959 10009
   960 10009
   961 10009
   962 10009
   963 10009
   964 10009
   965 10009
   966 10009
   967 10009
   968 10009
   969 10009
   970 10009
   971 10009
   972 10009
   973 10009
   974 10009
   975 10009
   976 10009
   977 10009
   978 10009
   979 10009
   980 10009
   981 10009
   982 10009
   983 10009
   984 10009
   985 10009
   986 10009
   987 10009
   988 10009
   989 10009
   990 10009
   991 10009
   992 10009
   993 10009
   994 10009
   995 10009
   996 10009
   997 10009
   998 10009
   999 10009
  1000 10009
  1001 10009
  1002 10009
  1003 10009
  1004 10009
  1005 10009
  1006 10009
  1007 10009
  1008 10009
  1009 10009
  1010 10009
  1011 10009
  1012 10009
  1013 10009
  1014 10009
  1015 10009
  1016 10009
  1017 10009
  1018 10009
  1019 10009
  1020 10009
  1021 10014
  1022 10014
  1023 10014
  1024 10167
  1025 10167
  1026 10167
  1027 10167
  1028 10167
  1029 10167
  1030 10167
  1031 10167
  1032 10167
  1033 10167
  1034 10167
  1035 10167
  1036 10167
  1037 10167
  1038 10167
  1039 10167
  1040 10167
  1041 10167
  1042 10167
  1043 10167
  1044 10167
  1045 10167
  1046 10167
  1047 10167
  1048 10167
  1049 10167
  1050 10167
  1051 10167
  1052 10167
  1053 10167
  1054 10167
  1055 10167
  1056 10167
  1057 10167
  1058 10167
  1059 10167
  1060 10167
  1061 10167
  1062 10167
  1063 10167
  1064 10167
  1065 10167
  1066 10167
  1067 10167
  1068 10167
  1069 10167
  1070 10167
  1071 10167
  1072 10167
  1073 10167
  1074 10167
  1075 10167
  1076 10167
  1077 10167
  1078 10167
  1079 10167
  1080 10167
  1081 10167
  1082 10167
  1083 10167
  1084 10167
  1085 10167
  1086 10167
  1087 10167
  1088 10167
  1089 10167
  1090 10167
  1091 10167
  1092 10167
  1093 10167
  1094 10167
  1095 10167
  1096 10167
  1097 10167
  1098 10167
  1099 10167
  1100 10167
  1101 10167
  1102 10167
  1103 10167
  1104 10167
  1105 10167
  1106 10167
  1107 10167
  1108 10167
  1109 10167
  1110 10167
  1111 10167
  1112 10167
  1113 10167
  1114 10167
  1115 10167
  1116 10167
  1117 10167
  1118 10167
  1119 10167
  1120 10167
  1121 10167
  1122 10167
  1123 10167
  1124 10167
  1125 10167
  1126 10167
  1127 10167
  1128 10167
  1129 10167
  1130 10167
  1131 10167
  1132 10167
  1133 10167
  1134 10167
  1135 10167
  1136 10167
  1137 10167
  1138 10167
  1139 10167
  1140 10167
  1141 10167
  1142 10167
  1143 10167
  1144 10167
  1145 10167
  1146 10167
  1147 10167
  1148 10167
  1149 10167
  1150 10167
  1151 10167
  1152 10167
  1153 10167
  1154 10167
  1155 10167
  1156 10167
  1157 10167
  1158 10167
  1159 10167
  1160 10167
  1161 10167
  1162 10167
  1163 10167
  1164 10167
  1165 10167
  1166 10167
  1167 10167
  1168 10167
  1169 10167
  1170 10167
  1171 10167
  1172 10167
  1173 10167
  1174 10167
  1175 10167
  1176 10167
  1177 10167
  1178 10167
  1179 10167
  1180 10167
  1181 10167
  1182 10167
  1183 10167
  1184 10167
  1185 10167
  1186 10167
  1187 10167
  1188 10167
  1189 10167
  1190 10167
  1191 10167
  1192 10167
  1193 10167
  1194 10167
  1195 10167
  1196 10167
  1197 10167
  1198 10167
  1199 10167
  1200 10167
  1201 10167
  1202 10167
  1203 10167
  1204 10167
  1205 10167
  1206 10167
  1207 10167
  1208 10167
  1209 10167
  1210 10167
  1211 10167
  1212 10167
  1213 10167
  1214 10167
  1215 10167
  1216 10167
  1217 10167
  1218 10167
  1219 10167
  1220 10167
  1221 10167
  1222 10167
  1223 10167
  1224 10167
  1225 10167
  1226 10167
  1227 10167
  1228 10167
  1229 10167
  1230 10167
  1231 10167
  1232 10167
  1233 10167
  1234 10167
  1235 10167
  1236 10167
  1237 10167
  1238 10167
  1239 10167
  1240 10167
  1241 10167
  1242 10167
  1243 10167
  1244 10167
  1245 10167
  1246 10167
  1247 10167
  1248 10167
  1249 10167
  1250 10167
  1251 10167
  1252 10167
  1253 10167
  1254 10167
  1255 10167
  1256 10167
  1257 10167
  1258 10167
  1259 10167
  1260 10167
  1261 10016
  1262 10154
  1263 10154
  1264 10154
  1265 10016
  1266 10016
  1267 10016
  1268 10016
  1269 10016
  1270 10016
  1271 10018
  1272 10018
  1273 10018
  1274 10018
  1275 10167
  1276 10167
  1277 10167
  1278 10167
  1279 10167
  1280 10167
  1281 10167
  1282 10167
  1283 10167
  1284 10167
  1285 10167
  1286 10167
  1287 10167
  1288 10167
  1289 10167
  1290 10167
  1291 10167
  1292 10167
  1293 10167
  1294 10167
  1295 10167
  1296 10167
  1297 10167
  1298 10167
  1299 10167
  1300 10167
  1301 10167
  1302 10167
  1303 10167
  1304 10167
  1305 10167
  1306 10167
  1307 10167
  1308 10167
  1309 10167
  1310 10167
  1311 10167
  1312 10167
  1313 10167
  1314 10167
  1315 10167
  1316 10167
  1317 10167
  1318 10167
  1319 10167
  1320 10167
  1321 10167
  1322 10167
  1323 10167
  1324 10167
  1325 10167
  1326 10167
  1327 10167
  1328 10167
  1329 10167
  1330 10167
  1331 10167
  1332 10167
  1333 10167
  1334 10167
  1335 10167
  1336 10167
  1337 10167
  1338 10167
  1339 10167
  1340 10167
  1341 10167
  1342 10167
  1343 10167
  1344 10167
  1345 10167
  1346 10167
  1347 10167
  1348 10167
  1349 10167
  1350 10167
  1351 10167
  1352 10167
  1353 10167
  1354 10167
  1355 10167
  1356 10167
  1357 10167
  1358 10167
  1359 10167
  1360 10167
  1361 10167
  1362 10167
  1363 10167
  1364 10167
  1365 10167
  1366 10167
  1367 10167
  1368 10167
  1369 10167
  1370 10167
  1371 10167
  1372 10167
  1373 10167
  1374 10167
  1375 10167
  1376 10167
  1377 10167
  1378 10167
  1379 10167
  1380 10167
  1381 10167
  1382 10167
  1383 10167
  1384 10167
  1385 10167
  1386 10167
  1387 10167
  1388 10167
  1389 10167
  1390 10167
  1391 10167
  1392 10167
  1393 10167
  1394 10167
  1395 10167
  1396 10167
  1397 10167
  1398 10167
  1399 10167
  1400 10167
  1401 10167
  1402 10167
  1403 10167
  1404 10167
  1405 10167
  1406 10167
  1407 10167
  1408 10167
  1409 10167
  1410 10167
  1411 10167
  1412 10167
  1413 10167
  1414 10167
  1415 10167
  1416 10167
  1417 10167
  1418 10167
  1419 10167
  1420 10167
  1421 10167
  1422 10167
  1423 10167
  1424 10167
  1425 10167
  1426 10167
  1427 10167
  1428 10167
  1429 10167
  1430 10167
  1431 10167
  1432 10167
  1433 10167
  1434 10167
  1435 10167
  1436 10167
  1437 10167
  1438 10167
  1439 10167
  1440 10167
  1441 10167
  1442 10167
  1443 10167
  1444 10167
  1445 10167
  1446 10167
  1447 10167
  1448 10167
  1449 10167
  1450 10167
  1451 10167
  1452 10167
  1453 10167
  1454 10167
  1455 10167
  1456 10167
  1457 10167
  1458 10167
  1459 10167
  1460 10167
  1461 10167
  1462 10167
  1463 10167
  1464 10167
  1465 10167
  1466 10167
  1467 10167
  1468 10167
  1469 10167
  1470 10167
  1471 10167
  1472 10167
  1473 10167
  1474 10167
  1475 10167
  1476 10167
  1477 10167
  1478 10167
  1479 10167
  1480 10167
  1481 10167
  1482 10167
  1483 10167
  1484 10167
  1485 10167
  1486 10167
  1487 10167
  1488 10167
  1489 10167
  1490 10167
  1491 10167
  1492 10167
  1493 10167
  1494 10167
  1495 10167
  1496 10167
  1497 10167
  1498 10167
  1499 10167
  1500 10167
  1501 10034
  1502 10034
  1503 10034
  1504 10034
  1505 10034
  1506 10034
  1507 10034
  1508 10034
  1509 10034
  1510 10034
  1511 10034
  1512 10034
  1513 10034
  1514 10034
  1515 10034
  1516 10034
  1517 10034
  1518 10034
  1519 10034
  1520 10034
  1521 10034
  1522 10034
  1523 10034
  1524 10034
  1525 10034
  1526 10034
  1527 10034
  1528 10034
  1529 10034
  1530 10034
  1531 10034
  1532 10034
  1533 10034
  1534 10034
  1535 10034
  1536 10034
  1537 10034
  1538 10034
  1539 10034
  1540 10034
  1541 10034
  1542 10034
  1543 10034
  1544 10034
  1545 10034
  1546 10034
  1547 10034
  1548 10034
  1549 10034
  1550 10034
  1551 10034
  1552 10034
  1553 10034
  1554 10034
  1555 10034
  1556 10034
  1557 10034
  1558 10034
  1559 10034
  1560 10034
  1561 10034
  1562 10034
  1563 10034
  1564 10034
  1565 10034
  1566 10034
  1567 10034
  1568 10034
  1569 10034
  1570 10034
  1571 10034
  1572 10034
  1573 10034
  1574 10034
  1575 10034
  1576 10034
  1577 10034
  1578 10034
  1579 10034
  1580 10034
  1581 10034
  1582 10034
  1583 10034
  1584 10034
  1585 10034
  1586 10034
  1587 10034
  1588 10034
  1589 10034
  1590 10034
  1591 10034
  1592 10034
  1593 10034
  1594 10034
  1595 10034
  1596 10034
  1597 10034
  1598 10034
  1599 10034
  1600 10034
  1601 10034
  1602 10034
  1603 10034
  1604 10034
  1605 10034
  1606 10034
  1607 10034
  1608 10034
  1609 10034
  1610 10034
  1611 10034
  1612 10034
  1613 10034
  1614 10034
  1615 10034
  1616 10034
  1617 10034
  1618 10034
  1619 10034
  1620 10034
  1621 10028
  1630 10146
  1631 10146
  1632 10146
  1633 10146
  1634 10146
  1635 10146
  1636 10146
  1637 10146
  1638 10146
  1639 10146
  1640 10146
  1641 10146
  1642 10146
  1643 10146
  1644 10146
  1645 10146
  1646 10146
  1647 10146
  1648 10146
  1649 10146
  1650 10146
  1651 10146
  1652 10146
  1653 10146
  1654 10146
  1655 10146
  1656 10146
  1657 10146
  1658 10146
  1659 10146
  1660 10146
  1661 10146
  1662 10146
  1663 10146
  1664 10146
  1665 10146
  1666 10146
  1667 10146
  1668 10146
  1669 10146
  1670 10146
  1671 10146
  1672 10146
  1673 10146
  1674 10146
  1675 10146
  1676 10146
  1677 10146
  1678 10146
  1679 10146
  1680 10146
  1681 10146
  1682 10146
  1683 10146
  1684 10146
  1685 10146
  1686 10146
  1687 10146
  1688 10146
  1689 10146
  1690 10146
  1691 10146
  1692 10146
  1693 10146
  1694 10146
  1695 10146
  1696 10146
  1697 10146
  1698 10146
  1699 10146
  1700 10146
  1701 10146
  1702 10146
  1703 10146
  1704 10146
  1705 10146
  1706 10146
  1707 10146
  1708 10146
  1709 10146
  1710 10146
  1711 10146
  1712 10146
  1713 10146
  1714 10146
  1715 10146
  1716 10146
  1717 10146
  1718 10146
  1719 10146
  1720 10146
  1721 10146
  1722 10146
  1723 10146
  1724 10146
  1725 10146
  1726 10146
  1727 10146
  1728 10146
  1729 10146
  1730 10146
  1731 10146
  1732 10146
  1733 10146
  1734 10146
  1735 10146
  1736 10146
  1737 10146
  1738 10146
  1739 10146
  1740 10146
  1741 10146
  1742 10146
  1743 10146
  1744 10146
  1745 10146
  1746 10146
  1747 10146
  1748 10146
  1749 10146
  1750 10146
  1751 10146
  1752 10146
  1753 10146
  1754 10146
  1755 10146
  1756 10146
  1757 10146
  1758 10146
  1759 10146
  1760 10146
  1761 10146
  1762 10146
  1763 10146
  1764 10146
  1765 10146
  1766 10146
  1767 10146
  1768 10146
  1769 10146
  1770 10146
  1771 10146
  1772 10146
  1773 10146
  1774 10146
  1775 10146
  1776 10146
  1777 10146
  1778 10146
  1779 10146
  1780 10146
  1781 10146
  1782 10146
  1783 10146
  1784 10146
  1785 10146
  1786 10146
  1787 10146
  1788 10146
  1789 10146
  1790 10146
  1791 10146
  1792 10146
  1793 10146
  1794 10146
  1795 10146
  1796 10146
  1797 10146
  1798 10146
  1799 10146
  1800 10146
  1801 10146
  1802 10146
  1803 10146
  1804 10146
  1805 10146
  1806 10146
  1807 10146
  1808 10146
  1809 10146
  1810 10146
  1811 10146
  1812 10146
  1813 10146
  1814 10146
  1815 10146
  1816 10146
  1817 10146
  1818 10146
  1819 10146
  1820 10146
  1821 10146
  1822 10146
  1823 10146
  1824 10146
  1825 10146
  1826 10146
  1827 10146
  1828 10146
  1829 10146
  1830 10146
  1831 10146
  1832 10146
  1833 10146
  1834 10146
  1835 10146
  1836 10146
  1837 10146
  1838 10146
  1839 10146
  1840 10146
  1841 10146
  1842 10146
  1843 10146
  1844 10146
  1845 10146
  1846 10146
  1847 10146
  1848 10146
  1849 10146
  1850 10146
  1851 10146
  1852 10146
  1853 10146
  1854 10146
  1855 10146
  1856 10146
  1857 10146
  1858 10146
  1859 10122
  1860 10146
  1861 10146
  1862 10146
  1863 10005
  1864 10122
  1865 10122
  1866 10005
  1867 10005
  1868 10005
  1869 10005
  1870 10005
  1871 10005
  1872 10005
  1873 10005
  1874 10005
  1875 10005
  1876 10005
  1877 10005
  1878 10005
  1879 10005
  1880 10005
  1881 10005
  1882 10005
  1883 10005
  1884 10005
  1885 10005
  1886 10005
  1887 10005
  1888 10005
  1889 10005
  1890 10005
  1891 10005
  1892 10005
  1893 10005
  1894 10005
  1895 10005
  1896 10005
  1897 10005
  1898 10005
  1899 10005
  1900 10005
  1901 10005
  1902 10005
  1903 10005
  1904 10005
  1905 10005
  1906 10005
  1907 10005
  1908 10005
  1909 10005
  1910 10005
  1911 10005
  1912 10005
  1913 10005
  1914 10005
  1915 10005
  1916 10005
  1917 10005
  1918 10005
  1919 10005
  1920 10005
  1921 10005
  1922 10005
  1923 10005
  1924 10005
  1925 10005
  1926 10005
  1927 10005
  1928 10005
  1929 10005
  1930 10005
  1931 10005
  1932 10005
  1933 10005
  1934 10005
  1935 10005
  1936 10005
  1937 10005
  1938 10005
  1939 10005
  1940 10005
  1941 10005
  1942 10005
  1943 10005
  1944 10005
  1945 10005
  1946 10005
  1947 10005
  1948 10005
  1949 10005
  1950 10005
  1951 10005
  1952 10005
  1953 10005
  1954 10005
  1955 10005
  1956 10005
  1957 10005
  1958 10005
  1959 10005
  1960 10005
  1961 10005
  1962 10005
  1963 10005
  1964 10005
  1965 10005
  1966 10005
  1967 10005
  1968 10005
  1969 10005
  1970 10005
  1971 10005
  1972 10005
  1973 10005
  1974 10005
  1975 10005
  1976 10005
  1977 10005
  1978 10005
  1979 10005
  1980 10005
  1981 10005
  1982 10005
  1983 10005
  1984 10005
  1985 10005
  1986 10005
  1987 10005
  1988 10005
  1989 10005
  1990 10005
  1991 10005
  1992 10005
  1993 10005
  1994 10005
  1995 10005
  1996 10005
  1997 10005
  1998 10005
  1999 10005
  2000 10005
  2001 10005
  2002 10005
  2003 10005
  2004 10005
  2005 10005
  2006 10005
  2007 10005
  2008 10005
  2009 10005
  2010 10005
  2011 10005
  2012 10005
  2013 10005
  2014 10005
  2015 10005
  2016 10005
  2017 10005
  2018 10005
  2019 10005
  2020 10005
  2021 10005
  2022 10005
  2023 10005
  2024 10005
  2025 10005
  2026 10005
  2027 10005
  2029 10120
  2030 10120
  2031 10120
