   690 10146
   691 10146
   692 10146
   693 10146
   694 10146
   695 10146
   696 10146
   697 10146
   698 10146
   699 10146
   700 10146
   701 10146
   702 10146
   703 10146
   704 10146
   705 10146
   706 10146
   707 10146
   708 10146
   709 10146
   710 10146
   711 10146
   712 10146
   713 10146
   714 10146
   715 10146
   716 10146
   717 10146
   718 10146
   719 10146
   720 10146
   721 10146
   722 10146
   723 10146
   724 10146
   725 10146
   726 10146
   727 10146
   728 10146
   729 10146
   730 10146
   731 10146
   732 10146
   733 10146
   734 10146
   735 10146
   736 10146
   737 10146
   738 10146
   739 10146
   740 10146
   741 10146
   742 10146
   743 10146
   744 10146
   745 10146
   746 10146
   747 10146
   748 10146
   749 10146
   750 10146
   751 10146
   752 10146
   753 10146
   754 10146
   755 10146
   756 10146
   757 10146
   758 10146
   759 10146
   760 10146
   761 10146
   762 10146
   763 10146
   764 10146
   765 10146
   766 10146
   767 10146
   768 10146
   769 10146
   770 10146
   771 10146
   772 10146
   773 10146
   774 10146
   775 10146
   776 10146
   777 10146
   778 10146
   779 10146
   780 10146
   781 10146
   782 10146
   783 10146
   784 10146
   785 10146
   786 10146
   787 10146
   788 10146
   789 10146
   790 10146
   791 10146
   792 10146
   793 10146
   794 10146
   795 10146
   796 10146
   797 10146
   798 10146
   799 10146
   800 10146
   801 10146
   802 10146
   803 10146
   804 10146
   805 10146
   806 10146
   807 10146
   808 10146
   809 10146
   810 10146
   811 10146
   812 10146
   813 10146
   814 10146
   815 10146
   816 10146
   817 10146
   818 10146
   819 10146
   820 10146
   821 10146
   822 10146
   823 10146
   824 10146
   825 10146
   826 10146
   827 10146
   828 10146
   829 10146
   830 10146
   831 10146
   832 10146
   833 10146
   834 10146
   835 10146
   836 10146
   837 10146
   838 10146
   839 10146
   840 10146
   841 10146
   842 10146
   843 10146
   844 10146
   845 10146
   846 10146
   847 10146
   848 10146
   849 10146
   850 10146
   851 10146
   852 10146
   853 10146
   854 10146
   855 10146
   856 10146
   857 10146
   858 10146
   859 10146
   860 10146
   861 10146
   862 10146
   863 10146
   864 10146
   865 10146
   866 10146
   867 10146
   868 10146
   869 10146
   870 10146
   871 10146
   872 10146
   873 10146
   874 10146
   875 10146
   876 10146
   877 10146
   878 10146
   879 10146
   880 10146
   881 10146
   882 10146
   883 10146
   884 10146
   885 10146
   886 10146
   887 10146
   888 10146
   889 10146
   890 10146
   891 10146
   892 10146
   893 10146
   894 10146
   895 10146
   896 10146
   897 10146
   898 10146
   899 10146
   900 10146
   901 10146
   902 10146
   903 10146
   904 10146
   905 10146
   906 10146
   907 10146
   908 10146
   909 10146
   910 10146
   911 10146
   912 10146
   913 10146
   914 10146
   915 10146
   916 10146
   917 10146
   918 10146
   919 10146
   920 10146
   921 10146
   922 10146
   923 10146
   924 10146
   925 10146
   926 10146
   927 10146
   928 10146
   929 10146
   930 10146
   931 10146
   932 10146
   933 10146
   934 10146
   935 10146
   936 10146
   937 10146
   938 10146
   939 10146
   940 10146
   941 10146
   942 10146
   943 10146
   944 10146
   945 10146
   946 10146
   947 10146
   948 10146
   949 10146
   950 10146
   951 10146
   952 10146
   953 10146
   954 10146
   955 10146
   956 10146
   957 10146
   958 10146
   959 10146
   960 10146
   961 10146
   962 10146
   963 10146
   964 10146
   965 10146
   966 10146
   967 10146
   968 10146
   969 10146
   970 10146
   971 10146
   972 10146
   973 10146
   974 10146
   975 10146
   976 10146
   977 10146
   978 10146
   979 10146
   980 10146
   981 10146
   982 10146
   983 10146
   984 10146
   985 10146
   986 10146
   987 10146
   988 10146
   989 10146
   990 10146
   991 10146
   992 10146
   993 10146
   994 10146
   995 10146
   996 10146
   997 10146
   998 10146
   999 10146
  1000 10146
  1001 10146
  1002 10146
  1003 10146
  1004 10146
  1005 10146
  1006 10146
  1007 10146
  1008 10146
  1009 10146
  1010 10146
  1011 10146
  1012 10146
  1013 10146
  1014 10146
  1015 10146
  1016 10146
  1017 10146
  1018 10146
  1019 10146
  1020 10146
  1021 10146
  1022 10146
  1023 10146
  1024 10146
  1025 10146
  1026 10146
  1027 10146
  1028 10146
  1029 10146
  1030 10146
  1031 10146
  1032 10146
  1033 10146
  1034 10146
  1035 10146
  1036 10146
  1037 10146
  1038 10146
  1039 10146
  1040 10146
  1041 10146
  1042 10146
  1043 10146
  1044 10146
  1045 10146
  1046 10146
  1047 10146
  1048 10146
  1049 10146
  1050 10146
  1051 10146
  1052 10146
  1053 10146
  1054 10146
  1055 10146
  1056 10146
  1057 10146
  1058 10146
  1059 10146
  1060 10146
  1061 10146
  1062 10146
  1063 10146
  1064 10146
  1065 10146
  1066 10146
  1067 10146
  1068 10146
  1069 10146
  1070 10146
  1071 10146
  1072 10146
  1073 10146
  1074 10146
  1075 10146
  1076 10146
  1077 10146
  1078 10146
  1079 10146
  1080 10146
  1081 10146
  1082 10146
  1083 10146
  1084 10146
  1085 10146
  1086 10146
  1087 10146
  1088 10146
  1089 10146
  1090 10146
  1091 10146
  1092 10146
  1093 10146
  1094 10146
  1095 10146
  1096 10146
  1097 10146
  1098 10146
  1099 10146
  1100 10146
  1101 10146
  1102 10146
  1103 10146
  1104 10146
  1105 10146
  1106 10146
  1107 10146
  1108 10146
  1109 10146
  1110 10146
  1111 10146
  1112 10146
  1113 10146
  1114 10146
  1115 10146
  1116 10146
  1117 10146
  1118 10146
  1119 10146
  1120 10146
  1121 10146
  1122 10146
  1123 10146
  1124 10146
  1125 10146
  1126 10146
  1127 10146
  1128 10146
  1129 10146
  1130 10146
  1131 10146
  1132 10146
  1133 10146
  1134 10146
  1135 10146
  1136 10146
  1137 10146
  1138 10146
  1139 10146
  1140 10146
  1141 10146
  1142 10146
  1143 10146
  1144 10146
  1145 10146
  1146 10146
  1147 10146
  1148 10146
  1149 10146
  1150 10146
  1151 10146
  1152 10146
  1153 10146
  1154 10146
  1155 10146
  1156 10146
  1157 10146
  1158 10146
  1159 10146
  1160 10146
  1161 10146
  1162 10146
  1163 10146
  1164 10146
  1165 10146
  1166 10146
  1167 10146
  1168 10146
  1169 10146
  1170 10146
  1171 10146
  1172 10146
  1173 10146
  1174 10146
  1175 10146
  1176 10146
  1177 10146
  1178 10146
  1179 10146
  1180 10146
  1181 10146
  1182 10146
  1183 10146
  1184 10146
  1185 10146
  1186 10146
  1187 10146
  1188 10146
  1189 10146
  1190 10146
  1191 10146
  1192 10146
  1193 10146
  1194 10146
  1195 10146
  1196 10146
  1197 10146
  1198 10146
  1199 10146
  1200 10146
  1201 10146
  1202 10146
  1203 10146
  1204 10146
  1205 10146
  1206 10146
  1207 10146
  1208 10146
  1209 10146
  1210 10146
  1211 10146
  1212 10146
  1213 10146
  1214 10146
  1215 10146
  1216 10146
  1217 10146
  1218 10146
  1219 10146
  1220 10146
  1221 10146
  1222 10146
  1223 10146
  1224 10146
  1225 10146
  1226 10146
  1227 10146
  1228 10146
  1229 10146
  1230 10146
  1231 10146
  1232 10146
  1233 10146
  1234 10146
  1235 10146
  1236 10146
  1237 10146
  1238 10146
  1239 10146
  1240 10146
  1241 10146
  1242 10146
  1243 10146
  1244 10146
  1245 10146
  1246 10146
  1247 10146
  1248 10146
  1249 10146
  1250 10146
  1251 10146
  1252 10146
  1253 10146
  1254 10146
  1255 10146
  1256 10146
  1257 10146
  1258 10146
  1259 10146
  1260 10146
  1261 10146
  1262 10146
  1263 10146
  1264 10146
  1265 10146
  1266 10146
  1267 10007
  1268 10007
  1269 10007
  1270 10007
  1271 10007
  1272 10112
  1273 10112
  1274 10137
  1276 10146
  1277 10023
  1278 10023
  1279 10031
  1280 10031
  1281 10031
  1282 10031
  1283 10018
  1284 10018
  1285 10018
  1286 10018
  1287 10018
  1288 10040
  1289 10040
  1290 10040
  1291 10040
  1292 10040
  1297 10106
  1298 10106
  1630 10146
  1631 10146
  1632 10146
  1633 10146
  1634 10146
  1635 10146
  1636 10146
  1637 10146
  1638 10146
  1639 10146
  1640 10146
  1641 10146
  1642 10146
  1643 10146
  1644 10146
  1645 10146
  1646 10146
  1647 10146
  1648 10146
  1649 10146
  1650 10146
  1651 10146
  1652 10146
  1653 10146
  1654 10146
  1655 10146
  1656 10146
  1657 10146
  1658 10146
  1659 10146
  1660 10146
  1661 10146
  1662 10146
  1663 10146
  1664 10146
  1665 10146
  1666 10146
  1667 10146
  1668 10146
  1669 10146
  1670 10146
  1671 10146
  1672 10146
  1673 10146
  1674 10146
  1675 10146
  1676 10146
  1677 10146
  1678 10146
  1679 10146
  1680 10146
  1681 10146
  1682 10146
  1683 10146
  1684 10146
  1685 10146
  1686 10146
  1687 10146
  1688 10146
  1689 10146
  1690 10146
  1691 10146
  1692 10146
  1693 10146
  1694 10146
  1695 10146
  1696 10146
  1697 10146
  1698 10146
  1699 10146
  1700 10146
  1701 10146
  1702 10146
  1703 10146
  1704 10146
  1705 10146
  1706 10146
  1707 10146
  1708 10146
  1709 10146
  1710 10146
  1711 10146
  1712 10146
  1713 10146
  1714 10146
  1715 10146
  1716 10146
  1717 10146
  1718 10146
  1719 10146
  1720 10146
  1721 10146
  1722 10146
  1723 10146
  1724 10146
  1725 10146
  1726 10146
  1727 10146
  1728 10146
  1729 10146
  1730 10146
  1731 10146
  1732 10146
  1733 10146
  1734 10146
  1735 10146
  1736 10146
  1737 10146
  1738 10146
  1739 10146
  1740 10146
  1741 10146
  1742 10146
  1743 10146
  1744 10146
  1745 10146
  1746 10146
  1747 10146
  1748 10146
  1749 10146
  1750 10146
  1751 10146
  1752 10146
  1753 10146
  1754 10146
  1755 10146
  1756 10146
  1757 10146
  1758 10146
  1759 10146
  1760 10146
  1761 10146
  1762 10146
  1763 10146
  1764 10146
  1765 10146
  1766 10146
  1767 10146
  1768 10146
  1769 10146
  1770 10146
  1771 10146
  1772 10146
  1773 10146
  1774 10146
  1775 10146
  1776 10146
  1777 10146
  1778 10146
  1779 10146
  1780 10146
  1781 10146
  1782 10146
  1783 10146
  1784 10146
  1785 10146
  1786 10146
  1787 10146
  1788 10146
  1789 10146
  1790 10146
  1791 10146
  1792 10146
  1793 10146
  1794 10146
  1795 10146
  1796 10146
  1797 10146
  1798 10146
  1799 10146
  1800 10146
  1801 10146
  1802 10146
  1803 10146
  1804 10146
  1805 10146
  1806 10146
  1807 10146
  1808 10146
  1809 10146
  1810 10146
  1811 10146
  1812 10146
  1813 10146
  1814 10146
  1815 10146
  1816 10146
  1817 10146
  1818 10146
  1819 10146
  1820 10146
  1821 10146
  1822 10146
  1823 10146
  1824 10146
  1825 10146
  1826 10146
  1827 10146
  1828 10146
  1829 10146
  1830 10146
  1831 10146
  1832 10146
  1833 10146
  1834 10146
  1835 10146
  1836 10146
  1837 10146
  1838 10146
  1839 10146
  1840 10146
  1841 10146
  1842 10146
  1843 10146
  1844 10146
  1845 10146
  1846 10146
  1847 10146
  1848 10146
  1849 10146
  1850 10146
  1851 10146
  1852 10146
  1853 10146
  1854 10146
  1855 10146
  1856 10146
  1857 10146
  1858 10146
  1859 10146
  1860 10146
  1861 10146
  1862 10146
  1863 10146
  1864 10146
  1865 10146
  1866 10146
  1867 10146
  1868 10146
  1869 10146
  1870 10146
  1871 10146
  1872 10146
  1873 10146
  1874 10146
  1875 10146
  1876 10146
  1877 10146
  1878 10146
  1879 10146
  1880 10146
  1881 10146
  1882 10146
  1883 10146
  1884 10146
  1885 10146
  1886 10146
  1887 10146
  1888 10146
  1889 10146
  1890 10146
  1891 10146
  1892 10146
  1893 10146
  1894 10146
  1895 10146
  1896 10146
  1897 10146
  1898 10146
  1899 10146
  1900 10146
  1901 10146
  1902 10146
  1903 10146
  1904 10146
  1905 10146
  1906 10146
  1907 10146
  1908 10146
  1909 10146
  1910 10146
  1911 10146
  1912 10146
  1913 10146
  1914 10146
  1915 10146
  1916 10146
  1917 10146
  1918 10146
  1919 10146
  1920 10146
  1921 10146
  1922 10146
  1923 10146
  1924 10146
  1925 10146
  1926 10146
  1927 10146
  1928 10146
  1929 10146
  1930 10146
  1931 10146
  1932 10146
  1933 10146
  1934 10146
  1935 10146
  1936 10146
  1937 10146
  1938 10146
  1939 10146
  1940 10146
  1941 10146
  1942 10146
  1943 10146
  1944 10146
  1945 10146
  1946 10146
  1947 10146
  1948 10146
  1949 10146
  1950 10146
  1951 10146
  1952 10146
  1953 10146
  1954 10146
  1955 10146
  1956 10146
  1957 10146
  1958 10146
  1959 10146
  1960 10146
  1961 10146
  1962 10146
  1963 10146
  1964 10146
  1965 10146
  1966 10146
  1967 10146
  1968 10146
  1969 10146
  1970 10146
  1971 10146
  1972 10146
  1973 10146
  1974 10146
  1975 10146
  1976 10146
  1977 10146
  1978 10146
  1979 10146
  1980 10146
  1981 10146
  1982 10146
  1983 10146
  1984 10146
  1985 10146
  1986 10146
  1987 10146
  1988 10146
  1989 10146
  1990 10146
  1991 10146
  1992 10146
  1993 10146
  1994 10146
  1995 10146
  1996 10146
  1997 10146
  1998 10146
  1999 10146
  2000 10146
  2001 10146
  2002 10146
  2003 10146
  2004 10146
  2005 10146
  2006 10146
  2007 10146
  2008 10146
  2009 10146
  2010 10146
  2011 10146
  2012 10146
  2013 10146
  2014 10146
  2015 10146
  2016 10146
  2017 10146
  2018 10146
  2019 10146
  2020 10146
