   678 10052
   679 10052
   680 10052
   681 10052
   682 10052
   683 10052
   686 10052
   687 10052
   688 10052
   689 10052
   690 10052
   691 10052
   692 10052
   693 10052
   694 10052
   695 10052
   696 10052
   697 10052
   698 10052
   699 10052
   700 10052
   701 10052
   702 10052
   703 10052
   704 10052
   705 10052
   706 10052
   707 10052
   708 10052
   709 10052
   710 10052
   711 10052
   712 10052
   713 10052
   714 10052
   715 10052
   716 10052
   717 10052
   718 10052
   719 10052
   720 10052
   721 10052
   722 10052
   723 10052
   724 10052
   725 10052
   726 10052
   727 10052
   728 10052
   729 10052
   730 10052
   731 10052
   732 10052
   733 10052
   734 10052
   735 10052
   736 10052
   737 10052
   738 10052
   739 10052
   740 10052
   741 10052
   742 10052
   743 10052
   744 10052
   745 10052
   746 10052
   747 10052
   748 10052
   749 10052
   750 10052
   751 10052
   752 10052
   753 10052
   754 10052
   755 10052
   756 10052
   757 10052
   758 10052
   759 10052
   760 10052
   761 10052
   762 10052
   763 10052
   764 10052
   765 10052
   766 10052
   767 10052
   768 10052
   769 10052
   770 10052
   771 10052
   772 10052
   773 10052
   774 10052
   775 10052
   776 10052
   777 10052
   778 10052
   779 10052
   780 10052
   781 10052
   782 10052
   783 10052
   784 10112
   785 10094
   786 10094
   787 10086
   788 10080
   789 10080
   790 10064
   791 10071
   792 10064
   793 10064
   794 10029
   795 10005
   796 10023
   797 10023
   798 10023
   800 10130
   819 10052
   820 10052
   821 10052
   822 10052
   823 10052
   838 10085
   851 10093
   852 10093
   853 10093
   854 10085
   855 10085
   856 10085
   857 10014
   861 10153
   862 10153
   863 10153
   864 10153
   865 10143
   866 10143
   870 10154
   906 10068
   907 10068
   908 10068
   914 10039
   915 10039
   916 10002
   917 10002
   918 10002
   919 10002
   920 10002
   921 10002
   922 10002
   924 10021
   926 10020
   927 10152
   931 10028
   932 10028
   933 10028
   934 10028
   950 10052
   951 10052
   956 10052
   957 10052
   958 10052
  1025 10094
  1026 10094
  1027 10094
  1028 10067
  1029 10067
  1030 10067
  1031 10067
  1032 10067
  1033 10067
  1034 10067
  1035 10067
  1036 10067
  1037 10067
  1038 10067
  1039 10067
  1040 10067
  1041 10067
  1042 10067
  1043 10067
  1044 10067
  1045 10067
  1046 10067
  1047 10067
  1048 10067
  1049 10067
  1050 10067
  1051 10067
  1052 10067
  1053 10067
  1054 10067
  1055 10067
  1056 10067
  1057 10067
  1058 10067
  1059 10067
  1060 10067
  1061 10067
  1062 10067
  1063 10067
  1064 10067
  1065 10067
  1066 10067
  1067 10067
  1068 10067
  1069 10067
  1070 10067
  1071 10067
  1072 10067
  1073 10067
  1074 10067
  1075 10067
  1076 10067
  1077 10067
  1078 10067
  1079 10067
  1080 10067
  1081 10067
  1082 10067
  1083 10067
  1084 10067
  1085 10067
  1086 10067
  1087 10067
  1088 10067
  1089 10067
  1090 10067
  1091 10067
  1092 10067
  1093 10067
  1094 10067
  1095 10067
  1096 10067
  1097 10067
  1098 10067
  1099 10067
  1100 10067
  1101 10067
  1102 10067
  1103 10067
  1104 10067
  1105 10067
  1106 10067
  1107 10067
  1108 10067
  1109 10067
  1110 10067
  1111 10067
  1112 10067
  1113 10067
  1114 10067
  1115 10067
  1116 10067
  1117 10067
  1118 10067
  1119 10067
  1120 10067
  1121 10067
  1122 10067
  1123 10067
  1124 10067
  1125 10067
  1126 10067
  1127 10067
  1128 10067
  1129 10067
  1130 10067
  1131 10067
  1132 10067
  1133 10067
  1134 10067
  1135 10067
  1136 10067
  1137 10067
  1138 10067
  1139 10067
  1140 10067
  1141 10067
  1142 10067
  1143 10067
  1144 10067
  1145 10067
  1146 10067
  1147 10067
  1148 10067
  1149 10067
  1150 10067
  1151 10067
  1152 10067
  1153 10067
  1154 10067
  1155 10067
  1156 10067
  1157 10067
  1158 10067
  1159 10067
  1160 10067
  1161 10067
  1162 10067
  1163 10067
  1164 10067
  1165 10067
  1166 10067
  1167 10067
  1168 10067
  1169 10067
  1170 10067
  1171 10067
  1172 10067
  1173 10067
  1174 10067
  1175 10067
  1176 10067
  1177 10067
  1178 10067
  1179 10067
  1180 10067
  1181 10067
  1182 10067
  1183 10067
  1184 10067
  1185 10067
  1186 10067
  1187 10067
  1188 10067
  1189 10067
  1190 10067
  1191 10067
  1192 10067
  1193 10067
  1194 10067
  1195 10067
  1196 10067
  1197 10067
  1198 10067
  1199 10067
  1200 10067
  1201 10067
  1202 10067
  1203 10067
  1204 10067
  1205 10067
  1206 10067
  1207 10067
  1208 10067
  1209 10067
  1210 10067
  1211 10067
  1212 10067
  1213 10067
  1214 10067
  1215 10067
  1216 10067
  1217 10067
  1218 10067
  1219 10067
  1220 10067
  1221 10067
  1222 10067
  1223 10067
  1224 10067
  1225 10067
  1226 10067
  1227 10067
  1228 10067
  1229 10067
  1230 10067
  1231 10067
  1232 10067
  1233 10067
  1234 10067
  1235 10067
  1236 10067
  1237 10067
  1238 10067
  1239 10067
  1240 10067
  1241 10067
  1242 10067
  1243 10067
  1244 10067
  1245 10067
  1246 10067
  1247 10067
  1248 10067
  1249 10067
  1250 10163
  1251 10067
  1252 10067
  1253 10067
  1255 10052
  1256 10052
  1257 10052
  1258 10052
  1263 10052
  1264 10052
  1265 10052
  1266 10052
  1267 10052
  1268 10052
  1269 10052
  1270 10052
  1271 10052
  1272 10052
  1273 10052
  1274 10052
  1275 10052
  1276 10052
  1277 10052
  1278 10052
  1279 10052
  1280 10052
  1281 10052
  1282 10052
  1283 10052
  1284 10052
  1285 10052
  1286 10052
  1287 10052
  1288 10052
  1289 10052
  1290 10052
  1291 10052
  1292 10052
  1293 10052
  1294 10052
  1295 10052
  1296 10052
  1323 10094
  1328 10052
  1329 10052
  1330 10052
  1332 10052
  1342 10052
  1343 10052
  1404 10171
  1405 10052
  1406 10052
  1407 10052
  1408 10052
  1409 10052
  1410 10052
  1411 10052
  1412 10052
  1413 10052
  1414 10052
  1423 10052
  1424 10052
  1425 10052
  1426 10052
  1427 10052
  1428 10052
  1429 10052
  1430 10052
  1431 10052
  1432 10052
  1433 10052
  1434 10052
  1435 10052
  1436 10052
  1437 10052
  1438 10052
  1439 10052
  1440 10052
  1444 10052
  1445 10052
  1446 10052
  1447 10052
  1448 10052
  1449 10052
  1450 10052
  1451 10052
  1452 10052
  1453 10052
  1454 10052
  1455 10052
  1456 10052
  1457 10052
  1458 10052
  1461 10052
  1462 10052
  1463 10052
  1464 10052
  1465 10052
  1471 10069
  1472 10069
  1473 10069
  1474 10069
  1475 10069
  1476 10069
  1477 10064
  1478 10064
  1479 10064
  1480 10064
  1481 10064
  1482 10064
  1483 10064
  1484 10052
  1493 10052
  1494 10052
  1495 10052
  1496 10052
  1497 10052
  1498 10052
  1499 10052
  1500 10052
  1501 10052
  1506 10052
  1507 10052
  1508 10052
  1509 10052
  1510 10052
  1511 10052
  1512 10052
  1513 10052
  1514 10052
  1515 10052
  1552 10094
  1565 10052
  1582 10054
  1583 10054
  1584 10064
  1585 10064
  1614 10054
  1615 10054
  1694 10054
  1702 10054
  1703 10054
  1704 10054
  1705 10054
  1706 10054
  1707 10054
  1708 10054
  1709 10054
  1739 10054
  1740 10054
  1741 10054
  1743 10054
  1744 10054
  1745 10054
  1757 10054
  1758 10094
  1759 10094
  1760 10094
  1761 10094
  1762 10094
  1841 10052
  1842 10052
  1843 10052
  1844 10052
  1845 10052
  1847 10084
  2022 10064
  2023 10064
  2024 10064
  2026 10052
  2027 10052
  2028 10052
  2029 10052
  2030 10052
  2031 10171
  2038 10052
  2039 10052
