   690 10059
   691 10059
   692 10059
   693 10059
   694 10059
   695 10059
   696 10059
   697 10059
   698 10059
   699 10059
   700 10059
   701 10059
   702 10059
   703 10059
   704 10059
   705 10059
   706 10059
   707 10059
   708 10059
   709 10059
   710 10059
   711 10059
   712 10059
   713 10059
   714 10059
   715 10059
   716 10059
   717 10059
   718 10059
   719 10059
   720 10059
   721 10059
   722 10059
   723 10059
   724 10059
   725 10059
   726 10059
   727 10059
   728 10059
   729 10059
   730 10059
   731 10059
   732 10059
   733 10059
   734 10059
   735 10059
   736 10059
   737 10059
   738 10059
   739 10059
   740 10059
   741 10059
   742 10059
   743 10059
   744 10059
   745 10059
   746 10059
   747 10059
   748 10059
   749 10059
   750 10059
   751 10059
   752 10059
   753 10059
   754 10059
   755 10059
   756 10059
   757 10059
   758 10059
   759 10059
   760 10059
   761 10059
   762 10059
   763 10059
   764 10059
   765 10059
   766 10059
   767 10059
   768 10059
   769 10059
   770 10059
   771 10059
   772 10059
   773 10059
   774 10059
   775 10059
   776 10059
   777 10059
   778 10059
   779 10059
   780 10059
   781 10065
   782 10065
   783 10065
   784 10065
   785 10065
   786 10065
   787 10065
   788 10065
   789 10065
   790 10065
   791 10065
   792 10065
   793 10065
   794 10065
   795 10065
   796 10065
   797 10065
   798 10065
   799 10065
   800 10065
   801 10065
   802 10065
   803 10065
   804 10065
   805 10065
   806 10065
   807 10065
   808 10065
   809 10065
   810 10065
   811 10065
   812 10065
   813 10065
   814 10065
   815 10065
   816 10065
   817 10065
   818 10065
   819 10065
   820 10065
   821 10065
   822 10065
   823 10065
   824 10065
   825 10065
   826 10065
   827 10065
   828 10065
   829 10065
   830 10065
   831 10065
   832 10065
   833 10065
   834 10065
   835 10065
   836 10065
   837 10065
   838 10065
   839 10065
   840 10065
   841 10065
   842 10065
   843 10065
   844 10065
   845 10065
   846 10065
   847 10065
   848 10065
   849 10065
   850 10065
   851 10065
   852 10065
   853 10065
   854 10065
   855 10065
   856 10065
   857 10065
   858 10065
   859 10065
   860 10065
   861 10065
   862 10065
   863 10065
   864 10065
   865 10065
   866 10065
   867 10065
   868 10065
   869 10065
   870 10065
   871 10065
   872 10065
   873 10065
   874 10065
   875 10065
   876 10065
   877 10065
   878 10065
   879 10065
   880 10065
   881 10065
   882 10065
   883 10065
   884 10065
   885 10065
   886 10065
   887 10065
   888 10065
   889 10065
   890 10065
   891 10065
   892 10065
   893 10065
   894 10065
   895 10065
   896 10065
   897 10065
   898 10065
   899 10065
   900 10065
   901 10065
   902 10065
   903 10065
   904 10065
   905 10065
   906 10065
   907 10065
   908 10065
   909 10065
   910 10065
   911 10065
   912 10065
   913 10065
   914 10065
   915 10065
   916 10065
   917 10065
   918 10065
   919 10065
   920 10065
   921 10065
   922 10065
   923 10065
   924 10065
   925 10065
   926 10065
   927 10065
   928 10065
   929 10065
   930 10065
   931 10065
   932 10065
   933 10065
   934 10065
   935 10065
   936 10065
   937 10065
   938 10065
   939 10065
   940 10065
   941 10065
   942 10065
   943 10065
   944 10065
   945 10065
   946 10065
   947 10065
   948 10065
   949 10065
   950 10065
   951 10065
   952 10065
   953 10065
   954 10065
   955 10065
   956 10065
   957 10065
   958 10065
   959 10065
   960 10065
   961 10065
   962 10065
   963 10065
   964 10065
   965 10065
   966 10065
   967 10065
   968 10065
   969 10065
   970 10065
   971 10065
   972 10065
   973 10065
   974 10065
   975 10065
   976 10065
   977 10065
   978 10065
   979 10065
   980 10065
   981 10065
   982 10065
   983 10065
   984 10065
   985 10065
   986 10065
   987 10065
   988 10065
   989 10065
   990 10065
   991 10065
   992 10065
   993 10065
   994 10065
   995 10065
   996 10065
   997 10065
   998 10065
   999 10065
  1000 10065
  1001 10065
  1002 10065
  1003 10065
  1004 10065
  1005 10065
  1006 10065
  1007 10065
  1008 10065
  1009 10065
  1010 10065
  1011 10065
  1012 10065
  1013 10065
  1014 10065
  1015 10065
  1016 10065
  1017 10065
  1018 10065
  1019 10065
  1020 10065
  1021 10101
  1022 10101
  1023 10043
  1024 10021
  1026 10021
  1027 10021
  1028 10021
  1029 10021
  1030 10021
  1031 10021
  1032 10021
  1033 10021
  1034 10021
  1035 10021
  1036 10021
  1037 10021
  1038 10021
  1039 10021
  1040 10021
  1041 10021
  1042 10021
  1043 10021
  1044 10021
  1045 10021
  1046 10021
  1047 10021
  1048 10021
  1049 10021
  1050 10021
  1051 10021
  1052 10021
  1053 10021
  1054 10021
  1055 10021
  1056 10021
  1057 10021
  1058 10021
  1059 10021
  1060 10021
  1061 10021
  1062 10021
  1063 10021
  1064 10021
  1065 10021
  1066 10021
  1067 10021
  1068 10021
  1069 10021
  1070 10021
  1071 10021
  1072 10021
  1073 10021
  1074 10021
  1075 10021
  1076 10021
  1077 10021
  1078 10021
  1079 10021
  1080 10021
  1081 10021
  1082 10021
  1083 10021
  1084 10021
  1085 10021
  1086 10021
  1087 10021
  1088 10021
  1089 10021
  1090 10021
  1091 10021
  1092 10021
  1093 10021
  1094 10021
  1095 10021
  1096 10021
  1097 10021
  1098 10021
  1099 10021
  1100 10021
  1101 10021
  1102 10021
  1103 10021
  1104 10021
  1105 10021
  1106 10021
  1107 10021
  1108 10021
  1109 10021
  1110 10021
  1111 10021
  1112 10021
  1113 10021
  1114 10021
  1115 10021
  1116 10021
  1117 10021
  1118 10021
  1119 10021
  1120 10021
  1121 10021
  1122 10021
  1123 10021
  1124 10021
  1125 10021
  1126 10021
  1127 10021
  1128 10021
  1129 10021
  1130 10021
  1131 10021
  1132 10021
  1133 10021
  1134 10021
  1135 10021
  1136 10021
  1137 10021
  1138 10021
  1139 10021
  1140 10021
  1141 10021
  1142 10021
  1143 10021
  1144 10021
  1145 10021
  1146 10021
  1147 10021
  1148 10021
  1149 10021
  1150 10021
  1151 10021
  1152 10021
  1153 10021
  1154 10021
  1155 10021
  1156 10021
  1157 10021
  1158 10021
  1159 10021
  1160 10021
  1161 10021
  1162 10021
  1163 10021
  1164 10021
  1165 10021
  1166 10021
  1167 10021
  1168 10021
  1169 10021
  1170 10021
  1171 10021
  1172 10021
  1173 10021
  1174 10021
  1175 10021
  1176 10021
  1177 10021
  1178 10021
  1179 10021
  1180 10021
  1181 10021
  1182 10021
  1183 10021
  1184 10021
  1185 10021
  1186 10021
  1187 10021
  1188 10021
  1189 10021
  1190 10021
  1191 10021
  1192 10021
  1193 10021
  1194 10021
  1195 10021
  1196 10021
  1197 10021
  1198 10021
  1199 10021
  1200 10021
  1201 10021
  1202 10021
  1203 10021
  1204 10021
  1205 10021
  1206 10021
  1207 10021
  1208 10021
  1209 10021
  1210 10021
  1211 10021
  1212 10021
  1213 10021
  1214 10021
  1215 10021
  1216 10021
  1217 10021
  1218 10021
  1219 10021
  1220 10021
  1221 10021
  1222 10021
  1223 10021
  1224 10021
  1225 10021
  1226 10021
  1227 10021
  1228 10021
  1229 10021
  1230 10021
  1231 10021
  1232 10021
  1233 10021
  1234 10021
  1235 10021
  1236 10021
  1237 10021
  1238 10021
  1239 10021
  1240 10021
  1241 10021
  1242 10021
  1243 10021
  1244 10021
  1245 10021
  1246 10021
  1247 10021
  1248 10021
  1249 10021
  1250 10021
  1251 10021
  1252 10021
  1253 10021
  1254 10021
  1255 10021
  1256 10021
  1257 10021
  1258 10101
  1259 10101
  1260 10101
  1261 10101
  1262 10101
  1263 10018
  1264 10018
  1265 10018
  1266 10018
  1267 10018
  1268 10018
  1269 10018
  1270 10040
  1271 10040
  1272 10040
  1273 10040
  1274 10040
  1275 10106
  1276 10040
  1277 10040
  1279 10098
  1280 10106
  1281 10106
  1282 10018
  1283 10158
  1284 10018
  1285 10018
  1286 10018
  1287 10040
  1288 10018
  1289 10018
  1291 10098
  1296 10040
  1299 10040
  1300 10040
  1301 10040
  1302 10040
  1303 10040
  1304 10040
  1305 10040
  1306 10040
  1307 10040
  1308 10040
  1309 10098
  1310 10098
  1311 10098
  1312 10055
  1313 10055
  1314 10055
  1315 10055
  1316 10014
  1317 10014
  1318 10014
  1319 10154
  1320 10014
  1321 10014
  1322 10014
  1323 10014
  1324 10154
  1325 10014
  1326 10014
  1327 10014
  1328 10154
  1329 10014
  1332 10141
  1333 10141
  1334 10141
  1335 10128
  1338 10061
  1339 10169
  1340 10169
  1344 10141
  1345 10141
  1346 10141
  1347 10138
  1348 10050
  1349 10050
  1350 10050
  1352 10101
  1366 10141
  1367 10141
  1368 10141
  1369 10141
  1370 10141
  1372 10141
  1375 10141
  1376 10141
  1377 10141
  1378 10141
  1383 10169
  1384 10169
  1385 10169
  1386 10169
  1387 10169
  1388 10169
  1389 10169
  1390 10169
  1391 10169
  1392 10169
  1393 10169
  1394 10169
  1395 10169
  1396 10169
  1397 10169
  1398 10169
  1399 10169
  1400 10169
  1401 10169
  1402 10169
  1403 10169
  1404 10169
  1405 10169
  1406 10169
  1407 10169
  1408 10169
  1409 10169
  1410 10169
  1411 10169
  1412 10169
  1413 10169
  1414 10169
  1415 10169
  1416 10169
  1417 10169
  1418 10169
  1419 10169
  1420 10169
  1421 10169
  1422 10169
  1423 10169
  1424 10169
  1425 10169
  1426 10169
  1427 10169
  1428 10169
  1429 10169
  1430 10169
  1431 10169
  1432 10169
  1433 10169
  1434 10169
  1435 10169
  1436 10169
  1437 10169
  1438 10169
  1439 10169
  1440 10169
  1441 10169
  1442 10169
  1443 10169
  1444 10169
  1445 10169
  1446 10169
  1447 10169
  1448 10169
  1449 10169
  1450 10169
  1451 10169
  1452 10169
  1453 10169
  1454 10169
  1455 10169
  1456 10169
  1457 10169
  1458 10169
  1459 10169
  1460 10169
  1461 10169
  1462 10169
  1463 10169
  1464 10169
  1465 10169
  1466 10169
  1467 10169
  1468 10169
  1469 10169
  1470 10169
  1471 10169
  1472 10169
  1473 10169
  1474 10169
  1475 10169
  1476 10169
  1477 10169
  1478 10169
  1479 10169
  1480 10169
  1481 10169
  1482 10169
  1483 10169
  1484 10169
  1485 10169
  1486 10169
  1487 10169
  1488 10169
  1489 10169
  1490 10169
  1491 10169
  1492 10169
  1493 10169
  1494 10169
  1495 10169
  1496 10169
  1497 10169
  1498 10169
  1499 10169
  1500 10169
  1501 10169
  1502 10169
  1503 10169
  1504 10169
  1505 10169
  1506 10169
  1507 10169
  1508 10169
  1509 10169
  1510 10169
  1511 10169
  1512 10169
  1513 10169
  1514 10169
  1515 10169
  1516 10169
  1517 10169
  1518 10169
  1519 10169
  1520 10169
  1521 10169
  1522 10169
  1523 10169
  1524 10169
  1525 10169
  1526 10169
  1527 10169
  1528 10169
  1529 10169
  1530 10169
  1531 10169
  1532 10169
  1533 10169
  1534 10169
  1535 10169
  1536 10169
  1537 10169
  1538 10169
  1539 10169
  1540 10169
  1541 10169
  1542 10169
  1543 10169
  1544 10169
  1545 10169
  1546 10169
  1547 10169
  1548 10169
  1549 10169
  1550 10169
  1551 10169
  1552 10169
  1553 10169
  1554 10169
  1555 10169
  1556 10169
  1557 10169
  1558 10169
  1559 10169
  1560 10169
  1561 10169
  1562 10169
  1563 10169
  1564 10169
  1565 10169
  1566 10169
  1567 10169
  1568 10169
  1569 10169
  1570 10169
  1571 10169
  1572 10169
  1573 10169
  1574 10169
  1575 10169
  1576 10169
  1577 10169
  1578 10169
  1579 10169
  1580 10169
  1581 10169
  1582 10169
  1583 10169
  1584 10169
  1585 10169
  1586 10169
  1587 10169
  1588 10169
  1589 10169
  1590 10169
  1591 10169
  1592 10169
  1593 10169
  1594 10169
  1595 10169
  1596 10169
  1597 10169
  1598 10169
  1599 10169
  1600 10169
  1601 10169
  1602 10169
  1603 10169
  1604 10169
  1605 10169
  1606 10169
  1607 10169
  1608 10169
  1609 10169
  1610 10169
  1611 10169
  1612 10169
  1613 10169
  1614 10169
  1615 10169
  1616 10169
  1617 10169
  1618 10169
  1619 10169
  1620 10169
  1624 10020
  1625 10020
  1626 10020
  1627 10020
  1630 10006
  1631 10006
  1632 10006
  1633 10006
  1634 10006
  1635 10006
  1636 10006
  1637 10006
  1638 10006
  1639 10006
  1640 10006
  1641 10006
  1642 10006
  1643 10006
  1644 10006
  1645 10006
  1646 10006
  1647 10006
  1648 10006
  1649 10006
  1650 10006
  1651 10006
  1652 10006
  1653 10006
  1654 10006
  1655 10006
  1656 10006
  1657 10006
  1658 10006
  1659 10006
  1660 10006
  1661 10006
  1662 10006
  1663 10006
  1664 10006
  1665 10006
  1666 10006
  1667 10006
  1668 10006
  1669 10006
  1670 10006
  1671 10006
  1672 10006
  1673 10006
  1674 10006
  1675 10006
  1676 10006
  1677 10006
  1678 10006
  1679 10006
  1680 10006
  1681 10006
  1682 10006
  1683 10006
  1684 10006
  1685 10006
  1686 10006
  1687 10006
  1688 10006
  1689 10006
  1690 10006
  1691 10006
  1692 10006
  1693 10006
  1694 10006
  1695 10006
  1696 10006
  1697 10006
  1698 10006
  1699 10006
  1700 10006
  1701 10006
  1702 10006
  1703 10006
  1704 10006
  1705 10006
  1706 10006
  1707 10006
  1708 10006
  1709 10006
  1710 10006
  1711 10006
  1712 10006
  1713 10006
  1714 10006
  1715 10006
  1716 10006
  1717 10006
  1718 10006
  1719 10006
  1720 10006
  1721 10006
  1722 10006
  1723 10006
  1724 10006
  1725 10006
  1726 10006
  1727 10006
  1728 10006
  1729 10006
  1730 10006
  1731 10006
  1732 10006
  1733 10006
  1734 10006
  1735 10006
  1736 10006
  1737 10006
  1738 10006
  1739 10006
  1740 10006
  1741 10006
  1742 10006
  1743 10006
  1744 10006
  1745 10006
  1746 10006
  1747 10006
  1748 10006
  1749 10006
  1750 10006
  1751 10006
  1752 10006
  1753 10006
  1754 10006
  1755 10006
  1756 10006
  1757 10006
  1758 10006
  1759 10006
  1760 10006
  1761 10006
  1762 10006
  1763 10006
  1764 10006
  1765 10006
  1766 10006
  1767 10006
  1768 10006
  1769 10006
  1770 10006
  1771 10006
  1772 10006
  1773 10006
  1774 10006
  1775 10006
  1776 10006
  1777 10006
  1778 10006
  1779 10006
  1780 10006
  1781 10006
  1782 10006
  1783 10006
  1784 10006
  1785 10006
  1786 10006
  1787 10006
  1788 10006
  1789 10006
  1790 10006
  1791 10006
  1792 10006
  1793 10006
  1794 10006
  1795 10006
  1796 10006
  1797 10006
  1798 10006
  1799 10006
  1800 10006
  1801 10006
  1802 10006
  1803 10006
  1804 10006
  1805 10006
  1806 10006
  1807 10006
  1808 10006
  1809 10006
  1810 10006
  1811 10006
  1812 10006
  1813 10006
  1814 10006
  1815 10006
  1816 10006
  1817 10006
  1818 10006
  1819 10006
  1820 10006
  1821 10006
  1822 10006
  1823 10006
  1824 10006
  1825 10006
  1826 10006
  1827 10006
  1828 10006
  1829 10006
  1830 10006
  1831 10006
  1832 10006
  1833 10006
  1834 10006
  1835 10006
  1836 10006
  1837 10006
  1838 10006
  1839 10006
  1840 10006
  1841 10006
  1842 10006
  1843 10006
  1844 10006
  1845 10006
  1846 10006
  1847 10006
  1848 10006
  1849 10006
  1850 10006
  1851 10006
  1852 10006
  1853 10006
  1854 10006
  1855 10006
  1856 10167
  1857 10081
  1858 10081
  1859 10081
  1860 10081
  1861 10081
  1862 10081
  1863 10081
  1864 10167
  1865 10081
  1866 10081
  1867 10081
  1868 10081
  1869 10081
  1870 10081
  1871 10081
  1872 10081
  1873 10081
  1874 10081
  1875 10081
  1876 10081
  1877 10081
  1878 10081
  1879 10081
  1880 10081
  1881 10081
  1882 10081
  1883 10081
  1884 10081
  1885 10081
  1886 10081
  1887 10081
  1888 10081
  1889 10081
  1890 10081
  1891 10081
  1892 10081
  1893 10081
  1894 10081
  1895 10081
  1896 10081
  1897 10081
  1898 10081
  1899 10081
  1900 10081
  1901 10081
  1902 10081
  1903 10081
  1904 10081
  1905 10081
  1906 10081
  1907 10081
  1908 10081
  1909 10081
  1910 10081
  1911 10081
  1912 10081
  1913 10081
  1914 10081
  1915 10081
  1916 10081
  1917 10081
  1918 10081
  1919 10081
  1920 10081
  1921 10081
  1922 10081
  1923 10081
  1924 10081
  1925 10081
  1926 10081
  1927 10081
  1928 10081
  1929 10081
  1930 10081
  1931 10081
  1932 10081
  1933 10081
  1934 10081
  1935 10081
  1936 10081
  1937 10081
  1938 10081
  1939 10081
  1940 10081
  1941 10081
  1942 10081
  1943 10081
  1944 10081
  1945 10081
  1946 10081
  1947 10081
  1948 10081
  1949 10081
  1950 10081
  1951 10081
  1952 10081
  1953 10081
  1954 10081
  1955 10081
  1956 10081
  1957 10081
  1958 10081
  1959 10081
  1960 10081
  1961 10081
  1962 10081
  1963 10081
  1964 10081
  1965 10081
  1966 10081
  1967 10081
  1968 10081
  1969 10081
  1970 10081
  1971 10081
  1972 10081
  1973 10081
  1974 10081
  1975 10081
  1976 10081
  1977 10081
  1978 10081
  1979 10081
  1980 10081
  1981 10081
  1982 10081
  1983 10081
  1984 10081
  1985 10081
  1986 10081
  1987 10081
  1988 10081
  1989 10081
  1990 10081
  1991 10081
  1992 10081
  1993 10081
  1994 10081
  1995 10081
  1996 10081
  1997 10081
  1998 10081
  1999 10081
  2000 10081
  2001 10081
  2002 10081
  2003 10081
  2004 10081
  2005 10081
  2006 10081
  2007 10081
  2008 10081
  2009 10081
  2010 10081
  2011 10081
  2012 10081
  2013 10081
  2014 10081
  2015 10081
  2016 10081
  2017 10081
  2018 10081
  2019 10081
  2020 10081
  2021 10081
  2022 10081
  2023 10081
