   687 10029
   689 10100
   690 10100
   691 10100
   692 10100
   693 10100
   694 10100
   695 10100
   696 10100
   697 10100
   698 10100
   699 10100
   700 10100
   701 10100
   702 10100
   703 10100
   704 10100
   705 10100
   706 10100
   707 10100
   708 10100
   709 10100
   710 10100
   711 10100
   712 10100
   713 10100
   714 10100
   715 10100
   716 10100
   717 10100
   718 10100
   719 10100
   720 10100
   721 10100
   722 10100
   723 10100
   724 10100
   725 10100
   726 10100
   727 10100
   728 10100
   729 10100
   730 10100
   731 10100
   732 10100
   733 10100
   734 10100
   735 10100
   736 10100
   737 10100
   738 10100
   739 10100
   740 10100
   741 10100
   742 10100
   743 10100
   744 10100
   745 10100
   746 10100
   747 10100
   748 10100
   749 10100
   750 10100
   751 10100
   752 10100
   753 10100
   754 10100
   755 10100
   756 10100
   757 10100
   758 10100
   759 10100
   760 10100
   761 10100
   762 10100
   763 10100
   764 10100
   765 10100
   766 10100
   767 10100
   768 10100
   769 10100
   770 10100
   771 10100
   772 10100
   773 10100
   774 10100
   775 10100
   776 10100
   777 10100
   778 10100
   779 10100
   780 10100
   781 10101
   782 10050
   783 10015
   784 10015
   785 10015
   786 10015
   787 10007
   788 10007
   789 10007
   790 10007
   791 10007
   792 10007
   793 10007
   794 10007
   795 10007
   796 10007
   797 10007
   798 10007
   799 10007
   800 10007
   801 10007
   802 10007
   803 10007
   804 10007
   805 10007
   806 10007
   807 10007
   808 10007
   809 10007
   810 10007
   811 10007
   812 10007
   813 10007
   814 10007
   815 10007
   816 10007
   817 10007
   818 10007
   819 10007
   820 10007
   821 10007
   822 10007
   823 10007
   824 10007
   825 10007
   826 10007
   827 10007
   828 10007
   829 10007
   830 10007
   831 10007
   832 10007
   833 10007
   834 10007
   835 10007
   836 10007
   837 10007
   838 10007
   839 10007
   840 10007
   841 10007
   842 10007
   843 10007
   844 10007
   845 10007
   846 10007
   847 10007
   848 10007
   849 10007
   850 10007
   851 10007
   852 10007
   853 10007
   854 10007
   855 10007
   856 10007
   857 10007
   858 10007
   859 10007
   860 10007
   861 10007
   862 10007
   863 10007
   864 10007
   865 10007
   866 10007
   867 10007
   868 10007
   869 10007
   870 10007
   871 10007
   872 10007
   873 10007
   874 10007
   875 10007
   876 10007
   877 10007
   878 10007
   879 10007
   880 10007
   881 10007
   882 10007
   883 10007
   884 10007
   885 10007
   886 10007
   887 10007
   888 10007
   889 10007
   890 10007
   891 10007
   892 10007
   893 10007
   894 10007
   895 10007
   896 10007
   897 10007
   898 10007
   899 10007
   900 10007
   901 10007
   902 10007
   903 10007
   904 10007
   905 10007
   906 10007
   907 10007
   908 10007
   909 10007
   910 10007
   911 10007
   912 10007
   913 10007
   914 10007
   915 10007
   916 10007
   917 10007
   918 10007
   919 10007
   920 10007
   921 10007
   922 10007
   923 10007
   924 10007
   925 10007
   926 10007
   927 10007
   928 10007
   929 10007
   930 10007
   931 10007
   932 10007
   933 10007
   934 10007
   935 10007
   936 10007
   937 10007
   938 10007
   939 10007
   940 10007
   941 10007
   942 10007
   943 10007
   944 10007
   945 10007
   946 10007
   947 10007
   948 10007
   949 10007
   950 10007
   951 10007
   952 10007
   953 10007
   954 10007
   955 10007
   956 10007
   957 10007
   958 10007
   959 10007
   960 10007
   961 10007
   962 10007
   963 10007
   964 10007
   965 10007
   966 10007
   967 10007
   968 10007
   969 10007
   970 10007
   971 10007
   972 10007
   973 10007
   974 10007
   975 10007
   976 10007
   977 10007
   978 10007
   979 10007
   980 10007
   981 10007
   982 10007
   983 10007
   984 10007
   985 10007
   986 10007
   987 10007
   988 10007
   989 10007
   990 10007
   991 10007
   992 10007
   993 10007
   994 10007
   995 10007
   996 10007
   997 10007
   998 10007
   999 10007
  1000 10007
  1001 10007
  1002 10007
  1003 10007
  1004 10007
  1005 10007
  1006 10007
  1007 10007
  1008 10007
  1009 10007
  1010 10007
  1011 10007
  1012 10007
  1013 10007
  1014 10007
  1015 10007
  1016 10007
  1017 10007
  1018 10007
  1019 10007
  1020 10007
  1023 10029
  1024 10166
  1025 10014
  1026 10014
  1027 10014
  1028 10074
  1029 10074
  1030 10074
  1031 10074
  1032 10074
  1033 10074
  1034 10074
  1035 10074
  1036 10074
  1037 10074
  1038 10074
  1039 10074
  1040 10074
  1041 10074
  1042 10074
  1043 10074
  1044 10074
  1045 10074
  1046 10074
  1047 10074
  1048 10074
  1049 10074
  1050 10074
  1051 10074
  1052 10074
  1053 10074
  1054 10074
  1055 10074
  1056 10074
  1057 10074
  1058 10074
  1059 10074
  1060 10074
  1061 10074
  1074 10074
  1075 10074
  1076 10074
  1077 10074
  1078 10074
  1079 10074
  1080 10074
  1081 10074
  1085 10074
  1086 10074
  1087 10074
  1088 10074
  1089 10074
  1090 10074
  1091 10074
  1092 10074
  1093 10074
  1094 10074
  1095 10074
  1096 10074
  1097 10074
  1098 10074
  1099 10074
  1100 10074
  1101 10074
  1102 10074
  1103 10074
  1104 10074
  1105 10074
  1106 10074
  1107 10074
  1108 10074
  1109 10074
  1110 10074
  1111 10074
  1112 10074
  1113 10074
  1114 10074
  1115 10074
  1116 10074
  1117 10074
  1118 10074
  1119 10074
  1120 10074
  1121 10074
  1122 10074
  1123 10074
  1124 10074
  1125 10074
  1126 10074
  1127 10074
  1128 10074
  1129 10074
  1130 10074
  1131 10074
  1132 10074
  1133 10074
  1134 10074
  1135 10074
  1136 10074
  1137 10074
  1138 10074
  1139 10074
  1140 10074
  1141 10074
  1142 10074
  1143 10074
  1144 10074
  1145 10074
  1146 10074
  1147 10074
  1148 10074
  1149 10074
  1150 10074
  1151 10074
  1152 10074
  1153 10074
  1154 10074
  1155 10074
  1156 10074
  1157 10074
  1158 10074
  1159 10074
  1160 10074
  1161 10074
  1162 10074
  1163 10074
  1164 10074
  1165 10074
  1166 10074
  1167 10074
  1168 10074
  1169 10074
  1170 10074
  1171 10074
  1172 10074
  1173 10074
  1174 10074
  1175 10074
  1176 10074
  1177 10074
  1178 10074
  1179 10074
  1180 10074
  1181 10074
  1182 10074
  1183 10074
  1184 10074
  1185 10074
  1186 10074
  1187 10074
  1188 10074
  1189 10074
  1190 10074
  1191 10074
  1192 10074
  1193 10074
  1194 10074
  1195 10074
  1196 10074
  1197 10074
  1198 10074
  1199 10074
  1200 10074
  1201 10074
  1202 10074
  1203 10074
  1204 10074
  1205 10074
  1206 10074
  1207 10074
  1208 10074
  1209 10074
  1210 10074
  1211 10074
  1212 10074
  1213 10074
  1214 10074
  1215 10074
  1216 10074
  1217 10074
  1218 10074
  1219 10074
  1220 10074
  1221 10074
  1222 10074
  1223 10074
  1224 10074
  1225 10074
  1226 10074
  1227 10074
  1228 10074
  1229 10074
  1230 10074
  1231 10074
  1232 10074
  1233 10074
  1234 10074
  1235 10074
  1236 10074
  1237 10074
  1238 10074
  1239 10074
  1240 10074
  1241 10074
  1242 10074
  1243 10074
  1244 10074
  1245 10074
  1246 10074
  1247 10074
  1248 10074
  1249 10074
  1250 10074
  1251 10074
  1252 10074
  1253 10074
  1254 10074
  1255 10074
  1256 10074
  1257 10074
  1258 10074
  1259 10074
  1260 10074
  1261 10074
  1262 10154
  1263 10154
  1264 10154
  1265 10154
  1266 10096
  1267 10096
  1268 10096
  1269 10096
  1270 10136
  1271 10096
  1272 10096
  1273 10096
  1274 10096
  1275 10096
  1276 10096
  1277 10096
  1278 10096
  1279 10096
  1280 10096
  1281 10096
  1282 10096
  1283 10096
  1284 10096
  1285 10096
  1286 10096
  1287 10096
  1288 10096
  1289 10096
  1290 10096
  1291 10096
  1292 10096
  1293 10096
  1294 10096
  1295 10096
  1296 10096
  1297 10096
  1298 10096
  1299 10096
  1300 10096
  1301 10096
  1302 10096
  1303 10096
  1304 10096
  1305 10096
  1306 10096
  1307 10096
  1308 10096
  1309 10096
  1310 10096
  1311 10096
  1312 10096
  1313 10096
  1314 10096
  1315 10096
  1316 10096
  1317 10096
  1318 10096
  1319 10096
  1320 10096
  1321 10096
  1322 10096
  1323 10096
  1324 10096
  1325 10096
  1326 10096
  1327 10096
  1328 10096
  1329 10096
  1330 10096
  1331 10096
  1332 10096
  1333 10096
  1334 10096
  1335 10096
  1336 10096
  1337 10096
  1338 10096
  1339 10096
  1340 10096
  1341 10096
  1342 10096
  1343 10096
  1344 10096
  1345 10096
  1346 10096
  1347 10096
  1348 10096
  1349 10096
  1350 10096
  1351 10096
  1352 10096
  1353 10096
  1354 10096
  1355 10096
  1356 10096
  1357 10096
  1358 10096
  1359 10096
  1360 10096
  1361 10096
  1362 10096
  1363 10096
  1364 10096
  1365 10096
  1366 10096
  1367 10096
  1368 10096
  1369 10096
  1370 10096
  1371 10096
  1372 10096
  1373 10096
  1374 10096
  1375 10096
  1376 10096
  1377 10096
  1378 10096
  1379 10096
  1380 10096
  1381 10096
  1382 10096
  1383 10096
  1384 10096
  1385 10096
  1386 10096
  1387 10096
  1388 10096
  1389 10096
  1390 10096
  1391 10096
  1392 10096
  1393 10096
  1394 10096
  1395 10096
  1396 10096
  1397 10096
  1398 10096
  1399 10096
  1400 10096
  1401 10096
  1402 10096
  1403 10096
  1404 10096
  1405 10096
  1406 10096
  1407 10096
  1408 10096
  1409 10096
  1410 10096
  1411 10096
  1412 10096
  1413 10096
  1414 10096
  1415 10096
  1416 10096
  1417 10096
  1418 10096
  1419 10096
  1420 10096
  1421 10096
  1422 10096
  1423 10096
  1424 10096
  1425 10096
  1426 10096
  1427 10096
  1428 10096
  1429 10096
  1430 10096
  1431 10096
  1432 10096
  1433 10096
  1434 10096
  1435 10096
  1436 10096
  1437 10096
  1438 10096
  1439 10096
  1440 10096
  1441 10096
  1442 10096
  1443 10096
  1444 10096
  1445 10096
  1446 10096
  1447 10096
  1448 10096
  1449 10096
  1450 10096
  1451 10096
  1452 10096
  1453 10096
  1454 10096
  1455 10096
  1456 10096
  1457 10096
  1458 10096
  1459 10096
  1460 10096
  1461 10096
  1462 10096
  1463 10096
  1464 10096
  1465 10096
  1466 10096
  1467 10096
  1468 10096
  1469 10096
  1470 10096
  1471 10096
  1472 10096
  1473 10096
  1474 10096
  1475 10096
  1476 10096
  1477 10096
  1478 10096
  1479 10096
  1480 10096
  1481 10096
  1482 10096
  1483 10096
  1484 10096
  1485 10096
  1486 10096
  1487 10096
  1488 10096
  1489 10096
  1490 10096
  1491 10096
  1492 10096
  1493 10096
  1494 10096
  1495 10096
  1496 10096
  1497 10096
  1498 10096
  1499 10096
  1500 10096
  1501 10040
  1502 10040
  1503 10106
  1504 10040
  1505 10106
  1506 10106
  1507 10106
  1508 10106
  1509 10106
  1510 10106
  1511 10106
  1512 10106
  1513 10106
  1514 10106
  1515 10106
  1516 10106
  1517 10106
  1518 10106
  1519 10106
  1520 10106
  1521 10106
  1522 10106
  1523 10106
  1524 10106
  1525 10106
  1526 10106
  1527 10106
  1528 10106
  1529 10106
  1530 10106
  1531 10106
  1532 10106
  1533 10106
  1534 10106
  1535 10106
  1536 10106
  1537 10106
  1538 10106
  1539 10106
  1540 10106
  1541 10106
  1542 10106
  1543 10106
  1544 10106
  1545 10106
  1546 10106
  1547 10106
  1548 10106
  1549 10106
  1550 10106
  1551 10106
  1552 10106
  1553 10106
  1554 10106
  1555 10106
  1556 10106
  1557 10106
  1558 10106
  1559 10106
  1560 10106
  1561 10106
  1562 10106
  1563 10106
  1564 10106
  1565 10106
  1566 10040
  1567 10106
  1568 10040
  1569 10040
  1570 10106
  1571 10106
  1572 10106
  1573 10106
  1574 10106
  1575 10106
  1576 10106
  1577 10106
  1578 10106
  1579 10106
  1580 10106
  1581 10040
  1582 10106
  1583 10040
  1584 10106
  1585 10106
  1586 10106
  1587 10106
  1588 10106
  1589 10106
  1590 10106
  1591 10106
  1592 10106
  1593 10106
  1594 10106
  1595 10040
  1596 10040
  1597 10040
  1598 10106
  1599 10040
  1600 10040
  1601 10040
  1602 10040
  1603 10040
  1604 10106
  1605 10106
  1606 10106
  1607 10106
  1608 10106
  1609 10106
  1610 10040
  1611 10106
  1612 10040
  1613 10040
  1614 10040
  1615 10106
  1616 10106
  1617 10106
  1618 10106
  1619 10106
  1620 10106
  1621 10065
  1622 10128
  1623 10128
  1624 10128
  1625 10128
  1626 10128
  1627 10128
  1628 10128
  1629 10128
  1630 10128
  1631 10128
  1632 10128
  1633 10128
  1634 10128
  1635 10128
  1636 10128
  1637 10128
  1638 10128
  1639 10128
  1640 10128
  1641 10128
  1642 10128
  1643 10128
  1644 10128
  1645 10128
  1646 10128
  1647 10128
  1648 10128
  1649 10128
  1650 10128
  1651 10128
  1652 10128
  1653 10128
  1654 10128
  1655 10128
  1656 10128
  1657 10128
  1658 10128
  1659 10128
  1660 10128
  1661 10128
  1662 10128
  1663 10128
  1664 10128
  1665 10128
  1666 10128
  1667 10128
  1668 10128
  1669 10128
  1670 10128
  1671 10128
  1672 10128
  1673 10128
  1674 10128
  1675 10128
  1676 10128
  1677 10128
  1678 10128
  1679 10128
  1680 10128
  1681 10128
  1682 10128
  1683 10128
  1684 10128
  1685 10128
  1686 10128
  1687 10128
  1688 10128
  1689 10128
  1690 10128
  1691 10128
  1692 10128
  1693 10128
  1694 10128
  1695 10128
  1696 10128
  1697 10128
  1698 10128
  1699 10128
  1700 10128
  1701 10128
  1702 10128
  1703 10128
  1704 10128
  1705 10128
  1706 10128
  1707 10128
  1708 10128
  1709 10128
  1710 10128
  1711 10128
  1712 10128
  1713 10128
  1714 10128
  1715 10128
  1716 10128
  1717 10128
  1718 10128
  1719 10128
  1720 10128
  1721 10128
  1722 10128
  1723 10128
  1724 10128
  1725 10128
  1726 10128
  1727 10128
  1728 10128
  1729 10128
  1730 10128
  1731 10128
  1732 10128
  1733 10128
  1734 10128
  1735 10128
  1736 10128
  1737 10128
  1738 10128
  1739 10128
  1740 10128
  1741 10128
  1742 10128
  1743 10128
  1744 10128
  1745 10128
  1746 10128
  1747 10128
  1748 10128
  1749 10128
  1750 10128
  1751 10128
  1752 10128
  1753 10128
  1754 10128
  1755 10128
  1756 10128
  1757 10128
  1758 10128
  1759 10128
  1760 10128
  1761 10128
  1762 10128
  1763 10128
  1764 10128
  1765 10128
  1766 10128
  1767 10128
  1768 10128
  1769 10128
  1770 10128
  1771 10128
  1772 10128
  1773 10128
  1774 10128
  1775 10128
  1776 10128
  1777 10128
  1778 10128
  1779 10128
  1780 10128
  1781 10128
  1782 10128
  1783 10128
  1784 10128
  1785 10128
  1786 10128
  1787 10128
  1788 10128
  1789 10128
  1790 10128
  1791 10128
  1792 10128
  1793 10128
  1794 10128
  1795 10128
  1796 10128
  1797 10128
  1798 10128
  1799 10128
  1800 10128
  1801 10128
  1802 10128
  1803 10128
  1804 10128
  1805 10128
  1806 10128
  1807 10128
  1808 10128
  1809 10128
  1810 10128
  1811 10128
  1812 10128
  1813 10128
  1814 10128
  1815 10128
  1816 10128
  1817 10128
  1818 10128
  1819 10128
  1820 10128
  1821 10128
  1822 10128
  1823 10128
  1824 10128
  1825 10128
  1826 10128
  1827 10128
  1828 10128
  1829 10128
  1830 10128
  1831 10128
  1832 10128
  1833 10128
  1834 10128
  1835 10128
  1836 10128
  1837 10128
  1838 10128
  1839 10128
  1840 10128
  1841 10128
  1842 10128
  1843 10128
  1844 10128
  1845 10128
  1846 10128
  1847 10128
  1848 10128
  1849 10128
  1850 10128
  1851 10128
  1852 10128
  1853 10128
  1854 10128
  1855 10128
  1856 10128
  1857 10128
  1858 10128
  1859 10128
  1860 10128
  1861 10128
  1862 10128
  1863 10128
  1864 10128
  1865 10128
  1866 10128
  1867 10128
  1870 10128
  1871 10128
  1872 10128
  1873 10128
  1874 10128
  1875 10128
  1876 10128
  1877 10128
  1878 10128
  1879 10128
  1880 10128
  1881 10128
  1882 10128
  1883 10128
  1884 10128
  1885 10128
  1886 10128
  1887 10128
  1888 10128
  1889 10128
  1890 10128
  1891 10128
  1892 10128
  1893 10128
  1894 10128
  1895 10128
  1896 10128
  1897 10128
  1898 10128
  1899 10128
  1900 10128
  1901 10128
  1902 10128
  1903 10128
  1904 10128
  1905 10128
  1906 10128
  1907 10128
  1908 10128
  1909 10128
  1910 10128
  1911 10128
  1912 10128
  1913 10128
  1914 10128
  1915 10128
  1916 10128
  1917 10128
  1918 10128
  1919 10128
  1920 10128
  1921 10128
  1922 10128
  1923 10128
  1924 10128
  1925 10128
  1926 10128
  1927 10128
  1928 10128
  1929 10128
  1930 10128
  1931 10128
  1932 10128
  1933 10128
  1934 10128
  1935 10128
  1936 10128
  1937 10128
  1938 10128
  1939 10128
  1940 10128
  1941 10128
  1942 10128
  1943 10128
  1944 10128
  1945 10128
  1946 10128
  1947 10128
  1948 10128
  1949 10128
  1950 10128
  1951 10128
  1952 10128
  1953 10128
  1954 10128
  1955 10128
  1956 10128
  1957 10128
  1958 10128
  1959 10128
  1960 10128
  1961 10128
  1962 10128
  1963 10128
  1964 10128
  1965 10128
  1966 10128
  1967 10128
  1968 10128
  1969 10128
  1970 10128
  1971 10128
  1972 10128
  1973 10128
  1974 10128
  1975 10128
  1976 10128
  1977 10128
  1978 10128
  1979 10128
  1980 10128
  1981 10128
  1982 10128
  1983 10128
  1984 10128
  1985 10128
  1986 10128
  1987 10128
  1988 10128
  1989 10128
  1990 10128
  1991 10128
  1992 10128
  1993 10128
  1994 10128
  1995 10128
  1996 10128
  1997 10128
  1998 10128
  1999 10128
  2000 10128
  2001 10128
  2002 10128
  2003 10128
  2004 10128
  2005 10128
  2006 10128
  2007 10128
  2008 10128
  2009 10128
  2010 10128
  2011 10128
  2012 10128
  2013 10128
  2014 10128
  2015 10128
  2016 10128
  2017 10128
  2018 10128
  2019 10128
  2020 10128
  2021 10063
  2022 10063
  2024 10100
  2025 10100
  2026 10100
