   690 10163
   691 10163
   692 10163
   693 10163
   694 10163
   695 10163
   696 10163
   697 10163
   698 10163
   699 10163
   700 10163
   701 10163
   702 10163
   703 10163
   704 10163
   705 10163
   706 10163
   707 10163
   708 10163
   709 10163
   710 10163
   711 10163
   712 10163
   713 10163
   714 10163
   715 10163
   716 10163
   717 10163
   718 10163
   719 10163
   720 10163
   721 10163
   722 10163
   723 10163
   724 10163
   725 10163
   726 10163
   727 10163
   728 10163
   729 10163
   730 10163
   731 10163
   732 10163
   733 10163
   734 10163
   735 10163
   736 10163
   737 10163
   738 10163
   739 10163
   740 10163
   741 10163
   742 10163
   743 10163
   744 10163
   745 10163
   746 10163
   747 10163
   748 10163
   749 10163
   750 10163
   751 10163
   752 10163
   753 10163
   754 10163
   755 10163
   756 10163
   757 10163
   758 10163
   759 10163
   760 10163
   761 10163
   762 10163
   763 10163
   764 10163
   765 10163
   766 10163
   767 10163
   768 10163
   769 10163
   770 10163
   771 10163
   772 10163
   773 10163
   774 10163
   775 10163
   776 10163
   777 10163
   778 10163
   779 10163
   780 10163
   782 10036
   783 10143
   784 10143
   785 10143
   786 10143
   787 10006
   788 10006
   789 10006
   790 10006
   791 10006
   792 10006
   793 10006
   794 10006
   795 10006
   796 10006
   797 10006
   798 10006
   799 10006
   800 10006
   801 10006
   802 10006
   803 10006
   804 10006
   805 10006
   806 10006
   807 10006
   808 10006
   809 10006
   810 10006
   811 10006
   812 10006
   813 10006
   814 10006
   815 10006
   816 10006
   817 10006
   818 10006
   819 10006
   820 10006
   821 10006
   822 10006
   823 10006
   824 10006
   825 10006
   826 10006
   827 10006
   828 10006
   829 10006
   830 10006
   831 10006
   832 10006
   833 10006
   834 10006
   835 10006
   836 10006
   837 10006
   838 10006
   839 10006
   840 10006
   841 10006
   842 10006
   843 10006
   844 10006
   845 10006
   846 10006
   847 10006
   848 10006
   849 10006
   850 10006
   851 10006
   852 10006
   853 10006
   854 10006
   855 10006
   856 10006
   857 10006
   858 10006
   859 10006
   860 10006
   861 10006
   862 10006
   863 10006
   864 10006
   865 10006
   866 10006
   867 10006
   868 10006
   869 10006
   870 10006
   871 10006
   872 10006
   873 10006
   874 10006
   875 10006
   876 10006
   877 10006
   878 10006
   879 10006
   880 10006
   881 10006
   882 10006
   883 10006
   884 10006
   885 10006
   886 10006
   887 10006
   888 10006
   889 10006
   890 10006
   891 10006
   892 10006
   893 10006
   894 10006
   895 10006
   896 10006
   897 10006
   898 10006
   899 10006
   900 10006
   901 10006
   902 10006
   903 10006
   904 10006
   905 10006
   906 10006
   907 10006
   908 10006
   909 10006
   910 10006
   911 10006
   912 10006
   913 10006
   914 10006
   915 10006
   916 10006
   917 10006
   918 10006
   919 10006
   920 10006
   921 10006
   922 10006
   923 10006
   924 10006
   925 10006
   926 10006
   927 10006
   928 10006
   929 10006
   930 10006
   931 10006
   932 10006
   933 10006
   934 10006
   935 10006
   936 10006
   937 10006
   938 10006
   939 10006
   940 10006
   941 10006
   942 10006
   943 10006
   944 10006
   945 10006
   946 10006
   947 10006
   948 10006
   949 10006
   950 10006
   951 10006
   952 10006
   953 10006
   954 10006
   955 10006
   956 10006
   957 10006
   958 10006
   959 10006
   960 10006
   961 10006
   962 10006
   963 10006
   964 10006
   965 10006
   966 10006
   967 10006
   968 10006
   969 10006
   970 10006
   971 10006
   972 10006
   973 10006
   974 10006
   975 10006
   976 10006
   977 10006
   978 10006
   979 10006
   980 10006
   981 10006
   982 10006
   983 10006
   984 10006
   985 10006
   986 10006
   987 10006
   988 10006
   989 10006
   990 10006
   991 10006
   992 10006
   993 10006
   994 10006
   995 10006
   996 10006
   997 10006
   998 10006
   999 10006
  1000 10006
  1001 10006
  1002 10006
  1003 10006
  1004 10006
  1005 10006
  1006 10006
  1007 10006
  1008 10006
  1009 10006
  1010 10006
  1011 10006
  1012 10006
  1013 10006
  1014 10006
  1015 10006
  1016 10006
  1017 10006
  1018 10006
  1019 10006
  1020 10006
  1021 10143
  1022 10143
  1023 10153
  1024 10153
  1025 10153
  1026 10049
  1027 10049
  1028 10049
  1029 10049
  1030 10049
  1031 10049
  1032 10049
  1033 10049
  1034 10049
  1035 10049
  1036 10049
  1037 10049
  1038 10049
  1039 10049
  1040 10049
  1041 10049
  1042 10049
  1043 10049
  1044 10049
  1045 10049
  1046 10049
  1047 10049
  1048 10049
  1049 10049
  1050 10049
  1051 10049
  1052 10049
  1053 10049
  1054 10049
  1055 10049
  1056 10049
  1057 10049
  1058 10049
  1059 10049
  1060 10049
  1061 10049
  1062 10049
  1063 10049
  1064 10049
  1065 10049
  1066 10049
  1067 10049
  1068 10049
  1069 10049
  1070 10049
  1071 10049
  1072 10049
  1073 10049
  1074 10049
  1075 10049
  1076 10049
  1077 10049
  1078 10049
  1079 10049
  1080 10049
  1081 10111
  1082 10111
  1083 10111
  1084 10111
  1085 10111
  1086 10111
  1088 10016
  1090 10049
  1091 10049
  1092 10049
  1093 10049
  1094 10049
  1095 10049
  1096 10049
  1097 10049
  1098 10049
  1099 10049
  1100 10049
  1101 10049
  1102 10049
  1103 10049
  1104 10049
  1105 10049
  1106 10049
  1107 10049
  1108 10049
  1109 10049
  1110 10049
  1111 10049
  1112 10049
  1113 10049
  1114 10049
  1115 10049
  1116 10049
  1117 10049
  1118 10049
  1119 10049
  1120 10049
  1121 10049
  1122 10049
  1123 10049
  1124 10049
  1125 10049
  1126 10049
  1127 10049
  1128 10049
  1129 10049
  1130 10049
  1131 10049
  1132 10049
  1133 10049
  1134 10049
  1135 10049
  1136 10049
  1137 10049
  1138 10049
  1139 10049
  1140 10049
  1141 10049
  1142 10049
  1143 10049
  1144 10049
  1145 10049
  1146 10049
  1147 10049
  1148 10049
  1149 10049
  1150 10049
  1151 10049
  1152 10049
  1153 10049
  1154 10049
  1155 10049
  1156 10111
  1157 10111
  1158 10111
  1159 10036
  1160 10036
  1161 10036
  1162 10036
  1163 10016
  1164 10049
  1165 10049
  1166 10049
  1167 10049
  1168 10049
  1169 10049
  1170 10049
  1171 10049
  1172 10049
  1173 10049
  1174 10049
  1175 10049
  1176 10049
  1177 10049
  1178 10049
  1179 10049
  1180 10049
  1181 10049
  1182 10049
  1183 10049
  1184 10049
  1185 10049
  1186 10049
  1187 10049
  1188 10049
  1189 10049
  1190 10049
  1191 10049
  1192 10049
  1193 10049
  1194 10049
  1195 10049
  1196 10049
  1197 10049
  1198 10049
  1199 10049
  1200 10049
  1201 10049
  1202 10049
  1203 10049
  1204 10049
  1205 10049
  1206 10049
  1207 10049
  1208 10049
  1209 10049
  1210 10049
  1211 10049
  1212 10049
  1213 10049
  1214 10049
  1215 10049
  1216 10049
  1217 10049
  1218 10049
  1219 10049
  1220 10036
  1221 10111
  1222 10111
  1223 10111
  1224 10111
  1225 10085
  1226 10085
  1227 10085
  1228 10085
  1229 10085
  1230 10085
  1231 10085
  1232 10049
  1233 10049
  1234 10049
  1235 10049
  1236 10049
  1237 10049
  1238 10049
  1239 10049
  1240 10049
  1241 10049
  1242 10049
  1243 10049
  1244 10049
  1245 10049
  1246 10049
  1247 10049
  1248 10049
  1249 10049
  1250 10049
  1251 10049
  1252 10049
  1253 10049
  1254 10049
  1255 10049
  1256 10049
  1257 10016
  1258 10016
  1259 10029
  1260 10029
  1261 10029
  1271 10108
  1272 10108
  1273 10108
  1274 10108
  1275 10108
  1276 10108
  1277 10108
  1278 10108
  1279 10108
  1280 10108
  1281 10108
  1282 10108
  1283 10108
  1284 10108
  1285 10108
  1286 10108
  1287 10108
  1288 10108
  1289 10108
  1290 10108
  1291 10108
  1292 10108
  1293 10108
  1294 10108
  1295 10108
  1296 10108
  1297 10108
  1298 10108
  1299 10108
  1300 10108
  1301 10108
  1302 10108
  1303 10108
  1304 10108
  1305 10108
  1306 10108
  1307 10108
  1308 10108
  1309 10108
  1310 10108
  1311 10108
  1312 10108
  1313 10108
  1314 10108
  1315 10108
  1316 10108
  1317 10108
  1318 10108
  1319 10108
  1320 10108
  1321 10108
  1322 10108
  1323 10108
  1324 10108
  1325 10108
  1326 10108
  1327 10108
  1328 10108
  1329 10108
  1330 10108
  1331 10108
  1332 10108
  1333 10108
  1334 10108
  1335 10108
  1336 10108
  1337 10108
  1338 10108
  1339 10108
  1340 10108
  1341 10108
  1342 10108
  1343 10108
  1344 10108
  1345 10108
  1346 10108
  1347 10108
  1348 10108
  1349 10108
  1350 10108
  1351 10108
  1352 10108
  1353 10108
  1354 10108
  1355 10108
  1356 10108
  1357 10108
  1358 10108
  1359 10108
  1360 10108
  1361 10108
  1362 10108
  1363 10108
  1364 10108
  1365 10108
  1366 10108
  1367 10108
  1368 10108
  1369 10108
  1370 10108
  1371 10108
  1372 10108
  1373 10108
  1374 10108
  1375 10108
  1376 10108
  1377 10108
  1378 10108
  1379 10108
  1380 10108
  1381 10108
  1382 10108
  1383 10108
  1384 10108
  1385 10108
  1386 10108
  1387 10108
  1388 10108
  1389 10108
  1390 10108
  1391 10108
  1392 10108
  1393 10108
  1394 10108
  1395 10108
  1396 10108
  1397 10108
  1398 10108
  1399 10108
  1400 10108
  1401 10108
  1402 10108
  1403 10108
  1404 10108
  1405 10108
  1406 10108
  1407 10108
  1408 10108
  1409 10108
  1410 10108
  1411 10108
  1412 10108
  1413 10108
  1414 10108
  1415 10108
  1416 10108
  1417 10108
  1418 10108
  1419 10108
  1420 10108
  1421 10108
  1422 10108
  1423 10108
  1424 10108
  1425 10108
  1426 10108
  1427 10108
  1428 10108
  1429 10108
  1430 10108
  1431 10108
  1432 10108
  1433 10108
  1434 10108
  1435 10108
  1436 10108
  1437 10108
  1438 10108
  1439 10108
  1440 10108
  1441 10108
  1442 10108
  1443 10108
  1444 10108
  1445 10108
  1446 10108
  1447 10108
  1448 10108
  1449 10108
  1450 10108
  1451 10108
  1452 10108
  1453 10108
  1454 10108
  1455 10108
  1456 10108
  1457 10108
  1458 10108
  1459 10108
  1460 10108
  1461 10108
  1462 10108
  1463 10108
  1464 10108
  1465 10108
  1466 10108
  1467 10108
  1468 10108
  1469 10108
  1470 10108
  1471 10108
  1472 10108
  1473 10108
  1474 10108
  1475 10108
  1476 10108
  1477 10108
  1478 10108
  1479 10108
  1480 10108
  1481 10108
  1482 10108
  1483 10108
  1484 10108
  1485 10108
  1486 10108
  1487 10108
  1488 10108
  1489 10108
  1490 10108
  1491 10108
  1492 10108
  1493 10108
  1494 10108
  1495 10108
  1496 10108
  1497 10108
  1498 10108
  1499 10108
  1500 10108
  1501 10108
  1502 10108
  1503 10108
  1504 10108
  1505 10108
  1506 10108
  1511 10023
  1512 10023
  1513 10023
  1515 10055
  1516 10018
  1517 10018
  1518 10018
  1519 10158
  1520 10140
  1521 10140
  1522 10140
  1523 10140
  1524 10140
  1525 10098
  1526 10018
  1527 10018
  1528 10018
  1529 10055
  1530 10055
  1531 10140
  1532 10140
  1533 10140
  1534 10140
  1535 10018
  1536 10018
  1537 10018
  1538 10173
  1539 10055
  1540 10173
  1541 10173
  1542 10018
  1543 10158
  1544 10158
  1547 10097
  1552 10052
  1553 10052
  1554 10171
  1555 10171
  1556 10171
  1557 10171
  1558 10171
  1559 10171
  1560 10171
  1561 10052
  1562 10052
  1563 10052
  1564 10171
  1565 10171
  1566 10171
  1567 10171
  1568 10171
  1569 10171
  1570 10171
  1571 10171
  1572 10171
  1573 10171
  1574 10171
  1575 10171
  1576 10171
  1577 10171
  1578 10171
  1579 10171
  1580 10171
  1581 10171
  1582 10171
  1583 10171
  1584 10171
  1585 10052
  1586 10171
  1587 10171
  1588 10171
  1589 10171
  1590 10171
  1591 10171
  1592 10171
  1593 10171
  1594 10171
  1595 10171
  1596 10052
  1597 10052
  1598 10052
  1599 10171
  1600 10171
  1601 10171
  1602 10171
  1603 10052
  1604 10052
  1605 10052
  1606 10052
  1607 10052
  1608 10052
  1609 10052
  1610 10052
  1611 10052
  1612 10052
  1613 10052
  1614 10052
  1615 10052
  1620 10061
  1621 10101
  1622 10061
  1623 10061
  1628 10041
  1629 10041
  1866 10146
  1867 10131
  1868 10131
  1869 10131
  1870 10131
  1871 10131
  1872 10131
  1873 10131
  1874 10131
  1875 10131
  1876 10131
  1877 10131
  1878 10131
  1879 10131
  1880 10131
  1881 10131
  1882 10131
  1883 10131
  1884 10131
  1885 10131
  1886 10131
  1887 10131
  1888 10131
  1889 10131
  1890 10131
  1891 10131
  1892 10131
  1893 10131
  1894 10131
  1895 10131
  1896 10131
  1897 10131
  1898 10131
  1899 10131
  1900 10131
  1901 10131
  1902 10131
  1903 10131
  1904 10131
  1905 10131
  1906 10131
  1907 10131
  1908 10131
  1909 10131
  1910 10131
  1911 10131
  1912 10131
  1913 10131
  1914 10131
  1915 10131
  1916 10131
  1917 10131
  1918 10131
  1919 10131
  1920 10131
  1921 10131
  1922 10131
  1923 10131
  1924 10131
  1925 10131
  1926 10131
  1927 10131
  1928 10131
  1929 10131
  1930 10131
  1931 10131
  1932 10131
  1933 10131
  1934 10131
  1935 10131
  1936 10131
  1937 10131
  1938 10131
  1939 10131
  1940 10131
  1941 10131
  1942 10131
  1943 10131
  1944 10131
  1945 10131
  1946 10131
  1947 10131
  1948 10131
  1949 10131
  1950 10131
  1951 10131
  1952 10131
  1953 10131
  1954 10131
  1955 10131
  1956 10131
  1957 10131
  1958 10131
  1959 10131
  1960 10131
  1961 10131
  1962 10131
  1963 10131
  1964 10131
  1965 10131
  1966 10131
  1967 10131
  1968 10131
  1969 10131
  1970 10131
  1971 10131
  1972 10131
  1973 10131
  1974 10131
  1975 10131
  1976 10131
  1977 10131
  1978 10131
  1979 10131
  1980 10131
  1981 10131
  1982 10131
  1983 10131
  1984 10131
  1985 10131
  1986 10131
  1987 10131
  1988 10131
  1989 10131
  1990 10131
  1991 10131
  1992 10131
  1993 10131
  1994 10131
  1995 10131
  1996 10131
  1997 10131
  1998 10131
  1999 10131
  2000 10131
  2001 10131
  2002 10131
  2003 10131
  2004 10131
  2005 10131
  2006 10131
  2007 10131
  2008 10131
  2009 10131
  2010 10131
  2011 10131
  2012 10131
  2013 10131
  2014 10131
  2015 10131
  2016 10131
  2017 10131
  2018 10131
  2019 10131
  2020 10131
  2021 10131
  2022 10131
  2023 10131
  2024 10131
  2025 10131
  2030 10016
  2031 10130
  2032 10130
  2033 10130
  2034 10130
