   682 10017
   683 10017
   684 10017
   685 10017
   686 10017
   687 10017
   688 10017
   689 10017
   690 10017
   691 10017
   692 10017
   693 10017
   694 10017
   695 10017
   696 10017
   697 10017
   698 10017
   699 10017
   700 10017
   701 10017
   702 10017
   703 10017
   704 10017
   705 10017
   706 10017
   707 10017
   708 10017
   709 10017
   710 10017
   711 10017
   712 10017
   713 10017
   714 10017
   715 10017
   716 10017
   717 10017
   718 10017
   719 10017
   720 10017
   721 10017
   722 10017
   723 10017
   724 10017
   725 10017
   726 10017
   727 10017
   728 10017
   729 10017
   730 10017
   731 10017
   732 10017
   733 10017
   734 10017
   735 10017
   736 10017
   737 10017
   738 10017
   739 10017
   740 10017
   741 10017
   742 10017
   743 10017
   744 10017
   745 10017
   746 10017
   747 10017
   748 10017
   749 10017
   750 10017
   751 10017
   752 10017
   753 10017
   754 10017
   755 10017
   756 10017
   757 10017
   758 10017
   759 10017
   760 10017
   761 10017
   762 10017
   763 10017
   764 10017
   765 10017
   766 10017
   767 10017
   768 10017
   769 10017
   770 10017
   771 10017
   772 10017
   773 10017
   774 10017
   775 10017
   776 10017
   777 10017
   778 10017
   779 10017
   780 10017
   784 10101
   785 10164
   786 10128
   787 10128
   789 10141
   790 10141
   791 10141
   792 10141
   793 10141
   794 10141
   795 10031
   796 10031
   797 10031
   798 10031
   799 10031
   800 10031
   801 10031
   802 10031
   803 10031
   804 10031
   805 10031
   806 10031
   807 10031
   808 10031
   809 10031
   810 10031
   811 10031
   812 10031
   813 10031
   814 10031
   815 10031
   816 10031
   817 10031
   818 10031
   819 10031
   820 10031
   821 10031
   822 10031
   823 10031
   824 10031
   825 10031
   826 10031
   827 10031
   828 10031
   829 10031
   830 10031
   831 10031
   832 10031
   833 10031
   834 10031
   835 10031
   836 10031
   837 10031
   838 10031
   839 10031
   840 10031
   841 10031
   842 10031
   843 10031
   844 10031
   845 10031
   846 10031
   847 10031
   848 10031
   849 10031
   850 10031
   851 10031
   852 10031
   853 10031
   854 10031
   855 10031
   856 10031
   857 10031
   858 10031
   859 10031
   860 10031
   861 10031
   862 10031
   863 10031
   864 10031
   865 10031
   866 10031
   867 10031
   868 10031
   869 10031
   870 10031
   871 10031
   872 10031
   873 10031
   874 10031
   875 10031
   876 10031
   877 10031
   878 10031
   879 10031
   880 10031
   881 10031
   882 10031
   883 10031
   884 10031
   885 10031
   886 10031
   887 10031
   888 10031
   889 10031
   890 10031
   891 10031
   892 10031
   893 10031
   894 10031
   895 10031
   896 10031
   897 10031
   898 10031
   899 10031
   900 10031
   901 10031
   902 10031
   903 10031
   904 10031
   905 10031
   906 10031
   907 10031
   908 10031
   909 10031
   910 10031
   911 10031
   912 10031
   913 10031
   914 10031
   915 10031
   916 10031
   917 10031
   918 10031
   919 10031
   920 10031
   921 10031
   922 10031
   923 10031
   924 10031
   925 10031
   926 10031
   927 10031
   928 10031
   929 10031
   930 10031
   931 10031
   932 10031
   933 10031
   934 10031
   935 10031
   936 10031
   937 10031
   938 10031
   939 10031
   940 10031
   941 10031
   942 10031
   943 10031
   944 10031
   945 10031
   946 10031
   947 10031
   948 10031
   949 10031
   950 10031
   951 10031
   952 10031
   953 10031
   954 10031
   955 10031
   956 10031
   957 10031
   958 10031
   959 10031
   960 10031
   961 10031
   962 10031
   963 10031
   964 10031
   965 10031
   966 10031
   967 10031
   968 10031
   969 10031
   970 10031
   971 10031
   972 10031
   973 10031
   974 10031
   975 10031
   976 10031
   977 10031
   978 10031
   979 10031
   980 10031
   981 10031
   982 10031
   983 10031
   984 10031
   985 10031
   986 10031
   987 10031
   988 10031
   989 10031
   990 10031
   991 10031
   992 10031
   993 10031
   994 10031
   995 10031
   996 10031
   997 10031
   998 10031
   999 10031
  1000 10031
  1001 10031
  1002 10031
  1003 10031
  1004 10031
  1005 10031
  1006 10031
  1007 10031
  1008 10031
  1009 10031
  1010 10031
  1011 10031
  1012 10031
  1013 10031
  1014 10031
  1015 10031
  1016 10031
  1017 10031
  1018 10031
  1019 10031
  1020 10031
  1021 10061
  1022 10101
  1023 10101
  1025 10043
  1026 10067
  1027 10041
  1029 10041
  1030 10041
  1031 10041
  1032 10041
  1033 10041
  1034 10041
  1035 10041
  1036 10041
  1037 10041
  1038 10041
  1039 10041
  1040 10041
  1041 10041
  1042 10041
  1043 10041
  1044 10041
  1045 10041
  1046 10041
  1047 10041
  1048 10041
  1049 10041
  1050 10041
  1051 10041
  1052 10041
  1053 10041
  1054 10041
  1055 10041
  1056 10041
  1057 10041
  1058 10041
  1059 10041
  1060 10041
  1061 10041
  1062 10041
  1063 10041
  1064 10041
  1065 10041
  1066 10041
  1067 10041
  1068 10041
  1069 10041
  1070 10041
  1071 10041
  1072 10041
  1073 10041
  1074 10041
  1075 10041
  1076 10041
  1077 10041
  1078 10041
  1079 10041
  1080 10041
  1081 10041
  1082 10041
  1083 10041
  1084 10041
  1085 10041
  1086 10041
  1087 10041
  1088 10041
  1089 10041
  1090 10041
  1091 10041
  1092 10041
  1093 10041
  1094 10041
  1095 10041
  1096 10041
  1097 10041
  1098 10041
  1099 10041
  1100 10041
  1101 10041
  1102 10041
  1103 10041
  1104 10041
  1105 10041
  1106 10041
  1107 10041
  1108 10041
  1109 10041
  1110 10041
  1111 10041
  1112 10041
  1113 10041
  1114 10041
  1115 10041
  1116 10041
  1117 10041
  1118 10041
  1119 10041
  1120 10041
  1121 10041
  1122 10041
  1123 10041
  1124 10041
  1125 10041
  1126 10041
  1127 10041
  1128 10041
  1129 10041
  1130 10041
  1131 10041
  1132 10041
  1133 10041
  1134 10041
  1135 10041
  1136 10041
  1137 10041
  1138 10041
  1139 10041
  1140 10041
  1141 10041
  1142 10041
  1143 10041
  1144 10041
  1145 10041
  1146 10041
  1147 10041
  1148 10041
  1149 10041
  1150 10041
  1151 10041
  1152 10041
  1153 10041
  1154 10041
  1155 10041
  1156 10041
  1157 10041
  1158 10041
  1159 10041
  1160 10041
  1161 10041
  1162 10041
  1163 10041
  1164 10041
  1165 10041
  1166 10041
  1167 10041
  1168 10041
  1169 10041
  1170 10041
  1171 10041
  1172 10041
  1173 10041
  1174 10041
  1175 10041
  1176 10041
  1177 10041
  1178 10041
  1179 10041
  1180 10041
  1181 10041
  1182 10041
  1183 10041
  1184 10041
  1185 10041
  1186 10041
  1187 10041
  1188 10041
  1189 10041
  1190 10041
  1191 10041
  1192 10041
  1193 10041
  1194 10041
  1195 10041
  1196 10041
  1197 10041
  1198 10041
  1199 10041
  1200 10041
  1201 10041
  1202 10041
  1203 10041
  1204 10041
  1205 10041
  1206 10041
  1207 10041
  1208 10041
  1209 10041
  1210 10041
  1211 10041
  1212 10041
  1213 10041
  1214 10041
  1215 10041
  1216 10041
  1217 10041
  1218 10041
  1219 10041
  1220 10041
  1221 10041
  1222 10041
  1223 10041
  1224 10041
  1225 10041
  1226 10041
  1227 10041
  1228 10041
  1229 10041
  1230 10041
  1231 10041
  1232 10041
  1233 10041
  1234 10041
  1235 10041
  1236 10041
  1237 10041
  1238 10041
  1239 10041
  1240 10041
  1241 10041
  1242 10041
  1243 10041
  1244 10041
  1245 10041
  1246 10041
  1247 10041
  1248 10041
  1249 10041
  1250 10041
  1251 10041
  1252 10041
  1253 10041
  1254 10041
  1255 10041
  1256 10041
  1257 10041
  1258 10041
  1259 10041
  1260 10041
  1261 10028
  1263 10028
  1271 10029
  1272 10081
  1273 10081
  1274 10081
  1395 10081
  1396 10081
  1397 10081
  1398 10081
  1399 10081
  1400 10081
  1401 10081
  1402 10081
  1403 10081
  1404 10081
  1405 10081
  1406 10081
  1407 10081
  1408 10081
  1409 10081
  1410 10081
  1411 10081
  1412 10081
  1413 10081
  1414 10081
  1415 10081
  1416 10081
  1417 10081
  1418 10081
  1419 10081
  1420 10081
  1421 10081
  1422 10081
  1423 10081
  1424 10081
  1425 10081
  1426 10081
  1427 10081
  1428 10081
  1429 10081
  1430 10081
  1431 10081
  1432 10081
  1433 10081
  1434 10081
  1435 10081
  1436 10081
  1437 10081
  1438 10081
  1439 10081
  1440 10081
  1441 10081
  1442 10081
  1443 10081
  1444 10081
  1445 10081
  1446 10081
  1447 10081
  1448 10081
  1449 10081
  1450 10081
  1451 10081
  1452 10081
  1453 10081
  1454 10081
  1455 10081
  1456 10081
  1457 10081
  1458 10081
  1459 10081
  1460 10081
  1461 10081
  1462 10081
  1463 10081
  1464 10081
  1465 10081
  1466 10081
  1467 10081
  1468 10081
  1469 10081
  1470 10081
  1471 10081
  1472 10081
  1473 10081
  1474 10081
  1475 10081
  1476 10081
  1477 10081
  1478 10081
  1479 10081
  1480 10081
  1481 10081
  1482 10081
  1483 10081
  1484 10081
  1485 10081
  1486 10081
  1487 10081
  1488 10081
  1489 10081
  1490 10081
  1491 10081
  1492 10081
  1493 10081
  1494 10081
  1495 10081
  1496 10081
  1497 10016
  1498 10016
  1500 10018
  1501 10018
  1502 10018
  1503 10018
  1504 10018
  1505 10018
  1506 10018
  1507 10018
  1508 10018
  1509 10018
  1510 10018
  1511 10158
  1512 10018
  1513 10018
  1514 10018
  1515 10158
  1516 10023
  1517 10158
  1518 10018
  1519 10018
  1520 10018
  1521 10018
  1522 10158
  1523 10158
  1524 10158
  1525 10158
  1526 10158
  1527 10158
  1528 10018
  1529 10158
  1530 10055
  1531 10158
  1532 10158
  1533 10158
  1534 10018
  1535 10055
  1536 10158
  1537 10158
  1538 10158
  1539 10158
  1540 10158
  1541 10018
  1542 10018
  1543 10018
  1544 10140
  1545 10140
  1546 10055
  1547 10055
  1548 10140
  1549 10140
  1550 10140
  1551 10106
  1552 10106
  1553 10106
  1554 10055
  1555 10140
  1558 10016
  1559 10016
  1560 10016
  1561 10016
  1562 10016
  1563 10016
  1564 10016
  1565 10016
  1566 10016
  1567 10016
  1568 10016
  1569 10016
  1570 10016
  1571 10016
  1572 10016
  1573 10016
  1574 10016
  1575 10016
  1576 10016
  1577 10016
  1578 10016
  1579 10016
  1580 10016
  1581 10016
  1582 10016
  1583 10016
  1584 10016
  1585 10016
  1586 10016
  1587 10016
  1588 10016
  1589 10016
  1590 10016
  1591 10016
  1592 10016
  1593 10016
  1594 10016
  1595 10016
  1596 10016
  1597 10016
  1598 10016
  1599 10016
  1600 10016
  1601 10016
  1602 10016
  1603 10016
  1604 10016
  1605 10016
  1606 10016
  1607 10016
  1608 10016
  1609 10016
  1610 10016
  1611 10016
  1612 10016
  1613 10016
  1614 10016
  1615 10016
  1616 10016
  1617 10016
  1618 10016
  1619 10016
  1620 10016
  1621 10016
  1624 10025
  1627 10083
  1628 10083
  1629 10083
  1630 10083
  1631 10083
  1632 10083
  1633 10083
  1634 10083
  1635 10083
  1636 10083
  1637 10083
  1638 10083
  1639 10083
  1640 10083
  1641 10083
  1642 10083
  1643 10083
  1644 10083
  1645 10083
  1646 10083
  1647 10083
  1648 10083
  1649 10083
  1650 10083
  1651 10083
  1652 10083
  1653 10083
  1654 10083
  1655 10083
  1656 10083
  1657 10083
  1658 10083
  1659 10083
  1660 10083
  1661 10083
  1662 10083
  1663 10083
  1664 10083
  1665 10083
  1666 10083
  1667 10083
  1668 10083
  1669 10083
  1670 10083
  1671 10083
  1672 10083
  1673 10083
  1674 10083
  1675 10083
  1676 10083
  1677 10083
  1678 10083
  1679 10083
  1680 10083
  1681 10083
  1682 10083
  1683 10083
  1684 10083
  1685 10083
  1686 10083
  1687 10083
  1688 10083
  1689 10083
  1690 10083
  1691 10083
  1692 10083
  1693 10083
  1694 10083
  1695 10083
  1696 10083
  1697 10083
  1698 10083
  1699 10083
  1700 10083
  1701 10083
  1702 10083
  1703 10083
  1704 10083
  1705 10083
  1706 10083
  1707 10083
  1708 10083
  1709 10083
  1710 10083
  1711 10083
  1712 10083
  1713 10083
  1714 10083
  1715 10083
  1716 10083
  1717 10083
  1718 10083
  1719 10083
  1720 10083
  1721 10083
  1722 10083
  1723 10083
  1724 10083
  1725 10083
  1726 10083
  1727 10083
  1728 10083
  1729 10083
  1730 10083
  1731 10083
  1732 10083
  1733 10083
  1734 10083
  1735 10083
  1736 10083
  1737 10083
  1738 10083
  1739 10083
  1740 10083
  1741 10083
  1742 10083
  1743 10083
  1744 10083
  1745 10083
  1746 10083
  1747 10083
  1748 10083
  1749 10083
  1750 10083
  1751 10083
  1752 10083
  1753 10083
  1754 10083
  1755 10083
  1756 10083
  1757 10083
  1758 10083
  1759 10083
  1760 10083
  1761 10083
  1762 10083
  1763 10083
  1764 10083
  1765 10083
  1766 10083
  1767 10083
  1768 10083
  1769 10083
  1770 10083
  1771 10083
  1772 10083
  1773 10083
  1774 10083
  1775 10083
  1776 10083
  1777 10083
  1778 10083
  1779 10083
  1780 10083
  1781 10083
  1782 10083
  1783 10083
  1784 10083
  1785 10083
  1786 10083
  1787 10083
  1788 10083
  1789 10083
  1790 10083
  1791 10083
  1792 10083
  1793 10083
  1794 10083
  1795 10083
  1796 10083
  1797 10083
  1798 10083
  1799 10083
  1800 10083
  1801 10083
  1802 10083
  1803 10083
  1804 10083
  1805 10083
  1806 10083
  1807 10083
  1808 10083
  1809 10083
  1810 10083
  1811 10083
  1812 10083
  1813 10083
  1814 10083
  1815 10083
  1816 10083
  1817 10083
  1818 10083
  1819 10083
  1820 10083
  1821 10083
  1822 10083
  1823 10083
  1824 10083
  1825 10083
  1826 10083
  1827 10083
  1828 10083
  1829 10083
  1830 10083
  1831 10083
  1832 10083
  1833 10083
  1834 10083
  1835 10083
  1836 10083
  1837 10083
  1838 10083
  1839 10083
  1840 10083
  1841 10083
  1842 10083
  1843 10083
  1844 10083
  1845 10083
  1846 10083
  1847 10083
  1848 10083
  1849 10083
  1850 10083
  1851 10083
  1852 10083
  1853 10083
  1854 10083
  1855 10083
