   690 10082
   691 10082
   692 10082
   693 10082
   694 10082
   695 10082
   696 10082
   697 10082
   698 10082
   699 10082
   700 10082
   701 10082
   702 10082
   703 10082
   704 10082
   705 10082
   706 10082
   707 10082
   708 10082
   709 10082
   710 10082
   711 10082
   712 10082
   713 10082
   714 10082
   715 10082
   716 10082
   717 10082
   718 10082
   719 10082
   720 10082
   721 10082
   722 10082
   723 10082
   724 10082
   725 10082
   726 10082
   727 10082
   728 10082
   729 10082
   730 10082
   731 10082
   732 10082
   733 10082
   734 10082
   735 10082
   736 10082
   737 10082
   738 10082
   739 10082
   740 10082
   741 10082
   742 10082
   743 10082
   744 10082
   745 10082
   746 10082
   747 10082
   748 10082
   749 10082
   750 10082
   751 10082
   752 10082
   753 10082
   754 10082
   755 10082
   756 10082
   757 10082
   758 10082
   759 10082
   760 10082
   761 10082
   762 10082
   763 10082
   764 10082
   765 10082
   766 10082
   767 10082
   768 10082
   769 10082
   770 10082
   771 10082
   772 10082
   773 10082
   774 10082
   775 10082
   776 10082
   777 10082
   778 10082
   779 10082
   780 10082
   781 10049
   782 10049
   783 10041
   784 10049
   785 10049
   786 10082
   787 10082
   788 10082
   789 10151
   795 10082
   796 10082
   797 10082
   798 10082
   799 10082
   800 10082
   801 10082
   802 10082
   803 10082
   804 10082
   805 10082
   806 10082
   807 10082
   808 10082
   809 10082
   810 10082
   811 10082
   812 10082
   813 10082
   814 10082
   815 10082
   816 10082
   817 10082
   818 10082
   819 10082
   820 10082
   821 10082
   822 10082
   823 10082
   824 10082
   825 10082
   826 10082
   827 10082
   828 10082
   829 10082
   830 10082
   831 10082
   832 10082
   833 10082
   834 10082
   835 10082
   836 10082
   837 10082
   838 10082
   839 10082
   840 10082
   841 10082
   842 10082
   843 10082
   844 10082
   845 10082
   846 10082
   847 10082
   848 10082
   849 10082
   850 10082
   851 10082
   852 10082
   853 10082
   854 10082
   855 10082
   856 10082
   857 10082
   858 10082
   859 10082
   860 10082
   861 10082
   862 10082
   863 10082
   864 10082
   865 10082
   866 10082
   867 10082
   868 10082
   869 10082
   870 10082
   871 10082
   872 10082
   873 10082
   874 10082
   875 10082
   876 10082
   877 10082
   878 10082
   879 10082
   880 10082
   881 10082
   882 10082
   883 10082
   884 10082
   885 10082
   886 10082
   887 10082
   888 10082
   889 10082
   890 10082
   891 10082
   892 10082
   893 10082
   894 10082
   895 10082
   896 10082
   897 10082
   898 10082
   899 10082
   900 10082
   901 10082
   902 10082
   903 10082
   904 10082
   905 10082
   906 10082
   907 10082
   908 10082
   909 10082
   910 10082
   911 10082
   912 10082
   913 10082
   914 10082
   915 10082
   916 10082
   917 10082
   918 10082
   919 10082
   920 10082
   921 10082
   922 10082
   923 10082
   924 10082
   925 10082
   926 10082
   927 10082
   928 10082
   929 10082
   930 10082
   931 10082
   932 10082
   933 10082
   934 10082
   935 10082
   936 10082
   937 10082
   938 10082
   939 10082
   940 10082
   941 10082
   942 10082
   943 10082
   944 10082
   945 10082
   946 10082
   947 10082
   948 10082
   949 10082
   950 10082
   951 10082
   952 10082
   953 10082
   954 10082
   955 10082
   956 10082
   957 10082
   958 10082
   959 10082
   960 10082
   961 10082
   962 10082
   963 10082
   964 10082
   965 10082
   966 10082
   967 10082
   968 10082
   969 10082
   970 10082
   971 10082
   972 10082
   973 10082
   974 10082
   975 10082
   976 10082
   977 10082
   978 10082
   979 10082
   980 10082
   981 10082
   982 10082
   983 10082
   984 10082
   985 10082
   986 10082
   987 10082
   988 10082
   989 10082
   990 10082
   991 10082
   992 10082
   993 10082
   994 10082
   995 10082
   996 10082
   997 10082
   998 10082
   999 10082
  1000 10082
  1001 10082
  1002 10082
  1003 10082
  1004 10082
  1005 10082
  1006 10082
  1007 10082
  1008 10082
  1009 10082
  1010 10082
  1011 10082
  1012 10082
  1013 10082
  1014 10082
  1015 10082
  1016 10082
  1017 10082
  1018 10082
  1019 10082
  1020 10082
  1022 10128
  1023 10128
  1024 10128
  1025 10128
  1026 10128
  1027 10007
  1028 10007
  1029 10007
  1030 10007
  1031 10007
  1032 10007
  1033 10007
  1034 10007
  1035 10007
  1036 10007
  1037 10007
  1038 10007
  1039 10007
  1040 10007
  1041 10007
  1042 10007
  1043 10007
  1044 10007
  1045 10007
  1046 10007
  1047 10007
  1048 10007
  1049 10007
  1050 10007
  1051 10007
  1052 10007
  1053 10007
  1054 10007
  1055 10007
  1056 10007
  1057 10007
  1058 10007
  1059 10007
  1060 10007
  1061 10007
  1062 10007
  1063 10007
  1064 10007
  1065 10007
  1066 10007
  1067 10007
  1068 10007
  1069 10007
  1070 10007
  1071 10007
  1072 10007
  1073 10007
  1074 10007
  1075 10007
  1076 10007
  1077 10007
  1078 10007
  1079 10007
  1080 10007
  1081 10007
  1082 10007
  1083 10007
  1084 10007
  1085 10007
  1086 10007
  1087 10007
  1088 10007
  1089 10007
  1090 10007
  1091 10007
  1092 10007
  1093 10007
  1094 10007
  1095 10007
  1096 10007
  1097 10007
  1098 10007
  1099 10007
  1100 10007
  1101 10007
  1102 10007
  1103 10007
  1104 10007
  1105 10007
  1106 10007
  1107 10007
  1108 10007
  1109 10007
  1110 10007
  1111 10007
  1112 10007
  1113 10007
  1114 10007
  1115 10007
  1116 10007
  1117 10007
  1118 10007
  1119 10007
  1120 10007
  1121 10007
  1122 10007
  1123 10007
  1124 10007
  1125 10007
  1126 10007
  1127 10007
  1128 10007
  1129 10007
  1130 10007
  1131 10007
  1132 10007
  1133 10007
  1134 10007
  1135 10007
  1136 10007
  1137 10007
  1138 10007
  1139 10007
  1140 10007
  1141 10007
  1142 10007
  1143 10007
  1144 10007
  1145 10007
  1146 10007
  1147 10007
  1148 10007
  1149 10007
  1150 10007
  1151 10007
  1152 10007
  1153 10007
  1154 10007
  1155 10007
  1156 10007
  1157 10007
  1158 10007
  1159 10007
  1160 10007
  1161 10007
  1162 10007
  1163 10007
  1164 10007
  1165 10007
  1166 10007
  1167 10007
  1168 10007
  1169 10007
  1170 10007
  1171 10007
  1172 10007
  1173 10007
  1174 10007
  1175 10007
  1176 10007
  1177 10007
  1178 10007
  1179 10007
  1180 10007
  1181 10007
  1182 10007
  1183 10007
  1184 10007
  1185 10007
  1186 10007
  1187 10007
  1188 10007
  1189 10007
  1190 10007
  1191 10007
  1192 10007
  1193 10007
  1194 10007
  1195 10007
  1196 10007
  1197 10007
  1198 10007
  1199 10007
  1200 10007
  1201 10007
  1202 10007
  1203 10007
  1204 10007
  1205 10007
  1206 10007
  1207 10007
  1208 10007
  1209 10007
  1210 10007
  1211 10007
  1212 10007
  1213 10007
  1214 10007
  1215 10007
  1216 10007
  1217 10007
  1218 10007
  1219 10007
  1220 10007
  1221 10007
  1222 10007
  1223 10007
  1224 10007
  1225 10007
  1226 10007
  1227 10007
  1228 10007
  1229 10007
  1230 10007
  1231 10007
  1232 10007
  1233 10007
  1234 10007
  1235 10007
  1236 10007
  1237 10007
  1238 10007
  1239 10007
  1240 10007
  1241 10007
  1242 10007
  1243 10007
  1244 10007
  1245 10007
  1246 10007
  1247 10007
  1248 10007
  1249 10007
  1250 10007
  1251 10007
  1252 10007
  1253 10007
  1254 10007
  1255 10007
  1256 10007
  1257 10007
  1258 10007
  1259 10007
  1260 10007
  1261 10007
  1262 10007
  1263 10007
  1264 10007
  1265 10007
  1266 10128
  1267 10128
  1268 10128
  1270 10123
  1271 10047
  1272 10047
  1273 10047
  1274 10047
  1275 10047
  1276 10047
  1277 10047
  1278 10047
  1279 10047
  1280 10047
  1281 10047
  1282 10047
  1283 10047
  1284 10047
  1285 10047
  1286 10047
  1287 10047
  1288 10047
  1289 10047
  1290 10047
  1291 10047
  1292 10047
  1293 10047
  1294 10047
  1295 10047
  1296 10047
  1297 10047
  1298 10047
  1299 10047
  1300 10047
  1301 10047
  1302 10047
  1303 10047
  1304 10047
  1305 10047
  1306 10047
  1307 10047
  1308 10047
  1309 10047
  1310 10047
  1311 10047
  1312 10047
  1313 10047
  1314 10047
  1315 10047
  1316 10047
  1317 10047
  1318 10047
  1319 10047
  1320 10047
  1321 10047
  1322 10047
  1323 10047
  1324 10047
  1325 10047
  1326 10047
  1327 10047
  1328 10047
  1329 10047
  1330 10047
  1331 10047
  1332 10047
  1333 10047
  1334 10047
  1335 10047
  1336 10047
  1337 10047
  1338 10047
  1339 10047
  1340 10047
  1341 10047
  1342 10047
  1343 10047
  1344 10047
  1345 10047
  1346 10047
  1347 10047
  1348 10047
  1349 10047
  1350 10047
  1351 10047
  1352 10047
  1353 10047
  1354 10047
  1355 10047
  1356 10047
  1357 10047
  1358 10047
  1359 10047
  1360 10047
  1361 10047
  1362 10047
  1363 10047
  1364 10047
  1365 10047
  1366 10047
  1367 10047
  1368 10047
  1369 10047
  1370 10047
  1371 10047
  1372 10047
  1373 10047
  1374 10047
  1375 10047
  1376 10047
  1377 10047
  1378 10047
  1379 10047
  1380 10047
  1381 10047
  1382 10047
  1383 10047
  1384 10047
  1385 10047
  1386 10047
  1387 10047
  1388 10047
  1389 10047
  1390 10047
  1391 10047
  1392 10047
  1393 10047
  1394 10047
  1395 10047
  1396 10047
  1397 10047
  1398 10047
  1399 10047
  1400 10047
  1401 10047
  1402 10047
  1403 10047
  1404 10047
  1405 10047
  1406 10047
  1407 10047
  1408 10047
  1409 10047
  1410 10047
  1411 10047
  1412 10047
  1413 10047
  1414 10047
  1415 10047
  1416 10047
  1417 10047
  1418 10047
  1419 10047
  1420 10047
  1421 10047
  1422 10047
  1423 10047
  1424 10047
  1425 10047
  1426 10047
  1427 10047
  1428 10047
  1429 10047
  1430 10047
  1431 10047
  1432 10047
  1433 10047
  1434 10047
  1435 10047
  1436 10047
  1437 10047
  1438 10047
  1439 10047
  1440 10047
  1441 10047
  1442 10047
  1443 10047
  1444 10047
  1445 10047
  1446 10047
  1447 10047
  1448 10047
  1449 10047
  1450 10047
  1451 10047
  1452 10047
  1453 10047
  1454 10047
  1455 10047
  1456 10047
  1457 10047
  1458 10047
  1459 10047
  1460 10047
  1461 10047
  1462 10047
  1463 10047
  1464 10047
  1465 10047
  1466 10047
  1467 10047
  1468 10047
  1469 10047
  1470 10047
  1471 10047
  1472 10047
  1473 10047
  1474 10047
  1475 10047
  1476 10047
  1477 10047
  1478 10047
  1479 10047
  1480 10047
  1481 10047
  1482 10047
  1483 10047
  1484 10047
  1485 10047
  1486 10047
  1487 10047
  1488 10047
  1489 10047
  1490 10047
  1491 10047
  1492 10047
  1493 10047
  1494 10047
  1495 10047
  1496 10047
  1497 10047
  1498 10047
  1499 10047
  1500 10047
  1501 10047
  1502 10047
  1503 10047
  1504 10047
  1505 10047
  1506 10047
  1507 10047
  1508 10047
  1509 10047
  1510 10047
  1511 10047
  1512 10090
  1513 10090
  1516 10101
  1517 10061
  1518 10061
  1519 10061
  1523 10018
  1524 10018
  1525 10018
  1526 10018
  1527 10018
  1528 10018
  1529 10055
  1530 10055
  1531 10140
  1532 10140
  1533 10140
  1534 10140
  1535 10140
  1536 10140
  1537 10158
  1538 10158
  1539 10158
  1540 10158
  1541 10158
  1542 10140
  1543 10158
  1544 10158
  1545 10158
  1546 10158
  1547 10140
  1548 10140
  1549 10140
  1550 10140
  1551 10140
  1552 10140
  1553 10140
  1554 10158
  1555 10158
  1556 10158
  1557 10158
  1558 10140
  1559 10140
  1560 10140
  1561 10140
  1562 10140
  1563 10140
  1564 10140
  1565 10140
  1566 10140
  1567 10140
  1568 10140
  1569 10140
  1570 10140
  1571 10140
  1572 10140
  1573 10140
  1574 10140
  1575 10055
  1576 10018
  1577 10055
  1578 10055
  1579 10055
  1580 10055
  1581 10055
  1584 10016
  1585 10016
  1586 10016
  1587 10016
  1588 10016
  1589 10016
  1590 10016
  1591 10016
  1592 10143
  1593 10143
  1594 10143
  1595 10143
  1596 10016
  1597 10016
  1598 10016
  1599 10016
  1600 10016
  1601 10016
  1602 10016
  1603 10016
  1604 10016
  1605 10016
  1606 10016
  1607 10016
  1608 10016
  1609 10016
  1610 10016
  1611 10016
  1612 10016
  1613 10016
  1614 10016
  1615 10016
  1616 10016
  1617 10016
  1618 10016
  1619 10016
  1620 10143
  1621 10143
  1630 10146
  1631 10146
  1632 10146
  1633 10146
  1634 10146
  1635 10146
  1636 10146
  1637 10146
  1638 10146
  1639 10146
  1640 10146
  1641 10146
  1642 10146
  1643 10146
  1644 10146
  1645 10146
  1646 10146
  1647 10146
  1648 10146
  1649 10146
  1650 10146
  1651 10146
  1652 10146
  1653 10146
  1654 10146
  1655 10146
  1656 10146
  1657 10146
  1658 10146
  1659 10146
  1660 10146
  1661 10146
  1662 10146
  1663 10146
  1664 10146
  1665 10146
  1666 10146
  1667 10146
  1668 10146
  1669 10146
  1670 10146
  1671 10146
  1672 10146
  1673 10146
  1674 10146
  1675 10146
  1676 10146
  1677 10146
  1678 10146
  1679 10146
  1680 10146
  1681 10146
  1682 10146
  1683 10146
  1684 10146
  1685 10146
  1686 10146
  1687 10146
  1688 10146
  1689 10146
  1690 10146
  1691 10146
  1692 10146
  1693 10146
  1694 10146
  1695 10146
  1696 10146
  1697 10146
  1698 10146
  1699 10146
  1700 10146
  1701 10146
  1702 10146
  1703 10146
  1704 10146
  1705 10146
  1706 10146
  1707 10146
  1708 10146
  1709 10146
  1710 10146
  1711 10146
  1712 10146
  1713 10146
  1714 10146
  1715 10146
  1716 10146
  1717 10146
  1718 10146
  1719 10146
  1720 10146
  1721 10146
  1722 10146
  1723 10146
  1724 10146
  1725 10146
  1726 10146
  1727 10146
  1728 10146
  1729 10146
  1730 10146
  1731 10146
  1732 10146
  1733 10146
  1734 10146
  1735 10146
  1736 10146
  1737 10146
  1738 10146
  1739 10146
  1740 10146
  1741 10146
  1742 10146
  1743 10146
  1744 10146
  1745 10146
  1746 10146
  1747 10146
  1748 10146
  1749 10146
  1750 10146
  1751 10146
  1752 10146
  1753 10146
  1754 10146
  1755 10146
  1756 10146
  1757 10146
  1758 10146
  1759 10146
  1760 10146
  1761 10146
  1762 10146
  1763 10146
  1764 10146
  1765 10146
  1766 10146
  1767 10146
  1768 10146
  1769 10146
  1770 10146
  1771 10146
  1772 10146
  1773 10146
  1774 10146
  1775 10146
  1776 10146
  1777 10146
  1778 10146
  1779 10146
  1780 10146
  1781 10146
  1782 10146
  1783 10146
  1784 10146
  1785 10146
  1786 10146
  1787 10146
  1788 10146
  1789 10146
  1790 10146
  1791 10146
  1792 10146
  1793 10146
  1794 10146
  1795 10146
  1796 10146
  1797 10146
  1798 10146
  1799 10146
  1800 10146
  1801 10146
  1802 10146
  1803 10146
  1804 10146
  1805 10146
  1806 10146
  1807 10146
  1808 10146
  1809 10146
  1810 10146
  1811 10146
  1812 10146
  1813 10146
  1814 10146
  1815 10146
  1816 10146
  1817 10146
  1818 10146
  1819 10146
  1820 10146
  1821 10146
  1822 10146
  1823 10146
  1824 10146
  1825 10146
  1826 10146
  1827 10146
  1828 10146
  1829 10146
  1830 10146
  1831 10146
  1832 10146
  1833 10146
  1834 10146
  1835 10146
  1836 10146
  1837 10146
  1838 10146
  1839 10146
  1840 10146
  1841 10146
  1842 10146
  1843 10146
  1844 10146
  1845 10146
  1846 10146
  1847 10146
  1848 10146
  1849 10146
  1850 10146
  1851 10146
  1852 10146
  1853 10146
  1854 10146
  1855 10146
