   690 10034
   691 10034
   692 10034
   693 10034
   694 10034
   695 10034
   696 10034
   697 10034
   698 10034
   699 10034
   700 10034
   701 10034
   702 10034
   703 10034
   704 10034
   705 10034
   706 10034
   707 10034
   708 10034
   709 10034
   710 10034
   711 10034
   712 10034
   713 10034
   714 10034
   715 10034
   716 10034
   717 10034
   718 10034
   719 10034
   720 10034
   721 10034
   722 10034
   723 10034
   724 10034
   725 10034
   726 10034
   727 10034
   728 10034
   729 10034
   730 10034
   731 10034
   732 10034
   733 10034
   734 10034
   735 10034
   736 10034
   737 10034
   738 10034
   739 10034
   740 10034
   741 10034
   742 10034
   743 10034
   744 10034
   745 10034
   746 10034
   747 10034
   748 10034
   749 10034
   750 10034
   751 10034
   752 10034
   753 10034
   754 10034
   755 10034
   756 10034
   757 10034
   758 10034
   759 10034
   760 10034
   761 10034
   762 10034
   763 10034
   764 10034
   765 10034
   766 10034
   767 10034
   768 10034
   769 10034
   770 10034
   771 10034
   772 10034
   773 10034
   774 10034
   775 10034
   776 10034
   777 10034
   778 10034
   779 10034
   780 10034
   781 10101
   782 10101
   783 10101
   784 10101
   785 10101
   786 10141
   787 10141
   789 10007
   790 10007
   791 10007
   792 10007
   793 10007
   794 10007
   795 10007
   796 10007
   797 10007
   798 10007
   799 10007
   800 10007
   801 10007
   802 10007
   803 10007
   804 10007
   805 10007
   806 10007
   807 10007
   808 10007
   809 10007
   810 10007
   811 10007
   812 10007
   813 10007
   814 10007
   815 10007
   816 10007
   817 10007
   818 10007
   819 10007
   820 10007
   821 10007
   822 10007
   823 10007
   824 10007
   825 10007
   826 10007
   827 10007
   828 10007
   829 10007
   830 10007
   831 10007
   832 10007
   833 10007
   834 10007
   835 10007
   836 10007
   837 10007
   838 10007
   839 10007
   840 10007
   841 10007
   842 10007
   843 10007
   844 10007
   845 10007
   846 10007
   847 10007
   848 10007
   849 10007
   850 10007
   851 10007
   852 10007
   853 10007
   854 10007
   855 10007
   856 10007
   857 10007
   858 10007
   859 10007
   860 10007
   861 10007
   862 10007
   863 10007
   864 10007
   865 10007
   866 10007
   867 10007
   868 10007
   869 10007
   870 10007
   871 10007
   872 10007
   873 10007
   874 10007
   875 10007
   876 10007
   877 10007
   878 10007
   879 10007
   880 10007
   881 10007
   882 10007
   883 10007
   884 10007
   885 10007
   886 10007
   887 10007
   888 10007
   889 10007
   890 10007
   891 10007
   892 10007
   893 10007
   894 10007
   895 10007
   896 10007
   897 10007
   898 10007
   899 10007
   900 10007
   901 10007
   902 10007
   903 10007
   904 10007
   905 10007
   906 10007
   907 10007
   908 10007
   909 10007
   910 10007
   911 10007
   912 10007
   913 10007
   914 10007
   915 10007
   916 10007
   917 10007
   918 10007
   919 10007
   920 10007
   921 10007
   922 10007
   923 10007
   924 10007
   925 10007
   926 10007
   927 10007
   928 10007
   929 10007
   930 10007
   931 10007
   932 10007
   933 10007
   934 10007
   935 10007
   936 10007
   937 10007
   938 10007
   939 10007
   940 10007
   941 10007
   942 10007
   943 10007
   944 10007
   945 10007
   946 10007
   947 10007
   948 10007
   949 10007
   950 10007
   951 10007
   952 10007
   953 10007
   954 10007
   955 10007
   956 10007
   957 10007
   958 10007
   959 10007
   960 10007
   961 10007
   962 10007
   963 10007
   964 10007
   965 10007
   966 10007
   967 10007
   968 10007
   969 10007
   970 10007
   971 10007
   972 10007
   973 10007
   974 10007
   975 10007
   976 10007
   977 10007
   978 10007
   979 10007
   980 10007
   981 10007
   982 10007
   983 10007
   984 10007
   985 10007
   986 10007
   987 10007
   988 10007
   989 10007
   990 10007
   991 10007
   992 10007
   993 10007
   994 10007
   995 10007
   996 10007
   997 10007
   998 10007
   999 10007
  1000 10007
  1001 10007
  1002 10007
  1003 10007
  1004 10007
  1005 10007
  1006 10007
  1007 10007
  1008 10007
  1009 10007
  1010 10007
  1011 10007
  1012 10007
  1013 10007
  1014 10007
  1015 10007
  1016 10007
  1017 10007
  1018 10007
  1019 10007
  1020 10007
  1021 10082
  1026 10021
  1028 10021
  1029 10021
  1030 10021
  1031 10021
  1032 10021
  1033 10021
  1034 10021
  1035 10021
  1036 10021
  1037 10021
  1038 10021
  1039 10021
  1040 10021
  1041 10021
  1042 10021
  1043 10021
  1044 10021
  1045 10021
  1046 10021
  1047 10021
  1048 10021
  1049 10021
  1050 10021
  1051 10021
  1052 10021
  1053 10021
  1054 10021
  1055 10021
  1056 10021
  1057 10021
  1058 10021
  1059 10021
  1060 10021
  1061 10021
  1062 10021
  1063 10021
  1064 10021
  1065 10021
  1066 10021
  1067 10021
  1068 10021
  1069 10021
  1070 10021
  1071 10021
  1072 10021
  1073 10021
  1074 10021
  1075 10021
  1076 10021
  1077 10021
  1078 10021
  1079 10021
  1080 10021
  1081 10021
  1082 10021
  1083 10021
  1084 10021
  1085 10021
  1086 10021
  1087 10021
  1088 10021
  1089 10021
  1090 10021
  1091 10021
  1092 10021
  1093 10021
  1094 10021
  1095 10021
  1096 10021
  1097 10021
  1098 10021
  1099 10021
  1100 10021
  1101 10021
  1102 10021
  1103 10021
  1104 10021
  1105 10021
  1106 10021
  1107 10021
  1108 10021
  1109 10021
  1110 10021
  1111 10021
  1112 10021
  1113 10021
  1114 10021
  1115 10021
  1116 10021
  1117 10021
  1118 10021
  1119 10021
  1120 10021
  1121 10021
  1122 10021
  1123 10021
  1124 10021
  1125 10021
  1126 10021
  1127 10021
  1128 10021
  1129 10021
  1130 10021
  1131 10021
  1132 10021
  1133 10021
  1134 10021
  1135 10021
  1136 10021
  1137 10021
  1138 10021
  1139 10021
  1140 10021
  1141 10021
  1142 10021
  1143 10021
  1144 10021
  1145 10021
  1146 10021
  1147 10021
  1148 10021
  1149 10021
  1150 10021
  1151 10021
  1152 10021
  1153 10021
  1154 10021
  1155 10021
  1156 10021
  1157 10021
  1158 10021
  1159 10021
  1160 10021
  1161 10021
  1162 10021
  1163 10021
  1164 10021
  1165 10021
  1166 10021
  1167 10021
  1168 10021
  1169 10021
  1170 10021
  1171 10021
  1172 10021
  1173 10021
  1174 10021
  1175 10021
  1176 10021
  1177 10021
  1178 10021
  1179 10021
  1180 10021
  1181 10021
  1182 10021
  1183 10021
  1184 10021
  1185 10021
  1186 10021
  1187 10021
  1188 10021
  1189 10021
  1190 10021
  1191 10021
  1192 10021
  1193 10021
  1194 10021
  1195 10021
  1196 10021
  1197 10021
  1198 10021
  1199 10021
  1200 10021
  1201 10021
  1202 10021
  1203 10021
  1204 10021
  1205 10021
  1206 10021
  1207 10021
  1208 10021
  1209 10021
  1210 10021
  1211 10021
  1212 10021
  1213 10021
  1214 10021
  1215 10021
  1216 10021
  1217 10021
  1218 10021
  1219 10021
  1220 10021
  1221 10021
  1222 10021
  1223 10021
  1224 10021
  1225 10021
  1226 10021
  1227 10021
  1228 10021
  1229 10021
  1230 10021
  1231 10021
  1232 10021
  1233 10021
  1234 10021
  1235 10021
  1236 10021
  1237 10021
  1238 10021
  1239 10021
  1240 10021
  1241 10021
  1242 10021
  1243 10021
  1244 10021
  1245 10021
  1246 10021
  1247 10021
  1248 10021
  1249 10021
  1250 10021
  1251 10021
  1252 10021
  1253 10021
  1254 10021
  1255 10021
  1256 10021
  1257 10021
  1261 10065
  1262 10065
  1263 10101
  1264 10101
  1265 10101
  1266 10101
  1267 10061
  1268 10128
  1269 10128
  1270 10061
  1271 10101
  1272 10101
  1273 10101
  1274 10101
  1275 10101
  1276 10141
  1277 10141
  1278 10169
  1279 10141
  1280 10061
  1281 10169
  1282 10169
  1283 10061
  1284 10061
  1285 10061
  1286 10101
  1287 10101
  1288 10101
  1289 10101
  1290 10101
  1291 10101
  1292 10101
  1293 10101
  1294 10101
  1295 10101
  1296 10101
  1297 10101
  1298 10101
  1299 10101
  1300 10101
  1301 10101
  1302 10101
  1303 10101
  1304 10101
  1305 10068
  1306 10068
  1307 10101
  1308 10101
  1309 10101
  1310 10101
  1311 10101
  1312 10106
  1316 10068
  1317 10068
  1318 10068
  1319 10101
  1320 10061
  1321 10061
  1322 10101
  1323 10061
  1324 10101
  1325 10061
  1326 10101
  1327 10101
  1328 10101
  1329 10101
  1330 10101
  1331 10101
  1332 10061
  1333 10061
  1334 10061
  1335 10128
  1336 10128
  1337 10128
  1338 10061
  1339 10128
  1340 10068
  1341 10068
  1342 10068
  1343 10128
  1344 10068
  1345 10101
  1346 10101
  1347 10101
  1348 10101
  1349 10101
  1350 10068
  1351 10068
  1352 10068
  1353 10068
  1354 10169
  1355 10169
  1356 10061
  1357 10101
  1359 10061
  1360 10061
  1361 10101
  1362 10101
  1363 10101
  1364 10101
  1365 10101
  1366 10101
  1367 10101
  1368 10101
  1369 10068
  1370 10068
  1371 10068
  1372 10169
  1373 10169
  1374 10061
  1375 10101
  1376 10101
  1377 10101
  1378 10101
  1379 10101
  1380 10101
  1381 10101
  1382 10101
  1383 10101
  1384 10101
  1385 10101
  1386 10101
  1387 10061
  1388 10061
  1389 10169
  1390 10068
  1393 10068
  1399 10018
  1400 10018
  1401 10018
  1402 10158
  1403 10158
  1404 10068
  1405 10068
  1406 10068
  1407 10158
  1408 10158
  1409 10018
  1410 10018
  1411 10018
  1412 10158
  1413 10018
  1414 10018
  1415 10018
  1416 10158
  1417 10018
  1418 10018
  1419 10018
  1420 10018
  1421 10018
  1422 10018
  1423 10068
  1424 10068
  1425 10140
  1426 10018
  1427 10068
  1428 10068
  1429 10137
  1430 10068
  1431 10068
  1432 10137
  1433 10068
  1434 10068
  1435 10018
  1436 10140
  1437 10018
  1438 10018
  1439 10055
  1440 10018
  1441 10018
  1442 10018
  1443 10068
  1444 10068
  1445 10068
  1446 10018
  1447 10068
  1448 10068
  1449 10068
  1450 10055
  1451 10068
  1452 10068
  1453 10018
  1454 10018
  1455 10018
  1456 10018
  1457 10018
  1458 10018
  1459 10018
  1460 10158
  1461 10158
  1462 10158
  1463 10158
  1464 10158
  1465 10158
  1466 10158
  1467 10158
  1468 10158
  1469 10140
  1470 10140
  1471 10158
  1472 10158
  1473 10158
  1474 10158
  1475 10158
  1476 10098
  1477 10098
  1478 10098
  1479 10098
  1480 10098
  1481 10018
  1482 10055
  1483 10055
  1484 10055
  1487 10101
  1488 10050
  1489 10050
  1490 10101
  1491 10061
  1495 10061
  1496 10061
  1498 10101
  1499 10101
  1500 10101
  1501 10101
  1502 10101
  1503 10101
  1504 10101
  1505 10061
  1506 10101
  1507 10101
  1508 10101
  1509 10101
  1510 10101
  1511 10101
  1512 10101
  1513 10101
  1514 10101
  1515 10101
  1516 10101
  1517 10061
  1518 10061
  1519 10061
  1523 10101
  1524 10101
  1525 10061
  1526 10061
  1527 10141
  1528 10101
  1530 10101
  1531 10101
  1532 10088
  1533 10062
  1534 10138
  1535 10101
  1536 10101
  1537 10141
  1538 10141
  1539 10141
  1540 10141
  1541 10061
  1543 10101
  1544 10101
  1545 10101
  1546 10101
  1547 10101
  1548 10101
  1549 10101
  1550 10101
  1551 10101
  1552 10101
  1553 10101
  1554 10101
  1555 10101
  1556 10101
  1557 10061
  1558 10061
  1559 10101
  1560 10101
  1561 10101
  1562 10101
  1563 10101
  1564 10101
  1565 10101
  1566 10101
  1567 10101
  1568 10101
  1569 10101
  1570 10101
  1571 10101
  1572 10128
  1573 10101
  1574 10138
  1575 10101
  1576 10101
  1577 10101
  1578 10141
  1579 10101
  1581 10101
  1583 10101
  1584 10101
  1585 10101
  1586 10101
  1587 10101
  1588 10101
  1589 10101
  1590 10101
  1591 10101
  1592 10101
  1593 10101
  1594 10101
  1595 10101
  1596 10101
  1597 10101
  1598 10101
  1599 10101
  1600 10101
  1601 10101
  1602 10101
  1603 10101
  1604 10061
  1605 10061
  1606 10061
  1607 10061
  1608 10061
  1609 10061
  1610 10101
  1611 10101
  1612 10101
  1613 10101
  1614 10101
  1615 10101
  1616 10101
  1617 10101
  1618 10101
  1619 10101
  1620 10101
  1621 10101
  1622 10101
  1623 10101
  1624 10101
  1625 10068
  1626 10068
  1627 10068
  1628 10068
  1629 10068
  1630 10068
  1631 10068
  1632 10068
  1633 10068
  1634 10068
  1635 10068
  1636 10068
  1637 10068
  1638 10068
  1639 10068
  1640 10068
  1641 10068
  1642 10068
  1643 10068
  1644 10068
  1645 10068
  1646 10068
  1647 10068
  1648 10068
  1649 10068
  1650 10068
  1651 10068
  1652 10068
  1653 10068
  1654 10068
  1655 10068
  1656 10068
  1657 10068
  1658 10068
  1659 10068
  1660 10068
  1661 10068
  1662 10068
  1663 10068
  1664 10068
  1665 10068
  1666 10068
  1667 10068
  1668 10068
  1669 10068
  1670 10068
  1671 10068
  1672 10068
  1673 10068
  1674 10068
  1675 10068
  1676 10068
  1677 10068
  1678 10068
  1679 10068
  1680 10068
  1681 10068
  1682 10068
  1683 10068
  1684 10068
  1685 10068
  1686 10068
  1687 10068
  1688 10068
  1689 10068
  1690 10068
  1691 10068
  1692 10068
  1693 10068
  1694 10068
  1695 10068
  1696 10068
  1697 10068
  1698 10068
  1699 10068
  1700 10068
  1701 10068
  1702 10068
  1703 10068
  1704 10068
  1705 10068
  1706 10068
  1707 10068
  1708 10068
  1709 10068
  1710 10068
  1711 10068
  1712 10068
  1713 10068
  1714 10068
  1715 10068
  1716 10068
  1717 10068
  1718 10068
  1719 10068
  1720 10068
  1721 10068
  1722 10068
  1723 10068
  1724 10068
  1725 10068
  1726 10068
  1727 10068
  1728 10068
  1729 10068
  1730 10068
  1731 10068
  1732 10068
  1733 10068
  1734 10068
  1735 10068
  1736 10068
  1737 10068
  1738 10068
  1739 10068
  1740 10068
  1741 10068
  1742 10068
  1743 10068
  1744 10068
  1745 10068
  1746 10068
  1747 10068
  1748 10068
  1749 10068
  1750 10068
  1751 10068
  1752 10068
  1753 10068
  1754 10068
  1755 10068
  1756 10068
  1757 10068
  1758 10068
  1759 10068
  1760 10068
  1761 10068
  1762 10068
  1763 10068
  1764 10068
  1765 10068
  1766 10068
  1767 10068
  1768 10068
  1769 10068
  1770 10068
  1771 10068
  1772 10068
  1773 10068
  1774 10068
  1775 10068
  1776 10068
  1777 10068
  1778 10068
  1779 10068
  1780 10068
  1781 10068
  1782 10068
  1783 10068
  1784 10068
  1785 10068
  1786 10068
  1787 10068
  1788 10068
  1789 10068
  1790 10068
  1791 10068
  1792 10068
  1793 10068
  1794 10068
  1795 10068
  1796 10068
  1797 10068
  1798 10068
  1799 10068
  1800 10068
  1801 10068
  1802 10068
  1803 10068
  1804 10068
  1805 10068
  1806 10068
  1807 10068
  1808 10068
  1809 10068
  1810 10068
  1811 10068
  1812 10068
  1813 10068
  1814 10068
  1815 10068
  1816 10068
  1817 10068
  1818 10068
  1819 10068
  1820 10068
  1821 10068
  1822 10068
  1823 10068
  1824 10068
  1825 10068
  1826 10068
  1827 10068
  1828 10068
  1829 10068
  1830 10068
  1831 10068
  1832 10068
  1833 10068
  1834 10068
  1835 10068
  1836 10068
  1837 10068
  1838 10068
  1839 10068
  1840 10068
  1841 10068
  1842 10068
  1843 10068
  1844 10068
  1845 10068
  1846 10068
  1847 10068
  1848 10068
  1849 10068
  1850 10068
  1851 10068
  1852 10068
  1853 10068
  1854 10068
  1855 10068
  1856 10101
  1857 10101
  1858 10101
  1859 10101
  1860 10101
  1861 10101
  1862 10101
  1863 10101
  1864 10101
  1865 10101
  1866 10101
  1867 10095
  1868 10095
  1869 10095
  1870 10095
  1871 10095
  1872 10095
  1873 10095
  1874 10095
  1875 10095
  1876 10095
  1877 10095
  1878 10095
  1879 10095
  1880 10095
  1881 10095
  1882 10095
  1883 10095
  1884 10095
  1885 10095
  1886 10095
  1887 10095
  1888 10095
  1889 10095
  1890 10095
  1891 10095
  1892 10095
  1893 10095
  1894 10095
  1895 10095
  1896 10095
  1897 10095
  1898 10095
  1899 10095
  1900 10095
  1901 10095
  1902 10095
  1903 10095
  1904 10095
  1905 10095
  1906 10095
  1907 10095
  1908 10095
  1909 10095
  1910 10095
  1911 10095
  1912 10095
  1913 10095
  1914 10095
  1915 10095
  1916 10095
  1917 10095
  1918 10095
  1919 10095
  1920 10095
  1921 10095
  1922 10095
  1923 10095
  1924 10095
  1925 10095
  1926 10095
  1927 10095
  1928 10095
  1929 10095
  1930 10095
  1931 10095
  1932 10095
  1933 10095
  1934 10095
  1935 10095
  1936 10095
  1937 10095
  1938 10095
  1939 10095
  1940 10095
  1941 10095
  1942 10095
  1943 10095
  1944 10095
  1945 10095
  1946 10095
  1947 10095
  1948 10095
  1949 10095
  1950 10095
  1951 10095
  1952 10095
  1953 10095
  1954 10095
  1955 10095
  1956 10095
  1957 10095
  1958 10095
  1959 10095
  1960 10095
  1961 10095
  1962 10095
  1963 10095
  1964 10095
  1965 10095
  1966 10095
  1967 10095
  1968 10095
  1969 10095
  1970 10095
  1971 10095
  1972 10095
  1973 10095
  1974 10095
  1975 10095
  1976 10095
  1977 10095
  1978 10095
  1979 10095
  1980 10095
  1981 10095
  1982 10095
  1983 10095
  1984 10095
  1985 10095
  1986 10095
  1987 10095
  1988 10095
  1989 10095
  1990 10095
  1991 10095
  1992 10095
  1993 10095
  1994 10095
  1995 10095
  1996 10095
  1997 10095
  1998 10095
  1999 10095
  2000 10095
  2001 10095
  2002 10095
  2003 10095
  2004 10095
  2005 10095
  2006 10095
  2007 10095
  2008 10095
  2009 10095
  2010 10095
  2011 10095
  2012 10095
  2013 10095
  2014 10095
  2015 10095
  2016 10095
  2017 10095
  2018 10095
  2019 10095
  2020 10095
  2021 10095
  2022 10095
  2023 10101
  2024 10101
  2025 10101
  2026 10101
  2027 10101
  2032 10028
  2033 10028
  2036 10151
  2037 10011
  2038 10034
  2039 10034
