   690 10062
   691 10062
   692 10062
   693 10062
   694 10062
   695 10062
   696 10062
   697 10062
   698 10062
   699 10062
   700 10062
   701 10062
   702 10062
   703 10062
   704 10062
   705 10062
   706 10062
   707 10062
   708 10062
   709 10062
   710 10062
   711 10062
   712 10062
   713 10062
   714 10062
   715 10062
   716 10062
   717 10062
   718 10062
   719 10062
   720 10062
   721 10062
   722 10062
   723 10062
   724 10062
   725 10062
   726 10062
   727 10062
   728 10062
   729 10062
   730 10062
   731 10062
   732 10062
   733 10062
   734 10062
   735 10062
   736 10062
   737 10062
   738 10062
   739 10062
   740 10062
   741 10062
   742 10062
   743 10062
   744 10062
   745 10062
   746 10062
   747 10062
   748 10062
   749 10062
   750 10062
   751 10062
   752 10062
   753 10062
   754 10062
   755 10062
   756 10062
   757 10062
   758 10062
   759 10062
   760 10062
   761 10062
   762 10062
   763 10062
   764 10062
   765 10062
   766 10062
   767 10062
   768 10062
   769 10062
   770 10062
   771 10062
   772 10062
   773 10062
   774 10062
   775 10062
   776 10062
   777 10062
   778 10062
   779 10062
   780 10062
   781 10154
   782 10115
   783 10115
   784 10153
   785 10153
   786 10153
   787 10153
   788 10153
   789 10153
   790 10153
   791 10153
   792 10153
   793 10153
   794 10153
   795 10134
   796 10134
   797 10134
   798 10134
   799 10134
   800 10134
   801 10134
   802 10134
   803 10134
   804 10134
   805 10134
   806 10134
   807 10134
   808 10134
   809 10134
   810 10134
   811 10134
   812 10134
   813 10134
   814 10134
   815 10134
   816 10134
   817 10134
   818 10134
   819 10134
   820 10134
   821 10134
   822 10134
   823 10134
   824 10134
   825 10134
   826 10134
   827 10134
   828 10134
   829 10134
   830 10134
   831 10134
   832 10134
   833 10134
   834 10134
   835 10134
   836 10134
   837 10134
   838 10134
   839 10134
   840 10134
   841 10134
   842 10134
   843 10134
   844 10134
   845 10134
   846 10134
   847 10134
   848 10134
   849 10134
   850 10134
   851 10134
   852 10134
   853 10134
   854 10134
   855 10134
   856 10134
   857 10134
   858 10134
   859 10134
   860 10134
   861 10134
   862 10134
   863 10134
   864 10134
   865 10134
   866 10134
   867 10134
   868 10134
   869 10134
   870 10134
   871 10134
   872 10134
   873 10134
   874 10134
   875 10134
   876 10134
   877 10134
   878 10134
   879 10134
   880 10134
   881 10134
   882 10134
   883 10134
   884 10134
   885 10134
   886 10134
   887 10134
   888 10134
   889 10134
   890 10134
   891 10134
   892 10134
   893 10134
   894 10134
   895 10134
   896 10134
   897 10134
   898 10134
   899 10134
   900 10134
   901 10134
   902 10134
   903 10134
   904 10134
   905 10134
   906 10134
   907 10134
   908 10134
   909 10134
   910 10134
   911 10134
   912 10134
   913 10134
   914 10134
   915 10134
   916 10134
   917 10134
   918 10134
   919 10134
   920 10134
   921 10134
   922 10134
   923 10134
   924 10134
   925 10134
   926 10134
   927 10134
   928 10134
   929 10134
   930 10134
   931 10134
   932 10134
   933 10134
   934 10134
   935 10134
   936 10134
   937 10134
   938 10134
   939 10134
   940 10134
   941 10134
   942 10134
   943 10134
   944 10134
   945 10134
   946 10134
   947 10134
   948 10134
   949 10134
   950 10134
   951 10134
   952 10134
   953 10134
   954 10134
   955 10134
   956 10134
   957 10134
   958 10134
   959 10134
   960 10134
   961 10134
   962 10134
   963 10134
   964 10134
   965 10134
   966 10134
   967 10134
   968 10134
   969 10134
   970 10134
   971 10134
   972 10134
   973 10134
   974 10134
   975 10134
   976 10134
   977 10134
   978 10134
   979 10134
   980 10134
   981 10134
   982 10134
   983 10134
   984 10134
   985 10134
   986 10134
   987 10134
   988 10134
   989 10134
   990 10134
   991 10134
   992 10134
   993 10134
   994 10134
   995 10134
   996 10134
   997 10134
   998 10134
   999 10134
  1000 10134
  1001 10134
  1002 10134
  1003 10134
  1004 10134
  1005 10134
  1006 10134
  1007 10134
  1008 10134
  1009 10134
  1010 10134
  1011 10134
  1012 10134
  1013 10134
  1014 10134
  1015 10134
  1016 10134
  1017 10134
  1018 10134
  1019 10134
  1020 10134
  1021 10014
  1025 10128
  1026 10101
  1027 10062
  1028 10062
  1029 10062
  1030 10062
  1032 10062
  1033 10062
  1034 10062
  1035 10062
  1036 10062
  1037 10062
  1038 10062
  1039 10062
  1040 10062
  1041 10062
  1042 10062
  1043 10062
  1044 10062
  1045 10062
  1046 10062
  1047 10062
  1048 10062
  1049 10062
  1050 10062
  1051 10062
  1052 10062
  1053 10062
  1054 10062
  1055 10062
  1056 10062
  1057 10062
  1058 10062
  1059 10062
  1060 10062
  1061 10062
  1062 10062
  1063 10062
  1064 10062
  1065 10062
  1066 10062
  1067 10062
  1068 10062
  1069 10062
  1070 10062
  1071 10062
  1072 10062
  1073 10062
  1074 10062
  1075 10062
  1076 10062
  1077 10062
  1078 10062
  1079 10062
  1080 10062
  1081 10062
  1082 10062
  1083 10062
  1084 10062
  1085 10062
  1086 10062
  1087 10062
  1088 10062
  1089 10062
  1090 10062
  1091 10062
  1092 10062
  1093 10062
  1094 10062
  1095 10062
  1096 10062
  1097 10062
  1098 10062
  1099 10062
  1100 10062
  1101 10062
  1102 10062
  1103 10062
  1104 10062
  1105 10062
  1106 10062
  1107 10062
  1108 10062
  1109 10062
  1110 10062
  1111 10062
  1112 10062
  1113 10062
  1114 10062
  1115 10062
  1116 10062
  1117 10062
  1118 10062
  1119 10062
  1120 10062
  1121 10062
  1122 10062
  1123 10062
  1124 10062
  1125 10062
  1126 10062
  1127 10062
  1128 10062
  1129 10062
  1130 10062
  1131 10062
  1132 10062
  1133 10062
  1134 10062
  1135 10062
  1136 10062
  1137 10062
  1138 10062
  1139 10062
  1140 10062
  1141 10062
  1142 10062
  1143 10062
  1144 10062
  1145 10062
  1146 10062
  1147 10062
  1148 10062
  1149 10062
  1150 10062
  1151 10062
  1152 10062
  1153 10062
  1154 10062
  1155 10062
  1156 10062
  1157 10062
  1158 10062
  1159 10062
  1160 10062
  1161 10062
  1162 10062
  1163 10062
  1164 10062
  1165 10062
  1166 10062
  1167 10062
  1168 10062
  1169 10062
  1170 10062
  1171 10062
  1172 10062
  1173 10062
  1174 10062
  1175 10062
  1176 10062
  1177 10062
  1178 10062
  1179 10062
  1180 10062
  1181 10062
  1182 10062
  1183 10062
  1184 10062
  1185 10062
  1186 10062
  1187 10062
  1188 10062
  1189 10062
  1190 10062
  1191 10062
  1192 10062
  1193 10062
  1194 10062
  1195 10062
  1196 10062
  1197 10062
  1198 10062
  1199 10062
  1200 10062
  1201 10062
  1202 10062
  1203 10062
  1204 10062
  1205 10062
  1206 10062
  1207 10062
  1208 10062
  1209 10062
  1210 10062
  1211 10062
  1212 10062
  1213 10062
  1214 10062
  1215 10062
  1216 10062
  1217 10062
  1218 10062
  1219 10062
  1220 10062
  1221 10062
  1222 10062
  1223 10062
  1224 10062
  1225 10062
  1226 10062
  1227 10062
  1228 10062
  1229 10062
  1230 10062
  1231 10062
  1232 10062
  1233 10062
  1234 10062
  1235 10062
  1236 10062
  1237 10062
  1238 10062
  1239 10062
  1240 10062
  1241 10062
  1242 10062
  1243 10062
  1244 10062
  1245 10062
  1246 10062
  1247 10062
  1248 10062
  1249 10062
  1250 10062
  1251 10062
  1252 10062
  1253 10062
  1254 10062
  1255 10062
  1256 10062
  1257 10062
  1258 10018
  1259 10018
  1260 10018
  1261 10018
  1262 10018
  1263 10018
  1264 10018
  1265 10098
  1266 10158
  1267 10055
  1268 10055
  1269 10055
  1270 10055
  1271 10140
  1272 10140
  1273 10158
  1274 10158
  1275 10158
  1276 10158
  1277 10140
  1278 10140
  1279 10140
  1280 10140
  1281 10158
  1282 10158
  1283 10158
  1284 10158
  1285 10158
  1286 10158
  1287 10158
  1288 10158
  1289 10055
  1290 10055
  1291 10055
  1292 10055
  1293 10055
  1294 10140
  1295 10055
  1296 10055
  1297 10158
  1298 10140
  1299 10140
  1300 10140
  1301 10140
  1302 10140
  1303 10140
  1304 10140
  1305 10158
  1306 10158
  1308 10055
  1309 10055
  1310 10055
  1311 10106
  1312 10106
  1329 10132
  1330 10132
  1331 10132
  1332 10132
  1333 10132
  1334 10132
  1335 10132
  1336 10132
  1337 10132
  1338 10132
  1339 10132
  1340 10132
  1341 10132
  1342 10132
  1344 10132
  1345 10132
  1346 10132
  1347 10132
  1348 10132
  1349 10132
  1350 10132
  1351 10132
  1352 10132
  1353 10132
  1354 10132
  1355 10132
  1356 10132
  1357 10132
  1358 10132
  1359 10132
  1360 10132
  1361 10132
  1362 10132
  1363 10132
  1364 10132
  1365 10132
  1366 10132
  1367 10132
  1368 10132
  1375 10141
  1376 10141
  1377 10141
  1378 10101
  1379 10141
  1381 10163
  1385 10086
  1386 10071
  1387 10071
  1388 10071
  1389 10071
  1390 10071
  1391 10071
  1392 10071
  1393 10071
  1394 10071
  1395 10071
  1396 10071
  1397 10071
  1398 10071
  1399 10071
  1400 10149
  1401 10149
  1402 10071
  1403 10149
  1404 10071
  1405 10149
  1406 10071
  1407 10071
  1408 10071
  1409 10071
  1410 10071
  1411 10071
  1412 10071
  1413 10149
  1414 10149
  1415 10149
  1416 10149
  1417 10149
  1418 10149
  1419 10149
  1420 10149
  1421 10149
  1422 10149
  1423 10149
  1424 10149
  1425 10149
  1426 10149
  1427 10149
  1428 10149
  1429 10149
  1430 10149
  1431 10149
  1432 10149
  1433 10149
  1434 10149
  1435 10149
  1436 10071
  1437 10071
  1438 10071
  1439 10071
  1440 10071
  1441 10071
  1442 10071
  1443 10071
  1444 10071
  1445 10071
  1446 10071
  1447 10071
  1448 10149
  1449 10071
  1450 10149
  1451 10149
  1452 10071
  1453 10149
  1454 10149
  1455 10149
  1456 10149
  1457 10149
  1458 10149
  1459 10149
  1460 10071
  1461 10149
  1462 10071
  1463 10149
  1464 10149
  1465 10149
  1466 10149
  1467 10149
  1468 10071
  1469 10149
  1470 10149
  1471 10071
  1472 10071
  1473 10149
  1474 10071
  1475 10149
  1476 10149
  1477 10071
  1478 10071
  1479 10071
  1480 10071
  1481 10071
  1482 10071
  1483 10071
  1484 10071
  1485 10071
  1486 10071
  1487 10071
  1488 10071
  1489 10071
  1490 10071
  1491 10149
  1492 10149
  1493 10071
  1494 10071
  1495 10071
  1496 10149
  1497 10071
  1498 10071
  1499 10071
  1500 10071
  1501 10071
  1502 10071
  1503 10071
  1504 10071
  1505 10071
  1506 10149
  1507 10149
  1508 10149
  1509 10071
  1510 10071
  1511 10149
  1512 10149
  1513 10149
  1514 10071
  1515 10071
  1516 10071
  1517 10071
  1518 10071
  1519 10071
  1520 10071
  1521 10071
  1522 10071
  1523 10071
  1524 10071
  1525 10071
  1526 10071
  1527 10071
  1528 10071
  1529 10071
  1530 10071
  1531 10071
  1532 10071
  1533 10071
  1534 10071
  1535 10071
  1536 10071
  1537 10071
  1538 10071
  1539 10071
  1540 10071
  1541 10071
  1542 10071
  1543 10071
  1544 10071
  1545 10071
  1546 10071
  1547 10071
  1548 10071
  1549 10071
  1550 10071
  1551 10071
  1552 10071
  1553 10071
  1554 10071
  1555 10071
  1556 10071
  1557 10071
  1558 10071
  1559 10071
  1560 10071
  1561 10071
  1562 10071
  1563 10071
  1564 10071
  1565 10071
  1566 10071
  1567 10071
  1568 10071
  1569 10071
  1570 10071
  1571 10071
  1572 10071
  1573 10071
  1574 10071
  1575 10071
  1576 10071
  1577 10071
  1578 10071
  1579 10071
  1580 10071
  1581 10071
  1582 10071
  1583 10071
  1584 10071
  1585 10071
  1586 10071
  1587 10071
  1588 10071
  1589 10071
  1590 10071
  1591 10071
  1592 10071
  1593 10071
  1594 10071
  1595 10071
  1596 10071
  1597 10071
  1598 10071
  1599 10071
  1600 10071
  1601 10071
  1602 10071
  1603 10071
  1604 10071
  1605 10071
  1606 10071
  1607 10071
  1608 10071
  1609 10071
  1610 10071
  1611 10071
  1612 10071
  1613 10071
  1614 10071
  1615 10071
  1616 10071
  1617 10071
  1618 10071
  1619 10071
  1620 10064
  1621 10086
  1622 10086
  1623 10033
  1624 10033
  1625 10033
  1627 10041
  1628 10041
  1629 10041
  1856 10041
  1857 10041
  1858 10041
  1859 10041
  1860 10041
  1861 10041
  1864 10002
  1866 10002
  1868 10033
  1869 10033
  1870 10033
  1871 10033
  1872 10033
  1873 10033
  1874 10033
  1875 10033
  1876 10033
  1877 10033
  1878 10033
  1879 10033
  1880 10033
  1881 10033
  1882 10033
  1883 10033
  1884 10033
  1885 10033
  1886 10033
  1887 10033
  1888 10033
  1889 10033
  1890 10033
  1891 10033
  1892 10033
  1893 10033
  1894 10033
  1895 10033
  1896 10033
  1897 10033
  1898 10033
  1899 10033
  1900 10033
  1901 10033
  1902 10033
  1903 10033
  1904 10033
  1905 10033
  1906 10033
  1907 10033
  1908 10033
  1909 10033
  1910 10033
  1911 10033
  1912 10033
  1913 10033
  1914 10033
  1915 10033
  1916 10033
  1917 10033
  1918 10033
  1919 10033
  1920 10033
  1921 10033
  1922 10033
  1923 10033
  1924 10033
  1925 10033
  1926 10033
  1927 10033
  1928 10033
  1929 10033
  1930 10033
  1931 10033
  1932 10033
  1933 10033
  1934 10033
  1935 10033
  1936 10033
  1937 10033
  1938 10033
  1939 10033
  1940 10033
  1941 10033
  1942 10033
  1943 10033
  1944 10033
  1945 10033
  1946 10033
  1947 10033
  1948 10033
  1949 10033
  1950 10033
  1951 10033
  1952 10033
  1953 10033
  1954 10033
  1955 10033
  1956 10033
  1957 10033
  1958 10033
  1959 10033
  1960 10033
  1961 10033
  1962 10033
  1963 10033
  1964 10033
  1965 10033
  1966 10033
  1967 10033
  1968 10033
  1969 10033
  1970 10033
  1971 10033
  1972 10033
  1973 10033
  1974 10033
  1975 10033
  1976 10033
  1977 10033
  1978 10033
  1979 10033
  1980 10033
  1981 10033
  1982 10033
  1983 10033
  1984 10033
  1985 10033
  1986 10033
  1987 10033
  1988 10033
  1989 10033
  1990 10033
  1991 10033
  1992 10033
  1993 10033
  1994 10033
  1995 10033
  1996 10033
  1997 10033
  1998 10033
  1999 10033
  2000 10033
  2001 10033
  2002 10033
  2003 10033
  2004 10033
  2005 10033
  2006 10033
  2007 10033
  2008 10033
  2009 10033
  2010 10033
  2011 10033
  2012 10033
  2013 10033
  2014 10033
  2015 10033
  2016 10033
  2017 10033
  2018 10033
  2019 10033
  2020 10033
  2021 10033
  2022 10062
  2023 10062
  2024 10062
  2025 10062
  2026 10062
  2027 10062
  2028 10062
