   690 10035
   691 10035
   692 10035
   693 10035
   694 10035
   695 10035
   696 10035
   697 10035
   698 10035
   699 10035
   700 10035
   701 10035
   702 10035
   703 10035
   704 10035
   705 10035
   706 10035
   707 10035
   708 10035
   709 10035
   710 10035
   711 10035
   712 10035
   713 10035
   714 10035
   715 10035
   716 10035
   717 10035
   718 10035
   719 10035
   720 10035
   721 10035
   722 10035
   723 10035
   724 10035
   725 10035
   726 10035
   727 10035
   728 10035
   729 10035
   730 10035
   731 10035
   732 10035
   733 10035
   734 10035
   735 10035
   736 10035
   737 10035
   738 10035
   739 10035
   740 10035
   741 10035
   742 10035
   743 10035
   744 10035
   745 10035
   746 10035
   747 10035
   748 10035
   749 10035
   750 10035
   751 10035
   752 10035
   753 10035
   754 10035
   755 10035
   756 10035
   757 10035
   758 10035
   759 10035
   760 10035
   761 10035
   762 10035
   763 10035
   764 10035
   765 10035
   766 10035
   767 10035
   768 10035
   769 10035
   770 10035
   771 10035
   772 10035
   773 10035
   774 10035
   775 10035
   776 10035
   777 10035
   778 10035
   779 10035
   780 10035
   781 10043
   782 10043
   783 10043
   784 10043
   785 10043
   786 10043
   787 10043
   788 10043
   789 10043
   790 10043
   791 10043
   792 10043
   793 10043
   794 10043
   795 10043
   796 10043
   797 10043
   798 10043
   799 10043
   800 10043
   801 10043
   802 10043
   803 10043
   804 10043
   805 10043
   806 10043
   807 10043
   808 10043
   809 10043
   810 10043
   811 10043
   812 10043
   813 10043
   814 10043
   815 10043
   816 10043
   817 10043
   818 10043
   819 10043
   820 10043
   821 10043
   822 10043
   823 10043
   824 10043
   825 10043
   826 10043
   827 10043
   828 10043
   829 10043
   830 10043
   831 10043
   832 10043
   833 10043
   834 10043
   835 10043
   836 10043
   837 10043
   838 10043
   839 10043
   840 10043
   841 10043
   842 10043
   843 10043
   844 10043
   845 10043
   846 10043
   847 10043
   848 10043
   849 10043
   850 10043
   851 10043
   852 10043
   853 10043
   854 10043
   855 10043
   856 10043
   857 10043
   858 10043
   859 10043
   860 10043
   861 10043
   862 10043
   863 10043
   864 10043
   865 10043
   866 10043
   867 10043
   868 10043
   869 10043
   870 10043
   871 10043
   872 10043
   873 10043
   874 10043
   875 10043
   876 10043
   877 10043
   878 10043
   879 10043
   880 10043
   881 10043
   882 10043
   883 10043
   884 10043
   885 10043
   886 10043
   887 10043
   888 10043
   889 10043
   890 10043
   891 10043
   892 10043
   893 10043
   894 10043
   895 10043
   896 10043
   897 10043
   898 10043
   899 10043
   900 10043
   901 10043
   902 10043
   903 10043
   904 10043
   905 10043
   906 10043
   907 10043
   908 10043
   909 10043
   910 10043
   911 10043
   912 10043
   913 10043
   914 10043
   915 10043
   916 10043
   917 10043
   918 10043
   919 10043
   920 10043
   921 10043
   922 10043
   923 10043
   924 10043
   925 10043
   926 10043
   927 10043
   928 10043
   929 10043
   930 10043
   931 10043
   932 10043
   933 10043
   934 10043
   935 10043
   936 10043
   937 10043
   938 10043
   939 10043
   940 10043
   941 10043
   942 10043
   943 10043
   944 10043
   945 10043
   946 10043
   947 10043
   948 10043
   949 10043
   950 10043
   951 10043
   952 10043
   953 10043
   954 10043
   955 10043
   956 10043
   957 10043
   958 10043
   959 10043
   960 10043
   961 10043
   962 10043
   963 10043
   964 10043
   965 10043
   966 10043
   967 10043
   968 10043
   969 10043
   970 10043
   971 10043
   972 10043
   973 10043
   974 10043
   975 10043
   976 10043
   977 10043
   978 10043
   979 10043
   980 10043
   981 10043
   982 10043
   983 10043
   984 10043
   985 10043
   986 10043
   987 10043
   988 10043
   989 10043
   990 10043
   991 10043
   992 10043
   993 10043
   994 10043
   995 10043
   996 10043
   997 10043
   998 10043
   999 10043
  1000 10043
  1001 10043
  1002 10043
  1003 10043
  1004 10043
  1005 10043
  1006 10043
  1007 10043
  1008 10043
  1009 10043
  1010 10043
  1011 10043
  1012 10043
  1013 10043
  1014 10043
  1015 10043
  1016 10043
  1017 10043
  1018 10043
  1019 10043
  1020 10043
  1021 10034
  1022 10011
  1023 10034
  1024 10011
  1025 10034
  1026 10034
  1027 10034
  1028 10034
  1029 10034
  1030 10034
  1031 10034
  1032 10034
  1033 10034
  1034 10034
  1035 10034
  1036 10034
  1037 10034
  1038 10034
  1039 10034
  1040 10034
  1041 10034
  1042 10034
  1043 10034
  1044 10034
  1045 10034
  1046 10034
  1047 10034
  1048 10034
  1049 10034
  1050 10034
  1051 10034
  1052 10034
  1053 10034
  1054 10034
  1055 10034
  1056 10034
  1057 10034
  1058 10034
  1059 10034
  1060 10034
  1061 10034
  1062 10034
  1063 10034
  1064 10034
  1065 10034
  1066 10034
  1067 10034
  1068 10034
  1069 10034
  1070 10034
  1071 10034
  1072 10034
  1073 10034
  1074 10034
  1075 10034
  1076 10034
  1077 10034
  1078 10034
  1079 10034
  1080 10034
  1081 10034
  1082 10034
  1083 10034
  1084 10034
  1085 10034
  1086 10034
  1087 10034
  1088 10034
  1089 10034
  1090 10034
  1091 10034
  1092 10034
  1093 10034
  1094 10034
  1095 10034
  1096 10034
  1097 10034
  1098 10034
  1099 10034
  1100 10034
  1101 10034
  1102 10034
  1103 10034
  1104 10034
  1105 10034
  1106 10034
  1107 10034
  1108 10034
  1109 10034
  1110 10034
  1111 10034
  1112 10034
  1113 10034
  1114 10034
  1115 10034
  1116 10034
  1117 10034
  1118 10034
  1119 10034
  1120 10034
  1121 10034
  1122 10034
  1123 10034
  1124 10034
  1125 10034
  1126 10034
  1127 10034
  1128 10034
  1129 10034
  1130 10034
  1131 10034
  1132 10034
  1133 10034
  1134 10034
  1135 10034
  1136 10034
  1137 10034
  1138 10034
  1139 10034
  1140 10034
  1141 10034
  1142 10034
  1143 10034
  1144 10034
  1145 10034
  1146 10034
  1147 10034
  1148 10034
  1149 10034
  1150 10034
  1151 10034
  1152 10034
  1153 10034
  1154 10034
  1155 10034
  1156 10034
  1157 10034
  1158 10034
  1159 10034
  1160 10034
  1161 10034
  1162 10034
  1163 10034
  1164 10034
  1165 10034
  1166 10034
  1167 10034
  1168 10034
  1169 10034
  1170 10034
  1171 10034
  1172 10034
  1173 10034
  1174 10034
  1175 10034
  1176 10034
  1177 10034
  1178 10034
  1179 10034
  1180 10034
  1181 10034
  1182 10034
  1183 10034
  1184 10034
  1185 10034
  1186 10034
  1187 10034
  1188 10034
  1189 10034
  1190 10034
  1191 10034
  1192 10034
  1193 10034
  1194 10034
  1195 10034
  1196 10034
  1197 10034
  1198 10034
  1199 10034
  1200 10034
  1201 10034
  1202 10034
  1203 10034
  1204 10034
  1205 10034
  1206 10034
  1207 10034
  1208 10034
  1209 10034
  1210 10034
  1211 10034
  1212 10034
  1213 10034
  1214 10034
  1215 10034
  1216 10034
  1217 10034
  1218 10034
  1219 10034
  1220 10034
  1221 10034
  1222 10034
  1223 10034
  1224 10034
  1225 10034
  1226 10034
  1227 10034
  1228 10034
  1229 10034
  1230 10034
  1231 10034
  1232 10034
  1233 10034
  1234 10034
  1235 10034
  1236 10034
  1237 10034
  1238 10034
  1239 10034
  1240 10034
  1241 10034
  1242 10034
  1243 10034
  1244 10034
  1245 10034
  1246 10034
  1247 10034
  1248 10034
  1249 10034
  1250 10034
  1251 10034
  1252 10034
  1253 10034
  1254 10034
  1255 10034
  1256 10034
  1257 10034
  1261 10061
  1262 10061
  1263 10101
  1264 10101
  1265 10088
  1266 10088
  1267 10088
  1268 10088
  1269 10088
  1270 10088
  1271 10088
  1272 10088
  1273 10088
  1274 10088
  1275 10088
  1276 10088
  1277 10088
  1278 10088
  1279 10088
  1280 10088
  1281 10088
  1282 10088
  1283 10088
  1284 10088
  1285 10088
  1286 10088
  1287 10088
  1288 10088
  1289 10088
  1290 10088
  1291 10088
  1292 10088
  1293 10088
  1294 10088
  1295 10088
  1296 10088
  1297 10088
  1298 10088
  1299 10088
  1300 10088
  1301 10088
  1302 10088
  1303 10088
  1304 10088
  1305 10088
  1306 10088
  1307 10088
  1308 10088
  1309 10088
  1310 10088
  1311 10088
  1312 10088
  1313 10088
  1314 10088
  1315 10088
  1316 10088
  1317 10088
  1318 10088
  1319 10088
  1320 10088
  1321 10088
  1322 10088
  1323 10088
  1324 10088
  1325 10088
  1326 10088
  1327 10088
  1328 10088
  1329 10088
  1330 10088
  1331 10088
  1332 10088
  1333 10088
  1334 10088
  1335 10088
  1336 10088
  1337 10088
  1338 10088
  1339 10088
  1340 10088
  1341 10088
  1342 10088
  1343 10088
  1344 10088
  1345 10088
  1346 10088
  1347 10088
  1348 10088
  1349 10088
  1350 10088
  1351 10088
  1352 10088
  1353 10088
  1354 10088
  1355 10088
  1356 10088
  1357 10088
  1358 10088
  1359 10088
  1360 10088
  1361 10088
  1362 10088
  1363 10088
  1364 10088
  1365 10088
  1366 10088
  1367 10088
  1368 10088
  1369 10088
  1370 10088
  1371 10088
  1372 10088
  1373 10088
  1374 10088
  1375 10088
  1376 10088
  1377 10088
  1378 10088
  1379 10088
  1380 10088
  1381 10088
  1382 10088
  1383 10088
  1384 10088
  1385 10088
  1386 10088
  1387 10088
  1388 10088
  1389 10088
  1390 10088
  1391 10088
  1392 10088
  1393 10088
  1394 10088
  1395 10088
  1396 10088
  1397 10088
  1398 10088
  1399 10088
  1400 10088
  1401 10088
  1402 10088
  1403 10088
  1404 10088
  1405 10088
  1406 10088
  1407 10088
  1408 10088
  1409 10088
  1410 10088
  1411 10088
  1412 10088
  1413 10088
  1414 10088
  1415 10088
  1416 10088
  1417 10088
  1418 10088
  1419 10088
  1420 10088
  1421 10088
  1422 10088
  1423 10088
  1424 10088
  1425 10088
  1426 10088
  1427 10088
  1428 10088
  1429 10088
  1430 10088
  1431 10088
  1432 10088
  1433 10088
  1434 10088
  1435 10088
  1436 10088
  1437 10088
  1438 10088
  1439 10088
  1440 10088
  1441 10088
  1442 10088
  1443 10088
  1444 10088
  1445 10088
  1446 10088
  1447 10088
  1448 10088
  1449 10088
  1450 10088
  1451 10088
  1452 10088
  1453 10088
  1454 10088
  1455 10088
  1456 10088
  1457 10088
  1458 10088
  1459 10088
  1460 10088
  1461 10088
  1462 10088
  1463 10088
  1464 10088
  1465 10088
  1466 10088
  1467 10088
  1468 10088
  1469 10088
  1470 10088
  1471 10088
  1472 10088
  1473 10088
  1474 10088
  1475 10088
  1476 10088
  1477 10088
  1478 10088
  1479 10088
  1480 10088
  1481 10088
  1482 10088
  1483 10088
  1484 10088
  1485 10088
  1486 10088
  1487 10088
  1488 10088
  1489 10088
  1490 10088
  1491 10088
  1492 10088
  1493 10088
  1494 10088
  1495 10088
  1496 10088
  1497 10088
  1498 10088
  1499 10088
  1500 10088
  1501 10055
  1502 10055
  1503 10018
  1504 10018
  1505 10018
  1506 10018
  1507 10018
  1510 10023
  1511 10023
  1512 10023
  1513 10023
  1514 10023
  1525 10018
  1526 10018
  1527 10018
  1528 10018
  1529 10018
  1530 10158
  1531 10158
  1532 10158
  1533 10158
  1534 10158
  1535 10158
  1536 10158
  1537 10158
  1538 10158
  1539 10158
  1540 10158
  1541 10158
  1542 10158
  1543 10158
  1544 10158
  1545 10158
  1546 10158
  1547 10158
  1548 10158
  1549 10158
  1550 10158
  1551 10158
  1552 10158
  1553 10158
  1554 10055
  1555 10055
  1556 10055
  1557 10018
  1558 10055
  1559 10055
  1564 10016
  1565 10016
  1566 10016
  1567 10016
  1568 10016
  1569 10154
  1570 10154
  1571 10154
  1575 10050
  1586 10101
  1589 10101
  1590 10101
  1591 10101
  1592 10101
  1593 10101
  1594 10101
  1595 10101
  1597 10101
  1598 10101
  1599 10101
  1600 10101
  1601 10101
  1602 10101
  1603 10101
  1604 10061
  1605 10061
  1606 10061
  1607 10061
  1608 10061
  1609 10061
  1610 10101
  1611 10101
  1612 10101
  1613 10101
  1614 10101
  1615 10101
  1616 10101
  1617 10101
  1618 10101
  1619 10101
  1622 10097
  1625 10154
  1626 10154
  1627 10014
  1628 10014
  1629 10154
  1630 10155
  1631 10155
  1632 10155
  1633 10155
  1634 10155
  1635 10155
  1636 10155
  1637 10155
  1638 10155
  1639 10155
  1640 10155
  1641 10155
  1642 10155
  1643 10155
  1644 10155
  1645 10155
  1646 10155
  1647 10155
  1648 10155
  1649 10155
  1650 10155
  1651 10155
  1652 10155
  1653 10155
  1654 10155
  1655 10155
  1656 10155
  1657 10155
  1658 10155
  1659 10155
  1660 10155
  1661 10155
  1662 10155
  1663 10155
  1664 10155
  1665 10155
  1666 10155
  1667 10155
  1668 10155
  1669 10155
  1670 10155
  1671 10155
  1672 10155
  1673 10155
  1674 10155
  1675 10155
  1676 10155
  1677 10155
  1678 10155
  1679 10155
  1680 10155
  1681 10155
  1682 10155
  1683 10155
  1684 10155
  1685 10155
  1686 10155
  1687 10155
  1688 10155
  1689 10155
  1690 10155
  1691 10155
  1692 10155
  1693 10155
  1694 10155
  1695 10155
  1696 10155
  1697 10155
  1698 10155
  1699 10155
  1700 10155
  1701 10155
  1702 10155
  1703 10155
  1704 10155
  1705 10155
  1706 10155
  1707 10155
  1708 10155
  1709 10155
  1710 10155
  1711 10155
  1712 10155
  1713 10155
  1714 10155
  1715 10155
  1716 10155
  1717 10155
  1718 10155
  1719 10155
  1720 10155
  1721 10155
  1722 10155
  1723 10155
  1724 10155
  1725 10155
  1726 10155
  1727 10155
  1728 10155
  1729 10155
  1730 10155
  1731 10155
  1732 10155
  1733 10155
  1734 10155
  1735 10155
  1736 10155
  1737 10155
  1738 10155
  1739 10155
  1740 10155
  1741 10155
  1742 10155
  1743 10155
  1744 10155
  1745 10155
  1746 10155
  1747 10155
  1748 10155
  1749 10155
  1750 10155
  1751 10155
  1752 10155
  1753 10155
  1754 10155
  1755 10155
  1756 10155
  1757 10155
  1758 10155
  1759 10155
  1760 10155
  1761 10155
  1762 10155
  1763 10155
  1764 10155
  1765 10155
  1766 10155
  1767 10155
  1768 10155
  1769 10155
  1770 10155
  1771 10155
  1772 10155
  1773 10155
  1774 10155
  1775 10155
  1776 10155
  1777 10155
  1778 10155
  1779 10155
  1780 10155
  1781 10155
  1782 10155
  1783 10155
  1784 10155
  1785 10155
  1786 10155
  1787 10155
  1788 10155
  1789 10155
  1790 10155
  1791 10155
  1792 10155
  1793 10155
  1794 10155
  1795 10155
  1796 10155
  1797 10155
  1798 10155
  1799 10155
  1800 10155
  1801 10155
  1802 10155
  1803 10155
  1804 10155
  1805 10155
  1806 10155
  1807 10155
  1808 10155
  1809 10155
  1810 10155
  1811 10155
  1812 10155
  1813 10155
  1814 10155
  1815 10155
  1816 10155
  1817 10155
  1818 10155
  1819 10155
  1820 10155
  1821 10155
  1822 10155
  1823 10155
  1824 10155
  1825 10155
  1826 10155
  1827 10155
  1828 10155
  1829 10155
  1830 10155
  1831 10155
  1832 10155
  1833 10155
  1834 10155
  1835 10155
  1836 10155
  1837 10155
  1838 10155
  1839 10155
  1840 10155
  1841 10155
  1842 10155
  1843 10155
  1844 10155
  1845 10155
  1846 10155
  1847 10155
  1848 10155
  1849 10155
  1850 10155
  1851 10155
  1852 10155
  1853 10155
  1854 10155
  1855 10155
  1856 10155
  1857 10155
  1858 10155
  1859 10155
  1860 10155
  1861 10155
  1862 10155
  1863 10155
  1864 10155
  1865 10155
  1866 10155
  1867 10155
  1868 10155
  1869 10155
  1870 10155
  1871 10155
  1872 10155
  1873 10155
  1874 10155
  1875 10155
  1876 10155
  1877 10155
  1878 10155
  1879 10155
  1880 10155
  1881 10155
  1882 10155
  1883 10155
  1884 10155
  1885 10155
  1886 10155
  1887 10155
  1888 10155
  1889 10155
  1890 10155
  1891 10155
  1892 10155
  1893 10155
  1894 10155
  1895 10155
  1896 10155
  1897 10155
  1898 10155
  1899 10155
  1900 10155
  1901 10155
  1902 10155
  1903 10155
  1904 10155
  1905 10155
  1906 10155
  1907 10155
  1908 10155
  1909 10155
  1910 10155
  1911 10155
  1912 10155
  1913 10155
  1914 10155
  1915 10155
  1916 10155
  1917 10155
  1918 10155
  1919 10155
  1920 10155
  1921 10155
  1922 10155
  1923 10155
  1924 10155
  1925 10155
  1926 10155
  1927 10155
  1928 10155
  1929 10155
  1930 10155
  1931 10155
  1932 10155
  1933 10155
  1934 10155
  1935 10155
  1936 10155
  1937 10155
  1938 10155
  1939 10155
  1940 10155
  1941 10155
  1942 10155
  1943 10155
  1944 10155
  1945 10155
  1946 10155
  1947 10155
  1948 10155
  1949 10155
  1950 10155
  1951 10155
  1952 10155
  1953 10155
  1954 10155
  1955 10155
  1956 10155
  1957 10155
  1958 10155
  1959 10155
  1960 10155
  1961 10155
  1962 10155
  1963 10155
  1964 10155
  1965 10155
  1966 10155
  1967 10155
  1968 10155
  1969 10155
  1970 10155
  1971 10155
  1972 10155
  1973 10155
  1974 10155
  1975 10155
  1976 10155
  1977 10155
  1978 10155
  1979 10155
  1980 10155
  1981 10155
  1982 10155
  1983 10155
  1984 10155
  1985 10155
  1986 10155
  1987 10155
  1988 10155
  1989 10155
  1990 10155
  1991 10155
  1992 10155
  1993 10155
  1994 10155
  1995 10155
  1996 10155
  1997 10155
  1998 10155
  1999 10155
  2000 10155
  2001 10155
  2002 10155
  2003 10155
  2004 10155
  2005 10155
  2006 10155
  2007 10155
  2008 10155
  2009 10155
  2010 10155
  2011 10155
  2012 10155
  2013 10155
  2014 10155
  2015 10155
  2016 10155
  2017 10155
  2018 10155
  2019 10155
  2020 10155
  2021 10155
  2022 10155
  2023 10154
  2024 10154
  2025 10154
  2026 10116
