   686 10031
   687 10031
   688 10031
   689 10031
   690 10031
   691 10031
   692 10031
   693 10031
   694 10031
   695 10031
   696 10031
   697 10031
   698 10031
   699 10031
   700 10031
   701 10031
   702 10031
   703 10031
   704 10031
   705 10031
   706 10031
   707 10031
   708 10031
   709 10031
   710 10031
   711 10031
   712 10031
   713 10031
   714 10031
   715 10031
   716 10031
   717 10031
   718 10031
   719 10031
   720 10031
   721 10031
   722 10031
   723 10031
   724 10031
   725 10031
   726 10031
   727 10031
   728 10031
   729 10031
   730 10031
   731 10031
   732 10031
   733 10031
   734 10031
   735 10031
   736 10031
   737 10031
   738 10031
   739 10031
   740 10031
   741 10031
   742 10031
   743 10031
   744 10031
   745 10031
   746 10031
   747 10031
   748 10031
   749 10031
   750 10031
   751 10031
   752 10031
   753 10031
   754 10031
   755 10031
   756 10031
   757 10031
   758 10031
   759 10031
   760 10031
   761 10031
   762 10031
   763 10031
   764 10031
   765 10031
   766 10031
   767 10031
   768 10031
   769 10031
   770 10031
   771 10031
   772 10031
   773 10031
   774 10031
   775 10031
   776 10031
   777 10031
   778 10031
   779 10031
   780 10031
   785 10135
   786 10165
   787 10165
   788 10165
   789 10165
   790 10165
   791 10165
   792 10165
   793 10165
   794 10165
   795 10031
   796 10031
   797 10031
   798 10031
   799 10031
   800 10031
   801 10031
   802 10031
   803 10031
   804 10031
   805 10031
   806 10031
   807 10031
   808 10031
   809 10031
   810 10031
   811 10031
   812 10031
   813 10031
   814 10031
   815 10031
   816 10031
   817 10031
   818 10031
   819 10031
   820 10031
   821 10031
   822 10031
   823 10031
   824 10031
   825 10031
   826 10031
   827 10031
   828 10031
   829 10031
   830 10031
   831 10031
   832 10031
   833 10031
   834 10031
   835 10031
   836 10031
   837 10031
   838 10031
   839 10031
   840 10031
   841 10031
   842 10031
   843 10031
   844 10031
   845 10031
   846 10031
   847 10031
   848 10031
   849 10031
   850 10031
   851 10031
   852 10031
   853 10031
   854 10031
   855 10031
   856 10031
   857 10031
   858 10031
   859 10031
   860 10031
   861 10031
   862 10031
   863 10031
   864 10031
   865 10031
   866 10031
   867 10031
   868 10031
   869 10031
   870 10031
   871 10031
   872 10031
   873 10031
   874 10031
   875 10031
   876 10031
   877 10031
   878 10031
   879 10031
   880 10031
   881 10031
   882 10031
   883 10031
   884 10031
   885 10031
   886 10031
   887 10031
   888 10031
   889 10031
   890 10031
   891 10031
   892 10031
   893 10031
   894 10031
   895 10031
   896 10031
   897 10031
   898 10031
   899 10031
   900 10031
   901 10031
   902 10031
   903 10031
   904 10031
   905 10031
   906 10031
   907 10031
   908 10031
   909 10031
   910 10031
   911 10031
   912 10031
   913 10031
   914 10031
   915 10031
   916 10031
   917 10031
   918 10031
   919 10031
   920 10031
   921 10031
   922 10031
   923 10031
   924 10031
   925 10031
   926 10031
   927 10031
   928 10031
   929 10031
   930 10031
   931 10031
   932 10031
   933 10031
   934 10031
   935 10031
   936 10031
   937 10031
   938 10031
   939 10031
   940 10031
   941 10031
   942 10031
   943 10031
   944 10031
   945 10031
   946 10031
   947 10031
   948 10031
   949 10031
   950 10031
   951 10031
   952 10031
   953 10031
   954 10031
   955 10031
   956 10031
   957 10031
   958 10031
   959 10031
   960 10031
   961 10031
   962 10031
   963 10031
   964 10031
   965 10031
   966 10031
   967 10031
   968 10031
   969 10031
   970 10031
   971 10031
   972 10031
   973 10031
   974 10031
   975 10031
   976 10031
   977 10031
   978 10031
   979 10031
   980 10031
   981 10031
   982 10031
   983 10031
   984 10031
   985 10031
   986 10031
   987 10031
   988 10031
   989 10031
   990 10031
   991 10031
   992 10031
   993 10031
   994 10031
   995 10031
   996 10031
   997 10031
   998 10031
   999 10031
  1000 10031
  1001 10031
  1002 10031
  1003 10031
  1004 10031
  1005 10031
  1006 10031
  1007 10031
  1008 10031
  1009 10031
  1010 10031
  1011 10031
  1012 10031
  1013 10031
  1014 10031
  1015 10031
  1016 10031
  1017 10031
  1018 10031
  1019 10031
  1020 10031
  1021 10154
  1022 10014
  1024 10014
  1026 10146
  1028 10146
  1029 10146
  1030 10146
  1031 10146
  1032 10146
  1033 10146
  1034 10146
  1035 10146
  1036 10146
  1037 10146
  1038 10146
  1039 10146
  1040 10146
  1041 10146
  1042 10146
  1043 10146
  1044 10146
  1045 10146
  1046 10146
  1047 10146
  1048 10146
  1049 10146
  1050 10146
  1051 10146
  1052 10146
  1053 10146
  1054 10146
  1055 10146
  1056 10146
  1057 10146
  1058 10146
  1059 10146
  1060 10146
  1061 10146
  1062 10146
  1063 10146
  1064 10146
  1065 10146
  1066 10146
  1067 10146
  1068 10146
  1069 10146
  1070 10146
  1071 10146
  1072 10146
  1073 10146
  1074 10146
  1075 10146
  1076 10146
  1077 10146
  1078 10146
  1079 10146
  1080 10146
  1081 10146
  1082 10146
  1083 10146
  1084 10146
  1085 10146
  1086 10146
  1087 10146
  1088 10146
  1089 10146
  1090 10146
  1091 10146
  1092 10146
  1093 10146
  1094 10146
  1095 10146
  1096 10146
  1097 10146
  1098 10146
  1099 10146
  1100 10146
  1101 10146
  1102 10146
  1103 10146
  1104 10146
  1105 10146
  1106 10146
  1107 10146
  1108 10146
  1109 10146
  1110 10146
  1111 10146
  1112 10146
  1113 10146
  1114 10146
  1115 10146
  1116 10146
  1117 10146
  1118 10146
  1119 10146
  1120 10146
  1121 10146
  1122 10146
  1123 10146
  1124 10146
  1125 10146
  1126 10146
  1127 10146
  1128 10146
  1129 10146
  1130 10146
  1131 10146
  1132 10146
  1133 10146
  1134 10146
  1135 10146
  1136 10146
  1137 10146
  1138 10146
  1139 10146
  1140 10146
  1141 10146
  1142 10146
  1143 10146
  1144 10146
  1145 10146
  1146 10146
  1147 10146
  1148 10146
  1149 10146
  1150 10146
  1151 10146
  1152 10146
  1153 10146
  1154 10146
  1155 10146
  1156 10146
  1157 10146
  1158 10146
  1159 10146
  1160 10146
  1161 10146
  1162 10146
  1163 10146
  1164 10146
  1165 10146
  1166 10146
  1167 10146
  1168 10146
  1169 10146
  1170 10146
  1171 10146
  1172 10146
  1173 10146
  1174 10146
  1175 10146
  1176 10146
  1177 10146
  1178 10146
  1179 10146
  1180 10146
  1181 10146
  1182 10146
  1183 10146
  1184 10146
  1185 10146
  1186 10146
  1187 10146
  1188 10146
  1189 10146
  1190 10146
  1191 10146
  1192 10146
  1193 10146
  1194 10146
  1195 10146
  1196 10146
  1197 10146
  1198 10146
  1199 10146
  1200 10146
  1201 10146
  1202 10146
  1203 10146
  1204 10146
  1205 10146
  1206 10146
  1207 10146
  1208 10146
  1209 10146
  1210 10146
  1211 10146
  1212 10146
  1213 10146
  1214 10146
  1215 10146
  1216 10146
  1217 10146
  1218 10146
  1219 10146
  1220 10146
  1221 10146
  1222 10146
  1223 10146
  1224 10146
  1225 10146
  1226 10146
  1227 10146
  1228 10146
  1229 10146
  1230 10146
  1231 10146
  1232 10146
  1233 10146
  1234 10146
  1235 10146
  1236 10146
  1237 10146
  1238 10146
  1239 10146
  1240 10146
  1241 10146
  1242 10146
  1243 10146
  1244 10146
  1245 10146
  1246 10146
  1247 10146
  1248 10146
  1249 10146
  1250 10146
  1251 10146
  1252 10146
  1253 10146
  1254 10146
  1255 10146
  1256 10146
  1257 10146
  1267 10016
  1268 10016
  1269 10095
  1270 10095
  1271 10095
  1272 10095
  1273 10095
  1274 10095
  1366 10055
  1367 10055
  1368 10055
  1369 10055
  1370 10055
  1436 10055
  1437 10018
  1438 10018
  1439 10018
  1440 10018
  1544 10055
  1600 10173
  1601 10173
  1611 10031
  1612 10031
  1613 10031
  1614 10036
  1615 10016
  1616 10016
  1617 10016
  1618 10016
  1619 10016
  1620 10014
  1621 10016
  1622 10016
  1623 10156
  1624 10154
  1625 10156
  1627 10163
  1628 10163
  1629 10163
  1630 10163
  1631 10163
  1632 10163
  1633 10163
  1634 10163
  1635 10163
  1636 10163
  1637 10163
  1638 10163
  1639 10163
  1640 10163
  1641 10163
  1642 10163
  1643 10163
  1644 10163
  1645 10163
  1646 10163
  1647 10163
  1648 10163
  1649 10163
  1650 10163
  1651 10163
  1652 10163
  1653 10163
  1654 10163
  1655 10163
  1656 10163
  1657 10163
  1658 10163
  1659 10163
  1660 10163
  1661 10163
  1662 10163
  1663 10163
  1664 10163
  1665 10163
  1666 10163
  1667 10163
  1668 10163
  1669 10163
  1670 10163
  1671 10163
  1672 10163
  1673 10163
  1674 10163
  1675 10163
  1676 10163
  1677 10163
  1678 10163
  1679 10163
  1680 10163
  1681 10163
  1682 10163
  1683 10163
  1684 10163
  1685 10163
  1686 10163
  1687 10163
  1688 10163
  1689 10163
  1690 10163
  1691 10163
  1692 10163
  1693 10163
  1694 10163
  1695 10163
  1696 10163
  1697 10163
  1698 10163
  1699 10163
  1700 10163
  1701 10163
  1702 10163
  1703 10163
  1704 10163
  1705 10163
  1706 10163
  1707 10163
  1708 10163
  1709 10163
  1710 10163
  1711 10163
  1712 10163
  1713 10163
  1714 10163
  1715 10163
  1716 10163
  1717 10163
  1718 10163
  1719 10163
  1720 10163
  1721 10163
  1722 10163
  1723 10163
  1724 10163
  1725 10163
  1726 10163
  1727 10163
  1728 10163
  1729 10163
  1730 10163
  1731 10163
  1732 10163
  1733 10163
  1734 10163
  1735 10163
  1736 10163
  1737 10163
  1738 10163
  1739 10163
  1740 10163
  1741 10163
  1742 10163
  1743 10163
  1744 10163
  1745 10163
  1746 10163
  1747 10163
  1748 10163
  1749 10163
  1750 10163
  1751 10163
  1752 10163
  1753 10163
  1754 10163
  1755 10163
  1756 10163
  1757 10163
  1758 10163
  1759 10163
  1760 10163
  1761 10163
  1762 10163
  1763 10163
  1764 10163
  1765 10163
  1766 10163
  1767 10163
  1768 10163
  1769 10163
  1770 10163
  1771 10163
  1772 10163
  1773 10163
  1774 10163
  1775 10163
  1776 10163
  1777 10163
  1778 10163
  1779 10163
  1780 10163
  1781 10163
  1782 10163
  1783 10163
  1784 10163
  1785 10163
  1786 10163
  1787 10163
  1788 10163
  1789 10163
  1790 10163
  1791 10163
  1792 10163
  1793 10163
  1794 10163
  1795 10163
  1796 10163
  1797 10163
  1798 10163
  1799 10163
  1800 10163
  1801 10163
  1802 10163
  1803 10163
  1804 10163
  1805 10163
  1806 10163
  1807 10163
  1808 10163
  1809 10163
  1810 10163
  1811 10163
  1812 10163
  1813 10163
  1814 10163
  1815 10163
  1816 10163
  1817 10163
  1818 10163
  1819 10163
  1820 10163
  1821 10163
  1822 10163
  1823 10163
  1824 10163
  1825 10163
  1826 10163
  1827 10163
  1828 10163
  1829 10163
  1830 10163
  1831 10163
  1832 10163
  1833 10163
  1834 10163
  1835 10163
  1836 10163
  1837 10163
  1838 10163
  1839 10163
  1840 10163
  1841 10163
  1842 10163
  1843 10163
  1844 10163
  1845 10163
  1846 10163
  1847 10163
  1848 10163
  1849 10163
  1850 10163
  1851 10163
  1852 10163
  1853 10163
  1854 10163
  1855 10163
  1856 10163
  1857 10163
  1858 10163
  1859 10163
  1860 10163
  1861 10101
  1862 10101
  1863 10101
  1864 10101
  1867 10097
  1868 10097
  1870 10077
  1871 10077
  1872 10077
  1873 10077
  1874 10077
  1875 10077
  1876 10077
  1877 10077
  1878 10077
  1879 10077
  1880 10077
  1881 10077
  1882 10077
  1883 10077
  1884 10077
  1885 10077
  1886 10077
  1887 10077
  1888 10077
  1889 10077
  1890 10077
  1891 10077
  1892 10077
  1893 10077
  1894 10077
  1895 10077
  1896 10077
  1897 10077
  1898 10077
  1899 10077
  1900 10077
  1901 10077
  1902 10077
  1903 10077
  1904 10077
  1905 10077
  1906 10077
  1907 10077
  1908 10077
  1909 10077
  1910 10077
  1911 10077
  1912 10077
  1913 10077
  1914 10077
  1915 10077
  1916 10077
  1917 10077
  1918 10077
  1919 10077
  1920 10077
  1921 10077
  1922 10077
  1923 10077
  1924 10077
  1925 10077
  1926 10077
  1927 10077
  1928 10077
  1929 10077
  1930 10077
  1931 10077
  1932 10077
  1933 10077
  1934 10077
  1935 10077
  1936 10077
  1937 10077
  1938 10077
  1939 10077
  1940 10077
  1941 10077
  1942 10077
  1943 10077
  1944 10077
  1945 10077
  1946 10077
  1947 10077
  1948 10077
  1949 10077
  1950 10077
  1951 10077
  1952 10077
  1953 10077
  1954 10077
  1955 10077
  1956 10077
  1957 10077
  1958 10077
  1959 10077
  1960 10077
  1961 10077
  1962 10077
  1963 10077
  1964 10077
  1965 10077
  1966 10077
  1967 10077
  1968 10077
  1969 10077
  1970 10077
  1971 10077
  1972 10077
  1973 10077
  1974 10077
  1975 10077
  1976 10077
  1977 10077
  1978 10077
  1979 10077
  1980 10077
  1981 10077
  1982 10077
  1983 10077
  1984 10077
  1985 10077
  1986 10077
  1987 10077
  1988 10077
  1989 10077
  1990 10077
  1991 10077
  1992 10077
  1993 10077
  1994 10077
  1995 10077
  1996 10077
  1997 10077
  1998 10077
  1999 10077
  2000 10077
  2001 10077
  2002 10077
  2003 10077
  2004 10077
  2005 10077
  2006 10077
  2007 10077
  2008 10077
  2009 10077
  2010 10077
  2011 10077
  2012 10077
  2013 10077
  2014 10077
  2015 10077
  2016 10077
  2017 10077
  2018 10077
  2019 10077
  2020 10077
  2021 10097
  2022 10097
  2023 10097
  2024 10031
  2025 10031
  2026 10031
  2028 10031
  2029 10031
  2030 10031
  2031 10031
