   690 10035
   691 10035
   692 10035
   693 10035
   694 10035
   695 10035
   696 10035
   697 10035
   698 10035
   699 10035
   700 10035
   701 10035
   702 10035
   703 10035
   704 10035
   705 10035
   706 10035
   707 10035
   708 10035
   709 10035
   710 10035
   711 10035
   712 10035
   713 10035
   714 10035
   715 10035
   716 10035
   717 10035
   718 10035
   719 10035
   720 10035
   721 10035
   722 10035
   723 10035
   724 10035
   725 10035
   726 10035
   727 10035
   728 10035
   729 10035
   730 10035
   731 10035
   732 10035
   733 10035
   734 10035
   735 10035
   736 10035
   737 10035
   738 10035
   739 10035
   740 10035
   741 10035
   742 10035
   743 10035
   744 10035
   745 10035
   746 10035
   747 10035
   748 10035
   749 10035
   750 10035
   751 10035
   752 10035
   753 10035
   754 10035
   755 10035
   756 10035
   757 10035
   758 10035
   759 10035
   760 10035
   761 10035
   762 10035
   763 10035
   764 10035
   765 10035
   766 10035
   767 10035
   768 10035
   769 10035
   770 10035
   771 10035
   772 10035
   773 10035
   774 10035
   775 10035
   776 10035
   777 10035
   778 10035
   779 10035
   780 10035
   781 10035
   782 10035
   783 10035
   784 10035
   785 10035
   786 10035
   787 10045
   788 10035
   789 10035
   790 10035
   791 10035
   792 10035
   793 10035
   794 10002
   795 10002
   796 10002
   797 10002
   798 10002
   799 10002
   800 10002
   801 10002
   802 10002
   803 10002
   804 10002
   805 10002
   806 10002
   807 10002
   808 10002
   809 10002
   810 10002
   811 10002
   812 10002
   813 10002
   814 10002
   815 10002
   816 10002
   817 10002
   818 10002
   819 10002
   820 10002
   821 10002
   822 10002
   823 10002
   824 10002
   825 10002
   826 10002
   827 10002
   828 10002
   829 10002
   830 10002
   831 10002
   832 10002
   833 10002
   834 10002
   835 10002
   836 10002
   837 10002
   838 10002
   839 10002
   840 10002
   841 10002
   842 10002
   843 10002
   844 10002
   845 10002
   846 10002
   847 10002
   850 10002
   851 10002
   852 10002
   853 10002
   854 10002
   855 10002
   856 10002
   857 10002
   858 10002
   859 10002
   860 10002
   861 10002
   862 10002
   863 10002
   864 10002
   865 10002
   866 10002
   867 10002
   868 10002
   869 10002
   870 10002
   871 10002
   872 10002
   873 10002
   874 10002
   875 10002
   876 10002
   877 10002
   878 10002
   879 10002
   880 10002
   881 10002
   882 10002
   883 10002
   884 10002
   885 10002
   886 10002
   887 10002
   888 10002
   889 10002
   890 10002
   891 10002
   892 10002
   893 10002
   894 10002
   895 10002
   896 10002
   897 10002
   898 10002
   899 10002
   900 10002
   901 10002
   902 10002
   903 10002
   904 10002
   905 10002
   906 10002
   907 10002
   908 10002
   909 10002
   910 10002
   911 10002
   912 10002
   913 10002
   914 10002
   915 10002
   916 10002
   917 10002
   918 10002
   919 10002
   920 10002
   921 10002
   922 10002
   923 10002
   924 10002
   925 10002
   926 10002
   927 10002
   928 10002
   929 10002
   930 10002
   931 10002
   932 10002
   933 10002
   934 10002
   935 10002
   946 10002
   947 10002
   948 10002
   949 10002
   950 10002
   951 10002
   952 10002
   953 10002
   954 10002
   955 10002
   956 10002
   957 10002
   958 10002
   959 10002
   960 10002
   961 10002
   962 10002
   963 10002
   964 10002
   965 10002
   966 10002
   967 10002
   968 10002
   969 10002
   970 10002
   971 10002
   972 10002
   973 10002
   974 10002
   975 10002
   976 10002
   977 10002
   989 10002
   990 10002
   991 10002
   992 10002
   993 10002
   994 10002
   995 10002
   996 10002
   997 10002
   998 10002
   999 10002
  1000 10002
  1001 10002
  1002 10002
  1012 10002
  1013 10057
  1014 10002
  1015 10002
  1016 10002
  1017 10002
  1018 10002
  1019 10002
  1020 10002
  1021 10002
  1022 10002
  1023 10002
  1024 10002
  1025 10002
  1026 10002
  1027 10002
  1028 10002
  1029 10002
  1030 10002
  1031 10002
  1032 10002
  1033 10002
  1034 10002
  1035 10002
  1036 10002
  1037 10002
  1038 10002
  1039 10002
  1040 10002
  1041 10002
  1042 10002
  1043 10002
  1044 10002
  1045 10002
  1046 10002
  1047 10002
  1048 10002
  1049 10002
  1050 10002
  1051 10002
  1052 10002
  1053 10002
  1054 10002
  1055 10002
  1056 10002
  1057 10002
  1058 10002
  1059 10002
  1060 10002
  1061 10002
  1062 10002
  1063 10002
  1064 10002
  1065 10002
  1066 10002
  1067 10002
  1068 10002
  1069 10002
  1070 10002
  1071 10002
  1072 10002
  1073 10002
  1074 10002
  1075 10002
  1076 10002
  1077 10002
  1078 10002
  1079 10002
  1080 10002
  1081 10002
  1082 10002
  1083 10002
  1084 10002
  1085 10002
  1086 10002
  1087 10002
  1088 10002
  1089 10002
  1090 10002
  1091 10002
  1092 10002
  1093 10002
  1094 10002
  1095 10002
  1096 10002
  1097 10002
  1098 10002
  1099 10002
  1100 10002
  1101 10002
  1102 10002
  1103 10002
  1104 10002
  1105 10002
  1106 10002
  1107 10002
  1108 10002
  1109 10002
  1110 10002
  1111 10002
  1112 10002
  1113 10002
  1114 10002
  1115 10002
  1116 10002
  1117 10002
  1118 10002
  1119 10002
  1120 10002
  1121 10002
  1122 10002
  1123 10002
  1124 10002
  1125 10002
  1126 10002
  1127 10002
  1128 10002
  1129 10002
  1130 10002
  1131 10002
  1132 10002
  1133 10002
  1134 10002
  1135 10002
  1136 10002
  1137 10002
  1138 10002
  1139 10002
  1140 10002
  1141 10002
  1142 10002
  1143 10002
  1144 10002
  1145 10002
  1146 10002
  1147 10002
  1148 10002
  1149 10002
  1150 10002
  1151 10002
  1152 10002
  1153 10002
  1154 10002
  1155 10002
  1156 10002
  1157 10002
  1158 10002
  1159 10002
  1160 10002
  1161 10002
  1162 10002
  1163 10002
  1164 10002
  1165 10002
  1166 10002
  1167 10002
  1168 10002
  1169 10002
  1170 10002
  1171 10002
  1172 10002
  1173 10002
  1174 10002
  1175 10002
  1176 10002
  1177 10002
  1178 10002
  1179 10002
  1180 10002
  1181 10002
  1182 10002
  1183 10002
  1184 10002
  1185 10002
  1186 10002
  1187 10002
  1188 10002
  1189 10002
  1190 10002
  1191 10002
  1192 10002
  1193 10002
  1194 10002
  1195 10002
  1196 10002
  1197 10002
  1198 10002
  1199 10002
  1200 10002
  1201 10002
  1202 10002
  1203 10002
  1204 10002
  1205 10002
  1206 10002
  1207 10002
  1208 10002
  1209 10002
  1210 10002
  1211 10002
  1212 10002
  1213 10002
  1214 10002
  1215 10002
  1216 10002
  1217 10002
  1218 10002
  1219 10002
  1220 10002
  1221 10002
  1222 10002
  1223 10002
  1224 10002
  1225 10002
  1226 10002
  1227 10002
  1228 10002
  1229 10002
  1230 10002
  1231 10002
  1232 10002
  1233 10002
  1234 10002
  1235 10002
  1236 10002
  1237 10002
  1238 10002
  1239 10002
  1240 10002
  1241 10002
  1242 10002
  1243 10002
  1244 10002
  1245 10002
  1246 10002
  1247 10002
  1248 10002
  1249 10002
  1250 10002
  1251 10002
  1252 10002
  1253 10002
  1254 10002
  1255 10002
  1256 10002
  1257 10002
  1258 10047
  1259 10047
  1260 10047
  1261 10047
  1262 10047
  1263 10047
  1264 10047
  1265 10047
  1266 10002
  1267 10002
  1268 10002
  1269 10002
  1270 10002
  1271 10035
  1272 10035
  1273 10035
  1274 10035
  1275 10035
  1276 10035
  1277 10035
  1278 10035
  1279 10035
  1280 10035
  1281 10035
  1282 10035
  1283 10035
  1284 10035
  1285 10035
  1286 10035
  1287 10035
  1288 10035
  1289 10035
  1290 10035
  1291 10035
  1292 10035
  1293 10035
  1294 10035
  1295 10035
  1296 10035
  1297 10035
  1298 10035
  1299 10035
  1300 10035
  1301 10035
  1302 10035
  1303 10035
  1304 10035
  1305 10035
  1306 10035
  1307 10035
  1308 10035
  1309 10035
  1310 10035
  1311 10035
  1312 10035
  1313 10035
  1314 10035
  1315 10035
  1316 10035
  1317 10035
  1318 10035
  1319 10035
  1320 10035
  1321 10035
  1322 10035
  1323 10035
  1324 10035
  1325 10035
  1326 10035
  1327 10035
  1328 10035
  1329 10035
  1330 10035
  1331 10035
  1332 10035
  1333 10035
  1334 10035
  1335 10035
  1336 10035
  1337 10035
  1338 10035
  1339 10035
  1340 10035
  1341 10035
  1342 10035
  1343 10035
  1344 10035
  1345 10035
  1346 10035
  1347 10035
  1348 10035
  1349 10035
  1350 10035
  1351 10035
  1352 10035
  1353 10035
  1354 10035
  1355 10035
  1356 10035
  1357 10035
  1358 10035
  1359 10035
  1360 10035
  1361 10035
  1362 10035
  1363 10035
  1364 10035
  1365 10035
  1366 10035
  1367 10035
  1368 10035
  1369 10035
  1370 10035
  1371 10035
  1372 10035
  1373 10035
  1374 10035
  1375 10035
  1376 10035
  1377 10035
  1378 10035
  1379 10035
  1380 10035
  1381 10035
  1382 10035
  1383 10035
  1384 10035
  1385 10035
  1386 10035
  1387 10035
  1388 10035
  1389 10035
  1390 10035
  1391 10035
  1392 10035
  1393 10035
  1394 10035
  1395 10035
  1396 10035
  1397 10035
  1400 10035
  1401 10035
  1402 10035
  1403 10035
  1404 10035
  1405 10035
  1406 10035
  1407 10035
  1414 10035
  1415 10035
  1416 10035
  1417 10035
  1418 10035
  1419 10035
  1420 10035
  1421 10035
  1422 10035
  1423 10035
  1424 10035
  1425 10035
  1426 10035
  1427 10035
  1428 10035
  1429 10035
  1430 10035
  1431 10035
  1432 10035
  1433 10035
  1434 10035
  1435 10035
  1436 10035
  1437 10035
  1438 10035
  1439 10035
  1440 10035
  1441 10035
  1442 10035
  1443 10035
  1444 10035
  1445 10035
  1446 10035
  1447 10035
  1448 10035
  1449 10035
  1450 10035
  1451 10035
  1452 10035
  1453 10035
  1454 10035
  1455 10035
  1456 10035
  1457 10035
  1458 10035
  1459 10035
  1460 10035
  1461 10035
  1462 10035
  1463 10035
  1464 10035
  1465 10035
  1466 10035
  1467 10035
  1468 10035
  1469 10035
  1470 10035
  1471 10035
  1472 10035
  1473 10035
  1474 10035
  1475 10035
  1476 10035
  1477 10035
  1478 10035
  1479 10035
  1480 10035
  1481 10035
  1482 10035
  1483 10035
  1484 10035
  1485 10035
  1486 10035
  1487 10035
  1488 10047
  1489 10047
  1490 10047
  1491 10047
  1492 10047
  1493 10047
  1494 10047
  1495 10047
  1496 10047
  1497 10047
  1498 10047
  1499 10047
  1500 10047
  1501 10047
  1502 10047
  1503 10047
  1504 10047
  1505 10047
  1506 10047
  1507 10047
  1508 10047
  1509 10047
  1510 10047
  1511 10002
  1512 10035
  1513 10048
  1514 10048
  1515 10048
  1516 10035
  1517 10035
  1518 10035
  1519 10035
  1520 10035
  1521 10035
  1522 10035
  1523 10035
  1524 10035
  1525 10035
  1526 10003
  1527 10002
  1528 10002
  1529 10002
  1530 10002
  1531 10002
  1532 10057
  1584 10002
  1585 10002
  1586 10002
  1587 10002
  1588 10002
  1589 10002
  1590 10002
  1591 10002
  1592 10002
  1593 10002
  1594 10002
  1595 10002
  1596 10002
  1597 10002
  1598 10002
  1599 10002
  1600 10002
  1601 10002
  1602 10002
  1603 10002
  1604 10002
  1605 10002
  1606 10002
  1607 10002
  1608 10002
  1609 10002
  1610 10002
  1611 10002
  1612 10002
  1613 10002
  1614 10002
  1615 10002
  1616 10002
  1617 10002
  1618 10002
  1619 10002
  1620 10002
  1621 10002
  1622 10002
  1623 10002
  1624 10002
  1625 10002
  1626 10002
  1627 10002
  1628 10002
  1629 10002
  1630 10035
  1631 10035
  1632 10035
  1633 10035
  1634 10035
  1635 10035
  1636 10035
  1637 10035
  1638 10035
  1639 10035
  1640 10035
  1641 10035
  1642 10035
  1643 10035
  1644 10035
  1645 10035
  1646 10035
  1647 10035
  1648 10035
  1649 10035
  1650 10035
  1651 10035
  1652 10035
  1653 10035
  1654 10035
  1655 10035
  1656 10035
  1657 10035
  1658 10035
  1659 10035
  1660 10035
  1661 10035
  1662 10035
  1663 10035
  1664 10035
  1665 10035
  1666 10035
  1667 10035
  1668 10035
  1669 10035
  1670 10035
  1671 10035
  1672 10035
  1673 10035
  1674 10035
  1675 10035
  1676 10035
  1677 10035
  1678 10035
  1679 10035
  1680 10035
  1681 10035
  1682 10035
  1683 10035
  1684 10035
  1685 10035
  1686 10035
  1687 10035
  1688 10035
  1689 10035
  1690 10035
  1691 10035
  1692 10035
  1693 10035
  1694 10035
  1695 10035
  1696 10035
  1697 10035
  1698 10035
  1699 10035
  1700 10035
  1701 10035
  1702 10035
  1703 10035
  1704 10035
  1705 10035
  1706 10035
  1707 10035
  1708 10035
  1709 10035
  1710 10035
  1711 10035
  1712 10035
  1713 10035
  1714 10035
  1715 10035
  1716 10035
  1717 10035
  1718 10035
  1719 10035
  1720 10035
  1721 10035
  1722 10035
  1723 10035
  1724 10035
  1725 10035
  1726 10035
  1727 10035
  1728 10035
  1729 10035
  1730 10035
  1731 10035
  1732 10035
  1733 10035
  1734 10035
  1735 10035
  1736 10035
  1737 10035
  1738 10035
  1739 10035
  1740 10035
  1741 10035
  1742 10035
  1743 10035
  1744 10035
  1745 10035
  1746 10035
  1747 10035
  1748 10035
  1749 10035
  1750 10035
  1751 10035
  1752 10035
  1753 10035
  1754 10035
  1755 10035
  1756 10035
  1757 10035
  1758 10035
  1759 10035
  1760 10035
  1761 10035
  1762 10035
  1763 10035
  1764 10035
  1765 10035
  1766 10035
  1767 10035
  1768 10035
  1769 10035
  1770 10035
  1771 10035
  1772 10035
  1773 10035
  1774 10035
  1775 10035
  1776 10035
  1777 10035
  1778 10035
  1779 10035
  1780 10035
  1781 10035
  1782 10035
  1783 10035
  1784 10035
  1785 10035
  1786 10035
  1787 10035
  1788 10035
  1789 10035
  1790 10035
  1791 10035
  1792 10035
  1793 10035
  1794 10035
  1795 10035
  1796 10035
  1797 10035
  1798 10035
  1799 10035
  1800 10035
  1801 10035
  1802 10035
  1803 10035
  1804 10035
  1805 10035
  1806 10035
  1807 10035
  1808 10035
  1809 10035
  1810 10035
  1811 10035
  1812 10035
  1813 10035
  1814 10035
  1815 10035
  1816 10035
  1817 10035
  1818 10035
  1819 10035
  1820 10035
  1821 10035
  1822 10035
  1823 10035
  1824 10035
  1825 10035
  1826 10035
  1827 10035
  1828 10035
  1829 10035
  1830 10035
  1831 10035
  1832 10035
  1833 10035
  1834 10035
  1835 10035
  1836 10035
  1837 10035
  1838 10035
  1839 10035
  1840 10035
  1841 10035
  1842 10035
  1843 10035
  1844 10035
  1845 10035
  1846 10035
  1847 10035
  1848 10035
  1849 10035
  1850 10035
  1851 10035
  1852 10035
  1853 10035
  1854 10035
  1855 10035
  1856 10002
  1857 10002
  1858 10002
  1859 10002
  1860 10002
  1861 10002
  1862 10002
  1863 10002
  1864 10002
  1865 10002
  1866 10002
  1867 10002
  1868 10002
  1869 10002
  1870 10035
  1871 10035
  1872 10035
  1873 10035
  1874 10035
  1875 10035
  1876 10035
  1877 10035
  1878 10035
  1879 10035
  1880 10035
  1881 10035
  1882 10035
  1883 10035
  1884 10035
  1885 10035
  1886 10035
  1887 10035
  1888 10035
  1889 10035
  1890 10035
  1891 10035
  1892 10035
  1893 10035
  1894 10035
  1895 10035
  1896 10035
  1897 10035
  1898 10035
  1899 10035
  1900 10035
  1901 10035
  1902 10035
  1903 10035
  1904 10035
  1905 10035
  1906 10035
  1907 10035
  1908 10035
  1909 10035
  1910 10035
  1911 10035
  1912 10035
  1913 10035
  1914 10035
  1915 10035
  1916 10035
  1917 10035
  1918 10035
  1919 10035
  1920 10035
  1921 10035
  1922 10035
  1923 10035
  1924 10035
  1925 10035
  1926 10035
  1927 10035
  1928 10035
  1929 10035
  1930 10035
  1931 10035
  1932 10035
  1933 10035
  1934 10035
  1935 10035
  1936 10035
  1937 10035
  1938 10035
  1939 10035
  1940 10035
  1941 10035
  1942 10035
  1943 10035
  1944 10035
  1945 10035
  1946 10035
  1947 10035
  1948 10035
  1949 10035
  1950 10035
  1951 10035
  1952 10035
  1953 10035
  1954 10035
  1955 10035
  1956 10035
  1957 10035
  1958 10035
  1959 10035
  1960 10035
  1961 10035
  1962 10035
  1963 10035
  1964 10035
  1965 10035
  1966 10035
  1967 10035
  1968 10035
  1969 10035
  1970 10035
  1971 10035
  1972 10035
  1973 10035
  1974 10035
  1975 10035
  1976 10035
  1977 10035
  1978 10035
  1979 10035
  1980 10035
  1981 10035
  1982 10035
  1983 10035
  1984 10035
  1985 10035
  1986 10035
  1987 10035
  1988 10035
  1989 10035
  1990 10035
  1991 10035
  1992 10035
  1993 10035
  1994 10035
  1995 10035
  1996 10035
  1997 10035
  1998 10035
  1999 10035
  2000 10035
  2001 10035
  2002 10035
  2003 10035
  2004 10035
  2005 10035
  2006 10035
  2007 10035
  2008 10035
  2009 10035
  2010 10035
  2011 10035
  2012 10035
  2013 10035
  2014 10035
  2015 10035
  2016 10035
  2017 10035
  2018 10035
  2019 10035
  2020 10035
  2021 10002
  2022 10002
  2023 10002
  2024 10003
  2025 10035
  2026 10035
  2027 10035
  2028 10035
  2029 10035
  2030 10035
  2031 10035
  2032 10035
  2033 10035
  2034 10035
  2035 10035
