   690 10101
   691 10101
   692 10101
   693 10101
   694 10101
   695 10101
   696 10101
   697 10101
   698 10101
   699 10101
   700 10101
   701 10101
   702 10101
   703 10101
   704 10101
   705 10101
   706 10101
   707 10101
   708 10101
   709 10101
   710 10101
   711 10101
   712 10101
   713 10101
   714 10101
   715 10101
   716 10101
   717 10101
   718 10101
   719 10101
   720 10101
   721 10101
   722 10101
   723 10101
   724 10101
   725 10101
   726 10101
   727 10101
   728 10101
   729 10101
   730 10101
   731 10101
   732 10101
   733 10101
   734 10101
   735 10101
   736 10101
   737 10101
   738 10101
   739 10101
   740 10101
   741 10101
   742 10101
   743 10101
   744 10101
   745 10101
   746 10101
   747 10101
   748 10101
   749 10101
   750 10101
   751 10101
   752 10101
   753 10101
   754 10101
   755 10101
   756 10101
   757 10101
   758 10101
   759 10101
   760 10101
   761 10101
   762 10101
   763 10101
   764 10101
   765 10101
   766 10101
   767 10101
   768 10101
   769 10101
   770 10101
   771 10101
   772 10101
   773 10101
   774 10101
   775 10101
   776 10101
   777 10101
   778 10101
   779 10101
   780 10101
   781 10134
   782 10134
   783 10134
   784 10134
   785 10134
   786 10134
   787 10134
   788 10134
   789 10134
   790 10134
   791 10134
   792 10134
   793 10134
   794 10134
   795 10134
   796 10134
   797 10134
   798 10134
   799 10134
   800 10134
   801 10134
   802 10134
   803 10134
   804 10134
   805 10134
   806 10134
   807 10134
   808 10134
   809 10134
   810 10134
   811 10134
   812 10134
   813 10134
   814 10134
   815 10134
   816 10134
   817 10134
   818 10134
   819 10134
   820 10134
   821 10134
   822 10134
   823 10134
   824 10134
   825 10134
   826 10134
   827 10134
   828 10134
   829 10134
   830 10134
   831 10134
   832 10134
   833 10134
   834 10134
   835 10134
   836 10134
   837 10134
   838 10134
   839 10134
   840 10134
   841 10134
   842 10134
   843 10134
   844 10134
   845 10134
   846 10134
   847 10134
   848 10134
   849 10134
   850 10134
   851 10134
   852 10134
   853 10134
   854 10134
   855 10134
   856 10134
   857 10134
   858 10134
   859 10134
   860 10134
   861 10134
   862 10134
   863 10134
   864 10134
   865 10134
   866 10134
   867 10134
   868 10134
   869 10134
   870 10134
   871 10134
   872 10134
   873 10134
   874 10134
   875 10134
   876 10134
   877 10134
   878 10134
   879 10134
   880 10134
   881 10134
   882 10134
   883 10134
   884 10134
   885 10134
   886 10134
   887 10134
   888 10134
   889 10134
   890 10134
   891 10134
   892 10134
   893 10134
   894 10134
   895 10134
   896 10134
   897 10134
   898 10134
   899 10134
   900 10134
   901 10134
   902 10134
   903 10134
   904 10134
   905 10134
   906 10134
   907 10134
   908 10134
   909 10134
   910 10134
   911 10134
   912 10134
   913 10134
   914 10134
   915 10134
   916 10134
   917 10134
   918 10134
   919 10134
   920 10134
   921 10134
   922 10134
   923 10134
   924 10134
   925 10134
   926 10134
   927 10134
   928 10134
   929 10134
   930 10134
   931 10134
   932 10134
   933 10134
   934 10134
   935 10134
   936 10134
   937 10134
   938 10134
   939 10134
   940 10134
   941 10134
   942 10134
   943 10134
   944 10134
   945 10134
   946 10134
   947 10134
   948 10134
   949 10134
   950 10134
   951 10134
   952 10134
   953 10134
   954 10134
   955 10134
   956 10134
   957 10134
   958 10134
   959 10134
   960 10134
   961 10134
   962 10134
   963 10134
   964 10134
   965 10134
   966 10134
   967 10134
   968 10134
   969 10134
   970 10134
   971 10134
   972 10134
   973 10134
   974 10134
   975 10134
   976 10134
   977 10134
   978 10134
   979 10134
   980 10134
   981 10134
   982 10134
   983 10134
   984 10134
   985 10134
   986 10134
   987 10134
   988 10134
   989 10134
   990 10134
   991 10134
   992 10134
   993 10134
   994 10134
   995 10134
   996 10134
   997 10134
   998 10134
   999 10134
  1000 10134
  1001 10134
  1002 10134
  1003 10134
  1004 10134
  1005 10134
  1006 10134
  1007 10134
  1008 10134
  1009 10134
  1010 10134
  1011 10134
  1012 10134
  1013 10134
  1014 10134
  1015 10134
  1016 10134
  1017 10134
  1018 10134
  1019 10134
  1020 10134
  1021 10022
  1022 10022
  1023 10041
  1024 10022
  1025 10022
  1026 10022
  1027 10022
  1028 10022
  1029 10022
  1030 10022
  1031 10022
  1032 10022
  1033 10022
  1034 10022
  1035 10022
  1036 10022
  1037 10022
  1038 10022
  1039 10022
  1040 10022
  1041 10022
  1042 10022
  1043 10022
  1044 10022
  1045 10022
  1046 10022
  1047 10022
  1048 10022
  1049 10022
  1050 10022
  1051 10022
  1052 10022
  1053 10022
  1054 10022
  1055 10022
  1056 10022
  1057 10022
  1058 10022
  1059 10022
  1060 10022
  1061 10022
  1062 10022
  1063 10022
  1064 10022
  1065 10022
  1066 10022
  1067 10022
  1068 10022
  1069 10022
  1070 10022
  1071 10022
  1072 10022
  1073 10022
  1074 10022
  1075 10022
  1076 10022
  1077 10022
  1078 10022
  1079 10022
  1080 10022
  1081 10022
  1082 10022
  1083 10022
  1084 10022
  1085 10022
  1086 10022
  1087 10022
  1088 10022
  1089 10022
  1090 10022
  1091 10022
  1092 10022
  1093 10022
  1094 10022
  1095 10022
  1096 10022
  1097 10022
  1098 10022
  1099 10022
  1100 10022
  1101 10022
  1102 10022
  1103 10022
  1104 10022
  1105 10022
  1106 10022
  1107 10022
  1108 10022
  1109 10022
  1110 10022
  1111 10022
  1112 10022
  1113 10022
  1114 10022
  1115 10022
  1116 10022
  1117 10022
  1118 10022
  1119 10022
  1120 10022
  1121 10022
  1122 10022
  1123 10022
  1124 10022
  1125 10022
  1126 10022
  1127 10022
  1128 10022
  1129 10022
  1130 10022
  1131 10022
  1132 10022
  1133 10022
  1134 10022
  1135 10022
  1136 10022
  1137 10022
  1138 10022
  1139 10022
  1140 10022
  1141 10022
  1142 10022
  1143 10022
  1144 10022
  1145 10022
  1146 10022
  1147 10022
  1148 10022
  1149 10022
  1150 10022
  1151 10022
  1152 10022
  1153 10022
  1154 10022
  1155 10022
  1156 10022
  1157 10022
  1158 10022
  1159 10022
  1160 10022
  1161 10022
  1162 10022
  1163 10022
  1164 10022
  1165 10022
  1166 10022
  1167 10022
  1168 10022
  1169 10022
  1170 10022
  1171 10022
  1172 10022
  1173 10022
  1174 10022
  1175 10022
  1176 10022
  1177 10022
  1178 10022
  1179 10022
  1180 10022
  1181 10022
  1182 10022
  1183 10022
  1184 10022
  1185 10022
  1186 10022
  1187 10022
  1188 10022
  1189 10022
  1190 10022
  1191 10022
  1192 10022
  1193 10022
  1194 10022
  1195 10022
  1196 10022
  1197 10022
  1198 10022
  1199 10022
  1200 10022
  1201 10022
  1202 10022
  1203 10022
  1204 10022
  1205 10022
  1206 10022
  1207 10022
  1208 10022
  1209 10022
  1210 10022
  1211 10022
  1212 10022
  1213 10022
  1214 10022
  1215 10022
  1216 10022
  1217 10022
  1218 10022
  1219 10022
  1220 10022
  1221 10022
  1222 10022
  1223 10022
  1224 10022
  1225 10022
  1226 10022
  1227 10022
  1228 10022
  1229 10022
  1230 10022
  1231 10022
  1232 10022
  1233 10022
  1234 10022
  1235 10022
  1236 10022
  1237 10022
  1238 10022
  1239 10022
  1240 10022
  1241 10022
  1242 10022
  1243 10022
  1244 10022
  1245 10022
  1246 10022
  1247 10022
  1248 10022
  1249 10022
  1250 10022
  1251 10022
  1252 10022
  1253 10022
  1254 10022
  1255 10022
  1256 10022
  1257 10022
  1260 10113
  1263 10112
  1264 10112
  1265 10112
  1266 10112
  1267 10112
  1268 10112
  1269 10112
  1270 10112
  1271 10112
  1272 10112
  1273 10112
  1274 10112
  1275 10112
  1276 10112
  1277 10112
  1278 10112
  1279 10112
  1280 10112
  1281 10112
  1282 10112
  1283 10112
  1284 10112
  1285 10112
  1286 10112
  1287 10112
  1288 10112
  1289 10112
  1290 10112
  1291 10112
  1292 10112
  1293 10112
  1294 10112
  1295 10112
  1296 10112
  1297 10112
  1298 10112
  1299 10112
  1300 10112
  1301 10112
  1302 10112
  1303 10112
  1304 10112
  1305 10112
  1306 10112
  1307 10112
  1308 10112
  1309 10112
  1310 10112
  1311 10112
  1312 10112
  1313 10112
  1314 10112
  1315 10112
  1316 10112
  1317 10112
  1318 10112
  1319 10112
  1320 10112
  1321 10112
  1322 10112
  1323 10112
  1324 10112
  1325 10112
  1326 10112
  1327 10112
  1328 10112
  1329 10112
  1330 10112
  1331 10112
  1332 10112
  1333 10112
  1334 10112
  1335 10112
  1336 10112
  1337 10112
  1338 10112
  1339 10112
  1340 10112
  1341 10112
  1342 10112
  1343 10112
  1344 10112
  1345 10112
  1346 10112
  1347 10112
  1348 10112
  1349 10112
  1350 10112
  1351 10112
  1352 10112
  1353 10112
  1354 10112
  1355 10112
  1356 10112
  1357 10112
  1358 10112
  1359 10112
  1360 10112
  1361 10112
  1362 10112
  1363 10112
  1364 10112
  1365 10112
  1366 10112
  1367 10112
  1368 10112
  1369 10112
  1370 10112
  1371 10112
  1372 10112
  1373 10112
  1374 10112
  1375 10112
  1376 10112
  1377 10112
  1378 10112
  1379 10112
  1380 10112
  1381 10112
  1382 10112
  1383 10112
  1384 10112
  1385 10112
  1386 10112
  1387 10112
  1388 10112
  1389 10112
  1390 10112
  1391 10112
  1392 10112
  1393 10112
  1394 10112
  1395 10112
  1396 10112
  1397 10112
  1398 10112
  1399 10112
  1400 10112
  1401 10112
  1402 10112
  1403 10112
  1404 10112
  1405 10112
  1406 10112
  1407 10112
  1408 10112
  1409 10112
  1410 10112
  1411 10112
  1412 10112
  1413 10112
  1414 10112
  1415 10112
  1416 10112
  1417 10112
  1418 10112
  1419 10112
  1420 10112
  1421 10112
  1422 10112
  1423 10112
  1424 10112
  1425 10112
  1426 10112
  1427 10112
  1428 10112
  1429 10112
  1430 10112
  1431 10112
  1432 10112
  1433 10112
  1434 10112
  1435 10112
  1436 10112
  1437 10112
  1438 10112
  1439 10112
  1440 10112
  1441 10112
  1442 10112
  1443 10112
  1444 10112
  1445 10112
  1446 10112
  1447 10112
  1448 10112
  1449 10112
  1450 10112
  1451 10112
  1452 10112
  1453 10112
  1454 10112
  1455 10112
  1456 10112
  1457 10112
  1458 10112
  1459 10112
  1460 10112
  1461 10112
  1462 10112
  1463 10112
  1464 10112
  1465 10112
  1466 10112
  1467 10112
  1468 10112
  1469 10112
  1470 10112
  1471 10112
  1472 10112
  1473 10112
  1474 10112
  1475 10112
  1476 10112
  1477 10112
  1478 10112
  1479 10112
  1480 10112
  1481 10112
  1482 10112
  1483 10112
  1484 10112
  1485 10112
  1486 10112
  1487 10112
  1488 10112
  1489 10112
  1490 10112
  1491 10112
  1492 10112
  1493 10112
  1494 10112
  1495 10112
  1496 10112
  1497 10112
  1498 10112
  1499 10112
  1500 10112
  1501 10055
  1503 10018
  1504 10018
  1505 10018
  1506 10018
  1507 10018
  1508 10018
  1555 10055
  1556 10055
  1557 10055
  1558 10055
  1559 10055
  1560 10055
  1561 10173
  1603 10031
  1604 10031
  1605 10031
  1606 10031
  1607 10031
  1623 10043
  1625 10049
  1631 10152
  1636 10082
