   690 10134
   691 10134
   692 10134
   693 10134
   694 10134
   695 10134
   696 10134
   697 10134
   698 10134
   699 10134
   700 10134
   701 10134
   702 10134
   703 10134
   704 10134
   705 10134
   706 10134
   707 10134
   708 10134
   709 10134
   710 10134
   711 10134
   712 10134
   713 10134
   714 10134
   715 10134
   716 10134
   717 10134
   718 10134
   719 10134
   720 10134
   721 10134
   722 10134
   723 10134
   724 10134
   725 10134
   726 10134
   727 10134
   728 10134
   729 10134
   730 10134
   731 10134
   732 10134
   733 10134
   734 10134
   735 10134
   736 10134
   737 10134
   738 10134
   739 10134
   740 10134
   741 10134
   742 10134
   743 10134
   744 10134
   745 10134
   746 10134
   747 10134
   748 10134
   749 10134
   750 10134
   751 10134
   752 10134
   753 10134
   754 10134
   755 10134
   756 10134
   757 10134
   758 10134
   759 10134
   760 10134
   761 10134
   762 10134
   763 10134
   764 10134
   765 10134
   766 10134
   767 10134
   768 10134
   769 10134
   770 10134
   771 10134
   772 10134
   773 10134
   774 10134
   775 10134
   776 10134
   777 10134
   778 10134
   779 10134
   780 10134
   781 10134
   784 10154
   785 10154
   786 10154
   787 10155
   788 10155
   789 10155
   790 10155
   791 10155
   792 10155
   793 10155
   794 10155
   795 10155
   796 10155
   797 10155
   798 10155
   799 10155
   800 10155
   801 10155
   802 10155
   803 10155
   804 10155
   805 10155
   806 10155
   807 10155
   808 10155
   809 10155
   810 10155
   811 10155
   812 10155
   813 10155
   814 10155
   815 10155
   816 10155
   817 10155
   818 10155
   819 10155
   820 10155
   821 10155
   822 10155
   823 10155
   824 10155
   825 10155
   826 10155
   827 10155
   828 10155
   829 10155
   830 10155
   831 10155
   832 10155
   833 10155
   834 10155
   835 10155
   836 10155
   837 10155
   838 10155
   839 10155
   840 10155
   841 10155
   842 10155
   843 10155
   844 10155
   845 10155
   846 10155
   847 10155
   848 10155
   849 10155
   850 10155
   851 10155
   852 10155
   853 10155
   854 10155
   855 10155
   856 10155
   857 10155
   858 10155
   859 10155
   860 10155
   861 10155
   862 10155
   863 10155
   864 10155
   865 10155
   866 10155
   867 10155
   868 10155
   869 10155
   870 10155
   871 10155
   872 10155
   873 10155
   874 10155
   875 10155
   876 10155
   877 10155
   878 10155
   879 10155
   880 10155
   881 10155
   882 10155
   883 10155
   884 10155
   885 10155
   886 10155
   887 10155
   888 10155
   889 10155
   890 10155
   891 10155
   892 10155
   893 10155
   894 10155
   895 10155
   896 10155
   897 10155
   898 10155
   899 10155
   900 10155
   901 10155
   902 10155
   903 10155
   904 10155
   905 10155
   906 10155
   907 10155
   908 10155
   909 10155
   910 10155
   911 10155
   912 10155
   913 10155
   914 10155
   915 10155
   916 10155
   917 10155
   918 10155
   919 10155
   920 10155
   921 10155
   922 10155
   923 10155
   924 10155
   925 10155
   926 10155
   927 10155
   928 10155
   929 10155
   930 10155
   931 10155
   932 10155
   933 10155
   934 10155
   935 10155
   936 10155
   937 10155
   938 10155
   939 10155
   940 10155
   941 10155
   942 10155
   943 10155
   944 10155
   945 10155
   946 10155
   947 10155
   948 10155
   949 10155
   950 10155
   951 10155
   952 10155
   953 10155
   954 10155
   955 10155
   956 10155
   957 10155
   958 10155
   959 10155
   960 10155
   961 10155
   962 10155
   963 10155
   964 10155
   965 10155
   966 10155
   967 10155
   968 10155
   969 10155
   970 10155
   971 10155
   972 10155
   973 10155
   974 10155
   975 10155
   976 10155
   977 10155
   978 10155
   979 10155
   980 10155
   981 10155
   982 10155
   983 10155
   984 10155
   985 10155
   986 10155
   987 10155
   988 10155
   989 10155
   990 10155
   991 10155
   992 10155
   993 10155
   994 10155
   995 10155
   996 10155
   997 10155
   998 10155
   999 10155
  1000 10155
  1001 10155
  1002 10155
  1003 10155
  1004 10155
  1005 10155
  1006 10155
  1007 10155
  1008 10155
  1009 10155
  1010 10155
  1011 10155
  1012 10155
  1013 10155
  1014 10155
  1015 10155
  1016 10155
  1017 10155
  1018 10155
  1019 10155
  1020 10155
  1023 10101
  1024 10050
  1025 10050
  1026 10050
  1027 10145
  1028 10145
  1029 10145
  1030 10145
  1031 10145
  1032 10145
  1033 10145
  1034 10145
  1035 10145
  1036 10145
  1037 10145
  1038 10145
  1039 10145
  1040 10145
  1041 10145
  1042 10145
  1043 10145
  1044 10145
  1045 10145
  1046 10145
  1047 10145
  1048 10145
  1049 10145
  1050 10145
  1051 10145
  1052 10145
  1053 10145
  1054 10145
  1055 10145
  1056 10145
  1057 10145
  1058 10145
  1059 10145
  1060 10145
  1061 10145
  1062 10145
  1063 10145
  1064 10145
  1065 10145
  1066 10145
  1067 10145
  1068 10145
  1069 10145
  1070 10145
  1071 10145
  1072 10145
  1073 10145
  1074 10145
  1075 10145
  1076 10145
  1077 10145
  1078 10145
  1079 10145
  1080 10145
  1081 10145
  1082 10145
  1083 10145
  1084 10145
  1085 10145
  1086 10145
  1087 10145
  1088 10145
  1089 10145
  1090 10145
  1091 10145
  1092 10145
  1093 10145
  1094 10145
  1095 10145
  1096 10145
  1097 10145
  1098 10145
  1099 10145
  1100 10145
  1101 10145
  1102 10145
  1103 10145
  1104 10145
  1105 10145
  1106 10145
  1107 10145
  1108 10145
  1109 10145
  1110 10145
  1111 10145
  1112 10145
  1113 10145
  1114 10145
  1115 10145
  1116 10145
  1117 10145
  1118 10145
  1119 10145
  1120 10145
  1121 10145
  1122 10145
  1123 10145
  1124 10145
  1125 10145
  1126 10145
  1127 10145
  1128 10145
  1129 10145
  1130 10145
  1131 10145
  1132 10145
  1133 10145
  1134 10145
  1135 10145
  1136 10145
  1137 10145
  1138 10145
  1139 10145
  1140 10145
  1141 10145
  1142 10145
  1143 10145
  1144 10145
  1145 10145
  1146 10145
  1147 10145
  1148 10145
  1149 10145
  1150 10145
  1151 10145
  1152 10145
  1153 10145
  1154 10145
  1155 10145
  1156 10145
  1157 10145
  1158 10145
  1159 10145
  1160 10145
  1161 10145
  1162 10145
  1163 10145
  1164 10145
  1165 10145
  1166 10145
  1167 10145
  1168 10145
  1169 10145
  1170 10145
  1171 10145
  1172 10145
  1173 10145
  1174 10145
  1175 10145
  1176 10145
  1177 10145
  1178 10145
  1179 10145
  1180 10145
  1181 10145
  1182 10145
  1183 10145
  1184 10145
  1185 10145
  1186 10145
  1187 10145
  1188 10145
  1189 10145
  1190 10145
  1191 10145
  1192 10145
  1193 10145
  1194 10145
  1195 10145
  1196 10145
  1197 10145
  1198 10145
  1199 10145
  1200 10145
  1201 10145
  1202 10145
  1203 10145
  1204 10145
  1205 10145
  1206 10145
  1207 10145
  1208 10145
  1209 10145
  1210 10145
  1211 10145
  1212 10145
  1213 10145
  1214 10145
  1215 10145
  1216 10145
  1217 10145
  1218 10145
  1219 10145
  1220 10145
  1221 10145
  1222 10145
  1223 10145
  1224 10145
  1225 10145
  1226 10145
  1227 10145
  1228 10145
  1229 10145
  1230 10145
  1231 10145
  1232 10145
  1233 10145
  1234 10145
  1235 10145
  1236 10145
  1237 10145
  1238 10145
  1239 10145
  1240 10145
  1241 10145
  1242 10145
  1243 10145
  1244 10145
  1245 10145
  1246 10145
  1247 10145
  1248 10145
  1249 10145
  1250 10145
  1251 10145
  1252 10145
  1253 10145
  1254 10145
  1255 10145
  1256 10145
  1257 10145
  1258 10145
  1259 10136
  1260 10143
  1261 10143
  1262 10143
  1385 10122
  1386 10122
  1387 10122
  1388 10122
  1389 10122
  1390 10122
  1391 10122
  1392 10122
  1393 10122
  1394 10122
  1395 10122
  1396 10122
  1397 10122
  1398 10122
  1399 10122
  1400 10122
  1401 10122
  1402 10122
  1403 10122
  1404 10122
  1405 10122
  1406 10122
  1407 10122
  1408 10122
  1409 10122
  1410 10122
  1411 10122
  1412 10122
  1413 10122
  1414 10122
  1415 10122
  1416 10122
  1417 10122
  1418 10122
  1419 10122
  1420 10122
  1421 10122
  1422 10122
  1423 10122
  1424 10122
  1425 10122
  1426 10122
  1427 10122
  1428 10122
  1429 10122
  1430 10122
  1431 10122
  1432 10122
  1433 10122
  1434 10122
  1435 10122
  1436 10122
  1437 10122
  1438 10122
  1439 10122
  1440 10122
  1441 10122
  1442 10122
  1443 10122
  1444 10122
  1445 10122
  1446 10122
  1447 10122
  1448 10122
  1449 10122
  1450 10122
  1451 10122
  1452 10122
  1453 10122
  1454 10122
  1455 10122
  1456 10122
  1457 10122
  1458 10122
  1459 10122
  1460 10122
  1461 10122
  1462 10122
  1463 10122
  1464 10122
  1465 10122
  1466 10122
  1467 10122
  1468 10122
  1469 10122
  1470 10122
  1471 10122
  1472 10122
  1473 10122
  1474 10122
  1475 10122
  1476 10122
  1477 10122
  1478 10122
  1479 10122
  1480 10122
  1481 10122
  1482 10122
  1483 10122
  1484 10122
  1485 10122
  1486 10122
  1487 10122
  1488 10122
  1494 10098
  1497 10018
  1498 10018
  1499 10018
  1500 10018
  1501 10018
  1502 10018
  1503 10018
  1504 10018
  1505 10018
  1506 10018
  1507 10018
  1508 10018
  1509 10018
  1510 10018
  1511 10018
  1512 10018
  1513 10055
  1514 10018
  1515 10055
  1516 10018
  1517 10055
  1518 10055
  1519 10055
  1520 10055
  1521 10055
  1522 10055
  1523 10018
  1524 10018
  1525 10018
  1526 10055
  1527 10055
  1528 10055
  1529 10055
  1530 10055
  1531 10055
  1532 10055
  1533 10055
  1534 10055
  1535 10055
  1536 10018
  1537 10055
  1538 10055
  1539 10055
  1540 10055
  1541 10055
  1542 10055
  1543 10018
  1544 10018
  1545 10055
  1546 10055
  1547 10018
  1548 10018
  1549 10018
  1550 10055
  1551 10055
  1552 10055
  1553 10055
  1554 10055
  1555 10055
  1556 10055
  1557 10055
  1558 10055
  1559 10055
  1560 10055
  1561 10055
  1562 10055
  1563 10055
  1564 10106
  1565 10141
  1566 10101
  1567 10101
  1568 10101
  1570 10154
  1571 10154
  1572 10154
  1573 10154
  1574 10014
  1575 10016
  1576 10014
  1577 10014
  1578 10014
  1579 10154
  1580 10154
  1581 10154
  1582 10014
  1583 10014
  1584 10014
  1585 10014
  1586 10154
  1587 10154
  1588 10154
  1589 10154
  1590 10154
  1591 10154
  1592 10154
  1593 10154
  1594 10154
  1595 10154
  1596 10154
  1597 10154
  1598 10154
  1599 10154
  1600 10154
  1601 10154
  1602 10154
  1603 10154
  1604 10130
  1605 10016
  1606 10016
  1607 10154
  1608 10014
  1609 10154
  1610 10014
  1611 10154
  1612 10154
  1613 10154
  1614 10036
  1623 10011
  1624 10011
  1625 10011
  1626 10011
  1627 10011
  1628 10011
  1629 10011
  1630 10011
  1631 10011
  1632 10011
  1633 10011
  1634 10011
  1635 10011
  1636 10011
  1637 10011
  1638 10011
  1639 10011
  1640 10011
  1641 10011
  1642 10011
  1643 10011
  1644 10011
  1645 10011
  1646 10011
  1647 10011
  1648 10011
  1649 10011
  1650 10011
  1651 10011
  1652 10011
  1653 10011
  1654 10011
  1655 10011
  1656 10011
  1657 10011
  1658 10011
  1659 10011
  1660 10011
  1661 10011
  1662 10011
  1663 10011
  1664 10011
  1665 10011
  1666 10011
  1667 10011
  1668 10011
  1669 10011
  1670 10011
  1671 10011
  1672 10011
  1673 10011
  1674 10011
  1675 10011
  1676 10011
  1677 10011
  1678 10011
  1679 10011
  1680 10011
  1681 10011
  1682 10011
  1683 10011
  1684 10011
  1685 10011
  1686 10011
  1687 10011
  1688 10011
  1689 10011
  1690 10011
  1691 10011
  1692 10011
  1693 10011
  1694 10011
  1695 10011
  1696 10011
  1697 10011
  1698 10011
  1699 10011
  1700 10011
  1701 10011
  1702 10011
  1703 10011
  1704 10011
  1705 10011
  1706 10011
  1707 10011
  1708 10011
  1709 10011
  1710 10011
  1711 10011
  1712 10011
  1713 10011
  1714 10011
  1715 10011
  1716 10011
  1717 10011
  1718 10011
  1719 10011
  1720 10011
  1721 10011
  1722 10011
  1723 10011
  1724 10011
  1725 10011
  1726 10011
  1727 10011
  1728 10011
  1729 10011
  1730 10011
  1731 10011
  1732 10011
  1733 10011
  1734 10011
  1735 10011
  1736 10011
  1737 10011
  1738 10011
  1739 10011
  1740 10011
  1741 10011
  1742 10011
  1743 10011
  1744 10011
  1745 10011
  1746 10011
  1747 10011
  1748 10011
  1749 10011
  1750 10011
  1751 10011
  1752 10011
  1753 10011
  1754 10011
  1755 10011
  1756 10011
  1757 10011
  1758 10011
  1759 10011
  1760 10011
  1761 10011
  1762 10011
  1763 10011
  1764 10011
  1765 10011
  1766 10011
  1767 10011
  1768 10011
  1769 10011
  1770 10011
  1771 10011
  1772 10011
  1773 10011
  1774 10011
  1775 10011
  1776 10011
  1777 10011
  1778 10011
  1779 10011
  1780 10011
  1781 10011
  1782 10011
  1783 10011
  1784 10011
  1785 10011
  1786 10011
  1787 10011
  1788 10011
  1789 10011
  1790 10011
  1791 10011
  1792 10011
  1793 10011
  1794 10011
  1795 10011
  1796 10011
  1797 10011
  1798 10011
  1799 10011
  1800 10011
  1801 10011
  1802 10011
  1803 10011
  1804 10011
  1805 10011
  1806 10011
  1807 10011
  1808 10011
  1809 10011
  1810 10011
  1811 10011
  1812 10011
  1813 10011
  1814 10011
  1815 10011
  1816 10011
  1817 10011
  1818 10011
  1819 10011
  1820 10011
  1821 10011
  1822 10011
  1823 10011
  1824 10011
  1825 10011
  1826 10011
  1827 10011
  1828 10011
  1829 10011
  1830 10011
  1831 10011
  1832 10011
  1833 10011
  1834 10011
  1835 10011
  1836 10011
  1837 10011
  1838 10011
  1839 10011
  1840 10011
  1841 10011
  1842 10011
  1843 10011
  1844 10011
  1845 10011
  1846 10011
  1847 10011
  1848 10011
  1849 10011
  1850 10011
  1851 10011
  1852 10011
  1853 10011
  1854 10011
  1855 10011
  1862 10138
  1863 10138
  1864 10101
  1865 10138
  1866 10061
  1867 10061
  1868 10101
  1869 10101
  1870 10101
  1871 10101
  1872 10101
  1873 10101
  1874 10101
  1876 10101
  1883 10143
  1885 10014
  1886 10014
  1887 10014
  1888 10014
  1889 10014
  1890 10014
  1891 10014
  1892 10014
  1893 10154
  1894 10014
  1895 10014
  1896 10014
  1897 10014
  1898 10016
  1899 10016
  1900 10016
  1901 10016
  1902 10016
  1903 10154
  1904 10014
  1905 10014
  1906 10014
  1907 10014
  1908 10014
  1909 10014
  1910 10014
  1911 10014
  1912 10014
  1913 10014
  1914 10014
  1915 10014
  1916 10014
  1917 10014
  1918 10014
  1919 10014
  1920 10014
  1921 10014
  1922 10014
  1923 10014
  1924 10014
  1925 10014
  1926 10014
  1927 10014
  1928 10014
  1929 10014
  1930 10014
  1931 10014
  1932 10014
  1933 10014
  1934 10014
  1935 10014
  1936 10014
  1937 10014
  1938 10014
  1939 10014
  1940 10014
  1941 10014
  1942 10014
  1943 10014
  1944 10014
  1945 10014
  1946 10014
  1947 10014
  1948 10014
  1949 10014
  1950 10014
  1951 10154
  1952 10154
  1953 10154
  1954 10154
  1955 10154
  1956 10154
  1957 10154
  1958 10154
  1959 10154
  1960 10154
  1961 10154
  1962 10154
  1963 10154
  1964 10154
  1965 10154
  1966 10154
  1967 10154
  1968 10154
  1969 10154
  1970 10154
  1971 10154
  1972 10014
  1973 10014
  1974 10014
  1975 10014
  1976 10014
  1977 10014
  1978 10014
  1979 10154
  1980 10154
  1981 10154
  1982 10154
  1983 10154
  1984 10154
  1985 10154
  1986 10016
  1987 10154
  1988 10154
  1989 10154
  1990 10154
  1991 10154
  1992 10154
  1993 10154
  1994 10014
  1995 10014
  1996 10014
  1997 10014
  1998 10154
  1999 10154
  2000 10154
  2001 10143
  2002 10154
  2003 10154
  2004 10154
  2005 10154
  2006 10154
  2007 10154
  2008 10154
  2009 10154
  2010 10154
  2011 10154
  2012 10154
  2013 10154
  2014 10154
  2015 10154
  2016 10154
  2017 10154
  2018 10154
  2019 10154
  2020 10154
  2021 10154
  2022 10014
  2023 10154
  2024 10154
  2025 10154
  2026 10154
  2027 10154
  2028 10154
  2029 10154
  2030 10154
  2031 10154
