   690 10153
   691 10153
   692 10153
   693 10153
   694 10153
   695 10153
   696 10153
   697 10153
   698 10153
   699 10153
   700 10153
   701 10153
   702 10153
   703 10153
   704 10153
   705 10153
   706 10153
   707 10153
   708 10153
   709 10153
   710 10153
   711 10153
   712 10153
   713 10153
   714 10153
   715 10153
   716 10153
   717 10153
   718 10153
   719 10153
   720 10153
   721 10153
   722 10153
   723 10153
   724 10153
   725 10153
   726 10153
   727 10153
   728 10153
   729 10153
   730 10153
   731 10153
   732 10153
   733 10153
   734 10153
   735 10153
   736 10153
   737 10153
   738 10153
   739 10153
   740 10153
   741 10153
   742 10153
   743 10153
   744 10153
   745 10153
   746 10153
   747 10153
   748 10153
   749 10153
   750 10153
   751 10153
   752 10153
   753 10153
   754 10153
   755 10153
   756 10153
   757 10153
   758 10153
   759 10153
   760 10153
   761 10153
   762 10153
   763 10153
   764 10153
   765 10153
   766 10153
   767 10153
   768 10153
   769 10153
   770 10153
   771 10153
   772 10153
   773 10153
   774 10153
   775 10153
   776 10153
   777 10153
   778 10153
   779 10153
   780 10153
   781 10075
   782 10075
   783 10075
   784 10075
   785 10075
   786 10075
   787 10075
   788 10075
   789 10075
   790 10075
   791 10075
   792 10075
   793 10075
   794 10075
   795 10075
   796 10075
   797 10075
   798 10075
   799 10075
   800 10075
   801 10075
   802 10075
   803 10075
   804 10075
   805 10075
   806 10075
   807 10075
   808 10075
   809 10075
   810 10075
   811 10075
   812 10075
   813 10075
   814 10075
   815 10075
   816 10075
   817 10075
   818 10075
   819 10075
   820 10075
   821 10075
   822 10075
   823 10075
   824 10075
   825 10075
   826 10075
   827 10075
   828 10075
   829 10075
   830 10075
   831 10075
   832 10075
   833 10075
   834 10075
   835 10075
   836 10075
   837 10075
   838 10075
   839 10075
   840 10075
   841 10075
   842 10075
   843 10075
   844 10075
   845 10075
   846 10075
   847 10075
   848 10075
   849 10075
   850 10075
   851 10075
   852 10075
   853 10075
   854 10075
   855 10075
   856 10075
   857 10075
   858 10075
   859 10075
   860 10075
   861 10075
   862 10075
   863 10075
   864 10075
   865 10075
   866 10075
   867 10075
   868 10075
   869 10075
   870 10075
   871 10075
   872 10075
   873 10075
   874 10075
   875 10075
   876 10075
   877 10075
   878 10075
   879 10075
   880 10075
   881 10075
   882 10075
   883 10075
   884 10075
   885 10075
   886 10075
   887 10075
   888 10075
   889 10075
   890 10075
   891 10075
   892 10075
   893 10075
   894 10075
   895 10075
   896 10075
   897 10075
   898 10075
   899 10075
   900 10075
   901 10075
   902 10075
   903 10075
   904 10075
   905 10075
   906 10075
   907 10075
   908 10075
   909 10075
   910 10075
   911 10075
   912 10075
   913 10075
   914 10075
   915 10075
   916 10075
   917 10075
   918 10075
   919 10075
   920 10075
   921 10075
   922 10075
   923 10075
   924 10075
   925 10075
   926 10075
   927 10075
   928 10075
   929 10075
   930 10075
   931 10075
   932 10075
   933 10075
   934 10075
   935 10075
   936 10075
   937 10075
   938 10075
   939 10075
   940 10075
   941 10075
   942 10075
   943 10075
   944 10075
   945 10075
   946 10075
   947 10075
   948 10075
   949 10075
   950 10075
   951 10075
   952 10075
   953 10075
   954 10075
   955 10075
   956 10075
   957 10075
   958 10075
   959 10075
   960 10075
   961 10075
   962 10075
   963 10075
   964 10075
   965 10075
   966 10075
   967 10075
   968 10075
   969 10075
   970 10075
   971 10075
   972 10075
   973 10075
   974 10075
   975 10075
   976 10075
   977 10075
   978 10075
   979 10075
   980 10075
   981 10075
   982 10075
   983 10075
   984 10075
   985 10075
   986 10075
   987 10075
   988 10075
   989 10075
   990 10075
   991 10075
   992 10075
   993 10075
   994 10075
   995 10075
   996 10075
   997 10075
   998 10075
   999 10075
  1000 10075
  1001 10075
  1002 10075
  1003 10075
  1004 10075
  1005 10075
  1006 10075
  1007 10075
  1008 10075
  1009 10075
  1010 10075
  1011 10075
  1012 10075
  1013 10075
  1014 10075
  1015 10075
  1016 10075
  1017 10075
  1018 10075
  1019 10075
  1020 10075
  1021 10146
  1022 10146
  1023 10146
  1024 10146
  1025 10146
  1026 10146
  1027 10146
  1028 10146
  1029 10146
  1030 10146
  1031 10146
  1032 10146
  1033 10146
  1034 10146
  1035 10146
  1036 10146
  1037 10146
  1038 10146
  1039 10146
  1040 10146
  1041 10146
  1042 10146
  1043 10146
  1044 10146
  1045 10146
  1046 10146
  1047 10146
  1048 10146
  1049 10146
  1050 10146
  1051 10146
  1052 10146
  1053 10146
  1054 10146
  1055 10146
  1056 10146
  1057 10146
  1058 10146
  1059 10146
  1060 10146
  1061 10146
  1062 10146
  1063 10146
  1064 10146
  1065 10146
  1066 10146
  1067 10146
  1068 10146
  1069 10146
  1070 10146
  1071 10146
  1072 10146
  1073 10146
  1074 10146
  1075 10146
  1076 10146
  1077 10146
  1078 10146
  1079 10146
  1080 10146
  1081 10146
  1082 10146
  1083 10146
  1084 10146
  1085 10146
  1086 10146
  1087 10146
  1088 10146
  1089 10146
  1090 10146
  1091 10146
  1092 10146
  1093 10146
  1094 10146
  1095 10146
  1096 10146
  1097 10146
  1098 10146
  1099 10146
  1100 10146
  1101 10146
  1102 10146
  1103 10146
  1104 10146
  1105 10146
  1106 10146
  1107 10146
  1108 10146
  1109 10146
  1110 10146
  1111 10146
  1112 10146
  1113 10146
  1114 10146
  1115 10146
  1116 10146
  1117 10146
  1118 10146
  1119 10146
  1120 10146
  1121 10146
  1122 10146
  1123 10146
  1124 10146
  1125 10146
  1126 10146
  1127 10146
  1128 10146
  1129 10146
  1130 10146
  1131 10146
  1132 10146
  1133 10146
  1134 10146
  1135 10146
  1136 10146
  1137 10146
  1138 10146
  1139 10146
  1140 10146
  1141 10146
  1142 10146
  1143 10146
  1144 10146
  1145 10146
  1146 10146
  1147 10146
  1148 10146
  1149 10146
  1150 10146
  1151 10146
  1152 10146
  1153 10146
  1154 10146
  1155 10146
  1156 10146
  1157 10146
  1158 10146
  1159 10146
  1160 10146
  1161 10146
  1162 10146
  1163 10146
  1164 10146
  1165 10146
  1166 10146
  1167 10146
  1168 10146
  1169 10146
  1170 10146
  1171 10146
  1172 10146
  1173 10146
  1174 10146
  1175 10146
  1176 10146
  1177 10146
  1178 10146
  1179 10146
  1180 10146
  1181 10146
  1182 10146
  1183 10146
  1184 10146
  1185 10146
  1186 10146
  1187 10146
  1188 10146
  1189 10146
  1190 10146
  1191 10146
  1192 10146
  1193 10146
  1194 10146
  1195 10146
  1196 10146
  1197 10146
  1198 10146
  1199 10146
  1200 10146
  1201 10146
  1202 10146
  1203 10146
  1204 10146
  1205 10146
  1206 10146
  1207 10146
  1208 10146
  1209 10146
  1210 10146
  1211 10146
  1212 10146
  1213 10146
  1214 10146
  1215 10146
  1216 10146
  1217 10146
  1218 10146
  1219 10146
  1220 10146
  1221 10146
  1222 10146
  1223 10146
  1224 10146
  1225 10146
  1226 10146
  1227 10146
  1228 10146
  1229 10146
  1230 10146
  1231 10146
  1232 10146
  1233 10146
  1234 10146
  1235 10146
  1236 10146
  1237 10146
  1238 10146
  1239 10146
  1240 10146
  1241 10146
  1242 10146
  1243 10146
  1244 10146
  1245 10146
  1246 10146
  1247 10146
  1248 10146
  1249 10146
  1250 10146
  1251 10146
  1252 10146
  1253 10146
  1254 10146
  1255 10146
  1256 10146
  1257 10146
  1258 10158
  1259 10158
  1260 10158
  1261 10158
  1262 10018
  1263 10018
  1264 10018
  1265 10018
  1266 10018
  1267 10018
  1268 10018
  1269 10018
  1270 10018
  1271 10018
  1272 10018
  1273 10018
  1274 10018
  1275 10018
  1276 10018
  1277 10018
  1278 10018
  1279 10018
  1280 10018
  1281 10040
  1282 10040
  1283 10040
  1284 10040
  1285 10040
  1286 10040
  1287 10040
  1288 10040
  1289 10040
  1290 10040
  1291 10040
  1297 10040
  1298 10040
  1299 10040
  1300 10040
  1301 10055
  1302 10055
  1304 10154
  1306 10025
  1307 10025
  1308 10025
  1309 10025
  1310 10025
  1311 10025
  1312 10025
  1313 10025
  1314 10025
  1315 10025
  1316 10025
  1317 10025
  1318 10025
  1319 10025
  1320 10025
  1321 10025
  1322 10025
  1323 10025
  1324 10025
  1325 10025
  1326 10025
  1327 10025
  1328 10025
  1329 10025
  1330 10025
  1331 10025
  1332 10025
  1333 10025
  1334 10025
  1335 10025
  1336 10025
  1337 10025
  1338 10025
  1339 10025
  1340 10025
  1341 10025
  1342 10025
  1343 10025
  1344 10025
  1345 10025
  1346 10025
  1347 10025
  1348 10025
  1349 10025
  1350 10025
  1351 10025
  1352 10025
  1353 10025
  1354 10025
  1355 10025
  1356 10025
  1357 10025
  1358 10025
  1359 10025
  1360 10025
  1361 10025
  1362 10025
  1363 10025
  1364 10025
  1365 10025
  1366 10025
  1367 10025
  1368 10025
  1369 10025
  1370 10025
  1371 10025
  1372 10025
  1373 10025
  1374 10025
  1375 10025
  1383 10025
  1384 10025
  1385 10025
  1386 10025
  1387 10025
  1388 10025
  1389 10025
  1390 10025
  1391 10025
  1395 10082
  1396 10082
  1397 10082
  1398 10082
  1399 10082
  1400 10082
  1401 10082
  1402 10082
  1403 10082
  1404 10082
  1405 10082
  1406 10082
  1407 10082
  1408 10082
  1409 10082
  1410 10082
  1411 10082
  1412 10082
  1413 10082
  1414 10082
  1415 10082
  1416 10082
  1417 10082
  1418 10082
  1419 10082
  1420 10082
  1421 10082
  1422 10082
  1423 10082
  1424 10082
  1425 10082
  1426 10082
  1427 10082
  1428 10082
  1429 10082
  1430 10082
  1431 10082
  1432 10082
  1433 10082
  1434 10082
  1435 10082
  1436 10082
  1437 10082
  1438 10082
  1439 10082
  1440 10082
  1441 10082
  1442 10082
  1443 10082
  1444 10082
  1445 10082
  1446 10082
  1447 10082
  1448 10082
  1449 10082
  1450 10082
  1451 10082
  1452 10082
  1453 10082
  1454 10082
  1455 10082
  1456 10082
  1457 10082
  1458 10082
  1459 10082
  1460 10082
  1461 10082
  1462 10082
  1463 10082
  1464 10082
  1465 10082
  1466 10082
  1467 10082
  1468 10082
  1469 10082
  1470 10082
  1471 10082
  1472 10082
  1473 10082
  1474 10082
  1475 10082
  1476 10082
  1477 10082
  1478 10082
  1479 10082
  1480 10082
  1481 10082
  1482 10082
  1483 10082
  1484 10082
  1485 10082
  1486 10082
  1487 10082
  1488 10082
  1489 10082
  1490 10082
  1491 10082
  1492 10082
  1493 10082
  1494 10082
  1495 10082
  1496 10082
  1497 10082
  1498 10082
  1499 10082
  1500 10082
  1501 10082
  1502 10082
  1503 10082
  1504 10082
  1505 10082
  1506 10082
  1507 10082
  1508 10082
  1509 10082
  1510 10082
  1511 10082
  1512 10082
  1513 10082
  1514 10082
  1515 10082
  1516 10082
  1517 10082
  1518 10082
  1519 10082
  1520 10082
  1521 10082
  1522 10082
  1523 10082
  1524 10082
  1525 10082
  1526 10082
  1527 10082
  1528 10082
  1529 10082
  1530 10082
  1531 10082
  1532 10082
  1533 10082
  1534 10082
  1535 10082
  1536 10082
  1537 10082
  1538 10082
  1539 10082
  1540 10082
  1541 10082
  1542 10082
  1543 10082
  1544 10082
  1545 10082
  1546 10082
  1547 10082
  1548 10082
  1549 10082
  1550 10082
  1551 10082
  1552 10082
  1553 10082
  1554 10082
  1555 10082
  1556 10082
  1557 10082
  1558 10082
  1559 10082
  1560 10082
  1561 10082
  1562 10082
  1563 10082
  1564 10082
  1565 10082
  1566 10082
  1567 10082
  1568 10082
  1569 10082
  1570 10082
  1571 10082
  1572 10082
  1573 10082
  1574 10082
  1575 10082
  1576 10082
  1577 10082
  1578 10082
  1579 10082
  1580 10082
  1581 10082
  1582 10082
  1583 10082
  1584 10082
  1585 10082
  1586 10082
  1587 10082
  1588 10082
  1589 10082
  1590 10082
  1591 10082
  1592 10082
  1593 10082
  1594 10082
  1595 10082
  1596 10082
  1597 10082
  1598 10082
  1599 10082
  1600 10082
  1601 10082
  1602 10082
  1603 10082
  1604 10082
  1605 10082
  1606 10082
  1607 10082
  1608 10082
  1609 10082
  1610 10082
  1611 10082
  1612 10082
  1613 10082
  1614 10082
  1615 10082
  1616 10082
  1617 10082
  1618 10082
  1619 10082
  1620 10082
  1621 10021
  1622 10082
  1625 10045
  1626 10082
  1627 10021
  1628 10021
  1629 10021
  1630 10021
  1631 10021
  1632 10021
  1633 10021
  1634 10021
  1635 10021
  1636 10021
  1637 10021
  1638 10021
  1639 10021
  1640 10021
  1641 10021
  1642 10021
  1643 10021
  1644 10021
  1645 10021
  1646 10021
  1647 10021
  1648 10021
  1649 10021
  1650 10021
  1651 10021
  1652 10021
  1653 10021
  1654 10021
  1655 10021
  1656 10021
  1657 10021
  1658 10021
  1659 10021
  1660 10021
  1661 10021
  1662 10021
  1663 10021
  1664 10021
  1665 10021
  1666 10021
  1667 10021
  1668 10021
  1669 10021
  1670 10021
  1671 10021
  1672 10021
  1673 10021
  1674 10021
  1675 10021
  1676 10021
  1677 10021
  1678 10021
  1679 10021
  1680 10021
  1681 10021
  1682 10021
  1683 10021
  1684 10021
  1685 10021
  1686 10021
  1687 10021
  1688 10021
  1689 10021
  1690 10021
  1691 10021
  1692 10021
  1693 10021
  1694 10021
  1695 10021
  1696 10021
  1697 10021
  1698 10021
  1699 10021
  1700 10021
  1701 10021
  1702 10021
  1703 10021
  1704 10021
  1705 10021
  1706 10021
  1707 10021
  1708 10021
  1709 10021
  1710 10021
  1711 10021
  1712 10021
  1713 10021
  1714 10021
  1715 10021
  1716 10021
  1717 10021
  1718 10021
  1719 10021
  1720 10021
  1721 10021
  1722 10021
  1723 10021
  1724 10021
  1725 10021
  1726 10021
  1727 10021
  1728 10021
  1729 10021
  1730 10021
  1731 10021
  1732 10021
  1733 10021
  1734 10021
  1735 10021
  1736 10021
  1737 10021
  1738 10021
  1739 10021
  1740 10021
  1741 10021
  1742 10021
  1743 10021
  1744 10021
  1745 10021
  1746 10021
  1747 10021
  1748 10021
  1749 10021
  1750 10021
  1751 10021
  1752 10021
  1753 10021
  1754 10021
  1755 10021
  1756 10021
  1757 10021
  1758 10021
  1759 10021
  1760 10021
  1761 10021
  1762 10021
  1763 10021
  1764 10021
  1765 10021
  1766 10021
  1767 10021
  1768 10021
  1769 10021
  1770 10021
  1771 10021
  1772 10021
  1773 10021
  1774 10021
  1775 10021
  1776 10021
  1777 10021
  1778 10021
  1779 10021
  1780 10021
  1781 10021
  1782 10021
  1783 10021
  1784 10021
  1785 10021
  1786 10021
  1787 10021
  1788 10021
  1789 10021
  1790 10021
  1791 10021
  1792 10021
  1793 10021
  1794 10021
  1795 10021
  1796 10021
  1797 10021
  1798 10021
  1799 10021
  1800 10021
  1801 10021
  1802 10021
  1803 10021
  1804 10021
  1805 10021
  1806 10021
  1807 10021
  1808 10021
  1809 10021
  1810 10021
  1811 10021
  1812 10021
  1813 10021
  1814 10021
  1815 10021
  1816 10021
  1817 10021
  1818 10021
  1819 10021
  1820 10021
  1821 10021
  1822 10021
  1823 10021
  1824 10021
  1825 10021
  1826 10021
  1827 10021
  1828 10021
  1829 10021
  1830 10021
  1831 10021
  1832 10021
  1833 10021
  1834 10021
  1835 10021
  1836 10021
  1837 10021
  1838 10021
  1839 10021
  1840 10021
  1841 10021
  1842 10021
  1843 10021
  1844 10021
  1845 10021
  1846 10021
  1847 10021
  1848 10021
  1849 10021
  1850 10021
  1851 10021
  1852 10021
  1853 10021
  1854 10021
  1855 10021
  1856 10021
  1857 10047
  1858 10047
  1859 10047
  1860 10047
  1861 10047
  1862 10047
  1863 10003
  1864 10047
  1865 10002
  1866 10002
  1867 10002
  1868 10002
  1869 10002
  1870 10047
  1871 10047
  1872 10047
  1873 10047
  1874 10047
  1875 10047
  1876 10047
  1877 10047
  1878 10047
  1879 10047
  1880 10047
  1881 10047
  1882 10047
  1883 10047
  1884 10047
  1885 10047
  1886 10047
  1887 10047
  1888 10047
  1889 10047
  1890 10047
  1891 10047
  1892 10047
  1893 10047
  1894 10047
  1895 10047
  1896 10047
  1897 10047
  1898 10047
  1899 10047
  1900 10047
  1901 10047
  1902 10047
  1903 10047
  1904 10047
  1905 10047
  1906 10047
  1907 10047
  1908 10047
  1909 10047
  1910 10047
  1911 10047
  1912 10047
  1913 10047
  1914 10047
  1915 10047
  1916 10047
  1917 10047
  1918 10047
  1919 10047
  1920 10047
  1921 10047
  1922 10047
  1923 10047
  1924 10047
  1925 10047
  1926 10047
  1927 10047
  1928 10047
  1929 10047
  1930 10047
  1931 10047
  1932 10047
  1933 10047
  1934 10047
  1935 10047
  1936 10047
  1937 10047
  1938 10047
  1939 10047
  1940 10047
  1941 10047
  1942 10047
  1943 10047
  1944 10047
  1945 10047
  1946 10047
  1947 10047
  1948 10047
  1949 10047
  1950 10047
  1951 10047
  1952 10047
  1953 10047
  1954 10047
  1955 10047
  1956 10047
  1957 10047
  1958 10047
  1959 10047
  1960 10047
  1961 10047
  1962 10047
  1963 10047
  1964 10047
  1965 10047
  1966 10047
  1967 10047
  1968 10047
  1969 10047
  1970 10047
  1971 10047
  1972 10047
  1973 10047
  1974 10047
  1975 10047
  1976 10047
  1977 10047
  1978 10047
  1979 10047
  1980 10047
  1981 10047
  1982 10047
  1983 10047
  1984 10047
  1985 10047
  1986 10047
  1987 10047
  1988 10047
  1989 10047
  1990 10047
  1991 10047
  1992 10047
  1993 10047
  1994 10047
  1995 10047
  1996 10047
  1997 10047
  1998 10047
  1999 10047
  2000 10047
  2001 10047
  2002 10047
  2003 10047
  2004 10047
  2005 10047
  2006 10047
  2007 10047
  2008 10047
  2009 10047
  2010 10047
  2011 10047
  2012 10047
  2013 10047
  2014 10047
  2015 10047
  2016 10047
  2017 10047
  2018 10047
  2019 10047
  2020 10047
  2021 10047
  2022 10047
  2023 10047
  2024 10047
  2025 10047
  2032 10153
  2033 10153
  2034 10016
  2035 10153
  2036 10153
