   690 10086
   691 10086
   692 10086
   693 10086
   694 10086
   695 10086
   696 10086
   697 10086
   698 10086
   699 10086
   700 10086
   701 10086
   702 10086
   703 10086
   704 10086
   705 10086
   706 10086
   707 10086
   708 10086
   709 10086
   710 10086
   711 10086
   712 10086
   713 10086
   714 10086
   715 10086
   716 10086
   717 10086
   718 10086
   719 10086
   720 10086
   721 10086
   722 10086
   723 10086
   724 10086
   725 10086
   726 10086
   727 10086
   728 10086
   729 10086
   730 10086
   731 10086
   732 10086
   733 10086
   734 10086
   735 10086
   736 10086
   737 10086
   738 10086
   739 10086
   740 10086
   741 10086
   742 10086
   743 10086
   744 10086
   745 10086
   746 10086
   747 10086
   748 10086
   749 10086
   750 10086
   751 10086
   752 10086
   753 10086
   754 10086
   755 10086
   756 10086
   757 10086
   758 10086
   759 10086
   760 10086
   761 10086
   762 10086
   763 10086
   764 10086
   765 10086
   766 10086
   767 10086
   768 10086
   769 10086
   770 10086
   771 10086
   772 10086
   773 10086
   774 10086
   775 10086
   776 10086
   777 10086
   778 10086
   779 10086
   780 10086
   781 10043
   782 10086
   783 10086
   784 10086
   785 10087
   786 10086
   787 10086
   788 10086
   789 10086
   790 10086
   791 10086
   792 10086
   793 10086
   794 10086
   795 10086
   796 10086
   797 10086
   798 10086
   799 10086
   800 10086
   801 10086
   802 10086
   803 10086
   804 10086
   805 10086
   806 10086
   807 10086
   808 10086
   809 10086
   810 10086
   811 10086
   812 10086
   813 10086
   814 10086
   815 10086
   816 10086
   817 10086
   818 10086
   819 10086
   820 10086
   821 10086
   822 10086
   823 10086
   824 10086
   825 10086
   826 10086
   827 10086
   828 10086
   829 10086
   830 10086
   831 10086
   832 10086
   833 10086
   834 10086
   835 10086
   836 10086
   837 10086
   838 10086
   839 10086
   840 10086
   841 10086
   842 10086
   843 10086
   844 10086
   845 10086
   846 10086
   847 10086
   848 10086
   849 10086
   850 10086
   851 10086
   852 10086
   853 10086
   854 10086
   855 10086
   856 10086
   857 10086
   858 10086
   859 10086
   860 10086
   861 10086
   862 10086
   863 10086
   864 10086
   865 10086
   866 10086
   867 10086
   868 10086
   869 10086
   870 10086
   871 10086
   872 10086
   873 10086
   874 10086
   875 10086
   876 10086
   877 10086
   878 10086
   879 10086
   880 10086
   881 10086
   882 10086
   883 10086
   884 10086
   885 10086
   886 10086
   887 10086
   888 10086
   889 10086
   890 10086
   891 10086
   892 10086
   893 10086
   894 10086
   895 10086
   896 10086
   897 10086
   898 10086
   899 10086
   900 10086
   901 10086
   902 10086
   903 10086
   904 10086
   905 10086
   906 10086
   907 10086
   908 10086
   909 10086
   910 10086
   911 10086
   912 10086
   913 10086
   914 10086
   915 10086
   916 10086
   917 10086
   918 10086
   919 10086
   920 10086
   921 10086
   922 10086
   923 10086
   924 10086
   925 10086
   926 10086
   927 10086
   928 10086
   929 10086
   930 10086
   931 10086
   932 10086
   933 10086
   934 10086
   935 10086
   936 10086
   937 10086
   938 10086
   939 10086
   940 10086
   941 10086
   942 10086
   943 10086
   944 10086
   945 10086
   946 10086
   947 10086
   948 10086
   949 10086
   950 10086
   951 10086
   952 10086
   953 10086
   954 10086
   955 10086
   956 10086
   957 10086
   958 10086
   959 10086
   960 10086
   961 10086
   962 10086
   963 10086
   964 10086
   965 10086
   966 10086
   967 10086
   968 10086
   969 10086
   970 10086
   971 10086
   972 10086
   973 10086
   974 10086
   975 10086
   976 10086
   977 10086
   978 10086
   979 10086
   980 10086
   981 10086
   982 10086
   983 10086
   984 10086
   985 10086
   986 10086
   987 10086
   988 10086
   989 10086
   990 10086
   991 10086
   992 10086
   993 10086
   994 10086
   995 10086
   996 10086
   997 10086
   998 10086
   999 10086
  1000 10086
  1001 10086
  1002 10086
  1003 10086
  1004 10086
  1005 10086
  1006 10086
  1007 10086
  1008 10086
  1009 10086
  1010 10086
  1011 10086
  1012 10086
  1013 10086
  1014 10086
  1015 10086
  1016 10086
  1017 10086
  1018 10086
  1019 10086
  1020 10086
  1021 10086
  1022 10086
  1023 10086
  1024 10086
  1025 10086
  1026 10086
  1027 10086
  1028 10086
  1029 10086
  1030 10086
  1031 10086
  1032 10086
  1033 10086
  1034 10086
  1045 10086
  1046 10086
  1047 10086
  1049 10086
  1051 10080
  1054 10086
  1055 10086
  1056 10086
  1057 10086
  1058 10086
  1070 10086
  1071 10086
  1072 10086
  1075 10086
  1076 10086
  1077 10086
  1078 10086
  1084 10086
  1085 10086
  1086 10086
  1087 10086
  1088 10086
  1089 10086
  1090 10086
  1091 10086
  1114 10086
  1115 10086
  1116 10086
  1117 10086
  1126 10086
  1127 10086
  1128 10086
  1138 10067
  1139 10067
  1140 10067
  1141 10067
  1142 10067
  1143 10086
  1144 10086
  1145 10086
  1148 10086
  1149 10086
  1150 10086
  1151 10086
  1152 10086
  1153 10086
  1154 10086
  1155 10086
  1156 10086
  1157 10086
  1158 10086
  1159 10086
  1160 10086
  1161 10086
  1162 10086
  1163 10086
  1164 10086
  1165 10086
  1166 10086
  1167 10086
  1168 10086
  1169 10086
  1170 10086
  1171 10086
  1172 10086
  1173 10086
  1174 10086
  1175 10086
  1176 10086
  1177 10086
  1178 10086
  1179 10086
  1180 10086
  1181 10086
  1182 10086
  1183 10086
  1184 10086
  1188 10086
  1189 10086
  1190 10086
  1191 10086
  1197 10086
  1198 10086
  1199 10086
  1200 10086
  1201 10086
  1205 10086
  1206 10086
  1207 10086
  1208 10086
  1209 10086
  1210 10086
  1211 10086
  1212 10086
  1213 10086
  1214 10086
  1215 10086
  1216 10086
  1217 10086
  1218 10086
  1219 10086
  1220 10086
  1221 10086
  1222 10086
  1223 10086
  1224 10086
  1225 10086
  1226 10086
  1227 10086
  1228 10086
  1229 10086
  1230 10086
  1231 10086
  1232 10086
  1233 10086
  1234 10086
  1235 10086
  1236 10086
  1237 10149
  1242 10018
  1243 10018
  1244 10018
  1245 10018
  1246 10106
  1247 10106
  1248 10055
  1249 10040
  1250 10040
  1251 10134
  1252 10134
  1253 10134
  1258 10033
  1259 10033
  1260 10033
  1261 10033
  1262 10033
  1263 10033
  1264 10033
  1265 10033
  1266 10033
  1267 10033
  1268 10033
  1269 10033
  1270 10033
  1271 10086
  1272 10086
  1273 10033
  1274 10033
  1275 10033
  1276 10033
  1277 10033
  1278 10033
  1279 10033
  1280 10033
  1281 10033
  1282 10033
  1283 10033
  1284 10086
  1285 10086
  1286 10086
  1287 10086
  1288 10086
  1289 10033
  1290 10033
  1291 10033
  1292 10033
  1293 10033
  1294 10033
  1295 10033
  1296 10033
  1297 10033
  1298 10033
  1299 10033
  1300 10033
  1301 10033
  1302 10033
  1303 10033
  1304 10086
  1305 10086
  1306 10086
  1307 10086
  1308 10086
  1309 10033
  1310 10033
  1311 10033
  1312 10033
  1313 10033
  1314 10033
  1315 10033
  1316 10033
  1317 10033
  1318 10033
  1319 10033
  1320 10086
  1321 10086
  1322 10086
  1323 10086
  1324 10086
  1325 10086
  1326 10086
  1327 10086
  1328 10086
  1329 10086
  1330 10086
  1331 10086
  1332 10086
  1333 10086
  1334 10086
  1335 10086
  1336 10086
  1337 10080
  1338 10080
  1339 10080
  1340 10080
  1341 10080
  1342 10080
  1343 10080
  1344 10080
  1345 10080
  1346 10080
  1347 10080
  1348 10080
  1349 10086
  1350 10086
  1351 10086
  1352 10033
  1353 10033
  1354 10086
  1355 10086
  1356 10086
  1357 10086
  1358 10086
  1359 10086
  1360 10086
  1361 10086
  1362 10033
  1363 10033
  1364 10033
  1365 10033
  1366 10033
  1367 10086
  1368 10086
  1369 10086
  1378 10071
  1387 10086
  1388 10086
  1390 10086
  1391 10086
  1395 10086
  1396 10086
  1397 10086
  1398 10086
  1399 10086
  1400 10086
  1401 10086
  1402 10086
  1403 10086
  1404 10086
  1405 10086
  1406 10086
  1407 10086
  1408 10086
  1409 10086
  1410 10086
  1411 10086
  1412 10086
  1413 10086
  1414 10086
  1415 10086
  1416 10086
  1417 10086
  1418 10086
  1419 10086
  1420 10086
  1421 10086
  1422 10086
  1423 10086
  1424 10086
  1425 10086
  1426 10086
  1427 10086
  1428 10086
  1429 10086
  1430 10086
  1431 10086
  1432 10086
  1433 10086
  1434 10086
  1435 10086
  1436 10086
  1437 10086
  1438 10086
  1439 10086
  1440 10086
  1441 10086
  1442 10086
  1443 10086
  1444 10086
  1445 10086
  1446 10086
  1447 10086
  1448 10086
  1449 10086
  1450 10086
  1451 10086
  1452 10086
  1453 10086
  1454 10086
  1455 10086
  1456 10086
  1457 10086
  1458 10086
  1459 10086
  1460 10086
  1461 10086
  1462 10086
  1463 10086
  1464 10086
  1465 10086
  1466 10086
  1467 10086
  1468 10086
  1469 10086
  1470 10086
  1471 10086
  1472 10086
  1473 10086
  1474 10086
  1475 10086
  1476 10086
  1477 10086
  1478 10086
  1479 10086
  1480 10086
  1481 10086
  1482 10086
  1483 10086
  1484 10086
  1485 10086
  1486 10086
  1487 10086
  1488 10086
  1489 10086
  1490 10086
  1491 10086
  1492 10086
  1493 10086
  1494 10086
  1495 10086
  1496 10086
  1497 10086
  1498 10086
  1499 10086
  1500 10086
  1501 10086
  1502 10086
  1503 10086
  1504 10086
  1505 10086
  1506 10086
  1507 10086
  1508 10086
  1509 10086
  1510 10086
  1511 10086
  1512 10086
  1513 10086
  1514 10086
  1515 10086
  1516 10086
  1517 10086
  1518 10086
  1519 10086
  1520 10086
  1521 10086
  1522 10086
  1523 10086
  1524 10086
  1525 10086
  1526 10086
  1527 10086
  1528 10086
  1529 10086
  1530 10086
  1531 10086
  1532 10086
  1533 10086
  1534 10086
  1535 10086
  1536 10086
  1537 10086
  1538 10086
  1539 10086
  1540 10086
  1541 10086
  1542 10086
  1543 10086
  1544 10086
  1545 10086
  1546 10086
  1547 10086
  1548 10086
  1549 10086
  1550 10086
  1551 10086
  1552 10086
  1553 10086
  1554 10086
  1555 10086
  1556 10086
  1557 10086
  1558 10086
  1559 10086
  1560 10086
  1561 10086
  1562 10086
  1563 10086
  1564 10086
  1565 10086
  1566 10086
  1567 10086
  1568 10086
  1569 10086
  1570 10086
  1571 10086
  1572 10086
  1573 10086
  1574 10086
  1575 10086
  1576 10086
  1577 10086
  1578 10086
  1579 10086
  1580 10086
  1581 10086
  1582 10086
  1583 10086
  1584 10086
  1585 10086
  1586 10086
  1587 10086
  1588 10086
  1589 10086
  1590 10086
  1591 10086
  1592 10086
  1593 10086
  1594 10086
  1595 10086
  1596 10086
  1597 10086
  1598 10086
  1599 10086
  1600 10086
  1601 10086
  1602 10086
  1603 10086
  1604 10086
  1605 10086
  1606 10086
  1607 10086
  1608 10086
  1609 10086
  1610 10086
  1611 10086
  1612 10086
  1613 10086
  1614 10086
  1615 10086
  1616 10086
  1617 10086
  1618 10086
  1619 10086
  1620 10086
  1621 10086
  1622 10086
  1623 10086
  1624 10086
  1625 10086
  1626 10086
  1627 10086
  1628 10033
  1629 10033
  1630 10033
  1631 10086
  1632 10086
  1633 10086
  1634 10086
  1635 10086
  1636 10080
  1637 10080
  1638 10086
  1639 10086
  1640 10086
  1641 10033
  1642 10033
  1643 10033
  1644 10033
  1645 10033
  1646 10033
  1647 10033
  1648 10033
  1649 10033
  1650 10033
  1651 10033
  1652 10086
  1653 10086
  1654 10086
  1655 10086
  1656 10033
  1657 10033
  1658 10033
  1659 10033
  1660 10033
  1661 10033
  1662 10033
  1663 10033
  1664 10033
  1665 10086
  1666 10086
  1667 10086
  1668 10086
  1669 10086
  1670 10086
  1671 10086
  1672 10086
  1673 10086
  1674 10086
  1675 10086
  1676 10086
  1677 10086
  1678 10086
  1679 10086
  1680 10086
  1681 10086
  1682 10086
  1683 10086
  1684 10086
  1685 10086
  1686 10086
  1687 10086
  1688 10086
  1689 10086
  1690 10033
  1691 10033
  1692 10033
  1693 10033
  1694 10033
  1695 10033
  1696 10033
  1697 10033
  1698 10033
  1699 10033
  1700 10033
  1701 10033
  1702 10033
  1703 10033
  1704 10086
  1705 10086
  1706 10086
  1707 10086
  1708 10086
  1709 10086
  1710 10086
  1711 10086
  1712 10086
  1713 10086
  1714 10086
  1715 10086
  1716 10033
  1717 10033
  1718 10033
  1719 10033
  1720 10033
  1721 10033
  1722 10033
  1723 10033
  1724 10086
  1725 10086
  1726 10086
  1727 10086
  1728 10086
  1729 10086
  1730 10086
  1731 10086
  1732 10086
  1733 10086
  1734 10086
  1735 10086
  1736 10086
  1737 10086
  1738 10086
  1739 10086
  1740 10086
  1741 10086
  1742 10086
  1743 10086
  1744 10086
  1745 10086
  1746 10086
  1747 10086
  1748 10086
  1749 10086
  1750 10086
  1751 10086
  1752 10086
  1753 10086
  1754 10086
  1755 10086
  1756 10080
  1757 10080
  1758 10080
  1759 10080
  1760 10080
  1761 10080
  1762 10080
  1763 10080
  1764 10080
  1765 10033
  1766 10033
  1767 10033
  1768 10033
  1769 10033
  1770 10086
  1771 10086
  1772 10086
  1773 10086
  1774 10086
  1775 10086
  1776 10086
  1777 10033
  1778 10033
  1779 10033
  1780 10033
  1781 10033
  1782 10033
  1783 10033
  1784 10033
  1785 10033
  1786 10033
  1787 10033
  1788 10033
  1789 10086
  1790 10086
  1791 10086
  1792 10086
  1793 10086
  1794 10086
  1795 10086
  1796 10086
  1797 10086
  1798 10086
  1799 10086
  1800 10086
  1801 10086
  1802 10033
  1803 10033
  1804 10033
  1805 10086
  1806 10086
  1807 10086
  1808 10086
  1809 10033
  1810 10033
  1811 10033
  1812 10033
  1813 10086
  1814 10086
  1815 10086
  1816 10086
  1817 10086
  1818 10086
  1819 10086
  1820 10086
  1821 10086
  1822 10086
  1823 10086
  1824 10086
  1825 10086
  1826 10086
  1827 10086
  1828 10086
  1829 10086
  1830 10086
  1831 10086
  1832 10086
  1833 10086
  1834 10086
  1835 10086
  1836 10086
  1837 10086
  1838 10086
  1839 10086
  1840 10086
  1841 10033
  1842 10033
  1843 10033
  1844 10033
  1845 10033
  1846 10033
  1847 10033
  1848 10033
  1849 10033
  1850 10033
  1851 10033
  1852 10033
  1853 10033
  1854 10033
  1855 10033
  1856 10033
  1857 10033
  1858 10033
  1859 10033
  1860 10033
  1861 10033
  1862 10033
  1863 10033
  1864 10033
  1865 10033
  1866 10033
  1867 10033
  1868 10033
  1869 10033
  1879 10086
  1880 10086
  1886 10086
  1887 10086
  1888 10086
  1889 10086
  1890 10086
  1900 10086
  1901 10086
  1902 10086
  1903 10086
  1904 10086
  1905 10086
  1906 10086
  1907 10086
  1908 10086
  1909 10086
  1910 10086
  1912 10086
  1913 10086
  1914 10086
  1915 10086
  1916 10086
  1917 10086
  1918 10086
  1919 10086
  1920 10086
  1921 10086
  1922 10086
  1923 10086
  1924 10086
  1925 10086
  1926 10086
  1927 10086
  1928 10086
  1967 10086
  1968 10086
  1969 10086
  1970 10086
  1971 10086
  1972 10086
  1973 10086
  1974 10086
  1975 10086
  1978 10086
  1979 10086
  1980 10086
  1999 10086
  2000 10086
  2001 10086
  2002 10086
  2003 10086
  2004 10086
  2005 10086
  2006 10086
  2007 10086
  2008 10086
  2010 10086
  2012 10086
  2013 10080
  2014 10080
  2015 10080
  2016 10080
  2017 10080
  2019 10080
