   690 10101
   691 10101
   692 10101
   693 10101
   694 10101
   695 10101
   696 10101
   697 10101
   698 10101
   699 10101
   700 10101
   701 10101
   702 10101
   703 10101
   704 10101
   705 10101
   706 10101
   707 10101
   708 10101
   709 10101
   710 10101
   711 10101
   712 10101
   713 10101
   714 10101
   715 10101
   716 10101
   717 10101
   718 10101
   719 10101
   720 10101
   721 10101
   722 10101
   723 10101
   724 10101
   725 10101
   726 10101
   727 10101
   728 10101
   729 10101
   730 10101
   731 10101
   732 10101
   733 10101
   734 10101
   735 10101
   736 10101
   737 10101
   738 10101
   739 10101
   740 10101
   741 10101
   742 10101
   743 10101
   744 10101
   745 10101
   746 10101
   747 10101
   748 10101
   749 10101
   750 10101
   751 10101
   752 10101
   753 10101
   754 10101
   755 10101
   756 10101
   757 10101
   758 10101
   759 10101
   760 10101
   761 10101
   762 10101
   763 10101
   764 10101
   765 10101
   766 10101
   767 10101
   768 10101
   769 10101
   770 10101
   771 10101
   772 10101
   773 10101
   774 10101
   775 10101
   776 10101
   777 10101
   778 10101
   779 10101
   780 10101
   781 10154
   782 10143
   783 10143
   784 10006
   785 10006
   786 10006
   787 10006
   788 10006
   789 10006
   790 10006
   791 10006
   792 10006
   793 10006
   794 10006
   795 10118
   796 10118
   797 10118
   798 10118
   799 10118
   800 10118
   801 10118
   802 10118
   803 10118
   804 10118
   805 10118
   806 10118
   807 10118
   808 10118
   809 10118
   810 10118
   811 10118
   812 10118
   813 10118
   814 10118
   815 10118
   816 10118
   817 10118
   818 10118
   819 10118
   820 10118
   821 10118
   822 10118
   823 10118
   824 10118
   825 10118
   826 10118
   827 10118
   828 10118
   829 10118
   830 10118
   831 10118
   832 10118
   833 10118
   834 10118
   835 10118
   836 10118
   837 10118
   838 10118
   839 10118
   840 10118
   841 10118
   842 10118
   843 10118
   844 10118
   845 10118
   846 10118
   847 10118
   848 10118
   849 10118
   850 10118
   851 10118
   852 10118
   853 10118
   854 10118
   855 10118
   856 10118
   857 10118
   858 10118
   859 10118
   860 10118
   861 10118
   862 10118
   863 10118
   864 10118
   865 10118
   866 10118
   867 10118
   868 10118
   869 10118
   870 10118
   871 10118
   872 10118
   873 10118
   874 10118
   875 10118
   876 10118
   877 10118
   878 10118
   879 10118
   880 10118
   881 10118
   882 10118
   883 10118
   884 10118
   885 10118
   886 10118
   887 10118
   888 10118
   889 10118
   890 10118
   891 10118
   892 10118
   893 10118
   894 10118
   895 10118
   896 10118
   897 10118
   898 10118
   899 10118
   900 10118
   901 10118
   902 10118
   903 10118
   904 10118
   905 10118
   906 10118
   907 10118
   908 10118
   909 10118
   910 10118
   911 10118
   912 10118
   913 10118
   914 10118
   915 10118
   916 10118
   917 10118
   918 10118
   919 10118
   920 10118
   921 10118
   922 10118
   923 10118
   924 10118
   925 10118
   926 10118
   927 10118
   928 10118
   929 10118
   930 10118
   931 10118
   932 10118
   933 10118
   934 10118
   935 10118
   936 10118
   937 10118
   938 10118
   939 10118
   940 10118
   941 10118
   942 10118
   943 10118
   944 10118
   945 10118
   946 10118
   947 10118
   948 10118
   949 10118
   950 10118
   951 10118
   952 10118
   953 10118
   954 10118
   955 10118
   956 10118
   957 10118
   958 10118
   959 10118
   960 10118
   961 10118
   962 10118
   963 10118
   964 10118
   965 10118
   966 10118
   967 10118
   968 10118
   969 10118
   970 10118
   971 10118
   972 10118
   973 10118
   974 10118
   975 10118
   976 10118
   977 10118
   978 10118
   979 10118
   980 10118
   981 10118
   982 10118
   983 10118
   984 10118
   985 10118
   986 10118
   987 10118
   988 10118
   989 10118
   990 10118
   991 10118
   992 10118
   993 10118
   994 10118
   995 10118
   996 10118
   997 10118
   998 10118
   999 10118
  1000 10118
  1001 10118
  1002 10118
  1003 10118
  1004 10118
  1005 10118
  1006 10118
  1007 10118
  1008 10118
  1009 10118
  1010 10118
  1011 10118
  1012 10118
  1013 10118
  1014 10118
  1015 10118
  1016 10118
  1017 10118
  1018 10118
  1019 10118
  1020 10118
  1021 10118
  1022 10118
  1023 10118
  1024 10118
  1025 10118
  1026 10118
  1027 10118
  1028 10118
  1029 10118
  1030 10118
  1031 10118
  1032 10118
  1033 10118
  1034 10118
  1035 10118
  1036 10118
  1037 10118
  1038 10118
  1039 10118
  1040 10118
  1041 10118
  1042 10118
  1043 10118
  1044 10118
  1045 10118
  1046 10118
  1047 10118
  1048 10118
  1049 10118
  1050 10118
  1051 10118
  1052 10118
  1053 10118
  1054 10118
  1055 10118
  1056 10118
  1057 10118
  1058 10118
  1059 10118
  1060 10118
  1061 10118
  1062 10118
  1063 10118
  1064 10118
  1065 10118
  1066 10118
  1067 10118
  1068 10118
  1069 10118
  1070 10118
  1071 10118
  1072 10118
  1073 10118
  1074 10118
  1075 10118
  1076 10118
  1077 10118
  1078 10118
  1079 10118
  1080 10118
  1081 10118
  1082 10118
  1083 10118
  1084 10118
  1085 10118
  1086 10118
  1087 10118
  1088 10118
  1089 10118
  1090 10118
  1091 10118
  1092 10118
  1093 10118
  1094 10118
  1095 10118
  1096 10118
  1097 10118
  1098 10118
  1099 10118
  1100 10118
  1101 10118
  1102 10118
  1103 10118
  1104 10118
  1105 10118
  1106 10118
  1107 10118
  1108 10118
  1109 10118
  1110 10118
  1111 10118
  1112 10118
  1113 10118
  1114 10118
  1115 10118
  1116 10118
  1117 10118
  1118 10118
  1119 10118
  1120 10118
  1121 10118
  1122 10118
  1123 10118
  1124 10118
  1125 10118
  1126 10118
  1127 10118
  1128 10118
  1129 10118
  1130 10118
  1131 10118
  1132 10118
  1133 10118
  1134 10118
  1135 10118
  1136 10118
  1137 10118
  1138 10118
  1139 10118
  1140 10118
  1141 10118
  1142 10118
  1143 10118
  1144 10118
  1145 10118
  1146 10118
  1147 10118
  1148 10118
  1149 10118
  1150 10118
  1151 10118
  1152 10118
  1153 10118
  1154 10118
  1155 10118
  1156 10118
  1157 10118
  1158 10118
  1159 10118
  1160 10118
  1161 10118
  1162 10118
  1163 10118
  1164 10118
  1165 10118
  1166 10118
  1167 10118
  1168 10118
  1169 10118
  1170 10118
  1171 10118
  1172 10118
  1173 10118
  1174 10118
  1175 10118
  1176 10118
  1177 10118
  1178 10118
  1179 10118
  1180 10118
  1181 10118
  1182 10118
  1183 10118
  1184 10118
  1185 10118
  1186 10118
  1187 10118
  1188 10118
  1189 10118
  1190 10118
  1191 10118
  1192 10118
  1193 10118
  1194 10118
  1195 10118
  1196 10118
  1197 10118
  1198 10118
  1199 10118
  1200 10118
  1201 10118
  1202 10118
  1203 10118
  1204 10118
  1205 10118
  1206 10118
  1207 10118
  1208 10118
  1209 10118
  1210 10118
  1211 10118
  1212 10118
  1213 10118
  1214 10118
  1215 10118
  1216 10118
  1217 10118
  1218 10118
  1219 10118
  1220 10118
  1221 10118
  1222 10118
  1223 10118
  1224 10118
  1225 10118
  1226 10118
  1227 10118
  1228 10118
  1229 10118
  1230 10118
  1231 10118
  1232 10118
  1233 10118
  1234 10118
  1235 10118
  1236 10118
  1237 10118
  1238 10118
  1239 10118
  1240 10118
  1241 10118
  1242 10118
  1243 10118
  1244 10118
  1245 10118
  1246 10118
  1247 10118
  1248 10118
  1249 10118
  1250 10118
  1251 10118
  1252 10118
  1253 10118
  1254 10118
  1255 10118
  1256 10118
  1257 10118
  1258 10118
  1259 10118
  1260 10118
  1261 10118
  1262 10118
  1263 10118
  1264 10118
  1265 10118
  1266 10118
  1267 10118
  1270 10009
  1272 10009
  1273 10009
  1274 10009
  1275 10009
  1276 10009
  1277 10009
  1278 10009
  1279 10009
  1280 10009
  1281 10009
  1282 10009
  1283 10009
  1284 10009
  1285 10009
  1286 10009
  1287 10009
  1288 10009
  1289 10009
  1290 10009
  1291 10009
  1292 10009
  1293 10009
  1294 10009
  1295 10009
  1296 10009
  1297 10009
  1298 10009
  1299 10009
  1300 10009
  1301 10009
  1302 10009
  1303 10009
  1304 10009
  1305 10009
  1306 10009
  1307 10009
  1308 10009
  1309 10009
  1310 10009
  1311 10009
  1312 10009
  1313 10009
  1314 10009
  1315 10009
  1316 10009
  1317 10009
  1318 10009
  1319 10009
  1320 10009
  1321 10009
  1322 10009
  1323 10009
  1324 10009
  1325 10009
  1326 10009
  1327 10009
  1328 10009
  1329 10009
  1330 10009
  1331 10009
  1332 10009
  1333 10009
  1334 10009
  1335 10009
  1336 10009
  1337 10009
  1338 10009
  1339 10009
  1340 10009
  1341 10009
  1342 10009
  1343 10009
  1344 10009
  1345 10009
  1346 10009
  1347 10009
  1348 10009
  1349 10009
  1350 10009
  1351 10009
  1352 10009
  1353 10009
  1354 10009
  1355 10009
  1356 10009
  1357 10009
  1358 10009
  1359 10009
  1360 10009
  1361 10009
  1362 10009
  1363 10009
  1364 10009
  1365 10009
  1366 10009
  1367 10009
  1368 10009
  1369 10009
  1370 10009
  1371 10009
  1372 10009
  1373 10009
  1374 10009
  1375 10009
  1376 10009
  1377 10009
  1378 10009
  1379 10009
  1380 10009
  1381 10009
  1382 10009
  1383 10009
  1384 10009
  1385 10009
  1386 10009
  1387 10009
  1388 10009
  1389 10009
  1390 10009
  1391 10009
  1392 10009
  1393 10009
  1394 10009
  1395 10009
  1396 10009
  1397 10009
  1398 10009
  1399 10009
  1400 10009
  1401 10009
  1402 10009
  1403 10009
  1404 10009
  1405 10009
  1406 10009
  1407 10009
  1408 10009
  1409 10009
  1410 10009
  1411 10009
  1412 10009
  1413 10009
  1414 10009
  1415 10009
  1416 10009
  1417 10009
  1418 10009
  1419 10009
  1420 10009
  1421 10009
  1422 10009
  1423 10009
  1424 10009
  1425 10009
  1426 10009
  1427 10009
  1428 10009
  1429 10009
  1430 10009
  1431 10009
  1432 10009
  1433 10009
  1434 10009
  1435 10009
  1436 10009
  1437 10009
  1438 10009
  1439 10009
  1440 10009
  1441 10009
  1442 10009
  1443 10009
  1444 10009
  1445 10009
  1446 10009
  1447 10009
  1448 10009
  1449 10009
  1450 10009
  1451 10009
  1452 10009
  1453 10009
  1454 10009
  1455 10009
  1456 10009
  1457 10009
  1458 10009
  1459 10009
  1460 10009
  1461 10009
  1462 10009
  1463 10009
  1464 10009
  1465 10009
  1466 10009
  1467 10009
  1468 10009
  1469 10009
  1470 10009
  1471 10009
  1472 10009
  1473 10009
  1474 10009
  1475 10009
  1476 10009
  1477 10009
  1478 10009
  1479 10009
  1480 10009
  1481 10009
  1482 10009
  1483 10009
  1484 10009
  1485 10009
  1486 10009
  1487 10009
  1488 10009
  1489 10009
  1490 10009
  1491 10009
  1492 10009
  1493 10009
  1494 10009
  1495 10009
  1496 10009
  1497 10009
  1498 10009
  1499 10009
  1500 10009
  1501 10018
  1502 10018
  1503 10018
  1504 10018
  1505 10018
  1506 10018
  1507 10158
  1508 10140
  1509 10158
  1510 10140
  1511 10158
  1512 10158
  1513 10140
  1514 10158
  1515 10140
  1516 10158
  1517 10158
  1518 10140
  1519 10140
  1520 10140
  1521 10140
  1522 10140
  1523 10140
  1524 10140
  1525 10140
  1526 10140
  1527 10140
  1528 10140
  1529 10140
  1530 10140
  1531 10140
  1532 10140
  1533 10140
  1534 10140
  1535 10140
  1536 10140
  1537 10140
  1538 10140
  1539 10140
  1540 10140
  1541 10140
  1542 10140
  1543 10140
  1544 10140
  1545 10140
  1546 10055
  1547 10055
  1548 10055
  1549 10055
  1550 10055
  1551 10055
  1552 10040
  1553 10055
  1555 10040
  1556 10040
  1557 10040
  1558 10040
  1559 10040
  1560 10040
  1561 10040
  1565 10055
  1566 10055
  1567 10055
  1568 10055
  1572 10101
  1573 10101
  1580 10071
  1581 10071
  1582 10071
  1583 10071
  1584 10071
  1585 10071
  1586 10071
  1587 10071
  1588 10071
  1589 10071
  1590 10071
  1591 10071
  1592 10071
  1593 10071
  1594 10071
  1595 10071
  1596 10071
  1597 10071
  1598 10071
  1599 10071
  1600 10071
  1601 10071
  1602 10071
  1603 10071
  1604 10071
  1605 10071
  1613 10149
  1614 10149
  1615 10071
  1616 10071
  1617 10071
  1618 10071
  1619 10071
  1620 10071
  1626 10149
  1627 10149
  1628 10071
  1629 10071
  1630 10071
  1631 10071
  1632 10071
  1633 10071
  1634 10071
  1635 10071
  1636 10071
  1637 10071
  1638 10071
  1639 10071
  1640 10071
  1641 10071
  1642 10071
  1643 10071
  1644 10071
  1645 10071
  1646 10071
  1647 10071
  1648 10071
  1649 10071
  1650 10071
  1651 10071
  1652 10071
  1653 10071
  1654 10071
  1655 10071
  1656 10071
  1657 10071
  1658 10071
  1659 10071
  1660 10071
  1661 10071
  1662 10071
  1663 10071
  1664 10071
  1665 10071
  1666 10071
  1667 10071
  1668 10071
  1669 10071
  1670 10071
  1671 10149
  1672 10149
  1673 10071
  1674 10071
  1675 10071
  1676 10071
  1677 10071
  1678 10071
  1679 10071
  1680 10071
  1681 10071
  1682 10071
  1683 10071
  1684 10071
  1685 10071
  1686 10071
  1687 10071
  1688 10071
  1689 10071
  1690 10071
  1691 10071
  1692 10071
  1693 10071
  1694 10071
  1695 10071
  1696 10071
  1697 10071
  1698 10071
  1699 10071
  1700 10071
  1701 10071
  1702 10071
  1703 10071
  1704 10071
  1705 10071
  1706 10071
  1707 10071
  1708 10071
  1709 10071
  1710 10071
  1711 10071
  1712 10071
  1713 10071
  1714 10071
  1715 10071
  1716 10071
  1717 10071
  1718 10071
  1719 10071
  1720 10071
  1721 10071
  1722 10071
  1723 10071
  1724 10071
  1725 10071
  1726 10071
  1727 10071
  1728 10071
  1729 10071
  1730 10071
  1731 10071
  1732 10071
  1733 10094
  1734 10094
  1735 10094
  1738 10089
  1739 10089
  1740 10089
  1741 10089
  1742 10089
  1743 10110
  1744 10110
  1745 10110
  1746 10110
  1747 10110
  1748 10110
  1749 10110
  1750 10110
  1751 10110
  1752 10133
  1753 10133
  1754 10133
  1755 10089
  1756 10089
  1757 10089
  1758 10089
  1759 10089
  1760 10089
  1761 10089
  1762 10089
  1763 10089
  1764 10089
  1765 10089
  1766 10089
  1767 10089
  1768 10089
  1769 10089
  1770 10089
  1771 10089
  1772 10089
  1773 10089
  1774 10089
  1775 10089
  1776 10089
  1777 10089
  1778 10089
  1779 10089
  1780 10089
  1781 10089
  1782 10089
  1783 10089
  1784 10089
  1785 10089
  1786 10089
  1787 10089
  1788 10089
  1789 10089
  1790 10089
  1791 10089
  1792 10089
  1793 10089
  1794 10089
  1795 10089
  1796 10089
  1797 10089
  1798 10089
  1799 10089
  1800 10089
  1801 10089
  1802 10089
  1803 10089
  1804 10089
  1805 10089
  1806 10089
  1807 10089
  1808 10089
  1809 10089
  1810 10089
  1811 10089
  1812 10089
  1813 10089
  1814 10089
  1815 10089
  1816 10089
  1817 10089
  1818 10089
  1819 10089
  1820 10089
  1821 10089
  1822 10089
  1823 10089
  1824 10089
  1825 10089
  1826 10089
  1827 10089
  1828 10089
  1829 10089
  1830 10089
  1831 10089
  1832 10089
  1833 10089
  1834 10089
  1835 10089
  1836 10089
  1837 10089
  1838 10089
  1839 10089
  1840 10089
  1841 10089
  1842 10089
  1843 10089
  1844 10089
  1845 10089
  1846 10089
  1847 10089
  1848 10089
  1849 10089
  1850 10089
  1851 10089
  1852 10089
  1853 10089
  1854 10089
  1855 10089
  1856 10089
  1857 10089
  1858 10089
  1859 10089
  1860 10089
  1861 10089
  1862 10074
  1863 10074
  1864 10074
  1865 10074
  1866 10074
  1867 10074
  1868 10074
  1869 10074
  1870 10074
  1871 10074
  1872 10074
  1873 10074
  1874 10074
  1875 10074
  1876 10074
  1877 10074
  1878 10074
  1879 10074
  1880 10074
  1881 10074
  1882 10074
  1883 10074
  1884 10074
  1885 10074
  1886 10074
  1887 10074
  1888 10074
  1889 10074
  1890 10074
  1891 10074
  1892 10074
  1893 10074
  1894 10074
  1895 10074
  1896 10074
  1897 10074
  1898 10074
  1899 10074
  1900 10074
  1901 10074
  1902 10074
  1903 10074
  1904 10074
  1905 10074
  1906 10074
  1907 10074
  1908 10074
  1909 10074
  1910 10074
  1911 10074
  1912 10074
  1913 10074
  1914 10074
  1915 10074
  1916 10074
  1917 10074
  1918 10074
  1919 10074
  1920 10074
  1921 10074
  1922 10074
  1923 10074
  1924 10074
  1925 10074
  1926 10074
  1927 10074
  1928 10074
  1929 10074
  1930 10074
  1931 10074
  1932 10074
  1933 10074
  1934 10074
  1935 10074
  1936 10074
  1937 10074
  1938 10074
  1939 10074
  1940 10074
  1941 10074
  1942 10074
  1943 10074
  1944 10074
  1945 10074
  1946 10074
  1947 10074
  1948 10074
  1949 10074
  1950 10074
  1951 10074
  1952 10074
  1953 10074
  1954 10074
  1955 10074
  1956 10074
  1957 10074
  1958 10074
  1959 10074
  1960 10074
  1961 10074
  1962 10074
  1963 10074
  1964 10074
  1965 10074
  1966 10074
  1967 10074
  1968 10074
  1969 10074
  1970 10074
  1971 10074
  1972 10074
  1973 10074
  1974 10074
  1975 10074
  1976 10074
  1977 10074
  1978 10074
  1979 10074
  1980 10074
  1981 10074
  1982 10074
  1983 10074
  1984 10074
  1985 10074
  1986 10074
  1987 10074
  1988 10074
  1989 10074
  1990 10074
  1991 10074
  1992 10074
  1993 10074
  1994 10074
  1995 10074
  1996 10074
  1997 10074
  1998 10074
  1999 10074
  2000 10074
  2001 10074
  2002 10074
  2003 10074
  2004 10074
  2005 10074
  2006 10074
  2007 10074
  2008 10074
  2009 10074
  2010 10074
  2011 10074
  2012 10074
  2013 10074
  2014 10074
  2015 10074
  2016 10074
  2017 10074
  2018 10074
  2019 10074
  2020 10074
  2021 10074
  2022 10074
  2023 10074
  2024 10074
  2025 10095
  2026 10074
  2027 10036
  2028 10036
  2029 10141
  2030 10141
  2031 10101
  2032 10141
  2033 10141
