   689 10100
   690 10100
   691 10100
   692 10100
   693 10100
   694 10100
   695 10100
   696 10100
   697 10100
   698 10100
   699 10100
   700 10100
   701 10100
   702 10100
   703 10100
   704 10100
   705 10100
   706 10100
   707 10100
   708 10100
   709 10100
   710 10100
   711 10100
   712 10100
   713 10100
   714 10100
   715 10100
   716 10100
   717 10100
   718 10100
   719 10100
   720 10100
   721 10100
   722 10100
   723 10100
   724 10100
   725 10100
   726 10100
   727 10100
   728 10100
   729 10100
   730 10100
   731 10100
   732 10100
   733 10100
   734 10100
   735 10100
   736 10100
   737 10100
   738 10100
   739 10100
   740 10100
   741 10100
   742 10100
   743 10100
   744 10100
   745 10100
   746 10100
   747 10100
   748 10100
   749 10100
   750 10100
   751 10100
   752 10100
   753 10100
   754 10100
   755 10100
   756 10100
   757 10100
   758 10100
   759 10100
   760 10100
   761 10100
   762 10100
   763 10100
   764 10100
   765 10100
   766 10100
   767 10100
   768 10100
   769 10100
   770 10100
   771 10100
   772 10100
   773 10100
   774 10100
   775 10100
   776 10100
   777 10100
   778 10100
   779 10100
   780 10100
   786 10108
   787 10108
   788 10108
   789 10108
   790 10108
   791 10108
   792 10108
   793 10108
   794 10108
   795 10108
   796 10108
   797 10108
   798 10108
   799 10108
   800 10108
   801 10108
   802 10108
   803 10108
   804 10108
   805 10108
   806 10108
   807 10108
   808 10108
   809 10108
   810 10108
   811 10108
   812 10108
   813 10108
   814 10108
   815 10108
   816 10108
   817 10108
   818 10108
   819 10108
   820 10108
   821 10108
   822 10108
   823 10108
   824 10108
   825 10108
   826 10108
   827 10108
   828 10108
   829 10108
   830 10108
   831 10108
   832 10108
   833 10108
   834 10108
   835 10108
   836 10108
   837 10108
   838 10108
   839 10108
   840 10108
   841 10108
   842 10108
   843 10108
   844 10108
   845 10108
   846 10108
   847 10108
   848 10108
   849 10108
   850 10108
   851 10108
   852 10108
   853 10108
   854 10108
   855 10108
   856 10108
   857 10108
   858 10108
   859 10108
   860 10108
   861 10108
   862 10108
   863 10108
   864 10108
   865 10108
   866 10108
   867 10108
   868 10108
   869 10108
   870 10108
   871 10108
   872 10108
   873 10108
   874 10108
   875 10108
   876 10108
   877 10108
   878 10108
   879 10108
   880 10108
   881 10108
   882 10108
   883 10108
   884 10108
   885 10108
   886 10108
   887 10108
   888 10108
   889 10108
   890 10108
   891 10108
   892 10108
   893 10108
   894 10108
   895 10108
   896 10108
   897 10108
   898 10108
   899 10108
   900 10108
   901 10108
   902 10108
   903 10108
   904 10108
   905 10108
   906 10108
   907 10108
   908 10108
   909 10108
   910 10108
   911 10108
   912 10108
   913 10108
   914 10108
   915 10108
   916 10108
   917 10108
   918 10108
   919 10108
   920 10108
   921 10108
   922 10108
   923 10108
   924 10108
   925 10108
   926 10108
   927 10108
   928 10108
   929 10108
   930 10108
   931 10108
   932 10108
   933 10108
   934 10108
   935 10108
   936 10108
   937 10108
   938 10108
   939 10108
   940 10108
   941 10108
   942 10108
   943 10108
   944 10108
   945 10108
   946 10108
   947 10108
   948 10108
   949 10108
   950 10108
   951 10108
   952 10108
   953 10108
   954 10108
   955 10108
   956 10108
   957 10108
   958 10108
   959 10108
   960 10108
   961 10108
   962 10108
   963 10108
   964 10108
   965 10108
   966 10108
   967 10108
   968 10108
   969 10108
   970 10108
   971 10108
   972 10108
   973 10108
   974 10108
   975 10108
   976 10108
   977 10108
   978 10108
   979 10108
   980 10108
   981 10108
   982 10108
   983 10108
   984 10108
   985 10108
   986 10108
   987 10108
   988 10108
   989 10108
   990 10108
   991 10108
   992 10108
   993 10108
   994 10108
   995 10108
   996 10108
   997 10108
   998 10108
   999 10108
  1000 10108
  1001 10108
  1002 10108
  1003 10108
  1004 10108
  1005 10108
  1006 10108
  1007 10108
  1008 10108
  1009 10108
  1010 10108
  1011 10108
  1012 10108
  1013 10108
  1014 10108
  1015 10108
  1016 10108
  1017 10108
  1018 10108
  1019 10108
  1020 10108
  1023 10005
  1024 10005
  1025 10005
  1026 10005
  1027 10005
  1028 10005
  1029 10005
  1030 10005
  1031 10005
  1032 10005
  1033 10005
  1034 10005
  1035 10005
  1036 10005
  1037 10005
  1038 10005
  1039 10005
  1040 10005
  1041 10005
  1042 10005
  1043 10005
  1044 10005
  1045 10005
  1046 10005
  1047 10005
  1048 10005
  1049 10005
  1050 10005
  1051 10005
  1052 10005
  1053 10005
  1054 10005
  1055 10005
  1056 10005
  1057 10005
  1058 10005
  1059 10005
  1060 10005
  1061 10005
  1062 10005
  1063 10005
  1064 10005
  1065 10005
  1066 10005
  1067 10005
  1068 10005
  1069 10005
  1070 10005
  1071 10005
  1072 10005
  1073 10005
  1074 10005
  1075 10005
  1076 10005
  1077 10005
  1078 10005
  1079 10005
  1080 10005
  1081 10005
  1082 10005
  1083 10005
  1084 10005
  1085 10005
  1086 10005
  1087 10005
  1088 10005
  1089 10005
  1090 10005
  1091 10005
  1092 10005
  1093 10005
  1094 10005
  1095 10005
  1096 10005
  1097 10005
  1098 10005
  1099 10005
  1100 10005
  1101 10005
  1102 10005
  1103 10005
  1104 10005
  1105 10005
  1106 10005
  1107 10005
  1108 10005
  1109 10005
  1110 10005
  1111 10005
  1112 10005
  1113 10005
  1114 10005
  1115 10005
  1116 10005
  1117 10005
  1118 10005
  1119 10005
  1120 10005
  1121 10005
  1122 10005
  1123 10005
  1124 10005
  1125 10005
  1126 10005
  1127 10005
  1128 10005
  1129 10005
  1130 10005
  1131 10005
  1132 10005
  1133 10005
  1134 10005
  1135 10005
  1136 10005
  1137 10005
  1138 10005
  1139 10005
  1140 10005
  1141 10005
  1142 10005
  1143 10005
  1144 10005
  1145 10005
  1146 10005
  1147 10005
  1148 10005
  1149 10005
  1150 10005
  1151 10005
  1152 10005
  1153 10005
  1154 10005
  1155 10005
  1156 10005
  1157 10005
  1158 10005
  1159 10005
  1160 10005
  1161 10005
  1162 10005
  1163 10005
  1164 10005
  1165 10005
  1166 10005
  1167 10005
  1168 10005
  1169 10005
  1170 10005
  1171 10005
  1172 10005
  1173 10005
  1174 10005
  1175 10005
  1176 10005
  1177 10005
  1178 10005
  1179 10005
  1180 10005
  1181 10005
  1182 10005
  1183 10005
  1184 10005
  1185 10005
  1186 10005
  1187 10005
  1188 10005
  1189 10005
  1190 10005
  1191 10005
  1192 10005
  1193 10005
  1194 10005
  1195 10005
  1196 10005
  1197 10005
  1198 10005
  1199 10005
  1200 10005
  1201 10005
  1202 10005
  1203 10005
  1204 10005
  1205 10005
  1206 10005
  1207 10005
  1208 10005
  1209 10005
  1210 10005
  1211 10005
  1212 10005
  1213 10005
  1217 10005
  1218 10005
  1219 10005
  1220 10005
  1221 10005
  1222 10005
  1223 10005
  1224 10005
  1225 10005
  1226 10005
  1227 10005
  1228 10005
  1229 10005
  1230 10005
  1231 10005
  1232 10005
  1233 10005
  1234 10005
  1235 10005
  1236 10005
  1237 10005
  1238 10005
  1239 10005
  1240 10005
  1241 10005
  1242 10005
  1243 10005
  1244 10005
  1245 10005
  1246 10005
  1247 10005
  1248 10005
  1249 10005
  1250 10005
  1251 10005
  1252 10005
  1253 10005
  1254 10005
  1255 10005
  1256 10143
  1257 10143
  1258 10143
  1259 10016
  1260 10143
  1261 10016
  1262 10016
  1263 10081
  1264 10081
  1265 10081
  1266 10081
  1267 10081
  1268 10081
  1269 10081
  1270 10081
  1271 10081
  1272 10081
  1273 10081
  1274 10081
  1275 10081
  1276 10081
  1277 10081
  1278 10081
  1279 10081
  1280 10081
  1281 10081
  1282 10081
  1283 10081
  1284 10081
  1285 10081
  1286 10081
  1287 10081
  1288 10081
  1289 10081
  1290 10081
  1291 10081
  1292 10081
  1293 10081
  1294 10081
  1295 10081
  1296 10081
  1297 10081
  1298 10081
  1299 10081
  1300 10081
  1301 10081
  1302 10081
  1303 10081
  1304 10081
  1305 10081
  1306 10081
  1307 10081
  1308 10081
  1309 10081
  1310 10081
  1311 10081
  1312 10081
  1313 10081
  1314 10081
  1315 10081
  1316 10081
  1317 10081
  1318 10081
  1319 10081
  1320 10081
  1321 10081
  1322 10081
  1323 10081
  1324 10081
  1325 10081
  1326 10081
  1327 10081
  1328 10081
  1329 10081
  1330 10081
  1331 10081
  1332 10081
  1333 10081
  1334 10081
  1335 10081
  1336 10081
  1337 10081
  1338 10081
  1339 10081
  1340 10081
  1341 10081
  1342 10081
  1343 10081
  1344 10081
  1345 10081
  1346 10081
  1347 10081
  1348 10081
  1349 10081
  1350 10081
  1351 10081
  1352 10081
  1353 10081
  1354 10081
  1355 10081
  1356 10081
  1357 10081
  1358 10081
  1359 10081
  1360 10081
  1361 10081
  1362 10081
  1363 10081
  1364 10081
  1365 10081
  1366 10081
  1367 10081
  1368 10081
  1369 10081
  1370 10081
  1371 10081
  1372 10081
  1373 10081
  1374 10081
  1375 10081
  1376 10081
  1377 10081
  1378 10081
  1379 10081
  1380 10081
  1381 10081
  1382 10081
  1383 10081
  1384 10081
  1385 10081
  1386 10081
  1387 10081
  1388 10081
  1389 10081
  1390 10081
  1391 10081
  1392 10081
  1393 10081
  1394 10081
  1395 10081
  1396 10081
  1397 10081
  1398 10081
  1399 10081
  1400 10081
  1401 10081
  1402 10081
  1403 10081
  1404 10081
  1405 10081
  1406 10081
  1407 10081
  1408 10081
  1409 10081
  1410 10081
  1411 10081
  1412 10081
  1413 10081
  1414 10081
  1415 10081
  1416 10081
  1417 10081
  1418 10081
  1419 10081
  1420 10081
  1421 10081
  1422 10081
  1423 10081
  1424 10081
  1425 10081
  1426 10081
  1427 10081
  1428 10081
  1429 10081
  1430 10081
  1431 10081
  1432 10081
  1433 10081
  1434 10081
  1435 10081
  1436 10081
  1437 10081
  1438 10081
  1439 10081
  1440 10081
  1441 10081
  1442 10081
  1443 10081
  1444 10081
  1445 10081
  1446 10081
  1447 10081
  1448 10081
  1449 10081
  1450 10081
  1451 10081
  1452 10081
  1453 10081
  1454 10081
  1455 10081
  1456 10081
  1457 10081
  1458 10081
  1459 10081
  1460 10081
  1461 10081
  1462 10081
  1463 10081
  1464 10081
  1465 10081
  1466 10081
  1467 10081
  1468 10081
  1469 10081
  1470 10081
  1471 10081
  1472 10081
  1473 10081
  1474 10081
  1475 10081
  1476 10081
  1477 10081
  1478 10081
  1479 10081
  1480 10081
  1481 10081
  1482 10081
  1483 10081
  1484 10081
  1485 10081
  1486 10081
  1487 10081
  1488 10081
  1489 10081
  1490 10081
  1491 10081
  1492 10081
  1493 10081
  1494 10081
  1495 10081
  1496 10081
  1497 10081
  1498 10081
  1499 10081
  1500 10081
  1501 10145
  1502 10016
  1503 10016
  1504 10016
  1505 10016
  1506 10016
  1507 10016
  1508 10036
  1509 10016
  1510 10018
  1511 10055
  1512 10106
  1513 10040
  1514 10018
  1515 10018
  1516 10018
  1517 10018
  1518 10018
  1519 10018
  1520 10023
  1521 10023
  1522 10158
  1523 10158
  1524 10158
  1525 10158
  1526 10158
  1527 10158
  1528 10018
  1529 10018
  1530 10055
  1531 10158
  1532 10018
  1533 10158
  1534 10018
  1535 10098
  1536 10018
  1537 10158
  1538 10158
  1539 10158
  1540 10158
  1541 10018
  1542 10018
  1543 10018
  1544 10158
  1545 10158
  1546 10055
  1547 10055
  1548 10140
  1549 10140
  1550 10140
  1551 10018
  1552 10018
  1553 10055
  1554 10055
  1555 10055
  1556 10055
  1557 10140
  1558 10055
  1559 10055
  1560 10018
  1561 10055
  1562 10018
  1563 10018
  1564 10158
  1565 10158
  1566 10158
  1567 10158
  1568 10158
  1569 10018
  1570 10018
  1571 10018
  1572 10018
  1573 10018
  1574 10018
  1575 10055
  1576 10018
  1577 10018
  1578 10158
  1579 10055
  1580 10055
  1581 10055
  1582 10055
  1585 10016
  1586 10016
  1587 10016
  1588 10016
  1589 10016
  1590 10016
  1591 10016
  1592 10143
  1593 10016
  1594 10016
  1595 10016
  1596 10016
  1597 10016
  1598 10016
  1599 10016
  1600 10016
  1601 10016
  1602 10016
  1603 10016
  1604 10016
  1605 10016
  1606 10016
  1607 10016
  1608 10016
  1609 10016
  1610 10016
  1611 10016
  1612 10016
  1613 10016
  1614 10016
  1615 10016
  1616 10016
  1617 10016
  1618 10016
  1619 10143
  1620 10143
  1621 10143
  1622 10059
  1623 10059
  1624 10059
  1625 10059
  1626 10059
  1627 10059
  1628 10059
  1629 10059
  1630 10059
  1631 10059
  1632 10059
  1633 10059
  1634 10059
  1635 10059
  1636 10059
  1637 10059
  1638 10059
  1639 10059
  1640 10059
  1641 10059
  1642 10059
  1643 10059
  1644 10059
  1645 10059
  1646 10059
  1647 10059
  1648 10059
  1649 10059
  1650 10059
  1651 10059
  1652 10059
  1653 10059
  1654 10059
  1655 10059
  1656 10059
  1657 10059
  1658 10059
  1659 10059
  1660 10059
  1661 10059
  1662 10059
  1663 10059
  1664 10059
  1665 10059
  1666 10059
  1667 10059
  1668 10059
  1669 10059
  1670 10059
  1671 10059
  1672 10059
  1673 10059
  1674 10059
  1675 10059
  1676 10059
  1677 10059
  1678 10059
  1679 10059
  1680 10059
  1681 10059
  1682 10059
  1683 10059
  1684 10059
  1685 10059
  1686 10059
  1687 10059
  1688 10059
  1689 10059
  1690 10059
  1691 10059
  1692 10059
  1693 10059
  1694 10059
  1695 10059
  1696 10059
  1697 10059
  1698 10059
  1699 10059
  1700 10059
  1701 10059
  1702 10059
  1703 10059
  1704 10059
  1705 10059
  1706 10059
  1707 10059
  1708 10059
  1709 10059
  1710 10059
  1711 10059
  1712 10059
  1713 10059
  1714 10059
  1715 10059
  1716 10059
  1717 10059
  1718 10059
  1719 10059
  1720 10059
  1721 10059
  1722 10059
  1723 10059
  1724 10059
  1725 10059
  1726 10059
  1727 10059
  1728 10059
  1729 10059
  1730 10059
  1731 10059
  1732 10059
  1733 10059
  1734 10059
  1735 10059
  1736 10059
  1737 10059
  1738 10059
  1739 10059
  1740 10059
  1741 10059
  1742 10059
  1743 10059
  1744 10059
  1745 10059
  1746 10059
  1747 10059
  1748 10059
  1749 10059
  1750 10059
  1751 10059
  1752 10059
  1753 10059
  1754 10059
  1755 10059
  1756 10059
  1757 10059
  1758 10059
  1759 10059
  1760 10059
  1761 10059
  1762 10059
  1763 10059
  1764 10059
  1765 10059
  1766 10059
  1767 10059
  1768 10059
  1769 10059
  1770 10059
  1771 10059
  1772 10059
  1773 10059
  1774 10059
  1775 10059
  1776 10059
  1777 10059
  1778 10059
  1779 10059
  1780 10059
  1781 10059
  1782 10059
  1783 10059
  1784 10059
  1785 10059
  1786 10059
  1787 10059
  1788 10059
  1789 10059
  1790 10059
  1791 10059
  1792 10059
  1793 10059
  1794 10059
  1795 10059
  1796 10059
  1797 10059
  1798 10059
  1799 10059
  1800 10059
  1801 10059
  1802 10059
  1803 10059
  1804 10059
  1805 10059
  1806 10059
  1807 10059
  1808 10059
  1809 10059
  1810 10059
  1811 10059
  1812 10059
  1813 10059
  1814 10059
  1815 10059
  1816 10059
  1817 10059
  1818 10059
  1819 10059
  1820 10059
  1821 10059
  1822 10059
  1823 10059
  1824 10059
  1825 10059
  1826 10059
  1827 10059
  1828 10059
  1829 10059
  1830 10059
  1831 10059
  1832 10059
  1833 10059
  1834 10059
  1835 10059
  1836 10059
  1837 10059
  1838 10059
  1839 10059
  1840 10059
  1841 10059
  1842 10059
  1843 10059
  1844 10059
  1845 10059
  1846 10059
  1847 10059
  1848 10059
  1849 10059
  1850 10059
  1851 10059
  1852 10059
  1853 10059
  1854 10059
  1855 10059
  1856 10143
  1857 10143
  1858 10143
  1859 10036
  1860 10036
  1863 10134
  1864 10134
  1865 10134
  1866 10134
  1867 10134
  1868 10134
  1869 10134
  1870 10134
  1871 10134
  1872 10134
  1873 10134
  1874 10134
  1875 10134
  1876 10134
  1877 10134
  1878 10134
  1879 10134
  1880 10134
  1881 10134
  1882 10134
  1883 10134
  1884 10134
  1885 10134
  1886 10134
  1887 10134
  1888 10134
  1889 10134
  1890 10134
  1891 10134
  1892 10134
  1893 10134
  1894 10134
  1895 10134
  1896 10134
  1897 10134
  1898 10134
  1899 10134
  1900 10134
  1901 10134
  1902 10134
  1903 10134
  1904 10134
  1905 10134
  1906 10134
  1907 10134
  1908 10134
  1909 10134
  1910 10134
  1911 10134
  1912 10134
  1913 10134
  1914 10134
  1915 10134
  1916 10134
  1917 10134
  1918 10134
  1919 10134
  1920 10134
  1921 10134
  1922 10134
  1923 10134
  1924 10134
  1925 10134
  1926 10134
  1927 10134
  1928 10134
  1929 10134
  1930 10134
  1931 10134
  1932 10134
  1933 10134
  1934 10134
  1935 10134
  1936 10134
  1937 10134
  1938 10134
  1939 10134
  1940 10134
  1941 10134
  1942 10134
  1943 10134
  1944 10134
  1945 10134
  1946 10134
  1947 10134
  1948 10134
  1949 10134
  1950 10134
  1951 10134
  1952 10134
  1953 10134
  1954 10134
  1955 10134
  1956 10134
  1957 10134
  1958 10134
  1959 10134
  1960 10134
  1961 10134
  1962 10134
  1963 10134
  1964 10134
  1965 10134
  1966 10134
  1967 10134
  1968 10134
  1969 10134
  1970 10134
  1971 10134
  1972 10134
  1973 10134
  1974 10134
  1975 10134
  1976 10134
  1977 10134
  1978 10134
  1979 10134
  1980 10134
  1981 10134
  1982 10134
  1983 10134
  1984 10134
  1985 10134
  1986 10134
  1987 10134
  1988 10134
  1989 10134
  1990 10134
  1991 10134
  1992 10134
  1993 10134
  1994 10134
  1995 10134
  1996 10134
  1997 10134
  1998 10134
  1999 10134
  2000 10134
  2001 10134
  2002 10134
  2003 10134
  2004 10134
  2005 10134
  2006 10134
  2007 10134
  2008 10134
  2009 10134
  2010 10134
  2011 10134
  2012 10134
  2013 10134
  2014 10134
  2015 10134
  2016 10134
  2017 10134
  2018 10134
  2019 10134
  2020 10134
  2021 10134
  2022 10134
  2023 10134
  2024 10134
