   690 10068
   691 10068
   692 10068
   693 10068
   694 10068
   695 10068
   696 10068
   697 10068
   698 10068
   699 10068
   700 10068
   701 10068
   702 10068
   703 10068
   704 10068
   705 10068
   706 10068
   707 10068
   708 10068
   709 10068
   710 10068
   711 10068
   712 10068
   713 10068
   714 10068
   715 10068
   716 10068
   717 10068
   718 10068
   719 10068
   720 10068
   721 10068
   722 10068
   723 10068
   724 10068
   725 10068
   726 10068
   727 10068
   728 10068
   729 10068
   730 10068
   731 10068
   732 10068
   733 10068
   734 10068
   735 10068
   736 10068
   737 10068
   738 10068
   739 10068
   740 10068
   741 10068
   742 10068
   743 10068
   744 10068
   745 10068
   746 10068
   747 10068
   748 10068
   749 10068
   750 10068
   751 10068
   752 10068
   753 10068
   754 10068
   755 10068
   756 10068
   757 10068
   758 10068
   759 10068
   760 10068
   761 10068
   762 10068
   763 10068
   764 10068
   765 10068
   766 10068
   767 10068
   768 10068
   769 10068
   770 10068
   771 10068
   772 10068
   773 10068
   774 10068
   775 10068
   776 10068
   777 10068
   778 10068
   779 10068
   780 10068
   782 10154
   783 10143
   784 10143
   785 10143
   786 10155
   787 10155
   788 10155
   789 10155
   790 10155
   791 10155
   792 10155
   793 10155
   794 10155
   795 10155
   796 10155
   797 10155
   798 10155
   799 10155
   800 10155
   801 10155
   802 10155
   803 10155
   804 10155
   805 10155
   806 10155
   807 10155
   808 10155
   809 10155
   810 10155
   811 10155
   812 10155
   813 10155
   814 10155
   815 10155
   816 10155
   817 10155
   818 10155
   819 10155
   820 10155
   821 10155
   822 10155
   823 10155
   824 10155
   825 10155
   826 10155
   827 10155
   828 10155
   829 10155
   830 10155
   831 10155
   832 10155
   833 10155
   834 10155
   835 10155
   836 10155
   837 10155
   838 10155
   839 10155
   840 10155
   841 10155
   842 10155
   843 10155
   844 10155
   845 10155
   846 10155
   847 10155
   848 10155
   849 10155
   850 10155
   851 10155
   852 10155
   853 10155
   854 10155
   855 10155
   856 10155
   857 10155
   858 10155
   859 10155
   860 10155
   861 10155
   862 10155
   863 10155
   864 10155
   865 10155
   866 10155
   867 10155
   868 10155
   869 10155
   870 10155
   871 10155
   872 10155
   873 10155
   874 10155
   875 10155
   876 10155
   877 10155
   878 10155
   879 10155
   880 10155
   881 10155
   882 10155
   883 10155
   884 10155
   885 10155
   886 10155
   887 10155
   888 10155
   889 10155
   890 10155
   891 10155
   892 10155
   893 10155
   894 10155
   895 10155
   896 10155
   897 10155
   898 10155
   899 10155
   900 10155
   901 10155
   902 10155
   903 10155
   904 10155
   905 10155
   906 10155
   907 10155
   908 10155
   909 10155
   910 10155
   911 10155
   912 10155
   913 10155
   914 10155
   915 10155
   916 10155
   917 10155
   918 10155
   919 10155
   920 10155
   921 10155
   922 10155
   923 10155
   924 10155
   925 10155
   926 10155
   927 10155
   928 10155
   929 10155
   930 10155
   931 10155
   932 10155
   933 10155
   934 10155
   935 10155
   936 10155
   937 10155
   938 10155
   939 10155
   940 10155
   941 10155
   942 10155
   943 10155
   944 10155
   945 10155
   946 10155
   947 10155
   948 10155
   949 10155
   950 10155
   951 10155
   952 10155
   953 10155
   954 10155
   955 10155
   956 10155
   957 10155
   958 10155
   959 10155
   960 10155
   961 10155
   962 10155
   963 10155
   964 10155
   965 10155
   966 10155
   967 10155
   968 10155
   969 10155
   970 10155
   971 10155
   972 10155
   973 10155
   974 10155
   975 10155
   976 10155
   977 10155
   978 10155
   979 10155
   980 10155
   981 10155
   982 10155
   983 10155
   984 10155
   985 10155
   986 10155
   987 10155
   988 10155
   989 10155
   990 10155
   991 10155
   992 10155
   993 10155
   994 10155
   995 10155
   996 10155
   997 10155
   998 10155
   999 10155
  1000 10155
  1001 10155
  1002 10155
  1003 10155
  1004 10155
  1005 10155
  1006 10155
  1007 10155
  1008 10155
  1009 10155
  1010 10155
  1011 10155
  1012 10155
  1013 10155
  1014 10155
  1015 10155
  1016 10155
  1017 10155
  1018 10155
  1019 10155
  1020 10155
  1021 10162
  1022 10162
  1023 10162
  1024 10162
  1025 10162
  1026 10162
  1027 10162
  1028 10162
  1029 10162
  1030 10162
  1031 10162
  1032 10162
  1033 10162
  1034 10162
  1035 10162
  1036 10162
  1037 10162
  1038 10162
  1039 10162
  1040 10162
  1041 10162
  1042 10162
  1043 10162
  1044 10162
  1045 10162
  1046 10162
  1047 10162
  1048 10162
  1049 10162
  1050 10162
  1051 10162
  1052 10162
  1053 10162
  1054 10162
  1055 10162
  1056 10162
  1057 10162
  1058 10162
  1059 10162
  1060 10162
  1061 10162
  1062 10162
  1063 10162
  1064 10162
  1065 10162
  1066 10162
  1067 10162
  1068 10162
  1069 10162
  1070 10162
  1071 10162
  1072 10162
  1073 10162
  1074 10162
  1075 10162
  1076 10162
  1077 10162
  1078 10162
  1079 10162
  1080 10162
  1081 10162
  1082 10162
  1083 10162
  1084 10162
  1085 10162
  1086 10162
  1087 10162
  1088 10162
  1089 10162
  1090 10162
  1091 10162
  1092 10162
  1093 10162
  1094 10162
  1095 10162
  1096 10162
  1097 10162
  1098 10162
  1099 10162
  1100 10162
  1101 10162
  1102 10162
  1103 10162
  1104 10162
  1105 10162
  1106 10162
  1107 10162
  1108 10162
  1109 10162
  1110 10162
  1111 10162
  1112 10162
  1113 10162
  1114 10162
  1115 10162
  1116 10162
  1117 10162
  1118 10162
  1119 10162
  1120 10162
  1121 10162
  1122 10162
  1123 10162
  1124 10162
  1125 10162
  1126 10162
  1127 10162
  1128 10162
  1129 10162
  1130 10162
  1131 10162
  1132 10162
  1133 10162
  1134 10162
  1135 10162
  1136 10162
  1137 10162
  1138 10162
  1139 10162
  1140 10162
  1141 10162
  1142 10162
  1143 10162
  1144 10162
  1145 10162
  1146 10162
  1147 10162
  1148 10162
  1149 10162
  1150 10162
  1151 10162
  1152 10162
  1153 10162
  1154 10162
  1155 10162
  1156 10162
  1157 10162
  1158 10162
  1159 10162
  1160 10162
  1161 10162
  1162 10162
  1163 10162
  1164 10162
  1165 10162
  1166 10162
  1167 10162
  1168 10162
  1169 10162
  1170 10162
  1171 10162
  1172 10162
  1173 10162
  1174 10162
  1175 10162
  1176 10162
  1177 10162
  1178 10162
  1179 10162
  1180 10162
  1181 10162
  1182 10162
  1183 10162
  1184 10162
  1185 10162
  1186 10162
  1187 10162
  1188 10162
  1189 10162
  1190 10162
  1191 10162
  1192 10162
  1193 10162
  1194 10162
  1195 10162
  1196 10162
  1197 10162
  1198 10162
  1199 10162
  1200 10162
  1201 10162
  1202 10162
  1203 10162
  1204 10162
  1205 10162
  1206 10162
  1207 10162
  1208 10162
  1209 10162
  1210 10162
  1211 10162
  1212 10162
  1213 10162
  1214 10162
  1215 10162
  1216 10162
  1217 10162
  1218 10162
  1219 10162
  1220 10162
  1221 10162
  1222 10162
  1223 10162
  1224 10162
  1225 10162
  1226 10162
  1227 10162
  1228 10162
  1229 10162
  1230 10162
  1231 10162
  1232 10162
  1233 10162
  1234 10162
  1235 10162
  1236 10162
  1237 10162
  1238 10162
  1239 10162
  1240 10162
  1241 10162
  1242 10162
  1243 10162
  1244 10162
  1245 10162
  1246 10162
  1247 10162
  1248 10162
  1249 10162
  1250 10162
  1251 10162
  1252 10162
  1253 10162
  1254 10162
  1255 10162
  1256 10162
  1257 10162
  1259 10122
  1260 10029
  1261 10122
  1262 10122
  1263 10122
  1385 10122
  1386 10122
  1387 10122
  1388 10122
  1389 10122
  1390 10122
  1391 10122
  1392 10122
  1393 10122
  1394 10122
  1395 10163
  1396 10163
  1397 10163
  1398 10163
  1399 10163
  1400 10163
  1401 10163
  1402 10163
  1403 10163
  1404 10163
  1405 10163
  1406 10163
  1407 10163
  1408 10163
  1409 10163
  1410 10163
  1411 10163
  1412 10163
  1413 10163
  1414 10163
  1415 10163
  1416 10163
  1417 10163
  1418 10163
  1419 10163
  1420 10163
  1421 10163
  1422 10163
  1423 10163
  1424 10163
  1425 10163
  1426 10163
  1427 10163
  1428 10163
  1429 10163
  1430 10163
  1431 10163
  1432 10163
  1433 10163
  1434 10163
  1435 10163
  1436 10163
  1437 10163
  1438 10163
  1439 10163
  1440 10163
  1441 10163
  1442 10163
  1443 10163
  1444 10163
  1445 10163
  1446 10163
  1447 10163
  1448 10163
  1449 10163
  1450 10163
  1451 10163
  1452 10163
  1453 10163
  1454 10163
  1455 10163
  1456 10163
  1457 10163
  1458 10163
  1459 10163
  1460 10163
  1461 10163
  1462 10163
  1463 10163
  1464 10163
  1465 10163
  1466 10163
  1467 10163
  1468 10163
  1469 10163
  1470 10163
  1471 10163
  1472 10163
  1473 10163
  1474 10163
  1475 10163
  1476 10163
  1477 10163
  1478 10163
  1479 10163
  1480 10163
  1481 10163
  1482 10163
  1483 10163
  1484 10163
  1485 10163
  1486 10163
  1487 10163
  1488 10163
  1489 10163
  1490 10163
  1491 10163
  1492 10163
  1493 10163
  1494 10163
  1495 10163
  1496 10163
  1497 10163
  1498 10163
  1499 10163
  1500 10163
  1501 10163
  1502 10163
  1503 10163
  1504 10163
  1505 10163
  1506 10163
  1507 10163
  1508 10163
  1509 10163
  1510 10163
  1511 10163
  1512 10163
  1513 10163
  1514 10163
  1515 10163
  1516 10163
  1517 10163
  1518 10163
  1519 10163
  1520 10163
  1521 10163
  1522 10163
  1523 10163
  1524 10163
  1525 10163
  1526 10163
  1527 10163
  1528 10163
  1529 10163
  1530 10163
  1531 10163
  1532 10163
  1533 10163
  1534 10163
  1535 10163
  1536 10163
  1537 10163
  1538 10163
  1539 10163
  1540 10163
  1541 10163
  1542 10163
  1543 10163
  1544 10163
  1545 10163
  1546 10163
  1547 10163
  1548 10163
  1549 10163
  1550 10163
  1551 10163
  1552 10163
  1553 10163
  1554 10163
  1555 10163
  1556 10163
  1557 10163
  1558 10163
  1559 10163
  1560 10163
  1561 10163
  1562 10163
  1563 10163
  1564 10163
  1565 10163
  1566 10163
  1567 10163
  1568 10163
  1569 10163
  1570 10163
  1571 10163
  1572 10163
  1573 10163
  1574 10163
  1575 10163
  1576 10163
  1577 10163
  1578 10163
  1579 10163
  1580 10163
  1581 10163
  1582 10163
  1583 10163
  1584 10163
  1585 10163
  1586 10163
  1587 10163
  1588 10163
  1589 10163
  1590 10163
  1591 10163
  1592 10163
  1593 10163
  1594 10163
  1595 10163
  1596 10163
  1597 10163
  1598 10163
  1599 10163
  1600 10163
  1601 10163
  1602 10163
  1603 10163
  1604 10163
  1605 10163
  1606 10163
  1607 10163
  1608 10163
  1609 10163
  1610 10163
  1611 10163
  1612 10163
  1613 10163
  1614 10163
  1615 10163
  1616 10163
  1617 10163
  1618 10163
  1619 10163
  1620 10163
  1621 10141
  1622 10088
  1626 10088
  1627 10088
  1628 10088
  1629 10088
  1630 10088
  1631 10088
  1632 10088
  1633 10088
  1634 10088
  1635 10088
  1636 10088
  1637 10088
  1638 10088
  1639 10088
  1640 10088
  1641 10088
  1642 10088
  1643 10088
  1644 10088
  1645 10088
  1646 10088
  1647 10088
  1648 10088
  1649 10088
  1650 10088
  1651 10088
  1652 10088
  1653 10088
  1654 10088
  1655 10088
  1656 10088
  1657 10088
  1658 10088
  1659 10088
  1660 10088
  1661 10088
  1662 10088
  1663 10088
  1664 10088
  1665 10088
  1666 10088
  1667 10088
  1668 10088
  1669 10088
  1670 10088
  1671 10088
  1672 10088
  1673 10088
  1674 10088
  1675 10088
  1676 10088
  1677 10088
  1678 10088
  1679 10088
  1680 10088
  1681 10088
  1682 10088
  1683 10088
  1684 10088
  1685 10088
  1686 10088
  1687 10088
  1688 10088
  1689 10088
  1690 10088
  1691 10088
  1692 10088
  1693 10088
  1694 10088
  1695 10088
  1696 10088
  1697 10088
  1698 10088
  1699 10088
  1700 10088
  1701 10088
  1702 10088
  1703 10088
  1704 10088
  1705 10088
  1706 10088
  1707 10088
  1708 10088
  1709 10088
  1710 10088
  1711 10088
  1712 10088
  1713 10088
  1714 10088
  1715 10088
  1716 10088
  1717 10088
  1718 10088
  1719 10088
  1720 10088
  1721 10088
  1722 10088
  1723 10088
  1724 10088
  1725 10088
  1726 10088
  1727 10088
  1728 10088
  1729 10088
  1730 10088
  1731 10088
  1732 10088
  1733 10088
  1734 10088
  1735 10088
  1736 10088
  1737 10088
  1738 10088
  1739 10088
  1740 10088
  1741 10088
  1742 10088
  1743 10088
  1744 10088
  1745 10088
  1746 10088
  1747 10088
  1748 10088
  1749 10088
  1750 10088
  1751 10088
  1752 10088
  1753 10088
  1754 10088
  1755 10088
  1756 10088
  1757 10088
  1758 10088
  1759 10088
  1760 10088
  1761 10088
  1762 10088
  1763 10088
  1764 10088
  1765 10088
  1766 10088
  1767 10088
  1768 10088
  1769 10088
  1770 10088
  1771 10088
  1772 10088
  1773 10088
  1774 10088
  1775 10088
  1776 10088
  1777 10088
  1778 10088
  1779 10088
  1780 10088
  1781 10088
  1782 10088
  1783 10088
  1784 10088
  1785 10088
  1786 10088
  1787 10088
  1788 10088
  1789 10088
  1790 10088
  1791 10088
  1792 10088
  1793 10088
  1794 10088
  1795 10088
  1796 10088
  1797 10088
  1798 10088
  1799 10088
  1800 10088
  1801 10088
  1802 10088
  1803 10088
  1804 10088
  1805 10088
  1806 10088
  1807 10088
  1808 10088
  1809 10088
  1810 10088
  1811 10088
  1812 10088
  1813 10088
  1814 10088
  1815 10088
  1816 10088
  1817 10088
  1818 10088
  1819 10088
  1820 10088
  1821 10088
  1822 10088
  1823 10088
  1824 10088
  1825 10088
  1826 10088
  1827 10088
  1828 10088
  1829 10088
  1830 10088
  1831 10088
  1832 10088
  1833 10088
  1834 10088
  1835 10088
  1836 10088
  1837 10088
  1838 10088
  1839 10088
  1840 10088
  1841 10088
  1842 10088
  1843 10088
  1844 10088
  1845 10088
  1846 10088
  1847 10088
  1848 10088
  1849 10088
  1850 10088
  1851 10088
  1852 10088
  1853 10088
  1854 10088
  1855 10088
  1856 10101
  1857 10088
  1858 10088
  1859 10088
  1860 10088
  1861 10067
  1862 10067
  1863 10067
  1864 10067
  1865 10067
  1866 10067
  1867 10067
  1868 10067
  1869 10067
  1870 10067
  1871 10067
  1872 10067
  1873 10067
  1874 10067
  1875 10067
  1876 10067
  1877 10067
  1878 10067
  1879 10067
  1880 10067
  1881 10067
  1882 10067
  1883 10067
  1884 10067
  1885 10067
  1886 10067
  1887 10067
  1888 10067
  1889 10067
  1890 10067
  1891 10067
  1892 10067
  1893 10067
  1894 10067
  1895 10067
  1896 10067
  1897 10067
  1898 10067
  1899 10067
  1900 10067
  1901 10067
  1902 10067
  1903 10067
  1904 10067
  1905 10067
  1906 10067
  1907 10067
  1908 10067
  1909 10067
  1910 10067
  1911 10067
  1912 10067
  1913 10067
  1914 10067
  1915 10067
  1916 10067
  1917 10067
  1918 10067
  1919 10067
  1920 10067
  1921 10067
  1922 10067
  1923 10067
  1924 10067
  1925 10067
  1926 10067
  1927 10067
  1928 10067
  1929 10067
  1930 10067
  1931 10067
  1932 10067
  1933 10067
  1934 10067
  1935 10067
  1936 10067
  1937 10067
  1938 10067
  1939 10067
  1940 10067
  1941 10067
  1942 10067
  1943 10067
  1944 10067
  1945 10067
  1946 10067
  1947 10067
  1948 10067
  1949 10067
  1950 10067
  1951 10067
  1952 10067
  1953 10067
  1954 10067
  1955 10067
  1956 10067
  1957 10067
  1958 10067
  1959 10067
  1960 10067
  1961 10067
  1962 10067
  1963 10067
  1964 10067
  1965 10067
  1966 10067
  1967 10067
  1968 10067
  1969 10067
  1970 10067
  1971 10067
  1972 10067
  1973 10067
  1974 10067
  1975 10067
  1976 10067
  1977 10067
  1978 10067
  1979 10067
  1980 10067
  1981 10067
  1982 10067
  1983 10067
  1984 10067
  1985 10067
  1986 10067
  1987 10067
  1988 10067
  1989 10067
  1990 10067
  1991 10067
  1992 10067
  1993 10067
  1994 10067
  1995 10067
  1996 10067
  1997 10067
  1998 10067
  1999 10067
  2000 10067
  2001 10067
  2002 10067
  2003 10067
  2004 10067
  2005 10067
  2006 10067
  2007 10067
  2008 10067
  2009 10067
  2010 10067
  2011 10067
  2012 10067
  2013 10067
  2014 10067
  2015 10067
  2016 10067
  2017 10067
  2018 10067
  2019 10067
  2020 10067
  2022 10167
  2023 10154
  2024 10130
  2025 10130
  2026 10130
