   670 10130
   671 10130
   672 10130
   673 10130
   674 10130
   690 10165
   691 10165
   692 10165
   693 10165
   694 10165
   695 10165
   696 10165
   697 10165
   698 10165
   699 10165
   700 10165
   701 10165
   702 10165
   703 10165
   704 10165
   705 10165
   706 10165
   707 10165
   708 10165
   709 10165
   710 10165
   711 10165
   712 10165
   713 10165
   714 10165
   715 10165
   716 10165
   717 10165
   718 10165
   719 10165
   720 10165
   721 10165
   722 10165
   723 10165
   724 10165
   725 10165
   726 10165
   727 10165
   728 10165
   729 10165
   730 10165
   731 10165
   732 10165
   733 10165
   734 10165
   735 10165
   736 10165
   737 10165
   738 10165
   739 10165
   740 10165
   741 10165
   742 10165
   743 10165
   744 10165
   745 10165
   746 10165
   747 10165
   748 10165
   749 10165
   750 10165
   751 10165
   752 10165
   753 10165
   754 10165
   755 10165
   756 10165
   757 10165
   758 10165
   759 10165
   760 10165
   761 10165
   762 10165
   763 10165
   764 10165
   765 10165
   766 10165
   767 10165
   768 10165
   769 10165
   770 10165
   771 10165
   772 10165
   773 10165
   774 10165
   775 10165
   776 10165
   777 10165
   778 10165
   779 10165
   780 10165
   781 10153
   782 10143
   783 10153
   784 10153
   785 10153
   786 10153
   787 10153
   788 10153
   789 10153
   790 10153
   791 10153
   792 10153
   793 10153
   794 10153
   795 10145
   796 10145
   797 10145
   798 10145
   799 10145
   800 10145
   801 10145
   802 10145
   803 10145
   804 10145
   805 10145
   806 10145
   807 10145
   808 10145
   809 10145
   810 10145
   811 10145
   812 10145
   813 10145
   814 10145
   815 10145
   816 10145
   817 10145
   818 10145
   819 10145
   820 10145
   821 10145
   822 10145
   823 10145
   824 10145
   825 10145
   826 10145
   827 10145
   828 10145
   829 10145
   830 10145
   831 10145
   832 10145
   833 10145
   834 10145
   835 10145
   836 10145
   837 10145
   838 10145
   839 10145
   840 10145
   841 10145
   842 10145
   843 10145
   844 10145
   845 10145
   846 10145
   847 10145
   848 10145
   849 10145
   850 10145
   851 10145
   852 10145
   853 10145
   854 10145
   855 10145
   856 10145
   857 10145
   858 10145
   859 10145
   860 10145
   861 10145
   862 10145
   863 10145
   864 10145
   865 10145
   866 10145
   867 10145
   868 10145
   869 10145
   870 10145
   871 10145
   872 10145
   873 10145
   874 10145
   875 10145
   876 10145
   877 10145
   878 10145
   879 10145
   880 10145
   881 10145
   882 10145
   883 10145
   884 10145
   885 10145
   886 10145
   887 10145
   888 10145
   889 10145
   890 10145
   891 10145
   892 10145
   893 10145
   894 10145
   895 10145
   896 10145
   897 10145
   898 10145
   899 10145
   900 10145
   901 10145
   902 10145
   903 10145
   904 10145
   905 10145
   906 10145
   907 10145
   908 10145
   909 10145
   910 10145
   911 10145
   912 10145
   913 10145
   914 10145
   915 10145
   916 10145
   917 10145
   918 10145
   919 10145
   920 10145
   921 10145
   922 10145
   923 10145
   924 10145
   925 10145
   926 10145
   927 10145
   928 10145
   929 10145
   930 10145
   931 10145
   932 10145
   933 10145
   934 10145
   935 10145
   936 10145
   937 10145
   938 10145
   939 10145
   940 10145
   941 10145
   942 10145
   943 10145
   944 10145
   945 10145
   946 10145
   947 10145
   948 10145
   949 10145
   950 10145
   951 10145
   952 10145
   953 10145
   954 10145
   955 10145
   956 10145
   957 10145
   958 10145
   959 10145
   960 10145
   961 10145
   962 10145
   963 10145
   964 10145
   965 10145
   966 10145
   967 10145
   968 10145
   969 10145
   970 10145
   971 10145
   972 10145
   973 10145
   974 10145
   975 10145
   976 10145
   977 10145
   978 10145
   979 10145
   980 10145
   981 10145
   982 10145
   983 10145
   984 10145
   985 10145
   986 10145
   987 10145
   988 10145
   989 10145
   990 10145
   991 10145
   992 10145
   993 10145
   994 10145
   995 10145
   996 10145
   997 10145
   998 10145
   999 10145
  1000 10145
  1001 10145
  1002 10145
  1003 10145
  1004 10145
  1005 10145
  1006 10145
  1007 10145
  1008 10145
  1009 10145
  1010 10145
  1011 10145
  1012 10145
  1013 10145
  1014 10145
  1015 10145
  1016 10145
  1017 10145
  1018 10145
  1019 10145
  1020 10145
  1021 10153
  1022 10153
  1023 10153
  1024 10154
  1025 10154
  1026 10154
  1028 10101
  1029 10101
  1030 10101
  1031 10101
  1033 10149
  1034 10149
  1035 10149
  1036 10149
  1037 10149
  1038 10149
  1039 10149
  1040 10149
  1041 10149
  1042 10149
  1043 10149
  1044 10149
  1045 10149
  1046 10149
  1047 10149
  1048 10149
  1049 10149
  1050 10149
  1051 10149
  1052 10149
  1053 10149
  1054 10149
  1055 10149
  1056 10149
  1057 10149
  1058 10149
  1059 10149
  1060 10149
  1061 10149
  1062 10149
  1063 10149
  1064 10149
  1065 10149
  1066 10149
  1067 10149
  1077 10132
  1078 10132
  1079 10132
  1080 10132
  1087 10149
  1088 10149
  1089 10149
  1090 10149
  1091 10149
  1092 10149
  1093 10149
  1094 10149
  1095 10149
  1157 10149
  1158 10149
  1159 10149
  1160 10149
  1161 10149
  1162 10149
  1163 10149
  1164 10149
  1165 10149
  1166 10149
  1167 10149
  1168 10149
  1169 10149
  1170 10149
  1171 10149
  1172 10149
  1173 10149
  1174 10149
  1175 10149
  1176 10149
  1177 10149
  1178 10149
  1179 10071
  1180 10149
  1181 10149
  1182 10149
  1183 10149
  1184 10149
  1185 10149
  1186 10149
  1187 10149
  1188 10149
  1189 10149
  1190 10149
  1191 10149
  1192 10149
  1193 10149
  1194 10149
  1195 10149
  1196 10149
  1197 10149
  1198 10149
  1199 10149
  1200 10149
  1201 10149
  1202 10149
  1203 10149
  1204 10149
  1205 10149
  1206 10149
  1207 10149
  1208 10149
  1209 10149
  1210 10149
  1211 10149
  1212 10149
  1213 10149
  1214 10149
  1215 10149
  1216 10149
  1217 10149
  1218 10149
  1219 10149
  1220 10149
  1221 10149
  1222 10149
  1223 10149
  1224 10149
  1225 10149
  1226 10149
  1227 10149
  1228 10149
  1229 10149
  1230 10149
  1231 10149
  1232 10149
  1233 10149
  1234 10149
  1235 10149
  1236 10149
  1237 10149
  1238 10149
  1239 10149
  1240 10149
  1241 10149
  1242 10149
  1243 10149
  1244 10149
  1245 10149
  1246 10149
  1247 10149
  1248 10071
  1249 10071
  1250 10149
  1251 10071
  1252 10149
  1253 10149
  1254 10149
  1255 10149
  1256 10149
  1265 10098
  1266 10018
  1267 10040
  1268 10040
  1269 10040
  1270 10040
  1271 10018
  1272 10018
  1273 10018
  1274 10018
  1275 10018
  1276 10140
  1277 10140
  1278 10140
  1279 10140
  1280 10140
  1281 10140
  1282 10158
  1283 10140
  1284 10158
  1285 10140
  1286 10140
  1287 10140
  1288 10158
  1289 10055
  1290 10055
  1291 10055
  1292 10055
  1293 10055
  1294 10140
  1295 10055
  1296 10055
  1297 10140
  1298 10140
  1299 10140
  1300 10140
  1301 10140
  1302 10140
  1303 10140
  1304 10140
  1305 10140
  1306 10140
  1307 10140
  1308 10140
  1309 10055
  1310 10055
  1311 10055
  1312 10055
  1313 10055
  1314 10055
  1315 10055
  1316 10055
  1317 10055
  1318 10055
  1319 10055
  1320 10140
  1321 10055
  1322 10018
  1323 10140
  1324 10140
  1325 10140
  1326 10140
  1327 10140
  1328 10140
  1329 10140
  1330 10158
  1331 10140
  1332 10140
  1333 10140
  1334 10140
  1335 10140
  1336 10140
  1337 10140
  1338 10140
  1339 10140
  1340 10140
  1341 10140
  1342 10140
  1343 10140
  1344 10140
  1345 10140
  1346 10140
  1347 10140
  1348 10140
  1349 10140
  1350 10140
  1351 10140
  1352 10140
  1353 10140
  1354 10140
  1355 10098
  1356 10140
  1357 10055
  1358 10055
  1359 10055
  1360 10018
  1361 10018
  1362 10018
  1364 10101
  1365 10101
  1366 10138
  1367 10138
  1368 10138
  1370 10138
  1371 10138
  1372 10138
  1376 10072
  1377 10072
  1378 10072
  1379 10072
  1380 10072
  1381 10072
  1382 10072
  1383 10072
  1384 10072
  1385 10072
  1386 10072
  1387 10072
  1388 10072
  1389 10072
  1390 10072
  1391 10072
  1392 10072
  1393 10072
  1394 10072
  1395 10062
  1400 10055
  1401 10141
  1402 10141
  1403 10141
  1404 10141
  1405 10141
  1406 10141
  1407 10141
  1408 10141
  1409 10141
  1410 10141
  1411 10141
  1412 10141
  1413 10141
  1414 10141
  1415 10141
  1416 10141
  1417 10141
  1418 10141
  1419 10101
  1420 10141
  1421 10141
  1422 10141
  1423 10141
  1425 10141
  1430 10101
  1446 10062
  1449 10061
  1450 10061
  1451 10106
  1452 10106
  1453 10106
  1454 10098
  1455 10098
  1456 10098
  1457 10018
  1458 10018
  1459 10018
  1460 10158
  1461 10158
  1462 10140
  1463 10140
  1464 10140
  1465 10140
  1466 10140
  1467 10140
  1468 10140
  1469 10140
  1470 10140
  1471 10140
  1472 10140
  1473 10158
  1474 10158
  1475 10158
  1476 10158
  1477 10158
  1478 10158
  1479 10158
  1480 10158
  1481 10158
  1482 10158
  1483 10158
  1484 10158
  1485 10158
  1486 10158
  1487 10158
  1488 10158
  1489 10158
  1490 10158
  1491 10158
  1492 10158
  1493 10158
  1494 10158
  1499 10018
  1500 10098
  1501 10140
  1502 10140
  1503 10173
  1504 10018
  1505 10018
  1506 10158
  1507 10158
  1508 10018
  1509 10018
  1510 10140
  1511 10158
  1512 10140
  1513 10140
  1514 10158
  1515 10158
  1516 10023
  1517 10158
  1518 10140
  1519 10140
  1520 10140
  1521 10158
  1522 10158
  1523 10158
  1524 10018
  1525 10018
  1526 10018
  1527 10018
  1528 10018
  1529 10018
  1530 10018
  1531 10018
  1532 10018
  1533 10018
  1534 10018
  1535 10018
  1536 10018
  1537 10018
  1538 10018
  1539 10018
  1540 10018
  1541 10018
  1542 10018
  1543 10140
  1544 10055
  1545 10018
  1546 10055
  1547 10055
  1548 10055
  1549 10055
  1556 10062
  1557 10062
  1620 10101
  1621 10101
  1622 10101
  1626 10088
  1627 10088
  1630 10143
  1635 10118
  1636 10118
  1637 10118
  1638 10118
  1639 10118
  1640 10118
  1641 10118
  1642 10118
  1643 10118
  1644 10118
  1645 10118
  1646 10118
  1647 10118
  1648 10118
  1649 10118
  1650 10118
  1651 10118
  1652 10118
  1653 10118
  1654 10118
  1655 10118
  1656 10118
  1657 10118
  1658 10118
  1659 10118
  1660 10118
  1661 10118
  1662 10118
  1663 10118
  1664 10118
  1665 10118
  1666 10118
  1667 10118
  1668 10118
  1669 10118
  1670 10118
  1671 10118
  1672 10118
  1673 10118
  1674 10118
  1675 10118
  1676 10118
  1677 10118
  1678 10118
  1679 10118
  1680 10118
  1681 10118
  1682 10118
  1683 10118
  1684 10118
  1685 10118
  1686 10118
  1687 10118
  1688 10118
  1689 10118
  1690 10118
  1691 10118
  1692 10118
  1693 10118
  1694 10118
  1695 10118
  1696 10118
  1697 10118
  1698 10118
  1699 10118
  1700 10118
  1701 10118
  1702 10118
  1703 10118
  1704 10118
  1705 10118
  1706 10118
  1707 10118
  1708 10118
  1709 10118
  1710 10118
  1711 10118
  1712 10118
  1713 10118
  1714 10118
  1715 10118
  1716 10118
  1717 10118
  1718 10118
  1719 10118
  1720 10118
  1721 10118
  1722 10118
  1723 10118
  1724 10118
  1725 10118
  1726 10118
  1727 10118
  1728 10118
  1729 10118
  1730 10118
  1731 10118
  1732 10118
  1733 10118
  1734 10118
  1735 10118
  1736 10118
  1737 10118
  1738 10118
  1739 10118
  1740 10118
  1741 10118
  1742 10118
  1743 10118
  1744 10118
  1745 10118
  1746 10118
  1747 10118
  1748 10118
  1749 10118
  1750 10118
  1751 10118
  1752 10118
  1753 10118
  1754 10118
  1755 10118
  1756 10118
  1757 10118
  1758 10118
  1759 10118
  1760 10118
  1761 10118
  1762 10118
  1763 10118
  1764 10118
  1765 10118
  1766 10118
  1767 10118
  1768 10118
  1769 10118
  1770 10118
  1771 10118
  1772 10118
  1773 10118
  1774 10118
  1775 10118
  1776 10118
  1777 10118
  1778 10118
  1779 10118
  1780 10118
  1781 10118
  1782 10118
  1783 10118
  1784 10118
  1785 10118
  1786 10118
  1787 10118
  1788 10118
  1789 10118
  1790 10118
  1791 10118
  1792 10118
  1793 10118
  1794 10118
  1795 10118
  1796 10118
  1797 10118
  1798 10118
  1799 10118
  1800 10118
  1801 10118
  1802 10118
  1803 10118
  1804 10118
  1805 10118
  1806 10118
  1807 10118
  1808 10118
  1809 10118
  1810 10118
  1811 10118
  1812 10118
  1813 10118
  1814 10118
  1815 10118
  1816 10118
  1817 10118
  1818 10118
  1819 10118
  1820 10118
  1821 10118
  1822 10118
  1823 10118
  1824 10118
  1825 10118
  1826 10118
  1827 10118
  1828 10118
  1829 10118
  1830 10118
  1831 10118
  1832 10118
  1833 10118
  1834 10118
  1835 10118
  1836 10118
  1837 10118
  1838 10118
  1839 10118
  1840 10118
  1841 10118
  1842 10118
  1843 10118
  1844 10118
  1845 10118
  1846 10118
  1847 10118
  1848 10118
  1849 10118
  1850 10118
  1851 10118
  1852 10118
  1853 10118
  1854 10118
  1855 10118
  1856 10118
  1857 10118
  1858 10118
  1859 10118
  1860 10118
  1861 10118
  1865 10062
  1866 10050
  1867 10050
  1868 10050
  1869 10068
  1870 10068
  1871 10068
  1872 10068
  1873 10068
  1874 10068
  1875 10068
  1876 10068
  1877 10068
  1878 10068
  1879 10068
  1880 10068
  1881 10068
  1882 10068
  1883 10068
  1884 10068
  1885 10068
  1886 10068
  1887 10068
  1888 10068
  1889 10068
  1890 10068
  1891 10068
  1892 10068
  1893 10068
  1894 10068
  1895 10068
  1896 10068
  1897 10068
  1898 10068
  1899 10068
  1900 10068
  1901 10068
  1902 10068
  1903 10068
  1904 10068
  1905 10068
  1906 10068
  1907 10068
  1908 10068
  1909 10068
  1910 10068
  1911 10068
  1912 10068
  1913 10068
  1914 10068
  1915 10068
  1916 10068
  1917 10068
  1918 10068
  1919 10068
  1920 10068
  1921 10068
  1922 10068
  1923 10068
  1924 10068
  1925 10068
  1926 10068
  1927 10068
  1928 10068
  1929 10068
  1930 10068
  1931 10068
  1932 10068
  1933 10068
  1934 10068
  1935 10068
  1936 10068
  1937 10068
  1938 10068
  1939 10068
  1940 10068
  1941 10068
  1942 10068
  1943 10068
  1944 10068
  1945 10068
  1946 10068
  1947 10068
  1948 10068
  1949 10068
  1950 10068
  1951 10068
  1952 10068
  1953 10068
  1954 10068
  1955 10068
  1956 10068
  1957 10068
  1958 10068
  1959 10068
  1960 10068
  1961 10068
  1962 10068
  1963 10068
  1964 10068
  1965 10068
  1966 10068
  1967 10068
  1968 10068
  1969 10068
  1970 10068
  1971 10068
  1972 10068
  1973 10068
  1974 10068
  1975 10068
  1976 10068
  1977 10068
  1978 10068
  1979 10068
  1980 10068
  1981 10068
  1982 10068
  1983 10068
  1984 10068
  1985 10068
  1986 10068
  1987 10068
  1988 10068
  1989 10068
  1990 10068
  1991 10068
  1992 10068
  1993 10068
  1994 10068
  1995 10068
  1996 10068
  1997 10068
  1998 10068
  1999 10068
  2000 10068
  2001 10068
  2002 10068
  2003 10068
  2004 10068
  2005 10068
  2006 10068
  2007 10068
  2008 10068
  2009 10068
  2010 10068
  2011 10068
  2012 10068
  2013 10068
  2014 10068
  2015 10068
  2016 10068
  2017 10068
  2018 10068
  2019 10068
  2020 10068
  2021 10158
  2022 10158
  2028 10029
  2029 10029
  2030 10120
  2031 10029
  2032 10029
  2033 10029
