   600 10040
   601 10040
   602 10040
   603 10040
   604 10040
   605 10040
   606 10040
   607 10040
   608 10040
   609 10040
   610 10040
   611 10040
   612 10040
   613 10040
   614 10040
   615 10040
   616 10040
   617 10040
   618 10040
   619 10040
   620 10040
   621 10040
   622 10040
   623 10040
   624 10040
   625 10078
   626 10040
   627 10040
   628 10040
   629 10040
   630 10040
   631 10040
   632 10040
   633 10040
   634 10040
   635 10040
   636 10040
   637 10040
   648 10040
   649 10040
   650 10040
   651 10040
   652 10040
   653 10040
   654 10040
   655 10040
   656 10040
   657 10040
   658 10040
   659 10040
   660 10040
   661 10040
   662 10040
   663 10040
   664 10040
   665 10040
   666 10040
   667 10040
   668 10040
   669 10040
   670 10040
   671 10040
   672 10040
   673 10040
   674 10040
   675 10040
   676 10040
   677 10040
   678 10040
   679 10040
   680 10078
   681 10040
   682 10078
   683 10078
   684 10078
   685 10040
   686 10040
   687 10040
   688 10040
   689 10040
   690 10040
   691 10040
   692 10040
   693 10040
   694 10040
   695 10040
   696 10040
   697 10040
   698 10040
   699 10040
   700 10040
   701 10040
   702 10040
   703 10040
   704 10040
   705 10040
   706 10040
   707 10040
   708 10040
   709 10040
   710 10040
   711 10040
   712 10040
   713 10040
   714 10040
   715 10040
   716 10040
   717 10078
   718 10040
   719 10040
   720 10040
   721 10040
   722 10040
   723 10040
   724 10040
   725 10078
   726 10078
   727 10040
   728 10040
   729 10040
   730 10040
   731 10040
   732 10040
   733 10040
   734 10040
   735 10040
   736 10040
   737 10040
   738 10040
   739 10040
   740 10040
   741 10040
   742 10040
   743 10040
   744 10040
   745 10040
   746 10040
   747 10040
   748 10040
   749 10040
   750 10040
   751 10040
   752 10040
   753 10040
   754 10040
   755 10040
   756 10040
   757 10040
   758 10040
   759 10040
   760 10040
   761 10040
   762 10040
   763 10040
   764 10040
   765 10040
   766 10040
   767 10040
   768 10040
   769 10040
   770 10040
   771 10040
   772 10040
   773 10040
   774 10040
   775 10040
   776 10040
   777 10040
   778 10040
   779 10040
   780 10040
   781 10040
   782 10040
   783 10040
   784 10040
   785 10040
   786 10040
   787 10040
   788 10040
   789 10078
   790 10040
   791 10040
   792 10040
   793 10040
   794 10040
   795 10040
   796 10040
   797 10040
   798 10040
   799 10040
   800 10040
   801 10078
   802 10040
   803 10040
   804 10040
   805 10040
   806 10040
   807 10040
   808 10040
   809 10040
   810 10040
   811 10040
   812 10040
   818 10040
   819 10040
   840 10084
   841 10084
   842 10084
   843 10098
   844 10040
   845 10040
   846 10040
   847 10040
   848 10040
   849 10040
   850 10040
   851 10040
   852 10040
   853 10040
   854 10040
   855 10040
   856 10040
   857 10040
   858 10040
   859 10078
   860 10040
   861 10040
   862 10040
   863 10040
   864 10078
   865 10040
   866 10040
   867 10040
   868 10040
   869 10040
   870 10040
   871 10040
   872 10040
   873 10040
   874 10040
   875 10040
   876 10078
   877 10040
   878 10040
   879 10078
   880 10040
   881 10040
   882 10040
   883 10040
   884 10040
   885 10040
   886 10040
   887 10040
   888 10040
   889 10040
   890 10040
   891 10040
   892 10040
   893 10040
   894 10040
   895 10040
   896 10040
   897 10040
   898 10040
   899 10040
   900 10040
   901 10040
   902 10040
   903 10040
   904 10040
   905 10040
   906 10040
   907 10040
   908 10040
   909 10040
   910 10040
   911 10040
   912 10040
   913 10040
   914 10078
   915 10078
   916 10040
   917 10040
   918 10040
   919 10040
   920 10040
   921 10040
   922 10040
   923 10040
   924 10040
   925 10040
   926 10040
   927 10040
   928 10040
   929 10040
   930 10040
   931 10040
   932 10040
   933 10040
   934 10040
   935 10040
   936 10040
   937 10040
   938 10040
   939 10040
   940 10040
   941 10040
   942 10078
   943 10040
   944 10040
   945 10040
   946 10040
   947 10040
   948 10040
   949 10040
   950 10078
   951 10040
   952 10040
   953 10078
   954 10078
   955 10040
   956 10040
   957 10040
   958 10040
   959 10098
   960 10040
   961 10040
   962 10040
   963 10040
   964 10040
   965 10098
   966 10078
   967 10078
   968 10078
   969 10078
   970 10078
   971 10040
   972 10078
   973 10040
   974 10040
   975 10040
   976 10078
   977 10078
   978 10078
   979 10078
   980 10040
   981 10040
   982 10040
   983 10078
   984 10078
   985 10078
   986 10078
   987 10078
   988 10040
   989 10040
   990 10040
   991 10040
   992 10040
   993 10040
   994 10040
   995 10040
   996 10040
   997 10040
   998 10040
   999 10040
  1000 10040
  1001 10040
  1002 10040
  1003 10040
  1004 10040
  1005 10040
  1006 10040
  1007 10040
  1008 10040
  1009 10040
  1010 10040
  1011 10040
  1012 10040
  1013 10084
  1014 10040
  1015 10040
  1016 10040
  1017 10040
  1018 10040
  1019 10040
  1020 10078
  1021 10078
  1022 10078
  1023 10078
  1024 10078
  1025 10040
  1026 10040
  1027 10040
  1028 10040
  1029 10040
  1030 10040
  1031 10040
  1032 10040
  1033 10040
  1034 10040
  1035 10040
  1036 10040
  1037 10040
  1038 10040
  1039 10040
  1040 10040
  1041 10040
  1042 10040
  1043 10040
  1044 10040
  1045 10040
  1046 10040
  1047 10040
  1048 10040
  1049 10040
  1050 10040
  1051 10040
  1052 10040
  1053 10040
  1054 10040
  1055 10040
  1056 10040
  1057 10040
  1058 10040
  1059 10040
  1060 10040
  1061 10078
  1062 10040
  1063 10040
  1064 10040
  1065 10040
  1066 10040
  1067 10040
  1068 10040
  1069 10040
  1070 10040
  1071 10078
  1072 10040
  1073 10040
  1074 10078
  1075 10040
  1076 10040
  1077 10040
  1078 10040
  1079 10040
  1080 10040
  1081 10040
  1082 10040
  1083 10040
  1084 10040
  1085 10078
  1086 10040
  1087 10040
  1088 10040
  1089 10040
  1090 10040
  1091 10078
  1092 10078
  1093 10078
  1094 10078
  1095 10078
  1096 10078
  1097 10040
  1098 10040
  1099 10040
  1100 10040
  1101 10040
  1102 10040
  1103 10040
  1104 10040
  1105 10040
  1106 10040
  1107 10040
  1108 10040
  1109 10040
  1110 10040
  1111 10040
  1112 10040
  1113 10040
  1114 10040
  1115 10040
  1116 10040
  1117 10040
  1118 10040
  1119 10040
  1120 10040
  1121 10040
  1122 10040
  1123 10040
  1124 10040
  1125 10040
  1126 10040
  1127 10040
  1128 10040
  1129 10040
  1130 10040
  1131 10040
  1132 10040
  1133 10040
  1134 10040
  1135 10040
  1136 10040
  1137 10040
  1138 10040
  1139 10040
  1140 10040
  1141 10040
  1142 10040
  1143 10040
  1144 10040
  1145 10040
  1146 10040
  1147 10040
  1148 10040
  1149 10040
  1150 10040
  1151 10040
  1152 10040
  1153 10040
  1154 10040
  1155 10040
  1156 10040
  1157 10040
  1158 10040
  1159 10078
  1165 10040
  1166 10040
  1167 10040
  1168 10040
  1169 10040
  1170 10040
  1171 10040
  1172 10040
  1173 10040
  1174 10040
  1175 10040
  1176 10040
  1177 10040
  1178 10040
  1179 10040
  1180 10078
  1181 10040
  1182 10078
  1183 10040
  1184 10040
  1185 10040
  1186 10040
  1187 10040
  1188 10040
  1189 10040
  1190 10040
  1191 10040
  1192 10040
  1193 10040
  1194 10040
  1195 10040
  1196 10040
  1197 10040
  1198 10040
  1199 10040
  1200 10040
  1201 10040
  1202 10040
  1203 10040
  1204 10040
  1205 10040
  1206 10040
  1207 10040
  1208 10040
  1209 10040
  1210 10040
  1211 10040
  1212 10040
  1213 10040
  1214 10084
  1215 10040
  1216 10040
  1217 10040
  1218 10040
  1219 10040
  1220 10040
  1221 10040
  1222 10040
  1223 10040
  1224 10040
  1225 10098
  1226 10098
  1227 10098
  1228 10098
  1229 10098
  1230 10040
  1231 10040
  1232 10040
  1233 10106
  1234 10098
  1235 10040
  1236 10040
  1237 10040
  1238 10040
  1239 10040
  1240 10040
  1241 10040
  1242 10084
  1243 10106
  1244 10084
  1245 10098
  1246 10084
  1247 10078
  1248 10078
  1249 10078
  1250 10018
  1251 10040
  1252 10098
  1253 10098
  1254 10018
  1255 10098
  1256 10018
  1257 10098
  1258 10158
  1259 10098
  1260 10040
  1261 10106
  1262 10040
  1263 10040
  1264 10040
  1265 10078
  1266 10078
  1267 10040
  1268 10040
  1269 10018
  1270 10040
  1271 10040
  1272 10040
  1273 10040
  1274 10040
  1275 10040
  1276 10040
  1277 10018
  1278 10018
  1279 10040
  1280 10040
  1281 10040
  1282 10040
  1283 10040
  1284 10040
  1285 10018
  1286 10040
  1287 10078
  1288 10078
  1289 10040
  1290 10040
  1291 10098
  1292 10098
  1293 10098
  1294 10018
  1295 10018
  1296 10106
  1297 10040
  1298 10040
  1299 10040
  1300 10040
  1302 10040
  1303 10040
  1304 10040
  1305 10040
  1306 10040
  1307 10040
  1308 10040
  1309 10040
  1310 10040
  1311 10040
  1312 10040
  1313 10040
  1314 10040
  1315 10078
  1316 10106
  1317 10078
  1318 10078
  1319 10078
  1322 10040
  1324 10040
  1325 10040
  1328 10040
  1329 10040
  1330 10040
  1331 10040
  1332 10040
  1333 10055
  1334 10040
  1335 10084
  1336 10040
  1337 10040
  1338 10040
  1339 10078
  1341 10040
  1343 10040
  1344 10040
  1345 10040
  1346 10040
  1347 10040
  1348 10040
  1349 10040
  1350 10040
  1351 10040
  1352 10040
  1353 10040
  1354 10040
  1355 10040
  1356 10040
  1357 10040
  1358 10040
  1359 10040
  1360 10040
  1361 10040
  1362 10040
  1363 10040
  1364 10040
  1365 10040
  1366 10173
  1367 10173
  1368 10173
  1369 10173
  1370 10173
  1379 10040
  1380 10018
  1381 10040
  1382 10040
  1383 10040
  1384 10040
  1388 10040
  1400 10040
  1401 10040
  1472 10055
  1473 10055
  1474 10098
  1475 10098
  1476 10098
  1477 10098
  1478 10098
  1479 10098
  1480 10098
  1481 10098
  1482 10098
  1483 10098
  1484 10098
  1485 10106
  1486 10106
  1488 10106
  1489 10106
  1490 10040
  1491 10040
  1492 10040
  1493 10140
  1494 10098
  1495 10158
  1496 10018
  1497 10106
  1499 10018
  1500 10106
  1501 10040
  1502 10106
  1503 10106
  1504 10106
  1505 10106
  1506 10106
  1507 10040
  1508 10040
  1509 10018
  1510 10018
  1511 10018
  1512 10023
  1513 10023
  1514 10040
  1515 10040
  1516 10040
  1517 10023
  1518 10098
  1519 10023
  1520 10098
  1521 10040
  1522 10040
  1523 10040
  1524 10158
  1525 10158
  1526 10158
  1527 10158
  1528 10040
  1529 10106
  1530 10040
  1531 10040
  1532 10040
  1533 10106
  1534 10106
  1535 10106
  1536 10106
  1537 10106
  1538 10040
  1539 10040
  1540 10040
  1541 10040
  1542 10040
  1543 10040
  1544 10040
  1545 10040
  1546 10040
  1547 10040
  1548 10040
  1549 10040
  1550 10078
  1551 10078
  1552 10040
  1553 10040
  1554 10040
  1555 10106
  1556 10106
  1557 10040
  1558 10055
  1559 10055
  1560 10055
  1561 10040
  1562 10106
  1564 10040
  1565 10040
  1566 10040
  1567 10040
  1568 10018
  1569 10040
  1570 10040
  1571 10040
  1572 10040
  1573 10040
  1574 10040
  1575 10040
  1576 10040
  1577 10040
  1578 10040
  1579 10078
  1580 10078
  1581 10078
  1582 10078
  1583 10078
  1584 10078
  1585 10078
  1586 10040
  1587 10040
  1590 10158
  1591 10040
  1592 10040
  1593 10040
  1594 10040
  1595 10055
  1596 10078
  1597 10040
  1598 10040
  1599 10106
  1601 10040
  1603 10040
  1604 10078
  1605 10106
  1606 10106
  1607 10106
  1608 10106
  1609 10106
  1610 10084
  1611 10084
  1612 10040
  1613 10084
  1614 10084
  1615 10084
  1616 10084
  1617 10084
  1618 10084
  1619 10084
  1620 10084
  1621 10084
  1622 10084
  1623 10084
  1624 10084
  1625 10084
  1626 10084
  1627 10084
  1628 10084
  1629 10084
  1630 10084
  1631 10084
  1632 10084
  1633 10084
  1634 10084
  1635 10084
  1636 10084
  1637 10084
  1638 10084
  1639 10084
  1640 10084
  1641 10084
  1644 10078
  1645 10078
  1646 10078
  1647 10078
  1651 10018
  1652 10018
  1653 10018
  1654 10018
  1655 10084
  1659 10106
  1660 10106
  1661 10084
  1662 10098
  1663 10098
  1664 10098
  1665 10098
  1666 10098
  1667 10098
  1668 10098
  1669 10098
  1670 10106
  1671 10031
  1675 10040
  1676 10040
  1677 10040
  1678 10040
  1679 10078
  1680 10078
  1681 10078
  1682 10078
  1683 10040
  1684 10040
  1685 10106
  1686 10106
  1687 10106
  1688 10106
  1689 10098
  1690 10106
  1691 10040
  1692 10040
  1693 10040
  1694 10040
  1695 10040
  1696 10040
  1697 10040
  1698 10040
  1699 10040
  1700 10040
  1701 10040
  1702 10040
  1703 10040
  1704 10040
  1705 10040
  1706 10040
  1707 10098
  1708 10098
  1721 10040
  1722 10040
  1723 10040
  1724 10040
  1725 10040
  1726 10040
  1727 10040
  1728 10040
  1729 10040
  1730 10106
  1731 10106
  1732 10106
  1744 10078
  1745 10040
  1746 10018
  1747 10018
  1749 10040
  1750 10040
  1751 10040
  1752 10040
  1753 10040
  1758 10084
  1759 10084
  1760 10040
  1761 10040
  1762 10040
  1763 10018
  1764 10018
  1765 10018
  1766 10018
  1767 10018
  1768 10040
  1769 10040
  1770 10040
  1771 10040
  1772 10040
  1773 10040
  1774 10040
  1775 10040
  1776 10040
  1777 10040
  1778 10040
  1779 10040
  1780 10040
  1783 10040
  1784 10040
  1785 10040
  1786 10040
  1787 10040
  1788 10040
  1789 10040
  1790 10040
  1791 10040
  1792 10040
  1793 10040
  1794 10040
  1795 10040
  1796 10040
  1797 10040
  1798 10040
  1799 10040
  1800 10040
  1801 10040
  1804 10040
  1805 10040
  1806 10040
  1807 10040
  1808 10040
  1809 10040
  1810 10040
  1811 10040
  1812 10040
  1813 10040
  1814 10040
  1815 10040
  1816 10040
  1817 10040
  1818 10040
  1819 10040
  1820 10040
  1821 10040
  1822 10040
  1823 10040
  1824 10040
  1825 10040
  1826 10040
  1827 10040
  1828 10040
  1829 10040
  1830 10040
  1831 10040
  1832 10040
  1833 10040
  1834 10040
  1835 10040
  1836 10040
  1837 10040
  1838 10040
  1839 10040
  1840 10040
  1841 10040
  1842 10040
  1843 10040
  1844 10040
  1845 10040
  1846 10040
  1847 10040
  1848 10040
  1849 10040
  1850 10040
  1851 10040
  1852 10040
  1853 10040
  1854 10040
  1855 10040
  1856 10040
  1857 10040
  1858 10040
  1859 10040
  1860 10040
  1861 10040
  1862 10040
  1863 10040
  1864 10040
  1865 10040
  1866 10040
  1867 10040
  1910 10092
  1911 10092
  1912 10092
  1913 10092
  1914 10092
  1915 10092
  1916 10092
  1917 10092
  1918 10092
  1919 10092
  1920 10092
  1921 10092
  1925 10092
  1926 10092
  1927 10092
  1929 10092
  1930 10092
  1931 10092
  1932 10092
  1933 10092
  1934 10092
  1935 10092
  1937 10092
  1938 10092
  1939 10092
  1942 10092
  1943 10092
  1944 10092
  1945 10040
  1946 10040
  1947 10092
  1948 10040
  1949 10040
  1950 10040
  1955 10040
  1958 10078
  1959 10078
  1960 10084
  1961 10078
  1962 10084
  1963 10084
  1964 10084
  1965 10040
  1966 10084
  1967 10084
  1968 10084
  1969 10084
  1970 10040
  1971 10040
  1972 10040
  1973 10040
  1974 10040
  1975 10055
  1976 10040
  1977 10040
  1978 10040
  1979 10098
  1980 10098
  1981 10098
  1982 10040
  1983 10040
  1984 10040
  1985 10040
  1986 10040
  1987 10040
  1988 10040
  1989 10040
  1990 10040
  1991 10078
  1992 10078
  1993 10040
  1994 10078
  1995 10078
  1996 10078
  1997 10078
  1998 10078
  1999 10078
  2000 10040
  2001 10040
  2002 10040
  2003 10040
  2004 10040
  2005 10040
  2006 10040
  2007 10040
  2008 10040
  2009 10040
  2010 10040
  2011 10040
  2012 10040
  2013 10040
  2014 10040
  2015 10040
  2016 10040
  2017 10040
  2020 10040
  2021 10040
  2022 10084
  2023 10084
  2024 10084
  2025 10084
  2026 10084
  2027 10084
  2028 10084
  2029 10084
  2030 10084
  2031 10084
  2032 10084
  2033 10084
  2034 10084
  2035 10084
  2036 10084
  2037 10084
  2038 10084
  2039 10084
  2040 10084
  2041 10084
  2042 10018
  2043 10040
  2044 10040
  2045 10040
  2046 10040
  2047 10040
  2048 10040
  2049 10040
  2050 10040
  2051 10040
  2052 10040
  2053 10040
  2054 10040
  2055 10040
  2056 10040
  2057 10040
  2058 10040
  2059 10040
  2060 10078
  2061 10018
  2062 10078
  2063 10084
  2064 10084
  2065 10084
  2066 10084
  2067 10084
  2068 10084
  2069 10084
  2070 10084
  2071 10098
  2072 10098
  2073 10018
  2074 10018
  2075 10018
