   782 10101
   783 10101
   784 10101
   785 10101
   786 10169
   787 10101
   788 10156
   789 10164
   791 10022
   792 10151
   793 10017
   794 10017
   795 10035
   796 10035
   797 10035
   798 10035
   799 10035
   800 10035
   801 10035
   802 10035
   803 10035
   804 10035
   805 10035
   806 10035
   807 10035
   808 10035
   809 10035
   810 10035
   811 10035
   812 10035
   813 10035
   814 10035
   815 10035
   816 10035
   817 10035
   818 10035
   819 10035
   820 10035
   821 10035
   822 10035
   823 10035
   824 10035
   825 10035
   826 10035
   827 10035
   828 10035
   829 10035
   830 10035
   831 10035
   832 10035
   833 10035
   834 10035
   835 10035
   836 10035
   837 10035
   838 10035
   839 10035
   840 10035
   841 10035
   842 10035
   843 10035
   844 10035
   845 10035
   846 10035
   847 10035
   848 10035
   849 10035
   850 10035
   851 10035
   852 10035
   853 10035
   854 10035
   855 10035
   856 10035
   857 10035
   858 10035
   859 10035
   860 10035
   861 10035
   862 10035
   863 10035
   864 10035
   865 10035
   866 10035
   867 10035
   868 10035
   869 10035
   870 10035
   871 10035
   872 10035
   873 10035
   874 10035
   875 10035
   876 10035
   877 10035
   878 10035
   879 10035
   880 10035
   881 10035
   882 10035
   883 10035
   884 10035
   885 10035
   886 10035
   887 10035
   888 10035
   889 10035
   890 10035
   891 10035
   892 10035
   893 10035
   894 10035
   895 10035
   896 10035
   897 10035
   898 10035
   899 10035
   900 10035
   901 10035
   902 10035
   903 10035
   904 10035
   905 10035
   906 10035
   907 10035
   908 10035
   909 10035
   910 10035
   911 10035
   912 10035
   913 10035
   914 10035
   915 10035
   916 10035
   917 10035
   918 10035
   919 10035
   920 10035
   921 10035
   922 10035
   923 10035
   924 10035
   925 10035
   926 10035
   927 10035
   928 10035
   929 10035
   930 10035
   931 10035
   932 10035
   933 10035
   934 10035
   935 10035
   936 10035
   937 10035
   938 10035
   939 10035
   940 10035
   941 10035
   942 10035
   943 10035
   944 10035
   945 10035
   946 10035
   947 10035
   948 10035
   949 10035
   950 10035
   951 10035
   952 10035
   953 10035
   954 10035
   955 10035
   956 10035
   957 10035
   958 10035
   959 10035
   960 10035
   961 10035
   962 10035
   963 10035
   964 10035
   965 10035
   966 10035
   967 10035
   968 10035
   969 10035
   970 10035
   971 10035
   972 10035
   973 10035
   974 10035
   975 10035
   976 10035
   977 10035
   978 10035
   979 10035
   980 10035
   981 10035
   982 10035
   983 10035
   984 10035
   985 10035
   986 10035
   987 10035
   988 10035
   989 10035
   990 10035
   991 10035
   992 10035
   993 10035
   994 10035
   995 10035
   996 10035
   997 10035
   998 10035
   999 10035
  1000 10035
  1001 10035
  1002 10035
  1003 10035
  1004 10035
  1005 10035
  1006 10035
  1007 10035
  1008 10035
  1009 10035
  1010 10035
  1011 10035
  1012 10035
  1013 10035
  1014 10035
  1015 10035
  1016 10035
  1017 10035
  1018 10035
  1019 10035
  1020 10035
  1021 10035
  1023 10043
  1025 10123
  1026 10123
  1027 10123
  1028 10123
  1029 10123
  1030 10123
  1031 10123
  1032 10123
  1033 10123
  1034 10123
  1035 10123
  1036 10123
  1037 10123
  1038 10123
  1039 10123
  1040 10123
  1041 10123
  1042 10123
  1043 10123
  1044 10123
  1045 10123
  1046 10123
  1047 10123
  1048 10123
  1049 10123
  1050 10123
  1051 10123
  1052 10123
  1053 10123
  1054 10123
  1055 10123
  1056 10123
  1057 10123
  1058 10123
  1059 10123
  1060 10123
  1061 10123
  1062 10123
  1063 10123
  1064 10123
  1065 10123
  1066 10123
  1067 10123
  1068 10123
  1069 10123
  1070 10123
  1071 10123
  1072 10123
  1073 10123
  1074 10123
  1075 10123
  1076 10123
  1077 10123
  1078 10123
  1079 10123
  1080 10123
  1081 10123
  1082 10123
  1083 10123
  1084 10123
  1085 10123
  1086 10123
  1087 10123
  1088 10123
  1089 10123
  1090 10123
  1091 10123
  1092 10123
  1093 10123
  1094 10123
  1095 10123
  1096 10123
  1097 10123
  1098 10123
  1099 10123
  1100 10123
  1101 10123
  1102 10123
  1103 10123
  1104 10123
  1105 10123
  1106 10123
  1107 10123
  1108 10123
  1109 10123
  1110 10123
  1111 10123
  1112 10123
  1113 10123
  1114 10123
  1115 10123
  1116 10123
  1117 10123
  1118 10123
  1119 10123
  1120 10123
  1121 10123
  1122 10123
  1123 10123
  1124 10123
  1125 10123
  1126 10123
  1127 10123
  1128 10123
  1129 10123
  1130 10123
  1131 10123
  1132 10123
  1133 10123
  1134 10123
  1135 10123
  1136 10123
  1137 10123
  1138 10123
  1139 10123
  1140 10123
  1141 10123
  1142 10123
  1143 10123
  1144 10123
  1145 10123
  1146 10123
  1147 10123
  1148 10123
  1149 10123
  1150 10123
  1151 10123
  1152 10123
  1153 10123
  1154 10123
  1155 10123
  1156 10123
  1157 10123
  1158 10123
  1159 10123
  1160 10123
  1161 10123
  1162 10123
  1163 10123
  1164 10123
  1165 10123
  1166 10123
  1167 10123
  1168 10123
  1169 10123
  1170 10123
  1171 10123
  1172 10123
  1173 10123
  1174 10123
  1175 10123
  1176 10123
  1177 10123
  1178 10123
  1179 10123
  1180 10123
  1181 10123
  1182 10123
  1183 10123
  1184 10123
  1185 10123
  1186 10123
  1187 10123
  1188 10123
  1189 10123
  1190 10123
  1191 10123
  1192 10123
  1193 10123
  1194 10123
  1195 10123
  1196 10123
  1197 10123
  1198 10123
  1199 10123
  1200 10123
  1201 10123
  1202 10123
  1203 10123
  1204 10123
  1205 10123
  1206 10123
  1207 10123
  1208 10123
  1209 10123
  1210 10123
  1211 10123
  1212 10123
  1213 10123
  1214 10123
  1215 10123
  1216 10123
  1217 10123
  1218 10123
  1219 10123
  1220 10123
  1221 10123
  1222 10123
  1223 10123
  1224 10123
  1225 10123
  1226 10123
  1227 10123
  1228 10123
  1229 10123
  1230 10123
  1231 10123
  1232 10123
  1233 10123
  1234 10123
  1235 10123
  1236 10123
  1237 10123
  1238 10123
  1239 10123
  1240 10123
  1241 10123
  1242 10123
  1243 10123
  1244 10123
  1245 10123
  1246 10123
  1247 10123
  1248 10123
  1249 10123
  1250 10123
  1251 10123
  1252 10123
  1253 10123
  1254 10123
  1255 10123
  1256 10123
  1257 10123
  1258 10101
  1259 10101
  1260 10101
  1261 10101
  1262 10138
  1267 10154
  1268 10156
  1269 10156
  1270 10156
  1271 10156
  1272 10156
  1273 10156
  1274 10156
  1275 10156
  1276 10156
  1277 10156
  1278 10156
  1279 10156
  1280 10156
  1281 10156
  1282 10156
  1283 10156
  1284 10156
  1285 10156
  1286 10156
  1287 10156
  1288 10156
  1289 10156
  1290 10156
  1291 10156
  1292 10156
  1293 10156
  1294 10156
  1295 10156
  1296 10156
  1297 10156
  1298 10156
  1299 10156
  1300 10156
  1301 10156
  1302 10156
  1303 10156
  1304 10156
  1305 10156
  1306 10156
  1307 10156
  1308 10156
  1309 10156
  1310 10156
  1311 10156
  1312 10156
  1313 10156
  1314 10156
  1315 10156
  1316 10156
  1317 10156
  1318 10156
  1319 10156
  1320 10156
  1321 10156
  1322 10156
  1323 10156
  1324 10156
  1325 10156
  1326 10156
  1327 10156
  1328 10156
  1329 10156
  1330 10156
  1331 10156
  1332 10156
  1333 10156
  1334 10156
  1335 10156
  1336 10156
  1337 10156
  1338 10156
  1339 10156
  1340 10156
  1341 10156
  1342 10156
  1343 10156
  1344 10156
  1345 10156
  1346 10156
  1347 10156
  1348 10156
  1349 10156
  1350 10156
  1351 10156
  1352 10156
  1353 10156
  1354 10156
  1355 10156
  1356 10156
  1357 10156
  1358 10156
  1359 10156
  1360 10156
  1361 10156
  1362 10156
  1363 10156
  1364 10156
  1365 10156
  1366 10156
  1367 10156
  1368 10156
  1369 10156
  1370 10156
  1371 10156
  1372 10156
  1373 10156
  1374 10156
  1375 10156
  1376 10156
  1377 10156
  1378 10156
  1379 10156
  1380 10156
  1381 10156
  1382 10156
  1383 10156
  1384 10156
  1385 10156
  1386 10156
  1387 10156
  1388 10156
  1389 10156
  1390 10156
  1391 10156
  1392 10156
  1393 10156
  1394 10156
  1395 10156
  1396 10156
  1397 10156
  1398 10156
  1399 10156
  1400 10156
  1401 10156
  1402 10156
  1403 10156
  1404 10156
  1405 10156
  1406 10156
  1407 10156
  1408 10156
  1409 10156
  1410 10156
  1411 10156
  1412 10156
  1413 10156
  1414 10156
  1415 10156
  1416 10156
  1417 10156
  1418 10156
  1419 10156
  1420 10156
  1421 10156
  1422 10156
  1423 10156
  1424 10156
  1425 10156
  1426 10156
  1427 10156
  1428 10156
  1429 10156
  1430 10156
  1431 10156
  1432 10156
  1433 10156
  1434 10156
  1435 10156
  1436 10156
  1437 10156
  1438 10156
  1439 10156
  1440 10156
  1441 10156
  1442 10156
  1443 10156
  1444 10156
  1445 10156
  1446 10156
  1447 10156
  1448 10156
  1449 10156
  1450 10156
  1451 10156
  1452 10156
  1453 10156
  1454 10156
  1455 10156
  1456 10156
  1457 10156
  1458 10156
  1459 10156
  1460 10156
  1461 10156
  1462 10156
  1463 10156
  1464 10156
  1465 10156
  1466 10156
  1467 10156
  1468 10156
  1469 10156
  1470 10156
  1471 10156
  1472 10156
  1473 10156
  1474 10156
  1475 10156
  1476 10156
  1477 10156
  1478 10156
  1479 10156
  1480 10156
  1481 10156
  1482 10156
  1483 10156
  1484 10156
  1485 10156
  1486 10156
  1487 10156
  1488 10156
  1489 10156
  1490 10156
  1491 10156
  1492 10156
  1493 10156
  1494 10156
  1495 10156
  1496 10156
  1497 10156
  1498 10156
  1499 10156
  1500 10156
  1501 10016
  1502 10016
  1503 10016
  1504 10016
  1505 10016
  1506 10036
  1507 10036
  1508 10036
  1509 10018
  1510 10018
  1511 10018
  1512 10018
  1513 10018
  1514 10018
  1515 10018
  1516 10018
  1517 10018
  1518 10018
  1519 10023
  1520 10023
  1521 10018
  1522 10018
  1523 10018
  1524 10018
  1525 10018
  1526 10018
  1527 10055
  1528 10158
  1529 10055
  1530 10055
  1531 10018
  1532 10055
  1533 10055
  1534 10055
  1535 10055
  1536 10055
  1537 10055
  1538 10055
  1539 10055
  1540 10055
  1541 10055
  1542 10055
  1543 10055
  1544 10123
  1545 10055
  1546 10055
  1547 10055
  1548 10055
  1549 10140
  1550 10055
  1551 10055
  1552 10055
  1553 10055
  1554 10055
  1555 10055
  1556 10055
  1557 10055
  1558 10055
  1559 10055
  1560 10055
  1561 10055
  1562 10018
  1563 10018
  1564 10158
  1569 10010
  1571 10055
  1572 10055
  1573 10055
  1574 10055
  1575 10055
  1578 10071
  1579 10071
  1580 10071
  1581 10149
  1582 10071
  1583 10071
  1584 10071
  1585 10149
  1586 10071
  1587 10071
  1588 10071
  1589 10071
  1590 10071
  1591 10071
  1592 10071
  1593 10071
  1594 10071
  1595 10071
  1596 10071
  1597 10071
  1598 10071
  1599 10071
  1600 10149
  1601 10149
  1602 10149
  1603 10149
  1604 10071
  1605 10071
  1606 10071
  1607 10149
  1608 10149
  1609 10071
  1610 10071
  1611 10071
  1612 10071
  1613 10071
  1614 10071
  1615 10149
  1616 10149
  1617 10071
  1618 10149
  1619 10071
  1621 10163
  1622 10169
  1623 10061
  1627 10154
  1629 10120
  1630 10132
  1631 10132
  1632 10132
  1633 10132
  1634 10132
  1635 10132
  1636 10132
  1637 10132
  1638 10132
  1639 10132
  1640 10132
  1641 10132
  1642 10132
  1643 10132
  1644 10132
  1645 10132
  1646 10132
  1647 10132
  1648 10132
  1649 10132
  1650 10132
  1651 10132
  1652 10132
  1653 10132
  1654 10132
  1655 10132
  1656 10132
  1657 10132
  1658 10132
  1659 10132
  1660 10132
  1661 10132
  1662 10132
  1663 10132
  1664 10132
  1665 10132
  1666 10132
  1667 10132
  1668 10132
  1669 10132
  1670 10132
  1671 10132
  1672 10132
  1673 10132
  1674 10132
  1675 10132
  1676 10132
  1677 10132
  1678 10132
  1679 10132
  1680 10132
  1681 10132
  1682 10132
  1683 10132
  1684 10132
  1685 10132
  1686 10132
  1687 10132
  1688 10132
  1689 10132
  1690 10132
  1691 10132
  1692 10132
  1693 10132
  1694 10132
  1695 10132
  1696 10132
  1697 10132
  1698 10132
  1699 10132
  1700 10132
  1701 10132
  1702 10132
  1703 10132
  1704 10132
  1705 10132
  1706 10132
  1707 10132
  1708 10132
  1709 10132
  1710 10132
  1711 10132
  1712 10132
  1713 10132
  1714 10132
  1715 10132
  1716 10132
  1717 10132
  1718 10132
  1719 10132
  1720 10132
  1721 10132
  1722 10132
  1723 10132
  1724 10132
  1725 10132
  1726 10132
  1727 10132
  1728 10132
  1729 10132
  1730 10132
  1731 10132
  1732 10132
  1733 10132
  1734 10132
  1735 10132
  1736 10132
  1737 10132
  1738 10132
  1739 10132
  1740 10132
  1741 10132
  1742 10132
  1743 10132
  1744 10132
  1745 10132
  1746 10132
  1747 10132
  1748 10132
  1749 10132
  1750 10132
  1751 10132
  1752 10132
  1753 10132
  1754 10132
  1755 10132
  1756 10132
  1757 10132
  1758 10132
  1759 10132
  1760 10132
  1761 10132
  1762 10132
  1763 10132
  1764 10132
  1765 10132
  1766 10132
  1767 10132
  1768 10132
  1769 10132
  1770 10132
  1771 10132
  1772 10132
  1773 10132
  1774 10132
  1775 10132
  1776 10132
  1777 10132
  1778 10132
  1779 10132
  1780 10132
  1781 10132
  1782 10132
  1783 10132
  1784 10132
  1785 10132
  1786 10132
  1787 10132
  1788 10132
  1789 10132
  1790 10132
  1791 10132
  1792 10132
  1793 10132
  1794 10132
  1795 10132
  1796 10132
  1797 10132
  1798 10132
  1799 10132
  1800 10132
  1801 10132
  1802 10132
  1803 10132
  1804 10132
  1805 10132
  1806 10132
  1807 10132
  1808 10132
  1809 10132
  1810 10132
  1811 10132
  1812 10132
  1813 10132
  1814 10132
  1815 10132
  1816 10132
  1817 10132
  1818 10132
  1819 10132
  1820 10132
  1821 10132
  1822 10132
  1823 10132
  1824 10132
  1825 10132
  1826 10132
  1827 10132
  1828 10132
  1829 10132
  1830 10132
  1831 10132
  1832 10132
  1833 10132
  1834 10132
  1835 10132
  1836 10132
  1837 10132
  1838 10132
  1839 10132
  1840 10132
  1841 10132
  1842 10132
  1843 10132
  1844 10132
  1845 10132
  1846 10132
  1847 10132
  1848 10132
  1849 10132
  1850 10132
  1851 10132
  1852 10132
  1853 10132
  1854 10132
  1855 10132
  1856 10132
  1857 10132
  1858 10132
  1859 10132
  1860 10132
  1861 10122
  1864 10122
  1866 10085
  1871 10101
  1872 10083
  1873 10071
  1874 10071
  1875 10071
  1876 10071
  1877 10071
  1878 10071
  1879 10071
  1880 10071
  1881 10071
  1882 10149
  1883 10149
  1884 10149
  1885 10149
  1886 10149
  1887 10149
  1888 10149
  1889 10149
  1890 10149
  1891 10149
  1892 10149
  1893 10149
  1894 10149
  1895 10149
  1896 10149
  1897 10149
  1898 10149
  1899 10149
  1900 10149
  1901 10149
  1902 10149
  1903 10149
  1904 10149
  1905 10149
  1906 10149
  1907 10149
  1908 10149
  1909 10149
  1910 10149
  1911 10149
  1912 10149
  1913 10149
  1914 10149
  1915 10149
  1916 10149
  1917 10149
  1918 10149
  1919 10149
  1920 10149
  1921 10149
  1922 10149
  1923 10149
  1924 10149
  1935 10149
  1936 10149
  1937 10149
  1938 10149
  1939 10149
  1940 10149
  1941 10149
  1942 10149
  1943 10149
  1944 10149
  1945 10149
  1946 10149
  1947 10149
  1948 10149
  1949 10149
  1950 10149
  1951 10149
  1952 10149
  1953 10149
  1954 10149
  1955 10149
  1956 10149
  1957 10071
  1958 10149
  1959 10149
  1960 10149
  1961 10071
  1962 10071
  1963 10071
  1964 10071
  1965 10071
  1966 10071
  1967 10071
  1968 10071
  1969 10071
  1970 10071
  1971 10071
  1972 10071
  1973 10071
  1974 10149
  1975 10149
  1976 10071
  1977 10071
  1978 10071
  1979 10071
  1980 10149
  1981 10149
  1982 10071
  1983 10071
  1984 10071
  1985 10071
  1986 10071
  1987 10071
  1988 10071
  1989 10071
  1990 10071
  1991 10071
  1992 10071
  1993 10071
  1994 10071
  1995 10071
  1996 10071
  1997 10071
  1998 10071
  1999 10071
  2000 10071
  2001 10071
  2002 10071
  2003 10149
  2004 10071
  2005 10071
  2006 10149
  2007 10071
  2008 10071
  2009 10071
  2010 10071
  2011 10071
  2012 10071
  2013 10071
  2014 10071
  2015 10071
  2016 10071
  2017 10149
  2018 10071
  2019 10071
  2020 10071
  2021 10071
  2022 10071
  2023 10071
  2024 10149
  2025 10149
  2026 10149
  2027 10149
  2028 10149
  2029 10149
  2030 10149
  2031 10149
  2032 10149
  2033 10100
  2034 10100
  2036 10169
  2037 10169
  2038 10169
