   677 10075
   678 10075
   681 10075
   684 10075
   685 10031
   686 10031
   687 10031
   688 10031
   689 10031
   690 10031
   691 10031
   692 10031
   693 10031
   694 10031
   695 10031
   696 10031
   697 10031
   698 10031
   699 10031
   700 10031
   701 10031
   702 10031
   703 10031
   704 10031
   705 10031
   706 10031
   707 10031
   708 10031
   709 10031
   710 10031
   711 10031
   712 10031
   713 10031
   714 10031
   715 10031
   716 10031
   717 10031
   718 10031
   719 10031
   720 10031
   721 10031
   722 10031
   723 10031
   724 10031
   725 10031
   726 10031
   727 10031
   728 10031
   729 10031
   730 10031
   731 10031
   732 10031
   733 10031
   734 10031
   735 10031
   736 10031
   737 10031
   738 10031
   739 10031
   740 10031
   741 10031
   742 10031
   743 10031
   744 10031
   745 10031
   746 10031
   747 10031
   748 10031
   749 10031
   750 10031
   751 10031
   752 10031
   753 10031
   754 10031
   755 10031
   756 10031
   757 10031
   758 10031
   759 10031
   760 10031
   761 10031
   762 10031
   763 10031
   764 10031
   765 10031
   766 10031
   767 10031
   768 10031
   769 10031
   770 10031
   771 10031
   772 10031
   773 10031
   774 10031
   775 10031
   776 10031
   777 10031
   778 10031
   779 10031
   780 10031
   783 10146
   784 10146
   785 10146
   786 10146
   787 10146
   788 10146
   789 10146
   790 10146
   791 10146
   792 10146
   793 10146
   794 10146
   795 10146
   796 10146
   797 10146
   798 10146
   799 10146
   800 10146
   801 10146
   802 10146
   803 10146
   804 10146
   805 10146
   806 10146
   807 10146
   808 10146
   809 10146
   810 10146
   811 10146
   812 10146
   813 10146
   814 10146
   815 10146
   816 10146
   817 10146
   818 10146
   819 10146
   820 10146
   821 10146
   822 10146
   823 10146
   824 10146
   825 10146
   826 10146
   827 10146
   828 10146
   829 10146
   830 10146
   831 10146
   832 10146
   833 10146
   834 10146
   835 10146
   836 10146
   837 10146
   838 10146
   839 10146
   840 10146
   841 10146
   842 10146
   843 10146
   844 10146
   845 10146
   846 10146
   847 10146
   848 10146
   849 10146
   850 10146
   851 10146
   852 10146
   853 10146
   854 10146
   855 10146
   856 10146
   857 10146
   858 10146
   859 10146
   860 10146
   861 10146
   862 10146
   863 10146
   864 10146
   865 10146
   866 10146
   867 10146
   868 10146
   869 10146
   870 10146
   871 10146
   872 10146
   873 10146
   874 10146
   875 10146
   876 10146
   877 10146
   878 10146
   879 10146
   880 10146
   881 10146
   882 10146
   883 10146
   884 10146
   885 10146
   886 10146
   887 10146
   888 10146
   889 10146
   890 10146
   891 10146
   892 10146
   893 10146
   894 10146
   895 10146
   896 10146
   897 10146
   898 10146
   899 10146
   900 10146
   901 10146
   902 10146
   903 10146
   904 10146
   905 10146
   906 10146
   907 10146
   908 10146
   909 10146
   910 10146
   911 10146
   912 10146
   913 10146
   914 10146
   915 10146
   916 10146
   917 10146
   918 10146
   919 10146
   920 10146
   921 10146
   922 10146
   923 10146
   924 10146
   925 10146
   926 10146
   927 10146
   928 10146
   929 10146
   930 10146
   931 10146
   932 10146
   933 10146
   934 10146
   935 10146
   936 10146
   937 10146
   938 10146
   939 10146
   940 10146
   941 10146
   942 10146
   943 10146
   944 10146
   945 10146
   946 10146
   947 10146
   948 10146
   949 10146
   950 10146
   951 10146
   952 10146
   953 10146
   954 10146
   955 10146
   956 10146
   957 10146
   958 10146
   959 10146
   960 10146
   961 10146
   962 10146
   963 10146
   964 10146
   965 10146
   966 10146
   967 10146
   968 10146
   969 10146
   970 10146
   971 10146
   972 10146
   973 10146
   974 10146
   975 10146
   976 10146
   977 10146
   978 10146
   979 10146
   980 10146
   981 10146
   982 10146
   983 10146
   984 10146
   985 10146
   986 10146
   987 10146
   988 10146
   989 10146
   990 10146
   991 10146
   992 10146
   993 10146
   994 10146
   995 10146
   996 10146
   997 10146
   998 10146
   999 10146
  1000 10146
  1001 10146
  1002 10146
  1003 10146
  1004 10146
  1005 10146
  1006 10146
  1007 10146
  1008 10146
  1009 10146
  1010 10146
  1011 10146
  1012 10146
  1013 10146
  1014 10146
  1015 10146
  1016 10146
  1017 10146
  1018 10146
  1019 10146
  1020 10146
  1021 10031
  1022 10031
  1023 10031
  1024 10031
  1025 10031
  1026 10031
  1027 10031
  1028 10007
  1029 10007
  1030 10007
  1031 10007
  1032 10031
  1033 10031
  1034 10031
  1035 10031
  1036 10031
  1037 10031
  1038 10031
  1039 10031
  1040 10031
  1041 10031
  1042 10031
  1043 10031
  1044 10031
  1045 10031
  1046 10031
  1047 10031
  1048 10031
  1049 10031
  1050 10031
  1051 10031
  1052 10031
  1053 10031
  1054 10031
  1055 10031
  1056 10031
  1057 10031
  1058 10031
  1059 10031
  1060 10031
  1061 10031
  1062 10031
  1063 10031
  1064 10031
  1065 10031
  1066 10031
  1067 10031
  1068 10031
  1069 10031
  1070 10031
  1071 10031
  1072 10031
  1073 10031
  1074 10031
  1075 10031
  1076 10031
  1077 10031
  1078 10031
  1079 10031
  1080 10031
  1081 10031
  1082 10031
  1083 10031
  1084 10031
  1085 10031
  1086 10031
  1087 10031
  1088 10031
  1089 10031
  1090 10031
  1091 10031
  1092 10031
  1093 10031
  1094 10031
  1095 10031
  1096 10031
  1097 10031
  1098 10031
  1099 10031
  1100 10031
  1101 10031
  1102 10031
  1103 10031
  1104 10031
  1105 10031
  1106 10031
  1107 10031
  1108 10031
  1109 10031
  1110 10031
  1111 10031
  1112 10031
  1113 10031
  1114 10031
  1115 10031
  1116 10031
  1117 10031
  1118 10031
  1119 10031
  1120 10031
  1121 10031
  1122 10031
  1123 10031
  1124 10031
  1125 10031
  1126 10031
  1127 10031
  1128 10031
  1129 10031
  1130 10031
  1131 10031
  1132 10031
  1133 10031
  1134 10031
  1135 10031
  1136 10031
  1137 10031
  1138 10031
  1139 10031
  1140 10031
  1141 10031
  1142 10031
  1143 10031
  1144 10031
  1145 10031
  1146 10031
  1147 10031
  1148 10031
  1149 10031
  1150 10031
  1151 10031
  1152 10031
  1153 10031
  1154 10031
  1155 10031
  1156 10031
  1157 10031
  1158 10031
  1159 10031
  1160 10031
  1161 10031
  1162 10031
  1163 10031
  1164 10031
  1165 10031
  1166 10031
  1167 10031
  1168 10031
  1169 10031
  1170 10031
  1171 10031
  1172 10031
  1173 10031
  1174 10031
  1175 10031
  1176 10031
  1177 10031
  1178 10031
  1179 10031
  1180 10031
  1181 10031
  1182 10031
  1183 10031
  1184 10031
  1185 10031
  1186 10031
  1187 10031
  1188 10031
  1189 10031
  1190 10031
  1191 10031
  1192 10031
  1193 10031
  1194 10031
  1195 10031
  1196 10031
  1197 10031
  1198 10031
  1199 10031
  1200 10031
  1201 10031
  1202 10031
  1203 10031
  1204 10031
  1205 10031
  1206 10031
  1207 10031
  1208 10031
  1209 10031
  1210 10031
  1211 10031
  1212 10031
  1213 10031
  1214 10031
  1215 10031
  1216 10031
  1217 10031
  1218 10031
  1219 10031
  1220 10031
  1221 10031
  1222 10031
  1223 10031
  1224 10031
  1225 10031
  1226 10031
  1227 10031
  1228 10031
  1229 10031
  1230 10031
  1231 10031
  1232 10031
  1233 10031
  1234 10031
  1235 10031
  1236 10031
  1237 10031
  1238 10031
  1239 10031
  1240 10031
  1241 10031
  1242 10031
  1243 10031
  1244 10031
  1245 10031
  1246 10031
  1247 10031
  1248 10031
  1249 10031
  1250 10031
  1251 10031
  1252 10031
  1253 10031
  1254 10031
  1255 10031
  1256 10031
  1257 10031
  1258 10154
  1259 10154
  1260 10143
  1261 10143
  1262 10143
  1263 10007
  1264 10007
  1265 10007
  1266 10075
  1267 10075
  1268 10075
  1269 10075
  1270 10075
  1271 10075
  1272 10075
  1273 10075
  1274 10075
  1275 10075
  1276 10075
  1277 10075
  1278 10075
  1279 10075
  1280 10075
  1281 10075
  1282 10075
  1283 10075
  1284 10075
  1285 10075
  1286 10075
  1287 10075
  1288 10075
  1289 10075
  1290 10075
  1291 10075
  1292 10075
  1293 10075
  1294 10075
  1295 10075
  1296 10075
  1297 10075
  1298 10075
  1299 10075
  1300 10075
  1301 10075
  1302 10075
  1303 10075
  1304 10075
  1305 10075
  1306 10075
  1307 10075
  1308 10075
  1309 10075
  1310 10075
  1311 10075
  1312 10075
  1313 10075
  1314 10075
  1315 10075
  1316 10075
  1317 10075
  1318 10075
  1319 10075
  1320 10075
  1321 10075
  1322 10075
  1323 10075
  1324 10075
  1325 10075
  1326 10075
  1327 10075
  1328 10075
  1329 10075
  1330 10075
  1331 10075
  1332 10075
  1333 10075
  1334 10075
  1335 10075
  1336 10075
  1337 10075
  1338 10075
  1339 10075
  1340 10075
  1341 10075
  1342 10075
  1343 10075
  1344 10075
  1345 10075
  1346 10075
  1347 10075
  1348 10075
  1349 10075
  1350 10075
  1351 10075
  1352 10075
  1353 10075
  1354 10075
  1355 10075
  1356 10075
  1357 10075
  1358 10075
  1359 10075
  1360 10075
  1361 10075
  1362 10075
  1363 10075
  1364 10075
  1365 10075
  1366 10075
  1367 10075
  1368 10075
  1369 10075
  1370 10075
  1371 10075
  1372 10075
  1373 10075
  1374 10075
  1375 10075
  1376 10075
  1377 10075
  1378 10075
  1379 10075
  1380 10075
  1381 10075
  1382 10075
  1383 10075
  1384 10075
  1385 10075
  1386 10075
  1387 10075
  1388 10075
  1389 10075
  1390 10075
  1391 10075
  1392 10075
  1393 10075
  1394 10075
  1395 10075
  1396 10075
  1397 10075
  1398 10075
  1399 10075
  1400 10075
  1401 10075
  1402 10075
  1403 10075
  1404 10075
  1405 10075
  1406 10075
  1407 10075
  1408 10075
  1409 10075
  1410 10075
  1411 10075
  1412 10075
  1413 10075
  1414 10075
  1415 10075
  1416 10075
  1417 10075
  1418 10075
  1419 10075
  1420 10075
  1421 10075
  1422 10075
  1423 10075
  1424 10075
  1425 10075
  1426 10075
  1427 10075
  1428 10075
  1429 10075
  1430 10075
  1431 10075
  1432 10075
  1433 10075
  1434 10075
  1435 10075
  1436 10075
  1437 10075
  1438 10075
  1439 10075
  1440 10075
  1441 10075
  1442 10075
  1443 10075
  1444 10075
  1445 10075
  1446 10075
  1447 10075
  1448 10075
  1449 10075
  1450 10075
  1451 10075
  1452 10075
  1453 10075
  1454 10075
  1455 10075
  1456 10075
  1457 10075
  1458 10075
  1459 10075
  1460 10075
  1461 10075
  1462 10075
  1463 10075
  1464 10075
  1465 10075
  1466 10075
  1467 10075
  1468 10075
  1469 10075
  1470 10075
  1471 10075
  1472 10075
  1473 10075
  1474 10075
  1475 10075
  1476 10075
  1477 10075
  1478 10075
  1479 10075
  1480 10075
  1481 10075
  1482 10075
  1483 10075
  1484 10075
  1485 10075
  1486 10075
  1487 10075
  1488 10075
  1489 10075
  1490 10075
  1491 10075
  1492 10075
  1493 10075
  1494 10075
  1495 10075
  1496 10075
  1497 10075
  1498 10075
  1499 10075
  1500 10075
  1501 10018
  1502 10018
  1503 10018
  1504 10018
  1505 10018
  1506 10158
  1507 10158
  1508 10158
  1509 10158
  1510 10158
  1511 10158
  1512 10140
  1513 10055
  1514 10158
  1515 10023
  1516 10023
  1517 10158
  1518 10140
  1519 10055
  1520 10055
  1521 10055
  1522 10055
  1523 10055
  1524 10055
  1525 10055
  1526 10055
  1527 10055
  1528 10055
  1529 10055
  1530 10055
  1531 10055
  1532 10055
  1533 10055
  1534 10055
  1535 10055
  1536 10018
  1537 10018
  1538 10055
  1539 10055
  1544 10055
  1551 10055
  1552 10055
  1553 10055
  1559 10055
  1560 10055
  1561 10055
  1562 10055
  1585 10098
  1586 10021
  1587 10004
  1588 10055
  1590 10036
  1591 10016
  1592 10143
  1593 10143
  1594 10016
  1595 10016
  1596 10016
  1597 10016
  1598 10016
  1599 10016
  1600 10016
  1601 10016
  1602 10016
  1603 10016
  1604 10016
  1605 10016
  1606 10016
  1607 10016
  1608 10016
  1609 10016
  1610 10016
  1611 10016
  1612 10016
  1613 10016
  1614 10016
  1615 10016
  1616 10016
  1617 10016
  1618 10016
  1619 10016
  1620 10074
  1621 10016
  1622 10154
  1623 10123
  1625 10123
  1856 10021
  1857 10082
  1858 10082
  1862 10100
  1863 10100
  1864 10100
  1865 10100
  1866 10100
  1867 10100
  1868 10100
  1869 10100
  1870 10100
  1871 10100
  1872 10100
  1873 10100
  1874 10100
  1875 10100
  1876 10100
  1877 10100
  1878 10100
  1879 10100
  1880 10100
  1881 10100
  1882 10100
  1883 10100
  1884 10100
  1885 10100
  1886 10100
  1887 10100
  1888 10100
  1889 10100
  1890 10100
  1891 10100
  1892 10100
  1893 10100
  1894 10100
  1895 10100
  1896 10100
  1897 10100
  1898 10100
  1899 10100
  1900 10100
  1901 10100
  1902 10100
  1903 10100
  1904 10100
  1905 10100
  1906 10100
  1907 10100
  1908 10100
  1909 10100
  1910 10100
  1911 10100
  1912 10100
  1913 10100
  1914 10100
  1915 10100
  1916 10100
  1917 10100
  1918 10100
  1919 10100
  1920 10100
  1921 10100
  1922 10100
  1923 10100
  1924 10100
  1925 10100
  1926 10100
  1927 10100
  1928 10100
  1929 10100
  1930 10100
  1931 10100
  1932 10100
  1933 10100
  1934 10100
  1935 10100
  1936 10100
  1937 10100
  1938 10100
  1939 10100
  1940 10100
  1941 10100
  1942 10100
  1943 10100
  1944 10100
  1945 10100
  1946 10100
  1947 10100
  1948 10100
  1949 10100
  1950 10100
  1951 10100
  1952 10100
  1953 10100
  1954 10100
  1955 10100
  1956 10100
  1957 10100
  1958 10100
  1959 10100
  1960 10100
  1961 10100
  1962 10100
  1963 10100
  1964 10100
  1965 10100
  1966 10100
  1967 10100
  1968 10100
  1969 10100
  1970 10100
  1971 10100
  1972 10100
  1973 10100
  1974 10100
  1975 10100
  1976 10100
  1977 10100
  1978 10100
  1979 10100
  1980 10100
  1981 10100
  1982 10100
  1983 10100
  1984 10100
  1985 10100
  1986 10100
  1987 10100
  1988 10100
  1989 10100
  1990 10100
  1991 10100
  1992 10100
  1993 10100
  1994 10100
  1995 10100
  1996 10100
  1997 10100
  1998 10100
  1999 10100
  2000 10100
  2001 10100
  2002 10100
  2003 10100
  2004 10100
  2005 10100
  2006 10100
  2007 10100
  2008 10100
  2009 10100
  2010 10100
  2011 10100
  2012 10100
  2013 10100
  2014 10100
  2015 10100
  2016 10100
  2017 10100
  2018 10100
  2019 10100
  2020 10100
  2021 10061
  2022 10061
  2023 10061
  2027 10031
  2028 10031
  2029 10031
  2030 10031
  2031 10031
