   690 10059
   691 10059
   692 10059
   693 10059
   694 10059
   695 10059
   696 10059
   697 10059
   698 10059
   699 10059
   700 10059
   701 10059
   702 10059
   703 10059
   704 10059
   705 10059
   706 10059
   707 10059
   708 10059
   709 10059
   710 10059
   711 10059
   712 10059
   713 10059
   714 10059
   715 10059
   716 10059
   717 10059
   718 10059
   719 10059
   720 10059
   721 10059
   722 10059
   723 10059
   724 10059
   725 10059
   726 10059
   727 10059
   728 10059
   729 10059
   730 10059
   731 10059
   732 10059
   733 10059
   734 10059
   735 10059
   736 10059
   737 10059
   738 10059
   739 10059
   740 10059
   741 10059
   742 10059
   743 10059
   744 10059
   745 10059
   746 10059
   747 10059
   748 10059
   749 10059
   750 10059
   751 10059
   752 10059
   753 10059
   754 10059
   755 10059
   756 10059
   757 10059
   758 10059
   759 10059
   760 10059
   761 10059
   762 10059
   763 10059
   764 10059
   765 10059
   766 10059
   767 10059
   768 10059
   769 10059
   770 10059
   771 10059
   772 10059
   773 10059
   774 10059
   775 10059
   776 10059
   777 10059
   778 10059
   779 10059
   780 10059
   781 10143
   782 10143
   783 10143
   784 10015
   785 10015
   786 10015
   787 10153
   788 10153
   789 10153
   790 10153
   791 10153
   792 10153
   793 10153
   794 10153
   795 10153
   796 10153
   797 10153
   798 10153
   799 10153
   800 10153
   801 10153
   802 10153
   803 10153
   804 10153
   805 10153
   806 10153
   807 10153
   808 10153
   809 10153
   810 10153
   811 10153
   812 10153
   813 10153
   814 10153
   815 10153
   816 10153
   817 10153
   818 10153
   819 10153
   820 10153
   821 10153
   822 10153
   823 10153
   824 10153
   825 10153
   826 10153
   827 10153
   828 10153
   829 10153
   830 10153
   831 10153
   832 10153
   833 10153
   834 10153
   835 10153
   836 10153
   837 10153
   838 10153
   839 10153
   840 10153
   841 10153
   842 10153
   843 10153
   844 10153
   845 10153
   846 10153
   847 10153
   848 10153
   849 10153
   850 10153
   851 10153
   852 10153
   853 10153
   854 10153
   855 10153
   856 10153
   857 10153
   858 10153
   859 10153
   860 10153
   861 10153
   862 10153
   863 10153
   864 10153
   865 10153
   866 10153
   867 10153
   868 10153
   869 10153
   870 10153
   871 10153
   872 10153
   873 10153
   874 10153
   875 10153
   876 10153
   877 10153
   878 10153
   879 10153
   880 10153
   881 10153
   882 10153
   883 10153
   884 10153
   885 10153
   886 10153
   887 10153
   888 10153
   889 10153
   890 10153
   891 10153
   892 10153
   893 10153
   894 10153
   895 10153
   896 10153
   897 10153
   898 10153
   899 10153
   900 10153
   901 10153
   902 10153
   903 10153
   904 10153
   905 10153
   906 10153
   907 10153
   908 10153
   909 10153
   910 10153
   911 10153
   912 10153
   913 10153
   914 10153
   915 10153
   916 10153
   917 10153
   918 10153
   919 10153
   920 10153
   921 10153
   922 10153
   923 10153
   924 10153
   925 10153
   926 10153
   927 10153
   928 10153
   929 10153
   930 10153
   931 10153
   932 10153
   933 10153
   934 10153
   935 10153
   936 10153
   937 10153
   938 10153
   939 10153
   940 10153
   941 10153
   942 10153
   943 10153
   944 10153
   945 10153
   946 10153
   947 10153
   948 10153
   949 10153
   950 10153
   951 10153
   952 10153
   953 10153
   954 10153
   955 10153
   956 10153
   957 10153
   958 10153
   959 10153
   960 10153
   961 10153
   962 10153
   963 10153
   964 10153
   965 10153
   966 10153
   967 10153
   968 10153
   969 10153
   970 10153
   971 10153
   972 10153
   973 10153
   974 10153
   975 10153
   976 10153
   977 10153
   978 10153
   979 10153
   980 10153
   981 10153
   982 10153
   983 10153
   984 10153
   985 10153
   986 10153
   987 10153
   988 10153
   989 10153
   990 10153
   991 10153
   992 10153
   993 10153
   994 10153
   995 10153
   996 10153
   997 10153
   998 10153
   999 10153
  1000 10153
  1001 10153
  1002 10153
  1003 10153
  1004 10153
  1005 10153
  1006 10153
  1007 10153
  1008 10153
  1009 10153
  1010 10153
  1011 10153
  1012 10153
  1013 10153
  1014 10153
  1015 10153
  1016 10153
  1017 10153
  1018 10153
  1019 10153
  1020 10153
  1021 10153
  1022 10153
  1031 10041
  1032 10041
  1033 10041
  1034 10041
  1035 10041
  1036 10041
  1037 10041
  1038 10041
  1039 10041
  1040 10041
  1041 10041
  1042 10041
  1043 10041
  1044 10041
  1045 10041
  1046 10041
  1047 10041
  1048 10041
  1049 10041
  1050 10041
  1051 10041
  1052 10041
  1053 10041
  1054 10041
  1055 10041
  1056 10041
  1057 10041
  1058 10041
  1059 10041
  1060 10041
  1061 10041
  1062 10041
  1063 10041
  1064 10041
  1065 10041
  1066 10041
  1067 10041
  1068 10041
  1069 10041
  1070 10041
  1071 10041
  1072 10041
  1073 10041
  1074 10041
  1075 10041
  1076 10041
  1077 10041
  1078 10041
  1079 10041
  1080 10041
  1081 10041
  1082 10041
  1083 10041
  1084 10041
  1085 10041
  1086 10041
  1087 10041
  1088 10041
  1089 10041
  1090 10041
  1091 10041
  1092 10041
  1093 10041
  1094 10041
  1095 10041
  1096 10041
  1097 10041
  1098 10041
  1099 10041
  1100 10041
  1101 10041
  1102 10041
  1103 10041
  1104 10041
  1105 10041
  1106 10041
  1107 10041
  1108 10041
  1109 10041
  1110 10041
  1111 10041
  1112 10041
  1113 10041
  1114 10041
  1115 10041
  1116 10041
  1117 10041
  1118 10041
  1119 10041
  1120 10041
  1121 10041
  1122 10041
  1123 10041
  1124 10041
  1125 10041
  1126 10041
  1127 10041
  1128 10041
  1129 10041
  1130 10041
  1131 10041
  1132 10041
  1133 10041
  1134 10041
  1135 10041
  1136 10041
  1137 10041
  1138 10041
  1139 10041
  1140 10041
  1141 10041
  1142 10041
  1143 10041
  1144 10041
  1145 10041
  1146 10041
  1147 10041
  1148 10041
  1149 10041
  1150 10041
  1151 10041
  1152 10041
  1153 10041
  1154 10041
  1155 10041
  1156 10041
  1157 10041
  1158 10041
  1159 10041
  1160 10041
  1161 10041
  1162 10041
  1163 10041
  1164 10041
  1165 10041
  1166 10041
  1167 10041
  1168 10041
  1169 10041
  1170 10041
  1171 10041
  1172 10041
  1173 10041
  1174 10041
  1175 10041
  1176 10041
  1177 10041
  1178 10041
  1179 10041
  1180 10041
  1181 10041
  1182 10041
  1183 10041
  1184 10041
  1185 10041
  1186 10041
  1187 10041
  1188 10041
  1189 10041
  1190 10041
  1191 10041
  1192 10041
  1193 10041
  1194 10041
  1195 10041
  1196 10041
  1197 10041
  1198 10041
  1199 10041
  1200 10041
  1201 10041
  1202 10041
  1203 10041
  1204 10041
  1205 10041
  1206 10041
  1207 10041
  1208 10041
  1209 10041
  1210 10041
  1211 10041
  1212 10041
  1213 10041
  1214 10041
  1215 10041
  1216 10041
  1217 10041
  1218 10041
  1219 10041
  1220 10041
  1221 10041
  1222 10041
  1223 10041
  1224 10041
  1225 10041
  1226 10041
  1227 10041
  1228 10041
  1229 10041
  1230 10041
  1231 10041
  1232 10041
  1233 10041
  1234 10041
  1235 10041
  1236 10041
  1237 10041
  1238 10041
  1239 10041
  1240 10041
  1241 10041
  1242 10041
  1243 10041
  1244 10041
  1245 10041
  1246 10041
  1247 10041
  1248 10041
  1249 10041
  1250 10041
  1251 10041
  1252 10041
  1253 10041
  1254 10041
  1255 10041
  1256 10041
  1257 10041
  1258 10041
  1259 10041
  1260 10041
  1261 10028
  1262 10028
  1265 10048
  1271 10112
  1272 10112
  1273 10112
  1274 10112
  1275 10112
  1276 10112
  1277 10112
  1278 10112
  1279 10112
  1280 10112
  1281 10112
  1282 10112
  1283 10112
  1284 10112
  1285 10112
  1286 10112
  1287 10112
  1288 10112
  1289 10112
  1290 10112
  1291 10112
  1292 10112
  1293 10112
  1294 10112
  1295 10112
  1296 10112
  1297 10112
  1298 10112
  1299 10112
  1300 10112
  1301 10112
  1302 10112
  1303 10112
  1304 10112
  1305 10112
  1306 10112
  1307 10112
  1308 10112
  1309 10112
  1310 10112
  1311 10112
  1312 10112
  1313 10112
  1314 10112
  1315 10112
  1316 10112
  1317 10112
  1318 10112
  1319 10112
  1320 10112
  1321 10112
  1322 10112
  1323 10112
  1324 10112
  1325 10112
  1326 10112
  1327 10112
  1328 10112
  1329 10112
  1330 10112
  1331 10112
  1332 10112
  1333 10112
  1334 10112
  1335 10112
  1336 10112
  1337 10112
  1338 10112
  1339 10112
  1340 10112
  1341 10112
  1342 10112
  1343 10112
  1344 10112
  1345 10112
  1346 10112
  1347 10112
  1348 10112
  1349 10112
  1350 10112
  1351 10112
  1352 10112
  1353 10112
  1354 10112
  1355 10112
  1356 10112
  1357 10112
  1358 10112
  1359 10112
  1360 10112
  1361 10112
  1362 10112
  1363 10112
  1364 10112
  1365 10112
  1366 10112
  1367 10112
  1368 10112
  1369 10112
  1370 10112
  1371 10112
  1372 10112
  1373 10112
  1374 10112
  1375 10112
  1376 10112
  1377 10112
  1378 10112
  1379 10112
  1380 10112
  1381 10112
  1382 10112
  1383 10112
  1384 10112
  1385 10112
  1386 10112
  1387 10112
  1388 10112
  1389 10112
  1390 10112
  1391 10112
  1392 10112
  1393 10112
  1394 10112
  1395 10112
  1396 10112
  1397 10112
  1398 10112
  1399 10112
  1400 10112
  1401 10112
  1402 10112
  1403 10112
  1404 10112
  1405 10112
  1406 10112
  1407 10112
  1408 10112
  1409 10112
  1410 10112
  1411 10112
  1412 10112
  1413 10112
  1414 10112
  1415 10112
  1416 10112
  1417 10112
  1418 10112
  1419 10112
  1420 10112
  1421 10112
  1422 10112
  1423 10112
  1424 10112
  1425 10112
  1426 10112
  1427 10112
  1428 10112
  1429 10112
  1430 10112
  1431 10112
  1432 10112
  1433 10112
  1434 10112
  1435 10112
  1436 10112
  1437 10112
  1438 10112
  1439 10112
  1440 10112
  1441 10112
  1442 10112
  1443 10112
  1444 10112
  1445 10112
  1446 10112
  1447 10112
  1448 10112
  1449 10112
  1450 10112
  1451 10112
  1452 10112
  1453 10112
  1454 10112
  1455 10112
  1456 10112
  1457 10112
  1458 10112
  1459 10112
  1460 10112
  1461 10112
  1462 10112
  1463 10112
  1464 10112
  1465 10112
  1466 10112
  1467 10112
  1468 10112
  1469 10112
  1470 10112
  1471 10112
  1472 10112
  1473 10112
  1474 10112
  1475 10112
  1476 10112
  1477 10112
  1478 10112
  1479 10112
  1480 10112
  1481 10112
  1482 10112
  1483 10112
  1484 10112
  1485 10112
  1486 10112
  1487 10112
  1488 10112
  1489 10112
  1490 10112
  1491 10112
  1492 10112
  1493 10112
  1494 10112
  1495 10112
  1496 10112
  1497 10112
  1498 10112
  1499 10112
  1500 10112
  1502 10055
  1503 10055
  1504 10055
  1505 10098
  1506 10018
  1507 10018
  1508 10018
  1509 10158
  1510 10018
  1511 10158
  1512 10158
  1513 10158
  1514 10158
  1515 10158
  1516 10158
  1517 10158
  1518 10158
  1519 10158
  1520 10158
  1521 10158
  1522 10158
  1523 10158
  1524 10158
  1525 10158
  1526 10158
  1527 10158
  1528 10018
  1529 10055
  1530 10055
  1531 10018
  1532 10018
  1533 10018
  1534 10018
  1535 10055
  1536 10158
  1537 10158
  1538 10158
  1539 10158
  1540 10158
  1541 10018
  1542 10018
  1543 10018
  1544 10018
  1545 10055
  1546 10055
  1547 10055
  1549 10055
  1550 10016
  1551 10016
  1552 10016
  1553 10016
  1554 10016
  1555 10016
  1556 10016
  1557 10016
  1558 10016
  1559 10016
  1560 10016
  1561 10016
  1562 10016
  1563 10016
  1564 10016
  1565 10016
  1566 10016
