   690 10146
   691 10146
   692 10146
   693 10146
   694 10146
   695 10146
   696 10146
   697 10146
   698 10146
   699 10146
   700 10146
   701 10146
   702 10146
   703 10146
   704 10146
   705 10146
   706 10146
   707 10146
   708 10146
   709 10146
   710 10146
   711 10146
   712 10146
   713 10146
   714 10146
   715 10146
   716 10146
   717 10146
   718 10146
   719 10146
   720 10146
   721 10146
   722 10146
   723 10146
   724 10146
   725 10146
   726 10146
   727 10146
   728 10146
   729 10146
   730 10146
   731 10146
   732 10146
   733 10146
   734 10146
   735 10146
   736 10146
   737 10146
   738 10146
   739 10146
   740 10146
   741 10146
   742 10146
   743 10146
   744 10146
   745 10146
   746 10146
   747 10146
   748 10146
   749 10146
   750 10146
   751 10146
   752 10146
   753 10146
   754 10146
   755 10146
   756 10146
   757 10146
   758 10146
   759 10146
   760 10146
   761 10146
   762 10146
   763 10146
   764 10146
   765 10146
   766 10146
   767 10146
   768 10146
   769 10146
   770 10146
   771 10146
   772 10146
   773 10146
   774 10146
   775 10146
   776 10146
   777 10146
   778 10146
   779 10146
   780 10146
   785 10072
   786 10022
   787 10022
   788 10022
   789 10022
   790 10022
   791 10022
   792 10022
   793 10022
   794 10022
   795 10022
   796 10022
   797 10022
   798 10022
   799 10022
   800 10022
   801 10022
   802 10022
   803 10022
   804 10022
   805 10022
   806 10022
   807 10022
   808 10022
   809 10022
   810 10022
   811 10022
   812 10022
   813 10022
   814 10022
   815 10022
   816 10022
   817 10022
   818 10022
   819 10022
   820 10022
   821 10022
   822 10022
   823 10022
   824 10022
   825 10022
   826 10022
   827 10022
   828 10022
   829 10022
   830 10022
   831 10022
   832 10022
   833 10022
   834 10022
   835 10022
   836 10022
   837 10022
   838 10022
   839 10022
   840 10022
   841 10022
   842 10022
   843 10022
   844 10022
   845 10022
   846 10022
   847 10022
   848 10022
   849 10022
   850 10022
   851 10022
   852 10022
   853 10022
   854 10022
   855 10022
   856 10022
   857 10022
   858 10022
   859 10022
   860 10022
   861 10022
   862 10022
   863 10022
   864 10022
   865 10022
   866 10022
   867 10022
   868 10022
   869 10022
   870 10022
   871 10022
   872 10022
   873 10022
   874 10022
   875 10022
   876 10022
   877 10022
   878 10022
   879 10022
   880 10022
   881 10022
   882 10022
   883 10022
   884 10022
   885 10022
   886 10022
   887 10022
   888 10022
   889 10022
   890 10022
   891 10022
   892 10022
   893 10022
   894 10022
   895 10022
   896 10022
   897 10022
   898 10022
   899 10022
   900 10022
   901 10022
   902 10022
   903 10022
   904 10022
   905 10022
   906 10022
   907 10022
   908 10022
   909 10022
   910 10022
   911 10022
   912 10022
   913 10022
   914 10022
   915 10022
   916 10022
   917 10022
   918 10022
   919 10022
   920 10022
   921 10022
   922 10022
   923 10022
   924 10022
   925 10022
   926 10022
   927 10022
   928 10022
   929 10022
   930 10022
   931 10022
   932 10022
   933 10022
   934 10022
   935 10022
   936 10022
   937 10022
   938 10022
   939 10022
   940 10022
   941 10022
   942 10022
   943 10022
   944 10022
   945 10022
   946 10022
   947 10022
   948 10022
   949 10022
   950 10022
   951 10022
   952 10022
   953 10022
   954 10022
   955 10022
   956 10022
   957 10022
   958 10022
   959 10022
   960 10022
   961 10022
   962 10022
   963 10022
   964 10022
   965 10022
   966 10022
   967 10022
   968 10022
   969 10022
   970 10022
   971 10022
   972 10022
   973 10022
   974 10022
   975 10022
   976 10022
   977 10022
   978 10022
   979 10022
   980 10022
   981 10022
   982 10022
   983 10022
   984 10022
   985 10022
   986 10022
   987 10022
   988 10022
   989 10022
   990 10022
   991 10022
   992 10022
   993 10022
   994 10022
   995 10022
   996 10022
   997 10022
   998 10022
   999 10022
  1000 10022
  1001 10022
  1002 10022
  1003 10022
  1004 10022
  1005 10022
  1006 10022
  1007 10022
  1008 10022
  1009 10022
  1010 10022
  1011 10022
  1012 10022
  1013 10022
  1014 10022
  1015 10022
  1016 10022
  1017 10022
  1018 10022
  1019 10022
  1020 10022
  1021 10101
  1022 10101
  1023 10101
  1024 10101
  1025 10101
  1026 10101
  1027 10101
  1028 10101
  1029 10101
  1030 10101
  1031 10101
  1032 10101
  1033 10101
  1034 10101
  1035 10101
  1036 10101
  1037 10101
  1038 10101
  1039 10101
  1040 10101
  1041 10101
  1042 10101
  1043 10101
  1044 10101
  1045 10101
  1046 10101
  1047 10101
  1048 10101
  1049 10101
  1050 10101
  1051 10101
  1052 10101
  1053 10101
  1054 10101
  1055 10101
  1056 10101
  1057 10101
  1058 10101
  1059 10101
  1060 10101
  1061 10101
  1062 10101
  1063 10101
  1064 10101
  1065 10101
  1066 10101
  1067 10101
  1068 10101
  1069 10101
  1070 10101
  1071 10101
  1072 10101
  1073 10101
  1074 10101
  1075 10101
  1076 10101
  1077 10101
  1078 10101
  1079 10101
  1080 10101
  1081 10101
  1082 10101
  1083 10101
  1084 10101
  1085 10101
  1086 10101
  1087 10101
  1088 10101
  1089 10101
  1090 10101
  1091 10101
  1092 10101
  1093 10101
  1094 10101
  1095 10101
  1096 10101
  1097 10101
  1098 10101
  1099 10101
  1100 10101
  1101 10101
  1102 10101
  1103 10101
  1104 10101
  1105 10101
  1106 10101
  1107 10101
  1108 10101
  1109 10101
  1110 10101
  1111 10101
  1112 10101
  1113 10101
  1114 10101
  1115 10101
  1116 10101
  1117 10101
  1118 10101
  1119 10101
  1120 10101
  1121 10101
  1122 10101
  1123 10101
  1124 10101
  1125 10101
  1126 10101
  1127 10101
  1128 10101
  1129 10101
  1130 10101
  1131 10101
  1132 10101
  1133 10101
  1134 10101
  1135 10101
  1136 10101
  1137 10101
  1138 10101
  1139 10101
  1140 10101
  1141 10101
  1142 10101
  1143 10101
  1144 10101
  1145 10101
  1146 10101
  1147 10101
  1148 10101
  1149 10101
  1150 10101
  1151 10101
  1152 10101
  1153 10101
  1154 10101
  1155 10101
  1156 10101
  1157 10101
  1158 10101
  1159 10101
  1160 10101
  1161 10101
  1162 10101
  1163 10101
  1164 10101
  1165 10101
  1166 10101
  1167 10101
  1168 10101
  1169 10101
  1170 10101
  1171 10101
  1172 10101
  1173 10101
  1174 10101
  1175 10101
  1176 10101
  1177 10101
  1178 10101
  1179 10101
  1180 10101
  1181 10101
  1182 10101
  1183 10101
  1184 10101
  1185 10101
  1186 10101
  1187 10101
  1188 10101
  1189 10101
  1190 10101
  1191 10101
  1192 10101
  1193 10101
  1194 10101
  1195 10101
  1196 10101
  1197 10101
  1198 10101
  1199 10101
  1200 10101
  1201 10101
  1202 10101
  1203 10101
  1204 10101
  1205 10101
  1206 10101
  1207 10101
  1208 10101
  1209 10101
  1210 10101
  1211 10101
  1212 10101
  1213 10101
  1214 10101
  1215 10101
  1216 10101
  1217 10101
  1218 10101
  1219 10101
  1220 10101
  1221 10101
  1222 10101
  1223 10101
  1224 10101
  1225 10101
  1226 10101
  1227 10101
  1228 10101
  1229 10101
  1230 10101
  1231 10101
  1232 10101
  1233 10101
  1234 10101
  1235 10101
  1236 10101
  1237 10101
  1238 10101
  1239 10101
  1240 10101
  1241 10101
  1242 10101
  1243 10101
  1244 10101
  1245 10101
  1246 10101
  1247 10101
  1248 10101
  1249 10101
  1250 10101
  1251 10101
  1252 10101
  1253 10101
  1254 10101
  1255 10101
  1256 10101
  1257 10101
  1261 10154
  1262 10153
  1263 10153
  1264 10153
  1265 10081
  1266 10081
  1268 10018
  1269 10018
  1270 10018
  1271 10018
  1272 10018
  1273 10055
  1395 10081
  1396 10081
  1397 10081
  1398 10081
  1399 10081
  1400 10081
  1401 10081
  1402 10081
  1403 10081
  1404 10081
  1405 10081
  1406 10081
  1407 10081
  1408 10081
  1409 10081
  1410 10081
  1411 10081
  1412 10081
  1413 10081
  1414 10081
  1415 10081
  1416 10081
  1417 10081
  1418 10081
  1419 10081
  1420 10081
  1421 10081
  1422 10081
  1423 10081
  1424 10081
  1425 10081
  1426 10081
  1427 10081
  1428 10081
  1429 10081
  1430 10081
  1431 10081
  1432 10081
  1433 10081
  1434 10081
  1435 10081
  1436 10081
  1437 10081
  1438 10081
  1439 10081
  1440 10081
  1441 10081
  1442 10081
  1443 10081
  1444 10081
  1445 10081
  1446 10081
  1447 10081
  1448 10081
  1449 10081
  1450 10081
  1451 10081
  1452 10081
  1453 10081
  1454 10081
  1455 10081
  1456 10081
  1457 10081
  1458 10081
  1459 10081
  1460 10081
  1461 10081
  1462 10081
  1463 10081
  1464 10081
  1465 10081
  1466 10081
  1467 10081
  1468 10081
  1469 10081
  1470 10081
  1471 10081
  1472 10081
  1473 10081
  1474 10081
  1475 10081
  1476 10081
  1477 10081
  1478 10081
  1479 10081
  1480 10081
  1481 10081
  1482 10081
  1483 10081
  1484 10081
  1485 10081
  1486 10081
  1487 10081
  1488 10081
  1489 10081
  1490 10081
  1491 10081
  1492 10081
  1494 10134
  1495 10134
  1496 10134
  1497 10134
  1498 10106
  1499 10106
  1500 10141
  1501 10141
  1502 10101
  1503 10141
  1504 10141
  1505 10141
  1506 10141
  1507 10141
  1512 10018
  1513 10018
  1514 10018
  1515 10018
  1516 10018
  1517 10023
  1518 10023
  1519 10023
  1520 10023
  1521 10040
  1522 10040
  1523 10040
  1524 10040
  1525 10040
  1526 10040
  1527 10040
  1528 10040
  1529 10040
  1530 10040
  1531 10040
  1532 10040
  1533 10040
  1547 10040
  1548 10040
  1549 10040
  1550 10040
  1554 10040
  1555 10040
  1556 10040
  1557 10040
  1558 10040
  1559 10040
  1560 10040
  1561 10040
  1562 10040
  1568 10040
  1584 10040
  1585 10040
  1590 10040
  1591 10040
  1592 10040
  1593 10040
  1594 10040
  1595 10040
  1596 10040
  1597 10040
  1599 10055
  1600 10055
  1601 10055
  1603 10134
  1605 10141
  1606 10141
  1607 10141
  1608 10141
  1609 10141
  1622 10041
  1623 10041
  1643 10069
  1667 10152
  1668 10152
  1669 10152
  1850 10028
  1866 10007
  1868 10131
  1869 10131
  1870 10131
  1871 10131
  1872 10131
  1873 10131
  1874 10131
  1875 10131
  1876 10131
  1877 10131
  1878 10131
  1879 10131
  1880 10131
  1881 10131
  1882 10131
  1883 10131
  1884 10131
  1885 10131
  1886 10131
  1887 10131
  1888 10131
  1889 10131
  1890 10131
  1891 10131
  1892 10131
  1893 10131
  1894 10131
  1895 10131
  1896 10131
  1897 10131
  1898 10131
  1899 10131
  1900 10131
  1901 10131
  1902 10131
  1903 10131
  1904 10131
  1905 10131
  1906 10131
  1907 10131
  1908 10131
  1909 10131
  1910 10131
  1911 10131
  1912 10131
  1913 10131
  1914 10131
  1915 10131
  1916 10131
  1917 10131
  1918 10131
  1919 10131
  1920 10131
  1921 10131
  1922 10131
  1923 10131
  1924 10131
  1925 10131
  1926 10131
  1927 10131
  1928 10131
  1929 10131
  1930 10131
  1931 10131
  1932 10131
  1933 10131
  1934 10131
  1935 10131
  1936 10131
  1937 10131
  1938 10131
  1939 10131
  1940 10131
  1941 10131
  1942 10131
  1943 10131
  1944 10131
  1945 10131
  1946 10131
  1947 10131
  1948 10131
  1949 10131
  1950 10131
  1951 10131
  1952 10131
  1953 10131
  1954 10131
  1955 10131
  1956 10131
  1957 10131
  1958 10131
  1959 10131
  1960 10131
  1961 10131
  1962 10131
  1963 10131
  1964 10131
  1965 10131
  1966 10131
  1967 10131
  1968 10131
  1969 10131
  1970 10131
  1971 10131
  1972 10131
  1973 10131
  1974 10131
  1975 10131
  1976 10131
  1977 10131
  1978 10131
  1979 10131
  1980 10131
  1981 10131
  1982 10131
  1983 10131
  1984 10131
  1985 10131
  1986 10131
  1987 10131
  1988 10131
  1989 10131
  1990 10131
  1991 10131
  1992 10131
  1993 10131
  1994 10131
  1995 10131
  1996 10131
  1997 10131
  1998 10131
  1999 10131
  2000 10131
  2001 10131
  2002 10131
  2003 10131
  2004 10131
  2005 10131
  2006 10131
  2007 10131
  2008 10131
  2009 10131
  2010 10131
  2011 10131
  2012 10131
  2013 10131
  2014 10131
  2015 10131
  2016 10131
  2017 10131
  2018 10131
  2019 10131
  2020 10131
  2021 10131
  2022 10131
  2023 10007
  2024 10007
  2025 10007
