   690 10018
   691 10018
   692 10018
   693 10018
   694 10018
   695 10018
   696 10018
   697 10018
   698 10018
   699 10018
   700 10018
   701 10018
   702 10018
   703 10018
   704 10018
   705 10018
   706 10018
   707 10018
   708 10018
   709 10018
   710 10018
   711 10018
   712 10018
   713 10018
   714 10018
   715 10018
   716 10018
   717 10018
   718 10018
   719 10018
   720 10018
   721 10018
   722 10018
   723 10018
   724 10018
   725 10018
   726 10018
   727 10018
   728 10018
   729 10018
   730 10018
   731 10018
   732 10018
   733 10018
   734 10018
   735 10018
   736 10018
   737 10018
   738 10018
   739 10018
   740 10018
   741 10018
   742 10018
   743 10018
   744 10018
   745 10018
   746 10018
   747 10018
   748 10018
   749 10018
   750 10018
   751 10018
   752 10018
   753 10018
   754 10018
   755 10018
   756 10018
   757 10018
   758 10018
   759 10018
   760 10018
   761 10018
   762 10018
   763 10018
   764 10018
   765 10018
   766 10018
   767 10018
   768 10018
   769 10018
   770 10018
   771 10018
   772 10018
   773 10018
   774 10018
   775 10018
   776 10018
   777 10018
   778 10018
   779 10018
   780 10018
   785 10151
   786 10151
   787 10151
   788 10151
   789 10151
   790 10049
   791 10082
   792 10082
   793 10082
   794 10082
   795 10082
   796 10082
   797 10082
   798 10082
   799 10082
   800 10082
   801 10082
   802 10082
   803 10082
   804 10082
   805 10082
   806 10082
   807 10082
   808 10082
   809 10082
   810 10082
   811 10082
   812 10082
   813 10082
   814 10082
   815 10082
   816 10082
   817 10082
   818 10082
   819 10082
   820 10082
   821 10082
   822 10082
   823 10082
   824 10082
   825 10082
   826 10082
   827 10082
   828 10082
   829 10082
   830 10082
   831 10082
   832 10082
   833 10082
   834 10082
   835 10082
   836 10082
   837 10082
   838 10082
   839 10082
   840 10082
   841 10082
   842 10082
   843 10082
   844 10082
   845 10082
   846 10082
   847 10082
   848 10082
   849 10082
   850 10082
   851 10082
   852 10082
   853 10082
   854 10082
   855 10082
   856 10082
   857 10082
   858 10082
   859 10082
   860 10082
   861 10082
   862 10082
   863 10082
   864 10082
   865 10082
   866 10082
   867 10082
   868 10082
   869 10082
   870 10082
   871 10082
   872 10082
   873 10082
   874 10082
   875 10082
   876 10082
   877 10082
   878 10082
   879 10082
   880 10082
   881 10082
   882 10082
   883 10082
   884 10082
   885 10082
   886 10082
   887 10082
   888 10082
   889 10082
   890 10082
   891 10082
   892 10082
   893 10082
   894 10082
   895 10082
   896 10082
   897 10082
   898 10082
   899 10082
   900 10082
   901 10082
   902 10082
   903 10082
   904 10082
   905 10082
   906 10082
   907 10082
   908 10082
   909 10082
   910 10082
   911 10082
   912 10082
   913 10082
   914 10082
   915 10082
   916 10082
   917 10082
   918 10082
   919 10082
   920 10082
   921 10082
   922 10082
   923 10082
   924 10082
   925 10082
   926 10082
   927 10082
   928 10082
   929 10082
   930 10082
   931 10082
   932 10082
   933 10082
   934 10082
   935 10082
   936 10082
   937 10082
   938 10082
   939 10082
   940 10082
   941 10082
   942 10082
   943 10082
   944 10082
   945 10082
   946 10082
   947 10082
   948 10082
   949 10082
   950 10082
   951 10082
   952 10082
   953 10082
   954 10082
   955 10082
   956 10082
   957 10082
   958 10082
   959 10082
   960 10082
   961 10082
   962 10082
   963 10082
   964 10082
   965 10082
   966 10082
   967 10082
   968 10082
   969 10082
   970 10082
   971 10082
   972 10082
   973 10082
   974 10082
   975 10082
   976 10082
   977 10082
   978 10082
   979 10082
   980 10082
   981 10082
   982 10082
   983 10082
   984 10082
   985 10082
   986 10082
   987 10082
   988 10082
   989 10082
   990 10082
   991 10082
   992 10082
   993 10082
   994 10082
   995 10082
   996 10082
   997 10082
   998 10082
   999 10082
  1000 10082
  1001 10082
  1002 10082
  1003 10082
  1004 10082
  1005 10082
  1006 10082
  1007 10082
  1008 10082
  1009 10082
  1010 10082
  1011 10082
  1012 10082
  1013 10082
  1014 10082
  1015 10082
  1016 10082
  1017 10082
  1018 10082
  1019 10082
  1020 10082
  1024 10169
  1025 10169
  1026 10169
  1027 10169
  1028 10169
  1029 10169
  1030 10169
  1031 10169
  1032 10169
  1033 10169
  1034 10169
  1035 10169
  1036 10169
  1037 10169
  1038 10169
  1039 10169
  1040 10169
  1041 10169
  1042 10169
  1043 10169
  1044 10169
  1045 10169
  1046 10169
  1047 10169
  1048 10169
  1049 10169
  1050 10169
  1051 10169
  1052 10169
  1053 10169
  1054 10169
  1055 10169
  1056 10169
  1057 10169
  1058 10169
  1059 10169
  1060 10169
  1061 10169
  1062 10169
  1063 10169
  1064 10169
  1065 10169
  1066 10169
  1067 10169
  1068 10169
  1069 10169
  1070 10169
  1071 10169
  1072 10169
  1073 10169
  1074 10169
  1075 10169
  1076 10169
  1077 10169
  1078 10169
  1079 10169
  1080 10169
  1081 10169
  1082 10169
  1083 10169
  1084 10169
  1085 10169
  1086 10169
  1087 10169
  1088 10169
  1089 10169
  1090 10169
  1091 10169
  1092 10169
  1093 10169
  1094 10169
  1095 10169
  1096 10169
  1097 10169
  1098 10169
  1099 10169
  1100 10169
  1101 10169
  1102 10169
  1103 10169
  1104 10169
  1105 10169
  1106 10169
  1107 10169
  1108 10169
  1109 10169
  1110 10169
  1111 10169
  1112 10169
  1113 10169
  1114 10169
  1115 10169
  1116 10169
  1117 10169
  1118 10169
  1119 10169
  1120 10169
  1121 10169
  1122 10169
  1123 10169
  1124 10169
  1125 10169
  1126 10169
  1127 10169
  1128 10169
  1129 10169
  1130 10169
  1131 10169
  1132 10169
  1133 10169
  1134 10169
  1135 10169
  1136 10169
  1137 10169
  1138 10169
  1139 10169
  1140 10169
  1141 10169
  1142 10169
  1143 10169
  1144 10169
  1145 10169
  1146 10169
  1147 10169
  1148 10169
  1149 10169
  1150 10169
  1151 10169
  1152 10169
  1153 10169
  1154 10169
  1155 10169
  1156 10169
  1157 10169
  1158 10169
  1159 10169
  1160 10169
  1161 10169
  1162 10169
  1163 10169
  1164 10169
  1165 10169
  1166 10169
  1167 10169
  1168 10169
  1169 10169
  1170 10169
  1171 10169
  1172 10169
  1173 10169
  1174 10169
  1175 10169
  1176 10169
  1177 10169
  1178 10169
  1179 10169
  1180 10169
  1181 10169
  1182 10169
  1183 10169
  1184 10169
  1185 10169
  1186 10169
  1187 10169
  1188 10169
  1189 10169
  1190 10169
  1191 10169
  1192 10169
  1193 10169
  1194 10169
  1195 10169
  1196 10169
  1197 10169
  1198 10169
  1199 10169
  1200 10169
  1201 10169
  1202 10169
  1203 10169
  1204 10169
  1205 10169
  1206 10169
  1207 10169
  1208 10169
  1209 10169
  1210 10169
  1211 10169
  1212 10169
  1213 10169
  1214 10169
  1215 10169
  1216 10169
  1217 10169
  1218 10169
  1219 10169
  1220 10169
  1221 10169
  1222 10169
  1223 10169
  1224 10169
  1225 10169
  1226 10169
  1227 10169
  1228 10169
  1229 10169
  1230 10169
  1231 10169
  1232 10169
  1233 10169
  1234 10169
  1235 10169
  1236 10169
  1237 10169
  1238 10169
  1239 10169
  1240 10169
  1241 10169
  1242 10169
  1243 10169
  1244 10169
  1245 10169
  1246 10169
  1247 10169
  1248 10169
  1249 10169
  1250 10169
  1251 10169
  1252 10169
  1253 10169
  1254 10169
  1255 10169
  1256 10169
  1257 10169
  1258 10169
  1259 10169
  1260 10101
  1266 10081
  1267 10081
  1268 10081
  1269 10081
  1270 10081
  1271 10081
  1272 10081
  1273 10081
  1274 10081
  1395 10081
  1396 10081
  1397 10081
  1398 10081
  1399 10081
  1400 10081
  1401 10081
  1402 10081
  1403 10081
  1404 10081
  1405 10081
  1406 10081
  1407 10081
  1408 10081
  1409 10081
  1410 10081
  1411 10081
  1412 10081
  1413 10081
  1414 10081
  1415 10081
  1416 10081
  1417 10081
  1418 10081
  1419 10081
  1420 10081
  1421 10081
  1422 10081
  1423 10081
  1424 10081
  1425 10081
  1426 10081
  1427 10081
  1428 10081
  1429 10081
  1430 10081
  1431 10081
  1432 10081
  1433 10081
  1434 10081
  1435 10081
  1436 10081
  1437 10081
  1438 10081
  1439 10081
  1440 10081
  1441 10081
  1442 10081
  1443 10081
  1444 10081
  1445 10081
  1446 10081
  1447 10081
  1448 10081
  1449 10081
  1450 10081
  1451 10081
  1452 10081
  1453 10081
  1454 10081
  1455 10081
  1456 10081
  1457 10081
  1458 10081
  1459 10081
  1460 10081
  1461 10081
  1462 10081
  1463 10081
  1464 10081
  1465 10081
  1466 10081
  1467 10081
  1468 10081
  1469 10081
  1470 10081
  1471 10081
  1472 10081
  1473 10081
  1474 10081
  1475 10081
  1476 10081
  1477 10081
  1478 10081
  1479 10081
  1480 10081
  1481 10081
  1482 10081
  1483 10081
  1484 10081
  1485 10081
  1486 10081
  1487 10081
  1488 10081
  1489 10081
  1490 10081
  1491 10018
  1492 10098
  1493 10018
  1494 10098
  1495 10018
  1496 10018
  1497 10018
  1498 10018
  1499 10018
  1500 10055
  1501 10055
  1503 10106
  1510 10023
  1511 10023
  1512 10023
  1513 10023
  1514 10023
  1534 10036
  1535 10036
  1536 10036
  1537 10036
  1538 10036
  1539 10016
  1540 10036
  1541 10036
  1542 10036
  1543 10036
  1547 10055
  1548 10055
  1549 10055
  1550 10018
  1551 10018
  1552 10018
  1553 10055
  1554 10055
  1555 10018
  1556 10055
  1557 10055
  1572 10028
  1575 10028
  1597 10152
  1599 10152
  1609 10042
  1620 10083
  1621 10083
  1622 10083
  1623 10083
  1624 10083
  1625 10083
  1626 10083
  1627 10083
  1628 10083
  1629 10083
  1630 10083
  1631 10083
  1632 10083
  1633 10083
  1634 10083
  1635 10083
  1636 10083
  1637 10083
  1638 10083
  1639 10083
  1640 10083
  1641 10083
  1642 10083
  1643 10083
  1644 10083
  1645 10083
  1646 10083
  1647 10083
  1648 10083
  1649 10083
  1650 10083
  1651 10083
  1652 10083
  1653 10083
  1654 10083
  1655 10083
  1656 10083
  1657 10083
  1658 10083
  1659 10083
  1660 10083
  1661 10083
  1662 10083
  1663 10083
  1664 10083
  1665 10083
  1666 10083
  1667 10083
  1668 10083
  1669 10083
  1670 10083
  1671 10083
  1672 10083
  1673 10083
  1674 10083
  1675 10083
  1676 10083
  1677 10083
  1678 10083
  1679 10083
  1680 10083
  1681 10083
  1682 10083
  1683 10083
  1684 10083
  1685 10083
  1686 10083
  1687 10083
  1688 10083
  1689 10083
  1690 10083
  1691 10083
  1692 10083
  1693 10083
  1694 10083
  1695 10083
  1696 10083
  1697 10083
  1698 10083
  1699 10083
  1700 10083
  1701 10083
  1702 10083
  1703 10083
  1704 10083
  1705 10083
  1706 10083
  1707 10083
  1708 10083
  1709 10083
  1710 10083
  1711 10083
  1712 10083
  1713 10083
  1714 10083
  1715 10083
  1716 10083
  1717 10083
  1718 10083
  1719 10083
  1720 10083
  1721 10083
  1722 10083
  1723 10083
  1724 10083
  1725 10083
  1726 10083
  1727 10083
  1728 10083
  1729 10083
  1730 10083
  1731 10083
  1732 10083
  1733 10083
  1734 10083
  1735 10083
  1736 10083
  1737 10083
  1738 10083
  1739 10083
  1740 10083
  1741 10083
  1742 10083
  1743 10083
  1744 10083
  1745 10083
  1746 10083
  1747 10083
  1748 10083
  1749 10083
  1750 10083
  1751 10083
  1752 10083
  1753 10083
  1754 10083
  1755 10083
  1756 10083
  1757 10083
  1758 10083
  1759 10083
  1760 10083
  1761 10083
  1762 10083
  1763 10083
  1764 10083
  1765 10083
  1766 10083
  1767 10083
  1768 10083
  1769 10083
  1770 10083
  1771 10083
  1772 10083
  1773 10083
  1774 10083
  1775 10083
  1776 10083
  1777 10083
  1778 10083
  1779 10083
  1780 10083
  1781 10083
  1782 10083
  1783 10083
  1784 10083
  1785 10083
  1786 10083
  1787 10083
  1788 10083
  1789 10083
  1790 10083
  1791 10083
  1792 10083
  1793 10083
  1794 10083
  1795 10083
  1796 10083
  1797 10083
  1798 10083
  1799 10083
  1800 10083
  1801 10083
  1802 10083
  1803 10083
  1804 10083
  1805 10083
  1806 10083
  1807 10083
  1808 10083
  1809 10083
  1810 10083
  1811 10083
  1812 10083
  1813 10083
  1814 10083
  1815 10083
  1816 10083
  1817 10083
  1818 10083
  1819 10083
  1820 10083
  1821 10083
  1822 10083
  1823 10083
  1824 10083
  1825 10083
  1826 10083
  1827 10083
  1828 10083
  1829 10083
  1830 10083
  1831 10083
  1832 10083
  1833 10083
  1834 10083
  1835 10083
  1836 10083
  1837 10083
  1838 10083
  1839 10083
  1840 10083
  1841 10083
  1842 10083
  1843 10083
  1844 10083
  1845 10083
  1846 10083
  1847 10083
  1848 10083
  1849 10083
  1850 10083
  1851 10083
  1852 10083
  1853 10083
  1854 10083
  1855 10083
  1856 10083
  1857 10083
  1867 10080
  1868 10080
  1869 10080
  1870 10152
  1871 10152
  1872 10152
  1873 10152
  1874 10152
  1875 10152
  1876 10152
  1877 10152
  1878 10152
  1879 10152
  1880 10152
  1881 10152
  1882 10152
  1883 10152
  1884 10152
  1885 10152
  1886 10152
  1887 10152
  1888 10152
  1889 10152
  1890 10152
  1891 10152
  1892 10152
  1893 10152
  1894 10152
  1895 10152
  1896 10152
  1897 10152
  1898 10152
  1899 10152
  1900 10152
  1901 10152
  1902 10152
  1903 10152
  1904 10152
  1905 10152
  1906 10152
  1907 10152
  1908 10152
  1909 10152
  1910 10152
  1911 10152
  1912 10152
  1913 10152
  1914 10152
  1915 10152
  1916 10152
  1917 10152
  1918 10152
  1919 10152
  1920 10152
  1921 10152
  1922 10152
  1923 10152
  1924 10152
  1925 10152
  1926 10152
  1927 10152
  1928 10152
  1929 10152
  1930 10152
  1931 10152
  1932 10152
  1933 10152
  1934 10152
  1935 10152
  1936 10152
  1937 10152
  1938 10152
  1939 10152
  1940 10152
  1941 10152
  1942 10152
  1943 10152
  1944 10152
  1945 10152
  1946 10152
  1947 10152
  1948 10152
  1949 10152
  1950 10152
  1951 10152
  1952 10152
  1953 10152
  1954 10152
  1955 10152
  1956 10152
  1957 10152
  1958 10152
  1959 10152
  1960 10152
  1961 10152
  1962 10152
  1963 10152
  1964 10152
  1965 10152
  1966 10152
  1967 10152
  1968 10152
  1969 10152
  1970 10152
  1971 10152
  1972 10152
  1973 10152
  1974 10152
  1975 10152
  1976 10152
  1977 10152
  1978 10152
  1979 10152
  1980 10152
  1981 10152
  1982 10152
  1983 10152
  1984 10152
  1985 10152
  1986 10152
  1987 10152
  1988 10152
  1989 10152
  1990 10152
  1991 10152
  1992 10152
  1993 10152
  1994 10152
  1995 10152
  1996 10152
  1997 10152
  1998 10152
  1999 10152
  2000 10152
  2001 10152
  2002 10152
  2003 10152
  2004 10152
  2005 10152
  2006 10152
  2007 10152
  2008 10152
  2009 10152
  2010 10152
  2011 10152
  2012 10152
  2013 10152
  2014 10152
  2015 10152
  2016 10152
  2017 10152
  2018 10152
  2019 10152
  2020 10152
  2023 10011
  2055 10130
  2056 10115
  2057 10115
  2058 10115
  2059 10115
  2060 10115
