   690 10082
   691 10082
   692 10082
   693 10082
   694 10082
   695 10082
   696 10082
   697 10082
   698 10082
   699 10082
   700 10082
   701 10082
   702 10082
   703 10082
   704 10082
   705 10082
   706 10082
   707 10082
   708 10082
   709 10082
   710 10082
   711 10082
   712 10082
   713 10082
   714 10082
   715 10082
   716 10082
   717 10082
   718 10082
   719 10082
   720 10082
   721 10082
   722 10082
   723 10082
   724 10082
   725 10082
   726 10082
   727 10082
   728 10082
   729 10082
   730 10082
   731 10082
   732 10082
   733 10082
   734 10082
   735 10082
   736 10082
   737 10082
   738 10082
   739 10082
   740 10082
   741 10082
   742 10082
   743 10082
   744 10082
   745 10082
   746 10082
   747 10082
   748 10082
   749 10082
   750 10082
   751 10082
   752 10082
   753 10082
   754 10082
   755 10082
   756 10082
   757 10082
   758 10082
   759 10082
   760 10082
   761 10082
   762 10082
   763 10082
   764 10082
   765 10082
   766 10082
   767 10082
   768 10082
   769 10082
   770 10082
   771 10082
   772 10082
   773 10082
   774 10082
   775 10082
   776 10082
   777 10082
   778 10082
   779 10082
   780 10082
   781 10049
   782 10041
   783 10041
   784 10041
   785 10049
   786 10041
   788 10041
   789 10041
   790 10041
   791 10041
   792 10041
   793 10041
   794 10041
   795 10041
   796 10041
   797 10041
   798 10041
   799 10041
   800 10041
   801 10041
   802 10041
   803 10041
   804 10041
   805 10041
   806 10041
   807 10041
   808 10041
   809 10041
   810 10041
   811 10041
   812 10041
   813 10041
   814 10041
   815 10041
   816 10041
   817 10041
   818 10041
   819 10041
   820 10041
   821 10041
   822 10041
   823 10041
   824 10041
   825 10041
   826 10041
   827 10041
   828 10041
   829 10041
   830 10041
   831 10041
   832 10041
   833 10041
   834 10041
   835 10041
   836 10041
   837 10041
   838 10041
   839 10041
   840 10041
   841 10041
   842 10041
   843 10041
   844 10041
   845 10041
   846 10041
   847 10041
   848 10041
   849 10041
   850 10041
   851 10041
   852 10041
   853 10041
   854 10041
   855 10041
   856 10041
   857 10041
   858 10041
   859 10041
   860 10041
   861 10041
   862 10041
   863 10041
   864 10041
   865 10041
   866 10041
   867 10041
   868 10041
   869 10041
   870 10041
   871 10041
   872 10041
   873 10041
   874 10041
   875 10041
   876 10041
   877 10041
   878 10041
   879 10041
   880 10041
   881 10041
   882 10041
   883 10041
   884 10041
   885 10041
   886 10041
   887 10041
   888 10041
   889 10041
   890 10041
   891 10041
   892 10041
   893 10041
   894 10041
   895 10041
   896 10041
   897 10041
   898 10041
   899 10041
   900 10041
   901 10041
   902 10041
   903 10041
   904 10041
   905 10041
   906 10041
   907 10041
   908 10041
   909 10041
   910 10041
   911 10041
   912 10041
   913 10041
   914 10041
   915 10041
   916 10041
   917 10041
   918 10041
   919 10041
   920 10041
   921 10041
   922 10041
   923 10041
   924 10041
   925 10041
   926 10041
   927 10041
   928 10041
   929 10041
   930 10041
   931 10041
   932 10041
   933 10041
   934 10041
   935 10041
   936 10041
   937 10041
   938 10041
   939 10041
   940 10041
   941 10041
   942 10041
   943 10041
   944 10041
   945 10041
   946 10041
   947 10041
   948 10041
   949 10041
   950 10041
   951 10041
   952 10041
   953 10041
   954 10041
   955 10041
   956 10041
   957 10041
   958 10041
   959 10041
   960 10041
   961 10041
   962 10041
   963 10041
   964 10041
   965 10041
   966 10041
   967 10041
   968 10041
   969 10041
   970 10041
   971 10041
   972 10041
   973 10041
   974 10041
   975 10041
   976 10041
   977 10041
   978 10041
   979 10041
   980 10041
   981 10041
   982 10041
   983 10041
   984 10041
   985 10041
   986 10041
   987 10041
   988 10041
   989 10041
   990 10041
   991 10041
   992 10041
   993 10041
   994 10041
   995 10041
   996 10041
   997 10041
   998 10041
   999 10041
  1000 10041
  1001 10041
  1002 10041
  1003 10041
  1004 10041
  1005 10041
  1006 10041
  1007 10041
  1008 10041
  1009 10041
  1010 10041
  1011 10041
  1012 10041
  1013 10041
  1014 10041
  1015 10041
  1016 10041
  1017 10041
  1018 10041
  1019 10041
  1020 10041
  1022 10072
  1023 10072
  1028 10146
  1029 10146
  1030 10146
  1031 10146
  1252 10136
  1253 10136
  1254 10136
  1255 10136
  1256 10136
  1261 10136
  1262 10136
  1263 10136
  1264 10136
  1265 10136
  1266 10096
  1267 10096
  1268 10096
  1269 10096
  1270 10136
  1271 10096
  1272 10096
  1273 10096
  1274 10096
  1275 10096
  1276 10096
  1277 10096
  1278 10096
  1279 10096
  1280 10096
  1281 10096
  1282 10096
  1283 10096
  1284 10096
  1285 10096
  1286 10096
  1287 10096
  1288 10096
  1289 10096
  1290 10096
  1291 10096
  1292 10096
  1293 10096
  1294 10096
  1295 10096
  1296 10096
  1297 10096
  1298 10096
  1299 10096
  1300 10096
  1301 10096
  1302 10096
  1303 10096
  1304 10096
  1305 10096
  1306 10096
  1307 10096
  1308 10096
  1309 10096
  1310 10096
  1311 10096
  1312 10096
  1313 10096
  1314 10096
  1315 10096
  1316 10096
  1317 10096
  1318 10096
  1319 10096
  1320 10096
  1321 10096
  1322 10096
  1323 10096
  1324 10096
  1325 10096
  1326 10096
  1327 10096
  1328 10096
  1329 10096
  1330 10096
  1331 10096
  1332 10096
  1333 10096
  1334 10096
  1335 10096
  1336 10096
  1337 10096
  1338 10096
  1339 10096
  1340 10096
  1341 10096
  1342 10096
  1343 10096
  1344 10096
  1345 10096
  1346 10096
  1347 10096
  1348 10096
  1349 10096
  1350 10096
  1351 10096
  1352 10096
  1353 10096
  1354 10096
  1355 10096
  1356 10096
  1357 10096
  1358 10096
  1359 10096
  1360 10096
  1361 10096
  1362 10096
  1363 10096
  1364 10096
  1365 10096
  1366 10096
  1367 10096
  1368 10096
  1369 10096
  1370 10096
  1371 10096
  1372 10096
  1373 10096
  1374 10096
  1375 10096
  1376 10096
  1377 10096
  1378 10096
  1379 10096
  1380 10096
  1381 10096
  1382 10096
  1383 10096
  1384 10096
  1385 10096
  1386 10096
  1387 10096
  1388 10096
  1389 10096
  1390 10096
  1391 10096
  1392 10096
  1393 10096
  1394 10096
  1395 10096
  1396 10096
  1397 10096
  1398 10096
  1399 10096
  1400 10096
  1401 10096
  1402 10096
  1403 10096
  1404 10096
  1405 10096
  1406 10096
  1407 10096
  1408 10096
  1409 10096
  1410 10096
  1411 10096
  1412 10096
  1413 10096
  1414 10096
  1415 10096
  1416 10096
  1417 10096
  1418 10096
  1419 10096
  1420 10096
  1421 10096
  1422 10096
  1423 10096
  1424 10096
  1425 10096
  1426 10096
  1427 10096
  1428 10096
  1429 10096
  1430 10096
  1431 10096
  1432 10096
  1433 10096
  1434 10096
  1435 10096
  1436 10096
  1437 10096
  1438 10096
  1439 10096
  1440 10096
  1441 10096
  1442 10096
  1443 10096
  1444 10096
  1445 10096
  1446 10096
  1447 10096
  1448 10096
  1449 10096
  1450 10096
  1451 10096
  1452 10096
  1453 10096
  1454 10096
  1455 10096
  1456 10096
  1457 10096
  1458 10096
  1459 10096
  1460 10096
  1461 10096
  1462 10096
  1463 10096
  1464 10096
  1465 10096
  1466 10096
  1467 10096
  1468 10096
  1469 10096
  1470 10096
  1471 10096
  1472 10096
  1473 10096
  1474 10096
  1475 10096
  1476 10096
  1477 10096
  1478 10096
  1479 10096
  1480 10096
  1481 10096
  1482 10096
  1483 10096
  1484 10096
  1485 10096
  1486 10096
  1487 10096
  1488 10096
  1489 10096
  1490 10096
  1491 10096
  1492 10096
  1493 10096
  1494 10096
  1495 10096
  1496 10096
  1497 10096
  1498 10096
  1499 10096
  1500 10096
  1501 10016
  1502 10143
  1503 10143
  1504 10143
  1505 10016
  1506 10016
  1507 10016
  1508 10016
  1509 10016
  1510 10016
  1511 10036
  1512 10036
  1513 10036
  1514 10016
  1515 10016
  1516 10016
  1517 10036
  1518 10036
  1519 10036
  1525 10061
  1526 10061
  1527 10141
  1528 10141
  1531 10141
  1532 10141
  1534 10141
  1535 10173
  1539 10018
  1540 10040
  1541 10018
  1542 10018
  1543 10018
  1544 10018
  1545 10018
  1546 10055
  1547 10140
  1548 10140
  1549 10140
  1550 10140
  1551 10140
  1552 10140
  1553 10140
  1554 10140
  1555 10140
  1556 10140
  1557 10140
  1558 10140
  1559 10140
  1560 10140
  1561 10140
  1562 10140
  1563 10140
  1564 10140
  1565 10140
  1566 10140
  1567 10140
  1568 10140
  1569 10140
  1570 10140
  1571 10140
  1572 10140
  1573 10140
  1574 10140
  1575 10055
  1576 10055
  1577 10055
  1578 10098
  1579 10098
  1580 10055
  1581 10055
  1582 10055
  1584 10016
  1585 10016
  1586 10016
  1587 10016
  1588 10016
  1589 10016
  1590 10016
  1591 10016
  1592 10143
  1593 10143
  1594 10143
  1595 10143
  1596 10016
  1597 10016
  1598 10016
  1599 10016
  1600 10016
  1601 10016
  1602 10016
  1603 10016
  1604 10016
  1605 10016
  1606 10016
  1607 10016
  1608 10016
  1609 10016
  1610 10016
  1611 10016
  1612 10016
  1613 10016
  1614 10016
  1615 10016
  1616 10143
  1617 10014
  1626 10011
  1627 10011
  1628 10034
  1629 10151
  1630 10151
  1631 10151
  1632 10151
  1633 10151
  1634 10151
  1635 10151
  1636 10151
  1637 10151
  1638 10151
  1639 10151
  1640 10151
  1641 10151
  1642 10151
  1643 10151
  1644 10151
  1645 10151
  1646 10151
  1647 10151
  1648 10151
  1649 10151
  1650 10151
  1651 10151
  1652 10151
  1653 10151
  1654 10151
  1655 10151
  1656 10151
  1657 10151
  1658 10151
  1659 10151
  1660 10151
  1661 10151
  1662 10151
  1663 10151
  1664 10151
  1665 10151
  1666 10151
  1667 10151
  1668 10151
  1669 10151
  1670 10151
  1671 10151
  1672 10151
  1673 10151
  1674 10151
  1675 10151
  1676 10151
  1677 10151
  1678 10151
  1679 10151
  1680 10151
  1681 10151
  1682 10151
  1683 10151
  1684 10151
  1685 10151
  1686 10151
  1687 10151
  1688 10151
  1689 10151
  1690 10151
  1691 10151
  1692 10151
  1693 10151
  1694 10151
  1695 10151
  1696 10151
  1697 10151
  1698 10151
  1699 10151
  1700 10151
  1701 10151
  1702 10151
  1703 10151
  1704 10151
  1705 10151
  1706 10151
  1707 10151
  1708 10151
  1709 10151
  1710 10151
  1711 10151
  1712 10151
  1713 10151
  1714 10151
  1715 10151
  1716 10151
  1717 10151
  1718 10151
  1719 10151
  1720 10151
  1721 10151
  1722 10151
  1723 10151
  1724 10151
  1725 10151
  1726 10151
  1727 10151
  1728 10151
  1729 10151
  1730 10151
  1731 10151
  1732 10151
  1733 10151
  1734 10151
  1735 10151
  1736 10151
  1737 10151
  1738 10151
  1739 10151
  1740 10151
  1741 10151
  1742 10151
  1743 10151
  1744 10151
  1745 10151
  1746 10151
  1747 10151
  1748 10151
  1749 10151
  1750 10151
  1751 10151
  1752 10151
  1753 10151
  1754 10151
  1755 10151
  1756 10151
  1757 10151
  1758 10151
  1759 10151
  1760 10151
  1761 10151
  1762 10151
  1763 10151
  1764 10151
  1765 10151
  1766 10151
  1767 10151
  1768 10151
  1769 10151
  1770 10151
  1771 10151
  1772 10151
  1773 10151
  1774 10151
  1775 10151
  1776 10151
  1777 10151
  1778 10151
  1779 10151
  1780 10151
  1781 10151
  1782 10151
  1783 10151
  1784 10151
  1785 10151
  1786 10151
  1787 10151
  1788 10151
  1789 10151
  1790 10151
  1791 10151
  1792 10151
  1793 10151
  1794 10151
  1795 10151
  1796 10151
  1797 10151
  1798 10151
  1799 10151
  1800 10151
  1801 10151
  1802 10151
  1803 10151
  1804 10151
  1805 10151
  1806 10151
  1807 10151
  1808 10151
  1809 10151
  1810 10151
  1811 10151
  1812 10151
  1813 10151
  1814 10151
  1815 10151
  1816 10151
  1817 10151
  1818 10151
  1819 10151
  1820 10151
  1821 10151
  1822 10151
  1823 10151
  1824 10151
  1825 10151
  1826 10151
  1827 10151
  1828 10151
  1829 10151
  1830 10151
  1831 10151
  1832 10151
  1833 10151
  1834 10151
  1835 10151
  1836 10151
  1837 10151
  1838 10151
  1839 10151
  1840 10151
  1841 10151
  1842 10151
  1843 10151
  1844 10151
  1845 10151
  1846 10151
  1847 10151
  1848 10151
  1849 10151
  1850 10151
  1851 10151
  1852 10151
  1853 10151
  1854 10151
  1855 10151
  1856 10041
  1857 10041
  1858 10041
  1859 10041
  1860 10041
  1861 10041
  1862 10167
  1863 10043
  1865 10164
  1867 10061
  1868 10101
  1869 10101
  1870 10059
  1871 10059
  1872 10059
  1873 10059
  1874 10059
  1875 10059
  1876 10059
  1877 10059
  1878 10059
  1879 10059
  1880 10059
  1881 10059
  1882 10059
  1883 10059
  1884 10059
  1885 10059
  1886 10059
  1887 10059
  1888 10059
  1889 10059
  1890 10059
  1891 10059
  1892 10059
  1893 10059
  1894 10059
  1895 10059
  1896 10059
  1897 10059
  1898 10059
  1899 10059
  1900 10059
  1901 10059
  1902 10059
  1903 10059
  1904 10059
  1905 10059
  1906 10059
  1907 10059
  1908 10059
  1909 10059
  1910 10059
  1911 10059
  1912 10059
  1913 10059
  1914 10059
  1915 10059
  1916 10059
  1917 10059
  1918 10059
  1919 10059
  1920 10059
  1921 10059
  1922 10059
  1923 10059
  1924 10059
  1925 10059
  1926 10059
  1927 10059
  1928 10059
  1929 10059
  1930 10059
  1931 10059
  1932 10059
  1933 10059
  1934 10059
  1935 10059
  1936 10059
  1937 10059
  1938 10059
  1939 10059
  1940 10059
  1941 10059
  1942 10059
  1943 10059
  1944 10059
  1945 10059
  1946 10059
  1947 10059
  1948 10059
  1949 10059
  1950 10059
  1951 10059
  1952 10059
  1953 10059
  1954 10059
  1955 10059
  1956 10059
  1957 10059
  1958 10059
  1959 10059
  1960 10059
  1961 10059
  1962 10059
  1963 10059
  1964 10059
  1965 10059
  1966 10059
  1967 10059
  1968 10059
  1969 10059
  1970 10059
  1971 10059
  1972 10059
  1973 10059
  1974 10059
  1975 10059
  1976 10059
  1977 10059
  1978 10059
  1979 10059
  1980 10059
  1981 10059
  1982 10059
  1983 10059
  1984 10059
  1985 10059
  1986 10059
  1987 10059
  1988 10059
  1989 10059
  1990 10059
  1991 10059
  1992 10059
  1993 10059
  1994 10059
  1995 10059
  1996 10059
  1997 10059
  1998 10059
  1999 10059
  2000 10059
  2001 10059
  2002 10059
  2003 10059
  2004 10059
  2005 10059
  2006 10059
  2007 10059
  2008 10059
  2009 10059
  2010 10059
  2011 10059
  2012 10059
  2013 10059
  2014 10059
  2015 10059
  2016 10059
  2017 10059
  2018 10059
  2019 10059
  2020 10059
  2021 10143
  2022 10143
  2023 10167
  2024 10167
  2025 10143
  2026 10143
  2027 10111
  2028 10111
  2029 10014
  2030 10154
  2031 10154
  2032 10036
  2033 10154
  2034 10036
  2035 10095
  2051 10034
  2052 10034
  2053 10034
  2054 10034
  2055 10034
  2056 10034
  2057 10034
  2058 10034
