   690 10075
   691 10075
   692 10075
   693 10075
   694 10075
   695 10075
   696 10075
   697 10075
   698 10075
   699 10075
   700 10075
   701 10075
   702 10075
   703 10075
   704 10075
   705 10075
   706 10075
   707 10075
   708 10075
   709 10075
   710 10075
   711 10075
   712 10075
   713 10075
   714 10075
   715 10075
   716 10075
   717 10075
   718 10075
   719 10075
   720 10075
   721 10075
   722 10075
   723 10075
   724 10075
   725 10075
   726 10075
   727 10075
   728 10075
   729 10075
   730 10075
   731 10075
   732 10075
   733 10075
   734 10075
   735 10075
   736 10075
   737 10075
   738 10075
   739 10075
   740 10075
   741 10075
   742 10075
   743 10075
   744 10075
   745 10075
   746 10075
   747 10075
   748 10075
   749 10075
   750 10075
   751 10075
   752 10075
   753 10075
   754 10075
   755 10075
   756 10075
   757 10075
   758 10075
   759 10075
   760 10075
   761 10075
   762 10075
   763 10075
   764 10075
   765 10075
   766 10075
   767 10075
   768 10075
   769 10075
   770 10075
   771 10075
   772 10075
   773 10075
   774 10075
   775 10075
   776 10075
   777 10075
   778 10075
   779 10075
   780 10075
   781 10143
   782 10143
   783 10081
   784 10074
   785 10081
   786 10161
   787 10161
   788 10161
   789 10161
   790 10161
   791 10161
   792 10161
   793 10156
   794 10156
   795 10124
   796 10124
   797 10124
   798 10124
   799 10124
   800 10124
   801 10124
   802 10124
   803 10124
   804 10124
   805 10124
   806 10124
   807 10124
   808 10124
   809 10124
   810 10124
   811 10124
   812 10124
   813 10124
   814 10124
   815 10124
   816 10124
   817 10124
   818 10124
   819 10124
   820 10124
   821 10124
   822 10124
   823 10124
   824 10124
   825 10124
   826 10124
   827 10124
   828 10124
   829 10124
   830 10124
   831 10124
   832 10124
   833 10124
   834 10124
   835 10124
   836 10124
   837 10124
   838 10124
   839 10124
   840 10124
   841 10124
   842 10124
   843 10124
   844 10124
   845 10124
   846 10124
   847 10124
   848 10124
   849 10124
   850 10124
   851 10124
   852 10124
   853 10124
   854 10124
   855 10124
   856 10124
   857 10124
   858 10124
   859 10124
   860 10124
   861 10124
   862 10124
   863 10124
   864 10124
   865 10124
   866 10124
   867 10124
   868 10124
   869 10124
   870 10124
   871 10124
   872 10124
   873 10124
   874 10124
   875 10124
   876 10124
   877 10124
   878 10124
   879 10124
   880 10124
   881 10124
   882 10124
   883 10124
   884 10124
   885 10124
   886 10124
   887 10124
   888 10124
   889 10124
   890 10124
   891 10124
   892 10124
   893 10124
   894 10124
   895 10124
   896 10124
   897 10124
   898 10124
   899 10124
   900 10124
   901 10124
   902 10124
   903 10124
   904 10124
   905 10124
   906 10124
   907 10124
   908 10124
   909 10124
   910 10124
   911 10124
   912 10124
   913 10124
   914 10124
   915 10124
   916 10124
   917 10124
   918 10124
   919 10124
   920 10124
   921 10124
   922 10124
   923 10124
   924 10124
   925 10124
   926 10124
   927 10124
   928 10124
   929 10124
   930 10124
   931 10124
   932 10124
   933 10124
   934 10124
   935 10124
   936 10124
   937 10124
   938 10124
   939 10124
   940 10124
   941 10124
   942 10124
   943 10124
   944 10124
   945 10124
   946 10124
   947 10124
   948 10124
   949 10124
   950 10124
   951 10124
   952 10124
   953 10124
   954 10124
   955 10124
   956 10124
   957 10124
   958 10124
   959 10124
   960 10124
   961 10124
   962 10124
   963 10124
   964 10124
   965 10124
   966 10124
   967 10124
   968 10124
   969 10124
   970 10124
   971 10124
   972 10124
   973 10124
   974 10124
   975 10124
   976 10124
   977 10124
   978 10124
   979 10124
   980 10124
   981 10124
   982 10124
   983 10124
   984 10124
   985 10124
   986 10124
   987 10124
   988 10124
   989 10124
   990 10124
   991 10124
   992 10124
   993 10124
   994 10124
   995 10124
   996 10124
   997 10124
   998 10124
   999 10124
  1000 10124
  1001 10124
  1002 10124
  1003 10124
  1004 10124
  1005 10124
  1006 10124
  1007 10124
  1008 10124
  1009 10124
  1010 10124
  1011 10124
  1012 10124
  1013 10124
  1014 10124
  1015 10124
  1016 10124
  1017 10124
  1018 10124
  1019 10124
  1020 10124
  1021 10074
  1022 10074
  1023 10074
  1024 10074
  1025 10074
  1026 10074
  1027 10154
  1028 10137
  1029 10154
  1030 10031
  1031 10169
  1182 10061
  1183 10061
  1184 10061
  1185 10061
  1186 10061
  1187 10061
  1258 10169
  1259 10169
  1260 10169
  1261 10169
  1262 10169
  1264 10052
  1265 10052
  1267 10052
  1268 10052
  1269 10052
  1270 10052
  1271 10052
  1272 10052
  1273 10052
  1274 10052
  1275 10052
  1276 10052
  1277 10052
  1278 10052
  1279 10052
  1280 10052
  1281 10052
  1282 10052
  1283 10052
  1284 10052
  1285 10052
  1286 10052
  1287 10052
  1288 10052
  1289 10052
  1290 10052
  1291 10052
  1292 10052
  1293 10052
  1294 10052
  1295 10052
  1296 10052
  1305 10031
  1306 10031
  1307 10031
  1308 10031
  1309 10055
  1310 10055
  1311 10158
  1312 10010
  1313 10010
  1314 10010
  1315 10010
  1316 10010
  1317 10010
  1318 10010
  1319 10010
  1320 10010
  1321 10010
  1324 10010
  1325 10010
  1326 10010
  1327 10010
  1328 10010
  1329 10010
  1330 10010
  1331 10010
  1332 10010
  1333 10010
  1334 10010
  1335 10010
  1336 10010
  1337 10010
  1338 10010
  1344 10010
  1345 10010
  1347 10010
  1348 10055
  1349 10010
  1350 10010
  1354 10010
  1355 10010
  1365 10158
  1366 10158
  1367 10055
  1368 10018
  1369 10018
  1370 10018
  1372 10141
  1373 10169
  1374 10061
  1383 10041
  1384 10041
  1385 10041
  1386 10082
  1387 10082
  1388 10082
  1389 10082
  1390 10082
  1391 10082
  1392 10082
  1393 10082
  1394 10082
  1395 10082
  1396 10082
  1397 10082
  1398 10082
  1399 10082
  1400 10082
  1401 10082
  1402 10082
  1403 10082
  1404 10082
  1405 10082
  1406 10082
  1407 10082
  1408 10082
  1409 10082
  1410 10082
  1411 10082
  1412 10082
  1413 10082
  1414 10082
  1415 10082
  1416 10082
  1417 10082
  1418 10082
  1419 10082
  1420 10082
  1421 10082
  1422 10082
  1423 10082
  1424 10082
  1425 10082
  1426 10082
  1427 10082
  1428 10082
  1429 10082
  1430 10082
  1431 10082
  1432 10082
  1433 10082
  1434 10082
  1435 10082
  1436 10082
  1437 10082
  1438 10082
  1439 10082
  1440 10082
  1441 10082
  1442 10082
  1443 10082
  1444 10082
  1445 10082
  1446 10082
  1447 10082
  1448 10082
  1449 10082
  1450 10082
  1451 10082
  1452 10082
  1453 10082
  1454 10082
  1455 10082
  1456 10082
  1457 10082
  1458 10082
  1459 10082
  1460 10082
  1461 10082
  1462 10082
  1463 10082
  1464 10082
  1465 10082
  1466 10082
  1467 10082
  1468 10082
  1469 10082
  1470 10082
  1471 10082
  1472 10082
  1473 10082
  1474 10082
  1475 10082
  1476 10082
  1477 10082
  1478 10082
  1479 10082
  1480 10082
  1481 10082
  1482 10082
  1483 10082
  1484 10082
  1485 10082
  1486 10082
  1487 10082
  1488 10082
  1489 10082
  1490 10082
  1491 10082
  1492 10082
  1493 10082
  1494 10082
  1495 10082
  1496 10082
  1497 10082
  1498 10082
  1499 10082
  1500 10082
  1501 10082
  1502 10082
  1503 10082
  1504 10082
  1505 10082
  1506 10082
  1507 10082
  1508 10082
  1509 10082
  1510 10082
  1511 10082
  1512 10082
  1513 10082
  1514 10082
  1515 10082
  1516 10082
  1517 10082
  1518 10082
  1519 10082
  1520 10082
  1521 10082
  1522 10082
  1523 10082
  1524 10082
  1525 10082
  1526 10082
  1527 10082
  1528 10082
  1529 10082
  1530 10082
  1531 10082
  1532 10082
  1533 10082
  1534 10082
  1535 10082
  1536 10082
  1537 10082
  1538 10082
  1539 10082
  1540 10082
  1541 10082
  1542 10082
  1543 10082
  1544 10082
  1545 10082
  1546 10082
  1547 10082
  1548 10082
  1549 10082
  1550 10082
  1551 10082
  1552 10082
  1553 10082
  1554 10082
  1555 10082
  1556 10082
  1557 10082
  1558 10082
  1559 10082
  1560 10082
  1561 10082
  1562 10082
  1563 10082
  1564 10082
  1565 10082
  1566 10082
  1567 10082
  1568 10082
  1569 10082
  1570 10082
  1571 10082
  1572 10082
  1573 10082
  1574 10082
  1575 10082
  1576 10082
  1577 10082
  1578 10082
  1579 10082
  1580 10082
  1581 10082
  1582 10082
  1583 10082
  1584 10082
  1585 10082
  1586 10082
  1587 10082
  1588 10082
  1589 10082
  1590 10082
  1591 10082
  1592 10082
  1593 10082
  1594 10082
  1595 10082
  1596 10082
  1597 10082
  1598 10082
  1599 10082
  1600 10082
  1601 10082
  1602 10082
  1603 10082
  1604 10082
  1605 10082
  1606 10082
  1607 10082
  1608 10082
  1609 10082
  1610 10082
  1611 10082
  1612 10082
  1613 10082
  1614 10082
  1615 10082
  1616 10082
  1617 10082
  1618 10082
  1619 10082
  1620 10082
  1628 10094
  1629 10031
  1630 10031
  1631 10031
  1632 10031
  1633 10031
  1634 10031
  1635 10031
  1636 10031
  1637 10031
  1638 10031
  1639 10031
  1640 10031
  1641 10031
  1642 10031
  1643 10031
  1644 10031
  1645 10031
  1646 10031
  1647 10031
  1648 10031
  1649 10031
  1650 10031
  1651 10031
  1652 10031
  1653 10031
  1654 10031
  1655 10031
  1656 10031
  1657 10031
  1658 10031
  1659 10031
  1660 10031
  1661 10031
  1662 10031
  1663 10031
  1664 10031
  1665 10031
  1666 10031
  1667 10031
  1668 10031
  1669 10031
  1670 10031
  1671 10031
  1672 10031
  1673 10031
  1674 10031
  1675 10031
  1676 10031
  1677 10031
  1678 10031
  1679 10031
  1680 10031
  1681 10031
  1682 10031
  1683 10031
  1684 10031
  1685 10031
  1686 10031
  1687 10031
  1688 10031
  1689 10031
  1690 10031
  1691 10031
  1692 10031
  1693 10031
  1694 10031
  1695 10031
  1696 10031
  1697 10031
  1698 10031
  1699 10031
  1700 10031
  1701 10031
  1702 10031
  1703 10031
  1704 10031
  1705 10031
  1706 10031
  1707 10031
  1708 10031
  1709 10031
  1710 10031
  1711 10031
  1712 10031
  1713 10031
  1714 10031
  1715 10031
  1716 10031
  1717 10031
  1718 10031
  1719 10031
  1720 10031
  1721 10031
  1722 10031
  1723 10031
  1724 10031
  1725 10031
  1726 10031
  1727 10031
  1728 10031
  1729 10031
  1730 10031
  1731 10031
  1732 10031
  1733 10031
  1734 10031
  1735 10031
  1736 10031
  1737 10031
  1738 10031
  1739 10031
  1740 10031
  1741 10031
  1742 10031
  1743 10031
  1744 10031
  1745 10031
  1746 10031
  1747 10031
  1748 10031
  1749 10031
  1750 10031
  1751 10031
  1752 10031
  1753 10031
  1754 10031
  1755 10031
  1756 10031
  1757 10031
  1758 10031
  1759 10031
  1760 10031
  1761 10031
  1762 10031
  1763 10031
  1764 10031
  1765 10031
  1766 10031
  1767 10031
  1768 10031
  1769 10031
  1770 10031
  1771 10031
  1772 10031
  1773 10031
  1774 10031
  1775 10031
  1776 10031
  1777 10031
  1778 10031
  1779 10031
  1780 10031
  1781 10031
  1782 10031
  1783 10031
  1784 10031
  1785 10031
  1786 10031
  1787 10031
  1788 10031
  1789 10031
  1790 10031
  1791 10031
  1792 10031
  1793 10031
  1794 10031
  1795 10031
  1796 10031
  1797 10031
  1798 10031
  1799 10031
  1800 10031
  1801 10031
  1802 10031
  1803 10031
  1804 10031
  1805 10031
  1806 10031
  1807 10031
  1808 10031
  1809 10031
  1810 10031
  1811 10031
  1812 10031
  1813 10031
  1814 10031
  1815 10031
  1816 10031
  1817 10031
  1818 10031
  1819 10031
  1820 10031
  1821 10031
  1822 10031
  1823 10031
  1824 10031
  1825 10031
  1826 10031
  1827 10031
  1828 10031
  1829 10031
  1830 10031
  1831 10031
  1832 10031
  1833 10031
  1834 10031
  1835 10031
  1836 10031
  1837 10031
  1838 10031
  1839 10031
  1840 10031
  1841 10031
  1842 10031
  1843 10031
  1844 10031
  1845 10031
  1846 10031
  1847 10031
  1848 10031
  1849 10031
  1850 10031
  1851 10031
  1852 10031
  1853 10031
  1854 10031
  1855 10031
