   600 10098
   601 10098
   602 10098
   603 10098
   604 10098
   605 10098
   606 10098
   607 10098
   608 10098
   609 10098
   610 10098
   611 10098
   612 10098
   613 10098
   614 10098
   615 10098
   616 10098
   617 10098
   618 10098
   619 10098
   620 10098
   621 10098
   622 10098
   623 10098
   624 10098
   625 10098
   626 10098
   627 10098
   628 10098
   629 10098
   630 10098
   632 10098
   633 10084
   634 10084
   635 10098
   636 10098
   637 10098
   638 10098
   639 10098
   640 10098
   641 10098
   642 10098
   643 10098
   644 10098
   645 10098
   646 10098
   647 10098
   649 10098
   650 10098
   651 10098
   652 10098
   653 10098
   654 10098
   655 10098
   656 10098
   657 10098
   658 10084
   659 10084
   660 10084
   661 10084
   662 10084
   663 10098
   664 10098
   665 10098
   666 10098
   667 10098
   668 10098
   669 10098
   670 10098
   671 10098
   672 10084
   673 10098
   674 10098
   675 10098
   676 10098
   677 10098
   678 10098
   679 10018
   680 10098
   681 10098
   682 10098
   683 10098
   684 10098
   685 10098
   686 10098
   687 10098
   688 10098
   689 10098
   690 10098
   691 10098
   692 10098
   693 10098
   696 10084
   697 10098
   698 10098
   699 10098
   700 10098
   701 10098
   702 10098
   703 10098
   704 10098
   705 10098
   706 10098
   707 10098
   708 10098
   709 10098
   710 10098
   711 10098
   712 10098
   713 10098
   714 10098
   715 10098
   716 10098
   717 10098
   718 10098
   719 10098
   720 10098
   721 10098
   722 10098
   723 10098
   724 10098
   725 10098
   726 10098
   727 10098
   728 10098
   729 10098
   730 10098
   731 10098
   732 10098
   733 10098
   734 10098
   735 10098
   736 10098
   737 10098
   738 10098
   739 10098
   740 10098
   741 10098
   742 10098
   743 10098
   744 10098
   745 10098
   746 10098
   747 10098
   748 10098
   749 10098
   750 10098
   751 10098
   752 10098
   753 10098
   754 10098
   755 10098
   756 10098
   757 10098
   758 10098
   759 10098
   760 10098
   761 10098
   762 10098
   763 10098
   764 10098
   765 10098
   766 10098
   767 10098
   768 10098
   769 10098
   770 10098
   771 10098
   772 10098
   773 10098
   774 10098
   775 10098
   776 10098
   777 10098
   778 10098
   779 10098
   780 10098
   781 10098
   782 10098
   783 10098
   784 10098
   785 10098
   786 10098
   787 10098
   788 10098
   789 10098
   790 10098
   791 10098
   792 10098
   793 10098
   794 10098
   795 10098
   796 10098
   797 10098
   798 10098
   799 10098
   800 10098
   801 10098
   802 10098
   803 10098
   804 10098
   805 10098
   806 10098
   807 10098
   808 10098
   809 10098
   810 10098
   811 10098
   812 10098
   813 10098
   814 10098
   815 10098
   816 10098
   817 10098
   818 10098
   819 10098
   820 10098
   821 10098
   840 10098
   841 10018
   842 10098
   843 10098
   844 10040
   845 10040
   846 10040
   847 10040
   848 10098
   849 10098
   850 10098
   851 10098
   852 10098
   853 10098
   854 10098
   855 10098
   856 10098
   857 10098
   858 10098
   859 10098
   860 10098
   861 10084
   862 10084
   863 10084
   864 10098
   865 10098
   866 10098
   867 10098
   868 10098
   869 10098
   870 10098
   871 10098
   872 10098
   873 10098
   874 10098
   875 10098
   876 10098
   877 10098
   878 10084
   879 10098
   880 10098
   881 10098
   882 10098
   883 10098
   884 10098
   885 10098
   886 10098
   887 10098
   888 10098
   889 10098
   890 10098
   891 10098
   893 10084
   894 10084
   895 10098
   896 10098
   897 10098
   898 10098
   899 10098
   900 10098
   901 10098
   902 10098
   903 10098
   904 10098
   905 10098
   906 10098
   907 10098
   908 10098
   909 10098
   910 10098
   911 10098
   912 10098
   913 10098
   914 10098
   915 10098
   916 10098
   917 10098
   918 10098
   919 10098
   920 10098
   921 10098
   922 10098
   923 10098
   924 10098
   925 10098
   926 10098
   927 10158
   928 10040
   929 10040
   930 10098
   931 10098
   932 10098
   933 10098
   934 10098
   935 10098
   936 10098
   937 10098
   938 10098
   939 10098
   940 10098
   941 10098
   942 10098
   943 10098
   944 10098
   945 10098
   946 10098
   947 10098
   948 10098
   949 10098
   950 10098
   951 10098
   952 10098
   953 10098
   954 10098
   955 10098
   956 10098
   957 10098
   958 10098
   959 10098
   960 10098
   961 10098
   962 10098
   963 10098
   964 10098
   965 10098
   966 10098
   967 10098
   968 10098
   969 10098
   970 10098
   971 10098
   972 10098
   973 10098
   974 10098
   975 10098
   976 10098
   977 10098
   978 10098
   979 10098
   980 10098
   981 10098
   982 10098
   983 10098
   984 10098
   985 10098
   986 10098
   987 10098
   988 10098
   989 10098
   990 10098
   991 10098
   992 10098
   993 10098
   994 10098
   995 10018
   996 10098
   997 10098
   998 10098
   999 10098
  1000 10098
  1001 10098
  1002 10098
  1003 10098
  1004 10098
  1005 10098
  1006 10098
  1007 10098
  1008 10098
  1009 10098
  1010 10098
  1011 10098
  1012 10098
  1013 10098
  1014 10098
  1015 10098
  1016 10098
  1017 10098
  1018 10098
  1019 10078
  1020 10078
  1021 10078
  1022 10078
  1023 10078
  1024 10078
  1025 10078
  1026 10078
  1027 10084
  1028 10078
  1029 10084
  1030 10106
  1031 10106
  1040 10098
  1041 10098
  1042 10098
  1043 10098
  1044 10098
  1050 10098
  1051 10098
  1052 10098
  1057 10098
  1059 10098
  1060 10098
  1061 10098
  1062 10098
  1063 10098
  1064 10098
  1065 10098
  1066 10098
  1069 10084
  1070 10098
  1071 10098
  1072 10098
  1073 10098
  1074 10098
  1075 10098
  1076 10098
  1077 10098
  1078 10098
  1079 10098
  1080 10098
  1081 10098
  1090 10098
  1091 10098
  1106 10098
  1107 10098
  1108 10098
  1109 10098
  1110 10098
  1111 10098
  1112 10098
  1113 10098
  1114 10098
  1127 10098
  1128 10098
  1129 10098
  1130 10098
  1145 10098
  1146 10098
  1147 10098
  1148 10098
  1149 10098
  1150 10098
  1151 10098
  1152 10098
  1153 10098
  1154 10098
  1155 10098
  1156 10098
  1161 10098
  1162 10098
  1163 10098
  1164 10098
  1165 10098
  1166 10098
  1171 10098
  1172 10098
  1173 10098
  1174 10098
  1175 10098
  1176 10098
  1177 10098
  1178 10084
  1179 10018
  1180 10098
  1181 10098
  1182 10098
  1183 10098
  1198 10098
  1199 10098
  1200 10098
  1201 10098
  1202 10098
  1203 10098
  1204 10098
  1205 10098
  1206 10098
  1207 10098
  1208 10098
  1209 10098
  1210 10098
  1211 10098
  1215 10098
  1216 10098
  1217 10098
  1218 10098
  1219 10098
  1220 10098
  1221 10098
  1222 10098
  1223 10098
  1224 10098
  1225 10098
  1226 10098
  1227 10098
  1228 10098
  1229 10098
  1230 10098
  1231 10098
  1232 10098
  1233 10098
  1234 10098
  1235 10098
  1236 10098
  1244 10098
  1245 10098
  1246 10098
  1247 10098
  1248 10098
  1249 10098
  1250 10098
  1251 10098
  1252 10098
  1253 10098
  1254 10098
  1255 10098
  1256 10098
  1257 10098
  1258 10098
  1259 10098
  1260 10098
  1261 10098
  1262 10158
  1263 10018
  1264 10158
  1265 10098
  1266 10098
  1267 10098
  1268 10098
  1269 10098
  1270 10098
  1271 10018
  1272 10098
  1273 10098
  1274 10098
  1275 10098
  1276 10098
  1277 10098
  1278 10098
  1279 10098
  1280 10098
  1281 10098
  1282 10018
  1283 10098
  1284 10098
  1285 10098
  1286 10098
  1287 10098
  1288 10098
  1289 10098
  1290 10055
  1291 10055
  1292 10055
  1293 10098
  1294 10098
  1295 10098
  1296 10098
  1297 10098
  1298 10098
  1299 10098
  1300 10098
  1301 10098
  1302 10098
  1303 10098
  1307 10098
  1308 10098
  1309 10098
  1310 10098
  1311 10098
  1312 10098
  1313 10098
  1314 10098
  1315 10098
  1316 10098
  1317 10098
  1318 10098
  1319 10098
  1320 10098
  1321 10098
  1322 10098
  1323 10098
  1324 10098
  1325 10098
  1326 10098
  1327 10098
  1328 10098
  1338 10098
  1339 10098
  1340 10098
  1341 10098
  1342 10098
  1348 10098
  1349 10098
  1350 10098
  1351 10098
  1352 10098
  1353 10098
  1354 10098
  1355 10098
  1356 10098
  1357 10098
  1358 10098
  1359 10098
  1360 10098
  1361 10098
  1366 10098
  1367 10098
  1368 10098
  1369 10098
  1373 10018
  1374 10018
  1375 10018
  1376 10018
  1377 10018
  1378 10018
  1379 10018
  1380 10018
  1381 10018
  1382 10018
  1383 10018
  1384 10018
  1385 10018
  1386 10098
  1387 10098
  1390 10098
  1391 10098
  1392 10098
  1393 10098
  1394 10098
  1395 10018
  1406 10098
  1407 10098
  1408 10098
  1409 10098
  1410 10098
  1432 10098
  1433 10098
  1434 10098
  1435 10098
  1436 10098
  1437 10098
  1438 10098
  1439 10098
  1444 10098
  1445 10098
  1446 10098
  1447 10098
  1448 10098
  1449 10098
  1450 10098
  1451 10098
  1452 10098
  1459 10098
  1460 10098
  1461 10098
  1462 10098
  1463 10098
  1464 10098
  1465 10098
  1466 10098
  1467 10098
  1468 10098
  1469 10098
  1470 10098
  1471 10098
  1472 10098
  1473 10098
  1474 10098
  1475 10098
  1476 10098
  1477 10098
  1478 10098
  1479 10098
  1480 10098
  1481 10098
  1482 10098
  1483 10098
  1484 10098
  1485 10098
  1486 10098
  1491 10098
  1492 10098
  1493 10098
  1494 10098
  1495 10098
  1496 10098
  1497 10098
  1498 10098
  1499 10098
  1500 10098
  1501 10098
  1502 10018
  1503 10018
  1504 10098
  1505 10018
  1506 10018
  1507 10098
  1508 10098
  1509 10098
  1510 10098
  1511 10098
  1512 10098
  1513 10098
  1514 10098
  1515 10098
  1516 10098
  1517 10018
  1518 10098
  1519 10098
  1520 10098
  1521 10098
  1522 10098
  1523 10098
  1524 10098
  1525 10098
  1526 10098
  1527 10098
  1528 10018
  1529 10098
  1530 10098
  1531 10098
  1532 10098
  1533 10098
  1534 10098
  1535 10098
  1536 10098
  1537 10098
  1538 10098
  1539 10098
  1540 10018
  1541 10098
  1542 10098
  1543 10018
  1544 10018
  1545 10018
  1546 10018
  1547 10098
  1548 10098
  1549 10098
  1550 10098
  1551 10098
  1552 10098
  1553 10098
  1554 10098
  1555 10098
  1556 10098
  1559 10098
  1560 10098
  1561 10098
  1562 10098
  1563 10098
  1564 10098
  1565 10018
  1566 10098
  1567 10098
  1587 10084
  1588 10084
  1589 10084
  1590 10084
  1591 10084
  1592 10098
  1593 10018
  1594 10018
  1595 10018
  1596 10018
  1597 10018
  1598 10018
  1599 10018
  1607 10098
  1608 10098
  1609 10098
  1610 10098
  1611 10098
  1612 10098
  1613 10098
  1614 10098
  1615 10098
  1616 10098
  1617 10098
  1622 10098
  1623 10098
  1624 10084
  1625 10084
  1626 10084
  1627 10084
  1628 10084
  1629 10084
  1644 10098
  1645 10098
  1646 10098
  1647 10098
  1648 10098
  1649 10098
  1650 10018
  1653 10018
  1654 10018
  1655 10018
  1656 10018
  1657 10018
  1658 10018
  1659 10018
  1660 10018
  1661 10018
  1662 10018
  1663 10018
  1664 10018
  1665 10018
  1666 10018
  1667 10018
  1668 10018
  1669 10084
  1670 10018
  1671 10098
  1672 10084
  1673 10084
  1674 10098
  1675 10098
  1676 10098
  1677 10098
  1679 10018
  1680 10018
  1681 10018
  1683 10098
  1684 10098
  1685 10098
  1686 10098
  1687 10098
  1688 10098
  1689 10098
  1691 10098
  1695 10098
  1696 10098
  1697 10098
  1698 10098
  1699 10098
  1700 10098
  1701 10098
  1702 10098
  1703 10098
  1704 10098
  1705 10098
  1706 10098
  1707 10098
  1708 10098
  1709 10098
  1710 10098
  1711 10098
  1712 10098
  1716 10098
  1717 10098
  1718 10098
  1719 10098
  1729 10098
  1730 10098
  1731 10098
  1734 10084
  1735 10084
  1736 10084
  1737 10084
  1738 10084
  1744 10078
  1745 10078
  1746 10078
  1747 10078
  1748 10078
  1749 10173
  1750 10173
  1751 10078
  1752 10078
  1753 10078
  1754 10078
  1755 10078
  1757 10098
  1758 10084
  1759 10098
  1760 10018
  1843 10098
  1844 10098
  1845 10098
  1846 10098
  1847 10098
  1848 10098
  1849 10098
  1866 10084
  1867 10084
  1868 10084
  1869 10084
  1939 10098
  1940 10098
  1941 10098
  1942 10098
  1943 10098
  1944 10098
  1945 10098
  1961 10098
  1962 10098
  1963 10098
  1964 10098
  1965 10098
  1972 10098
  1973 10078
  1974 10078
  1975 10078
  1976 10078
  1981 10098
  1982 10098
  1983 10098
  1984 10098
  1985 10098
  1986 10098
  1987 10098
  1988 10098
  1989 10098
  1990 10098
  1991 10098
  1997 10098
  1999 10098
  2000 10098
  2001 10098
  2002 10098
  2003 10098
  2004 10098
  2005 10098
  2006 10098
  2007 10098
  2008 10098
  2009 10098
  2010 10098
  2011 10098
  2012 10098
  2013 10098
  2020 10098
  2021 10098
  2022 10098
  2023 10098
  2024 10098
  2025 10098
  2026 10098
  2033 10084
  2034 10084
  2035 10084
  2036 10084
  2037 10084
  2039 10098
  2040 10098
  2041 10098
  2042 10098
  2043 10098
  2044 10098
  2045 10098
  2046 10098
  2047 10098
  2048 10098
  2049 10098
  2050 10098
  2051 10098
  2052 10098
  2053 10098
  2054 10098
  2055 10098
  2056 10084
  2057 10084
  2058 10084
  2059 10098
  2060 10098
  2061 10098
  2062 10098
  2063 10098
  2064 10098
  2065 10098
  2066 10098
  2067 10098
  2068 10098
  2069 10098
  2070 10098
  2071 10098
  2072 10098
  2073 10018
  2074 10098
  2078 10098
  2079 10098
  2080 10098
  2081 10098
  2082 10098
  2083 10098
  2084 10098
  2085 10098
  2086 10084
  2087 10084
  2088 10084
  2089 10084
  2090 10084
  2091 10084
  2095 10098
  2096 10098
  2097 10098
  2098 10098
  2099 10098
  2100 10098
  2101 10098
  2102 10098
  2103 10098
  2104 10098
  2105 10098
  2111 10098
  2112 10098
  2113 10098
  2114 10078
  2115 10078
  2116 10078
  2117 10078
  2118 10078
  2119 10078
  2120 10078
  2121 10078
  2122 10078
  2123 10078
  2124 10078
  2125 10078
  2126 10078
  2127 10098
  2128 10018
  2129 10098
  2130 10098
  2131 10098
  2132 10098
  2133 10098
  2134 10098
  2135 10098
  2136 10098
  2137 10098
  2138 10098
  2139 10098
  2140 10098
  2141 10098
  2142 10098
  2143 10098
  2144 10098
  2145 10098
  2146 10098
  2147 10098
  2148 10098
  2149 10098
  2150 10098
  2151 10098
  2152 10098
  2153 10098
  2154 10098
  2155 10098
  2156 10098
  2157 10084
  2158 10106
  2159 10084
  2160 10106
