   690 10007
   691 10007
   692 10007
   693 10007
   694 10007
   695 10007
   696 10007
   697 10007
   698 10007
   699 10007
   700 10007
   701 10007
   702 10007
   703 10007
   704 10007
   705 10007
   706 10007
   707 10007
   708 10007
   709 10007
   710 10007
   711 10007
   712 10007
   713 10007
   714 10007
   715 10007
   716 10007
   717 10007
   718 10007
   719 10007
   720 10007
   721 10007
   722 10007
   723 10007
   724 10007
   725 10007
   726 10007
   727 10007
   728 10007
   729 10007
   730 10007
   731 10007
   732 10007
   733 10007
   734 10007
   735 10007
   736 10007
   737 10007
   738 10007
   739 10007
   740 10007
   741 10007
   742 10007
   743 10007
   744 10007
   745 10007
   746 10007
   747 10007
   748 10007
   749 10007
   750 10007
   751 10007
   752 10007
   753 10007
   754 10007
   755 10007
   756 10007
   757 10007
   758 10007
   759 10007
   760 10007
   761 10007
   762 10007
   763 10007
   764 10007
   765 10007
   766 10007
   767 10007
   768 10007
   769 10007
   770 10007
   771 10007
   772 10007
   773 10007
   774 10007
   775 10007
   776 10007
   777 10007
   778 10007
   779 10007
   780 10007
   781 10101
   782 10101
   783 10101
   784 10101
   785 10101
   786 10101
   787 10138
   788 10049
   789 10049
   790 10049
   791 10049
   792 10049
   793 10049
   794 10049
   795 10049
   796 10049
   797 10049
   798 10049
   799 10049
   800 10049
   801 10049
   802 10049
   803 10049
   804 10049
   805 10049
   806 10049
   807 10049
   808 10049
   809 10049
   810 10049
   811 10049
   812 10049
   813 10049
   814 10049
   815 10049
   816 10049
   817 10049
   818 10049
   819 10049
   820 10049
   821 10049
   822 10049
   823 10049
   824 10049
   825 10049
   826 10049
   827 10049
   828 10049
   829 10049
   830 10049
   831 10049
   832 10049
   833 10049
   834 10049
   835 10049
   836 10049
   837 10049
   838 10049
   839 10049
   840 10049
   841 10049
   842 10049
   843 10049
   844 10049
   845 10049
   846 10049
   847 10049
   848 10049
   849 10049
   850 10049
   851 10049
   852 10049
   853 10049
   854 10049
   855 10049
   856 10049
   857 10049
   858 10049
   859 10049
   860 10049
   861 10049
   862 10049
   863 10049
   864 10049
   865 10049
   866 10049
   867 10049
   868 10049
   869 10049
   870 10049
   871 10049
   872 10049
   873 10049
   874 10049
   875 10049
   876 10049
   877 10049
   878 10049
   879 10049
   880 10049
   881 10049
   882 10049
   883 10049
   884 10049
   885 10049
   886 10049
   887 10049
   888 10049
   889 10049
   890 10049
   891 10049
   892 10049
   893 10049
   894 10049
   895 10049
   896 10049
   897 10049
   898 10049
   899 10049
   900 10049
   901 10049
   902 10049
   903 10049
   904 10049
   905 10049
   906 10049
   907 10049
   908 10049
   909 10049
   910 10049
   911 10049
   912 10049
   913 10049
   914 10049
   915 10049
   916 10049
   917 10049
   918 10049
   919 10049
   920 10049
   921 10049
   922 10049
   923 10049
   924 10049
   925 10049
   926 10049
   927 10049
   928 10049
   929 10049
   930 10049
   931 10049
   932 10049
   933 10049
   934 10049
   935 10049
   936 10049
   937 10049
   938 10049
   939 10049
   940 10049
   941 10049
   942 10049
   943 10049
   944 10049
   945 10049
   946 10049
   947 10049
   948 10049
   949 10049
   950 10049
   951 10049
   952 10049
   953 10049
   954 10049
   955 10049
   956 10049
   957 10049
   958 10049
   959 10049
   960 10049
   961 10049
   962 10049
   963 10049
   964 10049
   965 10049
   966 10049
   967 10049
   968 10049
   969 10049
   970 10049
   971 10049
   972 10049
   973 10049
   974 10049
   975 10049
   976 10049
   977 10049
   978 10049
   979 10049
   980 10049
   981 10049
   982 10049
   983 10049
   984 10049
   985 10049
   986 10049
   987 10049
   988 10049
   989 10049
   990 10049
   991 10049
   992 10049
   993 10049
   994 10049
   995 10049
   996 10049
   997 10049
   998 10049
   999 10049
  1000 10049
  1001 10049
  1002 10049
  1003 10049
  1004 10049
  1005 10049
  1006 10049
  1007 10049
  1008 10049
  1009 10049
  1010 10049
  1011 10049
  1012 10049
  1013 10049
  1014 10049
  1015 10049
  1016 10049
  1017 10049
  1018 10049
  1019 10049
  1020 10049
