   686 10164
   687 10169
   688 10164
   689 10169
   690 10164
   691 10164
   692 10164
   693 10164
   694 10164
   695 10164
   696 10164
   697 10164
   698 10164
   699 10164
   700 10164
   701 10164
   702 10164
   703 10164
   704 10164
   705 10164
   706 10164
   707 10164
   708 10164
   709 10164
   710 10164
   711 10164
   712 10164
   713 10164
   714 10164
   715 10164
   716 10164
   717 10164
   718 10164
   719 10164
   720 10164
   721 10164
   722 10164
   723 10164
   724 10164
   725 10164
   726 10164
   727 10164
   728 10164
   729 10164
   730 10164
   731 10164
   732 10164
   733 10164
   734 10164
   735 10164
   736 10164
   737 10164
   738 10164
   739 10164
   740 10164
   741 10164
   742 10164
   743 10164
   744 10164
   745 10164
   746 10164
   747 10164
   748 10164
   749 10164
   750 10164
   751 10164
   752 10164
   753 10164
   754 10164
   755 10164
   756 10164
   757 10164
   758 10164
   759 10164
   760 10164
   761 10164
   762 10164
   763 10164
   764 10164
   765 10164
   766 10164
   767 10164
   768 10164
   769 10164
   770 10164
   771 10164
   772 10164
   773 10164
   774 10164
   775 10164
   776 10164
   777 10164
   778 10164
   779 10164
   780 10164
   781 10032
   782 10025
   783 10044
   784 10044
   785 10044
   786 10044
   787 10044
   788 10044
   789 10044
   790 10044
   791 10044
   792 10044
   793 10044
   794 10044
   795 10044
   796 10044
   797 10044
   798 10044
   799 10044
   800 10044
   801 10044
   802 10044
   803 10044
   804 10044
   805 10044
   806 10044
   807 10044
   808 10044
   809 10044
   810 10044
   811 10044
   812 10044
   813 10044
   814 10044
   815 10044
   816 10044
   817 10044
   818 10044
   819 10044
   820 10044
   821 10044
   822 10044
   823 10044
   824 10044
   825 10044
   826 10044
   827 10044
   828 10044
   829 10044
   830 10044
   831 10044
   832 10044
   833 10044
   834 10044
   835 10044
   836 10044
   837 10044
   838 10044
   839 10044
   840 10044
   841 10044
   842 10044
   843 10044
   844 10044
   845 10044
   846 10044
   847 10044
   848 10044
   849 10044
   850 10044
   851 10044
   852 10044
   853 10044
   854 10044
   855 10044
   856 10044
   857 10044
   858 10044
   859 10044
   860 10044
   861 10044
   862 10044
   863 10044
   864 10044
   865 10044
   866 10044
   867 10044
   868 10044
   869 10044
   870 10044
   871 10044
   872 10044
   873 10044
   874 10044
   875 10044
   876 10044
   877 10044
   878 10044
   879 10044
   880 10044
   881 10044
   882 10044
   883 10044
   884 10044
   885 10044
   886 10044
   887 10044
   888 10044
   889 10044
   890 10044
   891 10044
   892 10044
   893 10044
   894 10044
   895 10044
   896 10044
   897 10044
   898 10044
   899 10044
   900 10044
   901 10044
   902 10044
   903 10044
   904 10044
   905 10044
   906 10044
   907 10044
   908 10044
   909 10044
   910 10044
   911 10044
   912 10044
   913 10044
   914 10044
   915 10044
   916 10044
   917 10044
   918 10044
   919 10044
   920 10044
   921 10044
   922 10044
   923 10044
   924 10044
   925 10044
   926 10044
   927 10044
   928 10044
   929 10044
   930 10044
   931 10044
   932 10044
   933 10044
   934 10044
   935 10044
   936 10044
   937 10044
   938 10044
   939 10044
   940 10044
   941 10044
   942 10044
   943 10044
   944 10044
   945 10044
   946 10044
   947 10044
   948 10044
   949 10044
   950 10044
   951 10044
   952 10044
   953 10044
   954 10044
   955 10044
   956 10044
   957 10044
   958 10044
   959 10044
   960 10044
   961 10044
   962 10044
   963 10044
   964 10044
   965 10044
   966 10044
   967 10044
   968 10044
   969 10044
   970 10044
   971 10044
   972 10044
   973 10044
   974 10044
   975 10044
   976 10044
   977 10044
   978 10044
   979 10044
   980 10044
   981 10044
   982 10044
   983 10044
   984 10044
   985 10044
   986 10044
   987 10044
   988 10044
   989 10044
   990 10044
   991 10044
   992 10044
   993 10044
   994 10044
   995 10044
   996 10044
   997 10044
   998 10044
   999 10044
  1000 10044
  1001 10044
  1002 10044
  1003 10044
  1004 10044
  1005 10044
  1006 10044
  1007 10044
  1008 10044
  1009 10044
  1010 10044
  1011 10044
  1012 10044
  1013 10044
  1014 10044
  1015 10044
  1016 10044
  1017 10044
  1018 10044
  1019 10044
  1020 10044
  1021 10118
  1022 10118
  1023 10118
  1024 10118
  1025 10118
  1026 10118
  1027 10118
  1028 10118
  1029 10118
  1030 10118
  1031 10118
  1032 10118
  1033 10118
  1034 10118
  1035 10118
  1036 10118
  1037 10118
  1038 10118
  1039 10118
  1040 10118
  1041 10118
  1042 10118
  1043 10118
  1044 10118
  1045 10118
  1046 10118
  1047 10118
  1048 10118
  1049 10118
  1050 10118
  1051 10118
  1052 10118
  1053 10118
  1054 10118
  1055 10118
  1056 10118
  1057 10118
  1058 10118
  1059 10118
  1060 10118
  1061 10118
  1062 10118
  1063 10118
  1064 10118
  1065 10118
  1066 10118
  1067 10118
  1068 10118
  1069 10118
  1070 10118
  1071 10118
  1072 10118
  1073 10118
  1074 10118
  1075 10118
  1076 10118
  1077 10118
  1078 10118
  1079 10118
  1080 10118
  1081 10118
  1082 10118
  1083 10118
  1084 10118
  1085 10118
  1086 10118
  1087 10118
  1088 10118
  1089 10118
  1090 10118
  1091 10118
  1092 10118
  1093 10118
  1094 10118
  1095 10118
  1096 10118
  1097 10118
  1098 10118
  1099 10118
  1100 10118
  1101 10118
  1102 10118
  1103 10118
  1104 10118
  1105 10118
  1106 10118
  1107 10118
  1108 10118
  1109 10118
  1110 10118
  1111 10118
  1112 10118
  1113 10118
  1114 10118
  1115 10118
  1116 10118
  1117 10118
  1118 10118
  1119 10118
  1120 10118
  1121 10118
  1122 10118
  1123 10118
  1124 10118
  1125 10118
  1126 10118
  1127 10118
  1128 10118
  1129 10118
  1130 10118
  1131 10118
  1132 10118
  1133 10118
  1134 10118
  1135 10118
  1136 10118
  1137 10118
  1138 10118
  1139 10118
  1140 10118
  1141 10118
  1142 10118
  1143 10118
  1144 10118
  1145 10118
  1146 10118
  1147 10118
  1148 10118
  1149 10118
  1150 10118
  1151 10118
  1152 10118
  1153 10118
  1154 10118
  1155 10118
  1156 10118
  1157 10118
  1158 10118
  1159 10118
  1160 10118
  1161 10118
  1162 10118
  1163 10118
  1164 10118
  1165 10118
  1166 10118
  1167 10118
  1168 10118
  1169 10118
  1170 10118
  1171 10118
  1172 10118
  1173 10118
  1174 10118
  1175 10118
  1176 10118
  1177 10118
  1178 10118
  1179 10118
  1180 10118
  1181 10118
  1182 10118
  1183 10118
  1184 10118
  1185 10118
  1186 10118
  1187 10118
  1188 10118
  1189 10118
  1190 10118
  1191 10118
  1192 10118
  1193 10118
  1194 10118
  1195 10118
  1196 10118
  1197 10118
  1198 10118
  1199 10118
  1200 10118
  1201 10118
  1202 10118
  1203 10118
  1204 10118
  1205 10118
  1206 10118
  1207 10118
  1208 10118
  1209 10118
  1210 10118
  1211 10118
  1212 10118
  1213 10118
  1214 10118
  1215 10118
  1216 10118
  1217 10118
  1218 10118
  1219 10118
  1220 10118
  1221 10118
  1222 10118
  1223 10118
  1224 10118
  1225 10118
  1226 10118
  1227 10118
  1228 10118
  1229 10118
  1230 10118
  1231 10118
  1232 10118
  1233 10118
  1234 10118
  1235 10118
  1236 10118
  1237 10118
  1238 10118
  1239 10118
  1240 10118
  1241 10118
  1242 10118
  1243 10118
  1244 10118
  1245 10118
  1246 10118
  1247 10118
  1248 10118
  1249 10118
  1250 10118
  1251 10118
  1252 10118
  1253 10118
  1254 10118
  1255 10118
  1256 10118
  1257 10118
  1258 10118
  1259 10118
  1260 10118
  1261 10131
  1262 10131
  1263 10131
  1264 10131
  1265 10131
  1266 10104
  1267 10131
  1268 10104
  1269 10104
  1270 10125
  1271 10131
  1272 10108
  1273 10108
  1274 10108
  1275 10131
  1276 10131
  1277 10131
  1278 10131
  1279 10131
  1280 10131
  1281 10131
  1282 10131
  1283 10131
  1284 10131
  1285 10131
  1286 10131
  1287 10131
  1288 10131
  1289 10131
  1290 10131
  1291 10131
  1292 10131
  1293 10131
  1294 10131
  1295 10131
  1296 10131
  1297 10131
  1298 10131
  1299 10131
  1300 10131
  1301 10131
  1302 10131
  1303 10131
  1304 10131
  1305 10131
  1306 10131
  1307 10131
  1308 10131
  1309 10131
  1310 10131
  1311 10131
  1312 10131
  1313 10131
  1314 10131
  1315 10131
  1316 10131
  1317 10131
  1318 10131
  1319 10131
  1320 10131
  1321 10131
  1322 10131
  1323 10131
  1324 10131
  1325 10131
  1326 10131
  1327 10131
  1328 10131
  1329 10131
  1330 10131
  1331 10131
  1332 10131
  1333 10131
  1334 10131
  1335 10131
  1336 10131
  1337 10131
  1338 10131
  1339 10131
  1340 10131
  1341 10131
  1342 10131
  1343 10131
  1344 10131
  1345 10131
  1346 10131
  1347 10131
  1348 10131
  1349 10131
  1350 10131
  1351 10131
  1352 10131
  1353 10131
  1354 10131
  1355 10131
  1356 10131
  1357 10131
  1358 10131
  1359 10131
  1360 10131
  1361 10131
  1362 10131
  1363 10131
  1364 10131
  1365 10131
  1366 10131
  1367 10131
  1368 10131
  1369 10131
  1370 10131
  1371 10131
  1372 10131
  1373 10131
  1374 10131
  1375 10131
  1376 10131
  1377 10131
  1378 10131
  1379 10131
  1380 10131
  1381 10131
  1382 10131
  1383 10131
  1384 10131
  1385 10131
  1386 10131
  1387 10131
  1388 10131
  1389 10131
  1390 10131
  1391 10131
  1392 10131
  1393 10131
  1394 10131
  1395 10131
  1396 10131
  1397 10131
  1398 10131
  1399 10131
  1400 10131
  1401 10131
  1402 10131
  1403 10131
  1404 10131
  1405 10131
  1406 10131
  1407 10131
  1408 10131
  1409 10131
  1410 10131
  1411 10131
  1412 10131
  1413 10131
  1414 10131
  1415 10131
  1416 10131
  1417 10131
  1418 10131
  1419 10131
  1420 10131
  1421 10131
  1422 10131
  1423 10131
  1424 10131
  1425 10131
  1426 10131
  1427 10131
  1428 10131
  1429 10131
  1430 10131
  1431 10131
  1432 10131
  1433 10131
  1434 10131
  1435 10131
  1436 10131
  1437 10131
  1438 10131
  1439 10131
  1440 10131
  1441 10131
  1442 10131
  1443 10131
  1444 10131
  1445 10131
  1446 10131
  1447 10131
  1448 10131
  1449 10131
  1450 10131
  1451 10131
  1452 10131
  1453 10131
  1454 10131
  1455 10131
  1456 10131
  1457 10131
  1458 10131
  1459 10131
  1460 10131
  1461 10131
  1462 10131
  1463 10131
  1464 10131
  1465 10131
  1466 10131
  1467 10131
  1468 10131
  1469 10131
  1470 10131
  1471 10131
  1472 10131
  1473 10131
  1474 10131
  1475 10131
  1476 10131
  1477 10131
  1478 10131
  1479 10131
  1480 10131
  1481 10131
  1482 10131
  1483 10131
  1484 10131
  1485 10131
  1486 10131
  1487 10131
  1488 10131
  1489 10131
  1490 10131
  1491 10131
  1492 10131
  1493 10131
  1494 10131
  1495 10131
  1496 10131
  1497 10131
  1498 10131
  1499 10131
  1500 10131
  1501 10067
  1502 10067
  1503 10067
  1504 10067
  1505 10067
  1506 10067
  1507 10067
  1508 10067
  1509 10067
  1510 10067
  1511 10067
  1512 10067
  1513 10067
  1514 10067
  1515 10067
  1516 10067
  1517 10067
  1518 10067
  1519 10067
  1520 10067
  1521 10067
  1522 10067
  1523 10067
  1524 10067
  1525 10067
  1526 10067
  1527 10067
  1528 10067
  1529 10067
  1530 10067
  1531 10067
  1532 10067
  1533 10067
  1534 10067
  1535 10067
  1536 10067
  1537 10067
  1538 10067
  1539 10067
  1540 10067
  1541 10067
  1542 10067
  1543 10067
  1544 10067
  1545 10067
  1546 10067
  1547 10067
  1548 10067
  1549 10067
  1550 10067
  1551 10067
  1552 10067
  1553 10067
  1554 10067
  1555 10067
  1556 10067
  1557 10067
  1558 10067
  1559 10067
  1560 10067
  1561 10067
  1562 10067
  1563 10067
  1564 10067
  1565 10067
  1566 10067
  1567 10067
  1568 10067
  1569 10067
  1570 10067
  1571 10067
  1572 10067
  1573 10067
  1574 10067
  1575 10067
  1576 10067
  1577 10067
  1578 10067
  1579 10067
  1580 10067
  1581 10067
  1582 10067
  1583 10067
  1584 10067
  1585 10067
  1586 10067
  1587 10067
  1588 10067
  1589 10067
  1590 10067
  1591 10067
  1592 10067
  1593 10067
  1594 10067
  1595 10067
  1596 10067
  1597 10067
  1598 10067
  1599 10067
  1600 10067
  1601 10067
  1602 10067
  1603 10067
  1604 10067
  1605 10067
  1606 10067
  1607 10067
  1608 10067
  1609 10067
  1610 10067
  1611 10067
  1612 10067
  1613 10067
  1614 10067
  1615 10067
  1616 10067
  1617 10067
  1618 10067
  1619 10067
  1620 10067
  1630 10123
  1631 10123
  1632 10123
  1633 10123
  1634 10123
  1635 10123
  1636 10123
  1637 10123
  1638 10123
  1639 10123
  1640 10123
  1641 10123
  1642 10123
  1643 10123
  1644 10123
  1645 10123
  1646 10123
  1647 10123
  1648 10123
  1649 10123
  1650 10123
  1651 10123
  1652 10123
  1653 10123
  1654 10123
  1655 10123
  1656 10123
  1657 10123
  1658 10123
  1659 10123
  1660 10123
  1661 10123
  1662 10123
  1663 10123
  1664 10123
  1665 10123
  1666 10123
  1667 10123
  1668 10123
  1669 10123
  1670 10123
  1671 10123
  1672 10123
  1673 10123
  1674 10123
  1675 10123
  1676 10123
  1677 10123
  1678 10123
  1679 10123
  1680 10123
  1681 10123
  1682 10123
  1683 10123
  1684 10123
  1685 10123
  1686 10123
  1687 10123
  1688 10123
  1689 10123
  1690 10123
  1691 10123
  1692 10123
  1693 10123
  1694 10123
  1695 10123
  1696 10123
  1697 10123
  1698 10123
  1699 10123
  1700 10123
  1701 10123
  1702 10123
  1703 10123
  1704 10123
  1705 10123
  1706 10123
  1707 10123
  1708 10123
  1709 10123
  1710 10123
  1711 10123
  1712 10123
  1713 10123
  1714 10123
  1715 10123
  1716 10123
  1717 10123
  1718 10123
  1719 10123
  1720 10123
  1721 10123
  1722 10123
  1723 10123
  1724 10123
  1725 10123
  1726 10123
  1727 10123
  1728 10123
  1729 10123
  1730 10123
  1731 10123
  1732 10123
  1733 10123
  1734 10123
  1735 10123
  1736 10123
  1737 10123
  1738 10123
  1739 10123
  1740 10123
  1741 10123
  1742 10123
  1743 10123
  1744 10123
  1745 10123
  1746 10123
  1747 10123
  1748 10123
  1749 10123
  1750 10123
  1751 10123
  1752 10123
  1753 10123
  1754 10123
  1755 10123
  1756 10123
  1757 10123
  1758 10123
  1759 10123
  1760 10123
  1761 10123
  1762 10123
  1763 10123
  1764 10123
  1765 10123
  1766 10123
  1767 10123
  1768 10123
  1769 10123
  1770 10123
  1771 10123
  1772 10123
  1773 10123
  1774 10123
  1775 10123
  1776 10123
  1777 10123
  1778 10123
  1779 10123
  1780 10123
  1781 10123
  1782 10123
  1783 10123
  1784 10123
  1785 10123
  1786 10123
  1787 10123
  1788 10123
  1789 10123
  1790 10123
  1791 10123
  1792 10123
  1793 10123
  1794 10123
  1795 10123
  1796 10123
  1797 10123
  1798 10123
  1799 10123
  1800 10123
  1801 10123
  1802 10123
  1803 10123
  1804 10123
  1805 10123
  1806 10123
  1807 10123
  1808 10123
  1809 10123
  1810 10123
  1811 10123
  1812 10123
  1813 10123
  1814 10123
  1815 10123
  1816 10123
  1817 10123
  1818 10123
  1819 10123
  1820 10123
  1821 10123
  1822 10123
  1823 10123
  1824 10123
  1825 10123
  1826 10123
  1827 10123
  1828 10123
  1829 10123
  1830 10123
  1831 10123
  1832 10123
  1833 10123
  1834 10123
  1835 10123
  1836 10123
  1837 10123
  1838 10123
  1839 10123
  1840 10123
  1841 10123
  1842 10123
  1843 10123
  1844 10123
  1845 10123
  1846 10123
  1847 10123
  1848 10123
  1849 10123
  1850 10123
  1851 10123
  1852 10123
  1853 10123
  1854 10123
  1855 10123
  1856 10123
  1857 10123
  1858 10123
  1859 10123
  1860 10123
  1861 10123
  1862 10123
  1863 10123
  1864 10123
  1868 10082
  1869 10082
  1870 10082
  1871 10082
  1872 10082
  1873 10082
  1874 10082
  1875 10082
  1876 10082
  1877 10082
  1878 10082
  1879 10082
  1880 10082
  1881 10082
  1882 10082
  1883 10082
  1884 10082
  1885 10082
  1886 10082
  1887 10082
  1888 10082
  1889 10082
  1890 10082
  1891 10082
  1892 10082
  1893 10082
  1894 10082
  1895 10082
  1896 10082
  1897 10082
  1898 10082
  1899 10082
  1900 10082
  1901 10082
  1902 10082
  1903 10082
  1904 10082
  1905 10082
  1906 10082
  1907 10082
  1908 10082
  1909 10082
  1910 10082
  1911 10082
  1912 10082
  1913 10082
  1914 10082
  1915 10082
  1916 10082
  1917 10082
  1918 10082
  1919 10082
  1920 10082
  1921 10082
  1922 10082
  1923 10082
  1924 10082
  1925 10082
  1926 10082
  1927 10082
  1928 10082
  1929 10082
  1930 10082
  1931 10082
  1932 10082
  1933 10082
  1934 10082
  1935 10082
  1936 10082
  1937 10082
  1938 10082
  1939 10082
  1940 10082
  1941 10082
  1942 10082
  1943 10082
  1944 10082
  1945 10082
  1946 10082
  1947 10082
  1948 10082
  1949 10082
  1950 10082
  1951 10082
  1952 10082
  1953 10082
  1954 10082
  1955 10082
  1956 10082
  1957 10082
  1958 10082
  1959 10082
  1960 10082
  1961 10082
  1962 10082
  1963 10082
  1964 10082
  1965 10082
  1966 10082
  1967 10082
  1968 10082
  1969 10082
  1970 10082
  1971 10082
  1972 10082
  1973 10082
  1974 10082
  1975 10082
  1976 10082
  1977 10082
  1978 10082
  1979 10082
  1980 10082
  1981 10082
  1982 10082
  1983 10082
  1984 10082
  1985 10082
  1986 10082
  1987 10082
  1988 10082
  1989 10082
  1990 10082
  1991 10082
  1992 10082
  1993 10082
  1994 10082
  1995 10082
  1996 10082
  1997 10082
  1998 10082
  1999 10082
  2000 10082
  2001 10082
  2002 10082
  2003 10082
  2004 10082
  2005 10082
  2006 10082
  2007 10082
  2008 10082
  2009 10082
  2010 10082
  2011 10082
  2012 10082
  2013 10082
  2014 10082
  2015 10082
  2016 10082
  2017 10082
  2018 10082
  2019 10082
  2020 10082
  2021 10041
  2022 10082
