   690 10132
   691 10132
   692 10132
   693 10132
   694 10132
   695 10132
   696 10132
   697 10132
   698 10132
   699 10132
   700 10132
   701 10132
   702 10132
   703 10132
   704 10132
   705 10132
   706 10132
   707 10132
   708 10132
   709 10132
   710 10132
   711 10132
   712 10132
   713 10132
   714 10132
   715 10132
   716 10132
   717 10132
   718 10132
   719 10132
   720 10132
   721 10132
   722 10132
   723 10132
   724 10132
   725 10132
   726 10132
   727 10132
   728 10132
   729 10132
   730 10132
   731 10132
   732 10132
   733 10132
   734 10132
   735 10132
   736 10132
   737 10132
   738 10132
   739 10132
   740 10132
   741 10132
   742 10132
   743 10132
   744 10132
   745 10132
   746 10132
   747 10132
   748 10132
   749 10132
   750 10132
   751 10132
   752 10132
   753 10132
   754 10132
   755 10132
   756 10132
   757 10132
   758 10132
   759 10132
   760 10132
   761 10132
   762 10132
   763 10132
   764 10132
   765 10132
   766 10132
   767 10132
   768 10132
   769 10132
   770 10132
   771 10132
   772 10132
   773 10132
   774 10132
   775 10132
   776 10132
   777 10132
   778 10132
   779 10132
   780 10132
   790 10088
   791 10062
   792 10049
   793 10049
   794 10049
   795 10049
   796 10049
   797 10049
   798 10049
   799 10049
   800 10049
   801 10049
   802 10049
   803 10049
   804 10049
   805 10049
   806 10049
   807 10049
   808 10049
   809 10049
   810 10049
   811 10049
   812 10049
   813 10049
   814 10049
   815 10049
   816 10049
   817 10049
   818 10049
   819 10049
   820 10049
   821 10049
   822 10049
   823 10049
   824 10049
   825 10049
   826 10049
   827 10049
   828 10049
   829 10049
   830 10049
   831 10049
   832 10049
   833 10049
   834 10049
   835 10049
   836 10049
   837 10049
   838 10049
   839 10049
   840 10049
   841 10049
   842 10049
   843 10049
   844 10049
   845 10049
   846 10049
   847 10049
   848 10049
   849 10049
   850 10049
   851 10049
   852 10049
   853 10049
   854 10049
   855 10049
   856 10049
   857 10049
   858 10049
   859 10049
   860 10049
   861 10049
   862 10049
   863 10049
   864 10049
   865 10049
   866 10049
   867 10049
   868 10049
   869 10049
   870 10049
   871 10049
   872 10049
   873 10049
   874 10049
   875 10049
   876 10049
   877 10049
   878 10049
   879 10049
   880 10049
   881 10049
   882 10049
   883 10049
   884 10049
   885 10049
   886 10049
   887 10049
   888 10049
   889 10049
   890 10049
   891 10049
   892 10049
   893 10049
   894 10049
   895 10049
   896 10049
   897 10049
   898 10049
   899 10049
   900 10049
   901 10049
   902 10049
   903 10049
   904 10049
   905 10049
   906 10049
   907 10049
   908 10049
   909 10049
   910 10049
   911 10049
   912 10049
   913 10049
   914 10049
   915 10049
   916 10049
   917 10049
   918 10049
   919 10049
   920 10049
   921 10049
   922 10049
   923 10049
   924 10049
   925 10049
   926 10049
   927 10049
   928 10049
   929 10049
   930 10049
   931 10049
   932 10049
   933 10049
   934 10049
   935 10049
   936 10049
   937 10049
   938 10049
   939 10049
   940 10049
   941 10049
   942 10049
   943 10049
   944 10049
   945 10049
   946 10049
   947 10049
   948 10049
   949 10049
   950 10049
   951 10049
   952 10049
   953 10049
   954 10049
   955 10049
   956 10049
   957 10049
   958 10049
   959 10049
   960 10049
   961 10049
   962 10049
   963 10049
   964 10049
   965 10049
   966 10049
   967 10049
   968 10049
   969 10049
   970 10049
   971 10049
   972 10049
   973 10049
   974 10049
   975 10049
   976 10049
   977 10049
   978 10049
   979 10049
   980 10049
   981 10049
   982 10049
   983 10049
   984 10049
   985 10049
   986 10049
   987 10049
   988 10049
   989 10049
   990 10049
   991 10049
   992 10049
   993 10049
   994 10049
   995 10049
   996 10049
   997 10049
   998 10049
   999 10049
  1000 10049
  1001 10049
  1002 10049
  1003 10049
  1004 10049
  1005 10049
  1006 10049
  1007 10049
  1008 10049
  1009 10049
  1010 10049
  1011 10049
  1012 10049
  1013 10049
  1014 10049
  1015 10049
  1016 10049
  1017 10049
  1018 10049
  1019 10049
  1020 10049
  1025 10122
  1027 10122
  1028 10122
  1029 10122
  1030 10122
  1031 10122
  1032 10122
  1033 10122
  1034 10122
  1035 10122
  1036 10122
  1037 10122
  1038 10122
  1039 10122
  1040 10122
  1041 10122
  1042 10122
  1043 10122
  1044 10122
  1045 10122
  1046 10122
  1047 10122
  1048 10122
  1049 10122
  1050 10122
  1051 10122
  1052 10122
  1053 10122
  1054 10122
  1055 10122
  1056 10122
  1057 10122
  1058 10122
  1059 10122
  1060 10122
  1061 10122
  1062 10122
  1063 10122
  1064 10122
  1065 10122
  1066 10122
  1067 10122
  1068 10122
  1069 10122
  1070 10122
  1071 10122
  1072 10122
  1073 10122
  1074 10122
  1075 10122
  1076 10122
  1077 10122
  1078 10122
  1079 10122
  1080 10122
  1081 10122
  1082 10122
  1083 10122
  1084 10122
  1085 10122
  1086 10122
  1087 10122
  1088 10122
  1089 10122
  1090 10122
  1091 10122
  1092 10122
  1093 10122
  1094 10122
  1095 10122
  1096 10122
  1097 10122
  1098 10122
  1099 10122
  1100 10122
  1101 10122
  1102 10122
  1103 10122
  1104 10122
  1105 10122
  1106 10122
  1107 10122
  1108 10122
  1109 10122
  1110 10122
  1111 10122
  1112 10122
  1113 10122
  1114 10122
  1115 10122
  1116 10122
  1117 10122
  1118 10122
  1119 10122
  1120 10122
  1121 10122
  1122 10122
  1123 10122
  1124 10122
  1125 10122
  1126 10122
  1127 10122
  1128 10122
  1129 10122
  1130 10122
  1131 10122
  1132 10122
  1133 10122
  1134 10122
  1135 10122
  1136 10122
  1137 10122
  1138 10122
  1139 10122
  1140 10122
  1141 10122
  1142 10122
  1143 10122
  1144 10122
  1145 10122
  1146 10122
  1147 10122
  1148 10122
  1149 10122
  1150 10122
  1151 10122
  1152 10122
  1153 10122
  1154 10122
  1155 10122
  1156 10122
  1157 10122
  1158 10122
  1159 10122
  1160 10122
  1161 10122
  1162 10122
  1163 10122
  1164 10122
  1165 10122
  1166 10122
  1167 10122
  1168 10122
  1169 10122
  1170 10122
  1171 10122
  1172 10122
  1173 10122
  1174 10122
  1175 10122
  1176 10122
  1177 10122
  1178 10122
  1179 10122
  1180 10122
  1181 10122
  1182 10122
  1183 10122
  1184 10122
  1185 10122
  1186 10122
  1187 10122
  1188 10122
  1189 10122
  1190 10122
  1191 10122
  1192 10122
  1193 10122
  1194 10122
  1195 10122
  1196 10122
  1197 10122
  1198 10122
  1199 10122
  1200 10122
  1201 10122
  1202 10122
  1203 10122
  1204 10122
  1205 10122
  1206 10122
  1207 10122
  1208 10122
  1209 10122
  1210 10122
  1211 10122
  1212 10122
  1213 10122
  1214 10122
  1215 10122
  1216 10122
  1217 10122
  1218 10122
  1219 10122
  1220 10122
  1221 10122
  1222 10122
  1223 10122
  1224 10122
  1225 10122
  1226 10122
  1227 10122
  1228 10122
  1229 10122
  1230 10122
  1231 10122
  1232 10122
  1233 10122
  1234 10122
  1235 10122
  1236 10122
  1237 10122
  1238 10122
  1239 10122
  1240 10122
  1241 10122
  1242 10122
  1243 10122
  1244 10122
  1245 10122
  1246 10122
  1247 10122
  1248 10122
  1249 10122
  1250 10122
  1251 10122
  1252 10122
  1253 10122
  1254 10122
  1255 10122
  1256 10122
  1257 10122
  1258 10122
  1262 10154
  1263 10154
  1264 10143
  1265 10143
  1266 10143
  1267 10095
  1268 10067
  1269 10067
  1270 10067
  1271 10067
  1275 10095
  1276 10095
  1277 10095
  1278 10095
  1279 10095
  1280 10095
  1281 10095
  1282 10095
  1283 10095
  1284 10095
  1285 10095
  1286 10095
  1287 10095
  1288 10095
  1289 10095
  1290 10095
  1291 10095
  1292 10095
  1293 10095
  1294 10095
  1295 10095
  1296 10095
  1297 10095
  1298 10095
  1299 10095
  1300 10095
  1301 10095
  1302 10095
  1303 10095
  1304 10095
  1305 10095
  1306 10095
  1307 10095
  1308 10095
  1309 10095
  1310 10095
  1311 10095
  1312 10095
  1313 10095
  1314 10095
  1315 10095
  1316 10095
  1317 10095
  1318 10095
  1319 10095
  1320 10095
  1321 10095
  1322 10095
  1323 10095
  1324 10095
  1325 10095
  1326 10095
  1327 10095
  1328 10095
  1329 10095
  1330 10095
  1331 10095
  1332 10095
  1333 10095
  1334 10095
  1335 10095
  1336 10095
  1337 10095
  1338 10095
  1339 10095
  1340 10095
  1341 10095
  1342 10095
  1343 10095
  1344 10095
  1345 10095
  1346 10095
  1347 10095
  1348 10095
  1349 10095
  1350 10095
  1351 10095
  1352 10095
  1353 10095
  1354 10095
  1355 10095
  1356 10095
  1357 10095
  1358 10095
  1359 10095
  1360 10095
  1361 10095
  1362 10095
  1363 10095
  1364 10095
  1365 10095
  1366 10095
  1367 10095
  1368 10095
  1369 10095
  1370 10095
  1371 10095
  1372 10095
  1373 10095
  1374 10095
  1375 10095
  1376 10095
  1377 10095
  1378 10095
  1379 10095
  1380 10095
  1381 10095
  1382 10095
  1383 10095
  1384 10095
  1385 10095
  1386 10095
  1387 10095
  1388 10095
  1389 10095
  1390 10095
  1391 10095
  1392 10095
  1393 10095
  1394 10095
  1395 10095
  1396 10095
  1397 10095
  1398 10095
  1399 10095
  1400 10095
  1401 10095
  1402 10095
  1403 10095
  1404 10095
  1405 10095
  1406 10095
  1407 10095
  1408 10095
  1409 10095
  1410 10095
  1411 10095
  1412 10095
  1413 10095
  1414 10095
  1415 10095
  1416 10095
  1417 10095
  1418 10095
  1419 10095
  1420 10095
  1421 10095
  1422 10095
  1423 10095
  1424 10095
  1425 10095
  1426 10095
  1427 10095
  1428 10095
  1429 10095
  1430 10095
  1431 10095
  1432 10095
  1433 10095
  1434 10095
  1435 10095
  1436 10095
  1437 10095
  1438 10095
  1439 10095
  1440 10095
  1441 10095
  1442 10095
  1443 10095
  1444 10095
  1445 10095
  1446 10095
  1447 10095
  1448 10095
  1449 10095
  1450 10095
  1451 10095
  1452 10095
  1453 10095
  1454 10095
  1455 10095
  1456 10095
  1457 10095
  1458 10095
  1459 10095
  1460 10095
  1461 10095
  1462 10095
  1463 10095
  1464 10095
  1465 10095
  1466 10095
  1467 10095
  1468 10095
  1469 10095
  1470 10095
  1471 10095
  1472 10095
  1473 10095
  1474 10095
  1475 10095
  1476 10095
  1477 10095
  1478 10095
  1479 10095
  1480 10095
  1481 10095
  1482 10095
  1483 10095
  1484 10095
  1485 10095
  1486 10095
  1487 10095
  1488 10095
  1489 10095
  1490 10095
  1491 10095
  1492 10095
  1493 10095
  1494 10095
  1495 10095
  1496 10095
  1497 10095
  1498 10095
  1499 10095
  1500 10095
  1501 10067
  1502 10067
  1503 10067
  1504 10067
  1505 10067
  1506 10067
  1507 10067
  1508 10067
  1509 10067
  1510 10067
  1511 10067
  1512 10067
  1513 10067
  1514 10067
  1515 10067
  1516 10067
  1517 10067
  1518 10067
  1519 10067
  1520 10067
  1521 10067
  1522 10067
  1523 10067
  1524 10067
  1525 10067
  1526 10067
  1527 10067
  1528 10067
  1529 10067
  1530 10067
  1531 10067
  1532 10067
  1533 10067
  1534 10067
  1535 10067
  1536 10067
  1537 10067
  1538 10067
  1539 10067
  1540 10067
  1541 10067
  1542 10067
  1543 10067
  1544 10067
  1545 10067
  1546 10067
  1547 10067
  1548 10067
  1549 10067
  1550 10067
  1551 10067
  1552 10067
  1553 10067
  1554 10067
  1555 10067
  1556 10067
  1557 10067
  1558 10067
  1559 10067
  1560 10067
  1561 10067
  1562 10067
  1563 10067
  1564 10067
  1565 10067
  1566 10067
  1567 10067
  1568 10067
  1569 10067
  1570 10067
  1571 10067
  1572 10067
  1573 10067
  1574 10067
  1575 10067
  1576 10067
  1577 10067
  1578 10067
  1579 10067
  1580 10067
  1581 10067
  1582 10067
  1583 10067
  1584 10067
  1585 10067
  1586 10067
  1587 10067
  1588 10067
  1589 10067
  1590 10067
  1591 10067
  1592 10067
  1593 10067
  1594 10067
  1595 10067
  1596 10067
  1597 10067
  1598 10067
  1599 10067
  1600 10067
  1601 10067
  1602 10067
  1603 10067
  1604 10067
  1605 10067
  1606 10067
  1607 10067
  1608 10067
  1609 10067
  1610 10067
  1611 10067
  1612 10067
  1613 10067
  1614 10067
  1615 10067
  1616 10067
  1617 10067
  1618 10067
  1619 10067
  1620 10067
  1621 10061
  1622 10101
  1625 10143
  1626 10014
  1627 10014
  1628 10014
  1629 10075
  1630 10075
  1631 10075
  1632 10075
  1633 10075
  1634 10075
  1635 10075
  1636 10075
  1637 10075
  1638 10075
  1639 10075
  1640 10075
  1641 10075
  1642 10075
  1643 10075
  1644 10075
  1645 10075
  1646 10075
  1647 10075
  1648 10075
  1649 10075
  1650 10075
  1651 10075
  1652 10075
  1653 10075
  1654 10075
  1655 10075
  1656 10075
  1657 10075
  1658 10075
  1659 10075
  1660 10075
  1661 10075
  1662 10075
  1663 10075
  1664 10075
  1665 10075
  1666 10075
  1667 10075
  1668 10075
  1669 10075
  1670 10075
  1671 10075
  1672 10075
  1673 10075
  1674 10075
  1675 10075
  1676 10075
  1677 10075
  1678 10075
  1679 10075
  1680 10075
  1681 10075
  1682 10075
  1683 10075
  1684 10075
  1685 10075
  1686 10075
  1687 10075
  1688 10075
  1689 10075
  1690 10075
  1691 10075
  1692 10075
  1693 10075
  1694 10075
  1695 10075
  1696 10075
  1697 10075
  1698 10075
  1699 10075
  1700 10075
  1701 10075
  1702 10075
  1703 10075
  1704 10075
  1705 10075
  1706 10075
  1707 10075
  1708 10075
  1709 10075
  1710 10075
  1711 10075
  1712 10075
  1713 10075
  1714 10075
  1715 10075
  1716 10075
  1717 10075
  1718 10075
  1719 10075
  1720 10075
  1721 10075
  1722 10075
  1723 10075
  1724 10075
  1725 10075
  1726 10075
  1727 10075
  1728 10075
  1729 10075
  1730 10075
  1731 10075
  1732 10075
  1733 10075
  1734 10075
  1735 10075
  1736 10075
  1737 10075
  1738 10075
  1739 10075
  1740 10075
  1741 10075
  1742 10075
  1743 10075
  1744 10075
  1745 10075
  1746 10075
  1747 10075
  1748 10075
  1749 10075
  1750 10075
  1751 10075
  1752 10075
  1753 10075
  1754 10075
  1755 10075
  1756 10075
  1757 10075
  1758 10075
  1759 10075
  1760 10075
  1761 10075
  1762 10075
  1763 10075
  1764 10075
  1765 10075
  1766 10075
  1767 10075
  1768 10075
  1769 10075
  1770 10075
  1771 10075
  1772 10075
  1773 10075
  1774 10075
  1775 10075
  1776 10075
  1777 10075
  1778 10075
  1779 10075
  1780 10075
  1781 10075
  1782 10075
  1783 10075
  1784 10075
  1785 10075
  1786 10075
  1787 10075
  1788 10075
  1789 10075
  1790 10075
  1791 10075
  1792 10075
  1793 10075
  1794 10075
  1795 10075
  1796 10075
  1797 10075
  1798 10075
  1799 10075
  1800 10075
  1801 10075
  1802 10075
  1803 10075
  1804 10075
  1805 10075
  1806 10075
  1807 10075
  1808 10075
  1809 10075
  1810 10075
  1811 10075
  1812 10075
  1813 10075
  1814 10075
  1815 10075
  1816 10075
  1817 10075
  1818 10075
  1819 10075
  1820 10075
  1821 10075
  1822 10075
  1823 10075
  1824 10075
  1825 10075
  1826 10075
  1827 10075
  1828 10075
  1829 10075
  1830 10075
  1831 10075
  1832 10075
  1833 10075
  1834 10075
  1835 10075
  1836 10075
  1837 10075
  1838 10075
  1839 10075
  1840 10075
  1841 10075
  1842 10075
  1843 10075
  1844 10075
  1845 10075
  1846 10075
  1847 10075
  1848 10075
  1849 10075
  1850 10075
  1851 10075
  1852 10075
  1853 10075
  1854 10075
  1855 10075
  1856 10143
  1857 10143
  1858 10016
  1859 10016
  1860 10016
  1861 10016
  1862 10016
  1863 10016
  1864 10016
  1865 10016
  1866 10016
  1867 10143
  1868 10153
  1869 10081
  1870 10016
  1871 10016
  1872 10016
  1873 10016
  1874 10016
  1875 10016
  1876 10016
  1877 10016
  1878 10016
  1879 10016
  1880 10016
  1881 10016
  1882 10016
  1883 10016
  1884 10016
  1885 10016
  1886 10016
  1887 10014
  1888 10016
  1889 10016
  1890 10016
  1891 10016
  1892 10016
  1893 10016
  1894 10016
  1895 10016
  1896 10016
  1897 10016
  1898 10016
  1899 10016
  1900 10016
  1901 10016
  1902 10016
  1903 10154
  1904 10154
  1905 10158
  1906 10158
  1907 10158
  1908 10158
  1909 10158
  1910 10158
  1911 10158
  1912 10055
  1913 10055
  1914 10009
  1915 10141
  1916 10141
  1917 10141
  1918 10141
  1919 10141
  1930 10159
  1931 10159
  1935 10141
  1942 10106
  1943 10173
  1944 10173
  1946 10130
  1947 10130
  1968 10045
