   687 10029
   688 10029
   689 10029
   690 10029
   691 10029
   692 10029
   693 10029
   694 10029
   695 10029
   696 10029
   697 10029
   698 10029
   699 10029
   700 10029
   701 10029
   702 10029
   703 10029
   704 10029
   705 10029
   706 10029
   707 10029
   708 10029
   709 10029
   710 10029
   711 10029
   712 10029
   713 10029
   714 10029
   715 10029
   716 10029
   717 10029
   718 10029
   719 10029
   720 10029
   721 10029
   722 10029
   723 10029
   724 10029
   725 10029
   726 10029
   727 10029
   728 10029
   729 10029
   730 10029
   731 10029
   732 10029
   733 10029
   734 10029
   735 10029
   736 10029
   737 10029
   738 10029
   739 10029
   740 10029
   741 10029
   742 10029
   743 10029
   744 10029
   745 10029
   746 10029
   747 10029
   748 10029
   749 10029
   750 10029
   751 10029
   752 10029
   753 10029
   754 10029
   755 10029
   756 10029
   757 10029
   758 10029
   759 10029
   760 10029
   761 10029
   762 10029
   763 10029
   764 10029
   765 10029
   766 10029
   767 10029
   768 10029
   769 10029
   770 10029
   771 10029
   772 10029
   773 10029
   774 10029
   775 10029
   776 10029
   777 10029
   778 10029
   779 10029
   780 10029
   785 10151
   786 10151
   787 10151
   788 10151
  1017 10072
  1018 10072
  1022 10101
  1023 10101
  1024 10101
  1026 10143
  1027 10155
  1028 10155
  1029 10155
  1030 10155
  1031 10155
  1032 10155
  1033 10155
  1034 10155
  1035 10155
  1036 10155
  1037 10155
  1038 10155
  1039 10155
  1040 10155
  1041 10155
  1042 10155
  1043 10155
  1044 10155
  1045 10155
  1046 10155
  1047 10155
  1048 10155
  1049 10155
  1050 10155
  1051 10155
  1052 10155
  1053 10155
  1054 10155
  1055 10155
  1056 10155
  1057 10155
  1058 10155
  1059 10155
  1060 10155
  1061 10155
  1062 10155
  1063 10155
  1064 10155
  1065 10155
  1066 10155
  1067 10155
  1068 10155
  1069 10155
  1070 10155
  1071 10155
  1072 10155
  1073 10155
  1074 10155
  1075 10155
  1076 10155
  1077 10155
  1078 10155
  1079 10155
  1080 10155
  1081 10155
  1082 10155
  1083 10155
  1084 10155
  1085 10155
  1086 10155
  1087 10155
  1088 10155
  1089 10155
  1090 10155
  1091 10155
  1092 10155
  1093 10155
  1094 10155
  1095 10155
  1096 10155
  1097 10155
  1098 10155
  1099 10155
  1100 10155
  1101 10155
  1102 10155
  1103 10155
  1104 10155
  1105 10155
  1106 10155
  1107 10155
  1108 10155
  1109 10155
  1110 10155
  1111 10155
  1112 10155
  1113 10155
  1114 10155
  1115 10155
  1116 10155
  1117 10155
  1118 10155
  1119 10155
  1120 10155
  1121 10155
  1122 10155
  1123 10155
  1124 10155
  1125 10155
  1126 10155
  1127 10155
  1128 10155
  1129 10155
  1130 10155
  1131 10155
  1132 10155
  1133 10155
  1134 10155
  1135 10155
  1136 10155
  1137 10155
  1138 10155
  1139 10155
  1140 10155
  1141 10155
  1142 10155
  1143 10155
  1144 10155
  1145 10155
  1146 10155
  1147 10155
  1148 10155
  1149 10155
  1150 10155
  1151 10155
  1152 10155
  1153 10155
  1154 10155
  1155 10155
  1156 10155
  1157 10155
  1158 10155
  1159 10155
  1160 10155
  1161 10155
  1162 10155
  1163 10155
  1164 10155
  1165 10155
  1166 10155
  1167 10155
  1168 10155
  1169 10155
  1170 10155
  1171 10155
  1172 10155
  1173 10155
  1174 10155
  1175 10155
  1176 10155
  1177 10155
  1178 10155
  1179 10155
  1180 10155
  1181 10155
  1182 10155
  1183 10155
  1184 10155
  1185 10155
  1186 10155
  1187 10155
  1188 10155
  1189 10155
  1190 10155
  1191 10155
  1192 10155
  1193 10155
  1194 10155
  1195 10155
  1196 10155
  1197 10155
  1198 10155
  1199 10155
  1200 10155
  1201 10155
  1202 10155
  1203 10155
  1204 10155
  1205 10155
  1206 10155
  1207 10155
  1208 10155
  1209 10155
  1210 10155
  1211 10155
  1212 10155
  1213 10155
  1214 10155
  1215 10155
  1216 10155
  1217 10155
  1218 10155
  1219 10155
  1220 10155
  1221 10155
  1222 10155
  1223 10155
  1224 10155
  1225 10155
  1226 10155
  1227 10155
  1228 10155
  1229 10155
  1230 10155
  1231 10155
  1232 10155
  1233 10155
  1234 10155
  1235 10155
  1236 10155
  1237 10155
  1238 10155
  1239 10155
  1240 10155
  1241 10155
  1242 10155
  1243 10155
  1244 10155
  1245 10155
  1246 10155
  1247 10155
  1248 10155
  1249 10155
  1250 10155
  1251 10155
  1252 10155
  1253 10155
  1254 10155
  1255 10155
  1256 10155
  1257 10155
  1258 10143
  1259 10154
  1260 10154
  1261 10154
  1262 10154
  1266 10083
  1270 10123
  1271 10123
  1272 10123
  1273 10123
  1274 10123
  1275 10123
  1276 10123
  1277 10123
  1278 10123
  1279 10123
  1280 10123
  1281 10123
  1282 10123
  1283 10123
  1284 10123
  1285 10123
  1286 10123
  1287 10123
  1288 10123
  1289 10123
  1290 10123
  1291 10123
  1292 10123
  1293 10123
  1294 10123
  1295 10123
  1296 10123
  1297 10123
  1298 10123
  1299 10123
  1300 10123
  1301 10123
  1302 10123
  1303 10123
  1304 10123
  1305 10123
  1306 10123
  1307 10123
  1308 10123
  1309 10123
  1310 10123
  1311 10123
  1312 10123
  1313 10123
  1314 10123
  1315 10123
  1316 10123
  1317 10123
  1318 10123
  1319 10123
  1320 10123
  1321 10123
  1322 10123
  1323 10123
  1324 10123
  1325 10123
  1326 10123
  1327 10123
  1328 10123
  1329 10123
  1330 10123
  1331 10123
  1332 10123
  1333 10123
  1334 10123
  1335 10123
  1336 10123
  1337 10123
  1338 10123
  1339 10123
  1340 10123
  1341 10123
  1342 10123
  1343 10123
  1344 10123
  1345 10123
  1346 10123
  1347 10123
  1348 10123
  1349 10123
  1350 10123
  1351 10123
  1352 10123
  1353 10123
  1354 10123
  1355 10123
  1356 10123
  1357 10123
  1358 10123
  1359 10123
  1360 10123
  1361 10123
  1362 10123
  1363 10123
  1364 10123
  1365 10123
  1366 10123
  1367 10123
  1368 10123
  1369 10123
  1370 10123
  1371 10123
  1372 10123
  1373 10123
  1374 10123
  1375 10123
  1376 10123
  1377 10123
  1378 10123
  1379 10123
  1380 10123
  1381 10123
  1382 10123
  1383 10123
  1384 10123
  1385 10123
  1386 10123
  1387 10123
  1388 10123
  1389 10123
  1390 10123
  1391 10123
  1392 10123
  1393 10123
  1394 10123
  1395 10123
  1396 10123
  1397 10123
  1398 10123
  1399 10123
  1400 10123
  1401 10123
  1402 10123
  1403 10123
  1404 10123
  1405 10123
  1406 10123
  1407 10123
  1408 10123
  1409 10123
  1410 10123
  1411 10123
  1412 10123
  1413 10123
  1414 10123
  1415 10123
  1416 10123
  1417 10123
  1418 10123
  1419 10123
  1420 10123
  1421 10123
  1422 10123
  1423 10123
  1424 10123
  1425 10123
  1426 10123
  1427 10123
  1428 10123
  1429 10123
  1430 10123
  1431 10123
  1432 10123
  1433 10123
  1434 10123
  1435 10123
  1436 10123
  1437 10123
  1438 10123
  1439 10123
  1440 10123
  1441 10123
  1442 10123
  1443 10123
  1444 10123
  1445 10123
  1446 10123
  1447 10123
  1448 10123
  1449 10123
  1450 10123
  1451 10123
  1452 10123
  1453 10123
  1454 10123
  1455 10123
  1456 10123
  1457 10123
  1458 10123
  1459 10123
  1460 10123
  1461 10123
  1462 10123
  1463 10123
  1464 10123
  1465 10123
  1466 10123
  1467 10123
  1468 10123
  1469 10123
  1470 10123
  1471 10123
  1472 10123
  1473 10123
  1474 10123
  1475 10123
  1476 10123
  1477 10123
  1478 10123
  1479 10123
  1480 10123
  1481 10123
  1482 10123
  1483 10123
  1484 10123
  1485 10123
  1486 10123
  1487 10123
  1488 10123
  1489 10123
  1490 10123
  1491 10123
  1492 10123
  1493 10123
  1494 10123
  1495 10123
  1496 10123
  1497 10123
  1498 10123
  1499 10123
  1500 10123
  1501 10138
  1502 10101
  1503 10101
  1504 10101
  1505 10101
  1506 10018
  1507 10018
  1508 10018
  1509 10018
  1510 10018
  1511 10018
  1512 10018
  1513 10018
  1514 10040
  1515 10040
  1516 10040
  1517 10055
  1518 10055
  1519 10055
  1520 10055
  1521 10055
  1522 10055
  1523 10055
  1524 10055
  1525 10018
  1526 10055
  1527 10055
  1528 10055
  1529 10055
  1530 10055
  1531 10055
  1532 10055
  1533 10055
  1534 10055
  1535 10055
  1536 10055
  1537 10055
  1538 10055
  1539 10055
  1540 10055
  1541 10055
  1542 10055
  1543 10055
  1544 10055
  1545 10055
  1546 10055
  1547 10018
  1548 10018
  1549 10018
  1550 10055
  1551 10055
  1552 10055
  1553 10055
  1554 10055
  1555 10055
  1556 10055
  1557 10055
  1558 10055
  1559 10055
  1560 10055
  1561 10055
  1562 10055
  1563 10055
  1564 10055
  1565 10055
  1566 10055
  1567 10055
  1568 10055
  1569 10055
  1570 10055
  1571 10055
  1572 10055
  1573 10055
  1574 10055
  1575 10055
  1576 10055
  1577 10055
  1578 10055
  1579 10055
  1580 10055
  1581 10055
  1582 10055
  1583 10055
  1584 10055
  1585 10055
  1586 10055
  1587 10055
  1588 10055
  1589 10055
  1590 10055
  1591 10055
  1592 10140
  1593 10106
  1594 10106
  1602 10061
  1603 10061
  1605 10062
  1608 10062
  1609 10062
  1610 10062
  1611 10062
  1612 10062
  1613 10062
  1614 10062
  1616 10138
  1617 10138
  1618 10138
  1619 10101
  1620 10101
  1624 10097
  1625 10097
  1856 10097
  1857 10097
  1858 10097
  1859 10097
  1863 10067
  1864 10067
  1865 10067
  1866 10067
  1867 10067
  1868 10067
  1869 10067
  1870 10067
  1871 10067
  1872 10067
  1873 10067
  1874 10067
  1875 10067
  1876 10067
  1877 10067
  1878 10067
  1879 10067
  1880 10067
  1881 10067
  1882 10067
  1883 10067
  1884 10067
  1885 10067
  1886 10067
  1887 10067
  1888 10067
  1889 10067
  1890 10067
  1891 10067
  1892 10067
  1893 10067
  1894 10067
  1895 10067
  1896 10067
  1897 10067
  1898 10067
  1899 10067
  1900 10067
  1901 10067
  1902 10067
  1903 10067
  1904 10067
  1905 10067
  1906 10067
  1907 10067
  1908 10067
  1909 10067
  1910 10067
  1911 10067
  1912 10067
  1913 10067
  1914 10067
  1915 10067
  1916 10067
  1917 10067
  1918 10067
  1919 10067
  1920 10067
  1921 10067
  1922 10067
  1923 10067
  1924 10067
  1925 10067
  1926 10067
  1927 10067
  1928 10067
  1929 10067
  1930 10067
  1931 10067
  1932 10067
  1933 10067
  1934 10067
  1935 10067
  1936 10067
  1937 10067
  1938 10067
  1939 10067
  1940 10067
  1941 10067
  1942 10067
  1943 10067
  1944 10067
  1945 10067
  1946 10067
  1947 10067
  1948 10067
  1949 10067
  1950 10067
  1951 10067
  1952 10067
  1953 10067
  1954 10067
  1955 10067
  1956 10067
  1957 10067
  1958 10067
  1959 10067
  1960 10067
  1961 10067
  1962 10067
  1963 10067
  1964 10067
  1965 10067
  1966 10067
  1967 10067
  1968 10067
  1969 10067
  1970 10067
  1971 10067
  1972 10067
  1973 10067
  1974 10067
  1975 10067
  1976 10067
  1977 10067
  1978 10067
  1979 10067
  1980 10067
  1981 10067
  1982 10067
  1983 10067
  1984 10067
  1985 10067
  1986 10067
  1987 10067
  1988 10067
  1989 10067
  1990 10067
  1991 10067
  1992 10067
  1993 10067
  1994 10067
  1995 10067
  1996 10067
  1997 10067
  1998 10067
  1999 10067
  2000 10067
  2001 10067
  2002 10067
  2003 10067
  2004 10067
  2005 10067
  2006 10067
  2007 10067
  2008 10067
  2009 10067
  2010 10067
  2011 10067
  2012 10067
  2013 10067
  2014 10067
  2015 10067
  2016 10067
  2017 10067
  2018 10067
  2019 10067
  2020 10067
  2021 10067
  2022 10067
  2023 10067
  2025 10050
  2026 10050
  2027 10101
  2029 10134
