   683 10017
   684 10017
   685 10017
   686 10017
   687 10017
   688 10017
   690 10017
   691 10017
   692 10017
   693 10017
   694 10017
   695 10017
   696 10017
   697 10017
   698 10017
   699 10017
   700 10017
   701 10017
   702 10017
   703 10017
   704 10017
   705 10017
   706 10017
   707 10017
   708 10017
   709 10017
   710 10017
   711 10017
   712 10017
   713 10017
   714 10017
   715 10017
   716 10017
   717 10017
   718 10017
   719 10017
   720 10017
   721 10017
   722 10017
   723 10017
   724 10017
   725 10017
   726 10017
   727 10017
   728 10017
   729 10017
   730 10017
   731 10017
   732 10017
   733 10017
   734 10017
   735 10017
   736 10017
   737 10017
   738 10017
   739 10017
   740 10017
   741 10017
   742 10017
   743 10017
   744 10017
   745 10017
   746 10017
   747 10017
   748 10017
   749 10017
   750 10017
   751 10017
   752 10017
   753 10017
   754 10017
   755 10017
   756 10017
   757 10017
   758 10017
   759 10017
   760 10017
   761 10017
   762 10017
   763 10017
   764 10017
   765 10017
   766 10017
   767 10017
   768 10017
   769 10017
   770 10017
   771 10017
   772 10017
   773 10017
   774 10017
   775 10017
   776 10017
   777 10017
   778 10017
   779 10017
   780 10017
   781 10017
   782 10151
   783 10151
   784 10151
   785 10022
   786 10022
   787 10022
   788 10151
   789 10151
   790 10045
   791 10045
   792 10017
   793 10017
   794 10017
   795 10017
   796 10017
   797 10017
   798 10017
   800 10017
   801 10073
   802 10017
   803 10017
   804 10017
   805 10017
   806 10017
   810 10017
   822 10017
   830 10073
   835 10017
   836 10017
   837 10017
   839 10073
   847 10073
   850 10017
   851 10017
   852 10017
   853 10017
   859 10017
   860 10017
   861 10017
   862 10073
   878 10073
   879 10017
   880 10017
   881 10017
   882 10017
   883 10017
   884 10017
   885 10017
   886 10017
   887 10017
   888 10017
   889 10017
   890 10017
   891 10017
   892 10017
   893 10017
   900 10073
   902 10073
   904 10017
   906 10017
   908 10073
   910 10017
   911 10073
   914 10017
   915 10017
   916 10017
   917 10017
   918 10017
   919 10017
   920 10073
   921 10017
   922 10017
   923 10017
   924 10017
   925 10017
   926 10017
   927 10017
   930 10017
   931 10017
   932 10017
   933 10073
   934 10017
   935 10017
   936 10017
   937 10017
   938 10017
   939 10017
   941 10042
   943 10073
   944 10017
   945 10017
   946 10017
   948 10017
   953 10073
   954 10073
   955 10073
   956 10073
   958 10073
   959 10073
   960 10073
   961 10073
   962 10073
   964 10017
   965 10017
   968 10017
   987 10017
   988 10017
   989 10017
   990 10017
   991 10017
   992 10017
   997 10073
  1002 10017
  1006 10073
  1014 10017
  1015 10017
  1016 10017
  1018 10017
  1021 10151
  1022 10151
  1023 10017
  1024 10017
  1025 10017
  1026 10017
  1027 10017
  1028 10017
  1029 10017
  1030 10017
  1031 10017
  1032 10017
  1033 10017
  1034 10017
  1035 10017
  1036 10017
  1037 10017
  1038 10017
  1039 10017
  1040 10017
  1041 10017
  1042 10017
  1043 10017
  1044 10017
  1045 10017
  1046 10017
  1047 10017
  1048 10017
  1049 10017
  1050 10017
  1051 10017
  1052 10017
  1053 10017
  1054 10017
  1055 10017
  1056 10017
  1057 10017
  1058 10017
  1059 10017
  1060 10017
  1061 10017
  1062 10017
  1063 10017
  1064 10017
  1065 10017
  1066 10017
  1067 10017
  1068 10017
  1069 10017
  1070 10017
  1071 10017
  1072 10017
  1073 10017
  1074 10017
  1075 10017
  1076 10017
  1077 10017
  1078 10017
  1079 10017
  1080 10017
  1081 10017
  1082 10017
  1083 10017
  1084 10017
  1085 10017
  1086 10017
  1087 10017
  1088 10017
  1089 10017
  1090 10017
  1091 10017
  1092 10017
  1093 10017
  1094 10017
  1095 10017
  1096 10017
  1097 10017
  1098 10017
  1099 10017
  1100 10017
  1101 10017
  1102 10017
  1103 10017
  1104 10017
  1105 10017
  1106 10017
  1107 10017
  1108 10017
  1109 10017
  1110 10017
  1111 10017
  1112 10017
  1113 10017
  1114 10017
  1115 10017
  1116 10017
  1117 10017
  1118 10017
  1119 10017
  1120 10017
  1121 10017
  1122 10017
  1123 10017
  1124 10017
  1125 10017
  1126 10017
  1127 10017
  1128 10017
  1129 10017
  1130 10017
  1131 10017
  1132 10017
  1133 10017
  1134 10017
  1135 10017
  1136 10017
  1137 10017
  1138 10017
  1139 10017
  1140 10017
  1141 10017
  1142 10017
  1143 10017
  1144 10017
  1145 10017
  1146 10017
  1147 10017
  1148 10017
  1149 10017
  1150 10017
  1151 10017
  1152 10017
  1153 10017
  1154 10017
  1155 10017
  1156 10017
  1157 10017
  1158 10017
  1159 10017
  1160 10017
  1161 10017
  1162 10017
  1163 10017
  1164 10017
  1165 10017
  1166 10017
  1167 10017
  1168 10017
  1169 10017
  1170 10017
  1171 10017
  1172 10017
  1173 10017
  1174 10017
  1175 10017
  1176 10017
  1177 10017
  1178 10017
  1179 10017
  1180 10017
  1181 10017
  1182 10017
  1183 10017
  1184 10017
  1185 10017
  1186 10017
  1187 10017
  1188 10017
  1189 10017
  1190 10017
  1191 10017
  1192 10017
  1193 10017
  1194 10017
  1195 10017
  1196 10017
  1197 10017
  1198 10017
  1199 10017
  1200 10017
  1201 10017
  1202 10017
  1203 10017
  1204 10017
  1205 10017
  1206 10017
  1207 10017
  1208 10017
  1209 10017
  1210 10017
  1211 10017
  1212 10017
  1213 10017
  1214 10017
  1215 10017
  1216 10017
  1217 10017
  1218 10017
  1219 10017
  1220 10017
  1221 10017
  1222 10017
  1223 10017
  1224 10017
  1225 10017
  1226 10017
  1227 10017
  1228 10017
  1229 10017
  1230 10017
  1231 10017
  1232 10017
  1233 10017
  1234 10017
  1235 10017
  1236 10017
  1237 10017
  1238 10017
  1239 10017
  1240 10017
  1241 10017
  1242 10017
  1243 10017
  1244 10017
  1245 10017
  1246 10017
  1247 10017
  1248 10017
  1249 10017
  1250 10017
  1251 10017
  1252 10017
  1253 10017
  1254 10017
  1255 10017
  1256 10017
  1257 10017
  1258 10151
  1259 10151
  1260 10151
  1261 10008
  1262 10011
  1263 10008
  1264 10008
  1265 10008
  1266 10008
  1267 10028
  1276 10018
  1277 10018
  1278 10018
  1280 10018
  1281 10018
  1282 10018
  1283 10018
  1284 10018
  1285 10018
  1286 10018
  1287 10018
  1288 10040
  1289 10040
  1290 10018
  1291 10055
  1292 10055
  1293 10158
  1294 10140
  1295 10140
  1296 10158
  1297 10158
  1298 10158
  1299 10158
  1300 10158
  1301 10158
  1302 10158
  1303 10158
  1304 10158
  1305 10158
  1306 10158
  1307 10158
  1308 10158
  1309 10158
  1310 10158
  1311 10158
  1312 10158
  1313 10158
  1314 10158
  1315 10158
  1316 10158
  1317 10158
  1318 10158
  1319 10158
  1320 10140
  1321 10140
  1322 10140
  1323 10140
  1324 10158
  1325 10140
  1326 10140
  1327 10140
  1328 10140
  1329 10140
  1330 10158
  1331 10158
  1332 10158
  1333 10158
  1334 10158
  1335 10158
  1336 10158
  1337 10158
  1338 10158
  1339 10158
  1340 10158
  1341 10158
  1342 10158
  1343 10158
  1344 10158
  1345 10010
  1346 10158
  1347 10158
  1348 10098
  1349 10098
  1351 10098
  1357 10045
  1358 10045
  1359 10045
  1360 10045
  1361 10045
  1362 10017
  1363 10017
  1364 10017
  1365 10017
  1366 10017
  1367 10151
  1368 10022
  1369 10017
  1370 10017
  1371 10017
  1372 10017
  1384 10017
  1385 10017
  1386 10017
  1387 10017
  1388 10017
  1392 10151
  1393 10034
  1394 10034
  1403 10016
  1409 10017
  1410 10017
  1411 10017
  1429 10016
  1430 10016
  1432 10017
  1433 10017
  1434 10017
  1435 10017
  1436 10017
  1437 10017
  1438 10017
  1439 10017
  1440 10017
  1441 10017
  1442 10017
  1443 10017
  1444 10017
  1445 10017
  1446 10017
  1447 10017
  1448 10017
  1450 10016
  1452 10017
  1454 10016
  1455 10016
  1457 10152
  1473 10017
  1474 10017
  1475 10016
  1476 10016
  1477 10016
  1478 10017
  1479 10017
  1481 10017
  1492 10017
  1493 10017
  1498 10017
  1499 10017
  1506 10017
  1507 10017
  1508 10017
  1514 10138
  1534 10017
  1550 10017
  1552 10138
  1553 10138
  1554 10138
  1557 10017
  1586 10017
  1587 10017
  1588 10017
  1589 10017
  1590 10017
  1613 10152
  1614 10152
  1615 10152
  1616 10152
  1617 10152
  1618 10017
  1619 10017
  1620 10017
  1621 10017
  1622 10034
  1624 10151
  1625 10151
  1626 10151
  1627 10151
  1628 10151
  1629 10152
  1630 10017
  1631 10017
  1632 10017
  1633 10017
  1634 10017
  1635 10017
  1636 10017
  1637 10017
  1638 10017
  1639 10017
  1640 10017
  1641 10017
  1642 10017
  1643 10017
  1644 10017
  1645 10017
  1646 10017
  1647 10017
  1648 10017
  1649 10017
  1650 10017
  1651 10017
  1652 10017
  1653 10017
  1654 10017
  1655 10017
  1656 10017
  1657 10017
  1658 10017
  1659 10017
  1660 10017
  1661 10017
  1662 10017
  1663 10017
  1664 10017
  1665 10017
  1666 10017
  1667 10017
  1668 10017
  1669 10017
  1670 10017
  1671 10017
  1672 10017
  1673 10017
  1674 10017
  1675 10017
  1676 10017
  1677 10017
  1678 10017
  1679 10017
  1680 10017
  1681 10017
  1682 10017
  1683 10017
  1684 10017
  1685 10017
  1686 10017
  1687 10017
  1688 10017
  1689 10017
  1690 10017
  1691 10017
  1692 10017
  1693 10017
  1694 10017
  1695 10017
  1696 10017
  1697 10017
  1698 10017
  1699 10017
  1700 10017
  1701 10017
  1702 10017
  1703 10017
  1704 10017
  1705 10017
  1706 10017
  1707 10017
  1708 10017
  1709 10017
  1710 10017
  1711 10017
  1712 10017
  1713 10017
  1714 10017
  1715 10017
  1716 10017
  1717 10017
  1718 10017
  1719 10017
  1720 10017
  1721 10017
  1722 10017
  1723 10017
  1724 10017
  1725 10017
  1726 10017
  1727 10017
  1728 10017
  1729 10017
  1730 10017
  1731 10017
  1732 10017
  1733 10017
  1734 10017
  1735 10017
  1736 10017
  1737 10017
  1738 10017
  1739 10017
  1740 10017
  1741 10017
  1742 10017
  1743 10017
  1744 10017
  1745 10017
  1746 10017
  1747 10017
  1748 10017
  1749 10017
  1750 10017
  1751 10017
  1752 10017
  1753 10017
  1754 10017
  1755 10017
  1756 10017
  1757 10017
  1758 10017
  1759 10017
  1760 10017
  1761 10017
  1762 10017
  1763 10017
  1764 10017
  1765 10017
  1766 10017
  1767 10017
  1768 10017
  1769 10017
  1770 10017
  1771 10017
  1772 10017
  1773 10017
  1774 10017
  1775 10017
  1776 10017
  1777 10017
  1778 10017
  1779 10017
  1780 10017
  1781 10017
  1782 10017
  1783 10017
  1784 10017
  1785 10017
  1786 10017
  1787 10017
  1788 10017
  1789 10017
  1790 10017
  1791 10017
  1792 10017
  1793 10017
  1794 10017
  1795 10017
  1796 10017
  1797 10017
  1798 10017
  1799 10017
  1800 10017
  1801 10017
  1802 10017
  1803 10017
  1804 10017
  1805 10017
  1806 10017
  1807 10017
  1808 10017
  1809 10017
  1810 10017
  1811 10017
  1812 10017
  1813 10017
  1814 10017
  1815 10017
  1816 10017
  1817 10017
  1818 10017
  1819 10017
  1820 10017
  1821 10017
  1822 10017
  1823 10017
  1824 10017
  1825 10017
  1826 10017
  1827 10017
  1828 10017
  1829 10017
  1830 10017
  1831 10017
  1832 10017
  1833 10017
  1834 10017
  1835 10017
  1836 10017
  1837 10017
  1838 10017
  1839 10017
  1840 10017
  1841 10017
  1842 10017
  1843 10017
  1844 10017
  1845 10017
  1846 10017
  1847 10017
  1848 10017
  1849 10017
  1850 10017
  1851 10017
  1852 10017
  1853 10017
  1854 10017
  1855 10017
  1866 10017
  1867 10017
  1868 10017
  1869 10017
  1870 10017
  1871 10017
  1872 10017
  1873 10017
  1874 10017
  1875 10017
  1876 10017
  1877 10017
  1878 10017
  1879 10017
  1880 10017
  1881 10017
  1882 10017
  1883 10017
  1884 10017
  1885 10017
  1886 10017
  1887 10017
  1888 10017
  1889 10017
  1890 10017
  1891 10017
  1892 10017
  1893 10017
  1894 10017
  1895 10017
  1896 10017
  1897 10017
  1898 10017
  1899 10017
  1900 10017
  1901 10017
  1902 10017
  1903 10017
  1904 10017
  1905 10017
  1906 10017
  1907 10017
  1908 10017
  1909 10017
  1910 10017
  1911 10017
  1912 10017
  1913 10017
  1914 10017
  1915 10017
  1916 10017
  1917 10017
  1918 10017
  1919 10017
  1920 10017
  1921 10017
  1922 10017
  1923 10017
  1924 10017
  1925 10017
  1926 10017
  1927 10017
  1928 10017
  1929 10017
  1930 10017
  1931 10017
  1932 10017
  1933 10017
  1934 10017
  1935 10017
  1936 10017
  1937 10017
  1938 10017
  1939 10017
  1940 10017
  1941 10017
  1942 10017
  1943 10017
  1944 10017
  1945 10017
  1946 10017
  1947 10017
  1948 10017
  1949 10017
  1950 10017
  1951 10017
  1952 10017
  1953 10017
  1954 10017
  1955 10017
  1956 10017
  1957 10017
  1958 10017
  1959 10017
  1960 10017
  1961 10017
  1962 10017
  1963 10017
  1964 10017
  1965 10017
  1966 10017
  1967 10017
  1968 10017
  1969 10017
  1970 10017
  1971 10017
  1972 10017
  1973 10017
  1974 10017
  1975 10017
  1976 10017
  1977 10017
  1978 10017
  1979 10017
  1980 10017
  1981 10017
  1982 10017
  1983 10017
  1984 10017
  1985 10017
  1986 10017
  1987 10017
  1988 10017
  1989 10017
  1990 10017
  1991 10017
  1992 10017
  1993 10017
  1994 10017
  1995 10017
  1996 10017
  1997 10017
  1998 10017
  1999 10017
  2000 10017
  2001 10017
  2002 10017
  2003 10017
  2004 10017
  2005 10017
  2006 10017
  2007 10017
  2008 10017
  2009 10017
  2010 10017
  2011 10017
  2012 10017
  2013 10017
  2014 10017
  2015 10017
  2016 10017
  2017 10017
  2018 10017
  2019 10017
  2020 10017
  2021 10151
  2022 10151
  2023 10151
  2024 10151
  2025 10151
  2026 10151
  2027 10151
  2028 10017
