   687 10167
   688 10167
   689 10167
   690 10167
   691 10167
   692 10167
   693 10167
   694 10167
   695 10167
   696 10167
   697 10167
   698 10167
   699 10167
   700 10167
   701 10167
   702 10167
   703 10167
   704 10167
   705 10167
   706 10167
   707 10167
   708 10167
   709 10167
   710 10167
   711 10167
   712 10167
   713 10167
   714 10167
   715 10167
   716 10167
   717 10167
   718 10167
   719 10167
   720 10167
   721 10167
   722 10167
   723 10167
   724 10167
   725 10167
   726 10167
   727 10167
   728 10167
   729 10167
   730 10167
   731 10167
   732 10167
   733 10167
   734 10167
   735 10167
   736 10167
   737 10167
   738 10167
   739 10167
   740 10167
   741 10167
   742 10167
   743 10167
   744 10167
   745 10167
   746 10167
   747 10167
   748 10167
   749 10167
   750 10167
   751 10167
   752 10167
   753 10167
   754 10167
   755 10167
   756 10167
   757 10167
   758 10167
   759 10167
   760 10167
   761 10167
   762 10167
   763 10167
   764 10167
   765 10167
   766 10167
   767 10167
   768 10167
   769 10167
   770 10167
   771 10167
   772 10167
   773 10167
   774 10167
   775 10167
   776 10167
   777 10167
   778 10167
   779 10167
   780 10167
   781 10167
   782 10167
   783 10167
   784 10081
   785 10081
   786 10167
   787 10167
   788 10153
   789 10153
   790 10153
   791 10065
   792 10101
   793 10049
   794 10100
   795 10167
   796 10167
   797 10167
   798 10167
   799 10167
   800 10167
   801 10167
   802 10167
   803 10167
   804 10167
   805 10167
   806 10167
   807 10167
   808 10167
   809 10167
   810 10167
   811 10167
   812 10167
   813 10167
   814 10167
   815 10167
   816 10167
   817 10167
   818 10167
   819 10167
   820 10167
   821 10167
   822 10167
   823 10167
   824 10167
   825 10167
   826 10167
   827 10167
   828 10167
   829 10167
   830 10167
   831 10167
   832 10167
   833 10167
   834 10167
   835 10167
   836 10167
   837 10167
   838 10167
   839 10167
   840 10167
   841 10167
   842 10167
   843 10167
   844 10167
   845 10167
   846 10167
   847 10167
   848 10167
   849 10167
   850 10167
   851 10167
   852 10167
   853 10167
   854 10167
   855 10167
   856 10167
   857 10167
   858 10167
   859 10167
   860 10167
   861 10167
   862 10167
   863 10167
   864 10167
   865 10167
   866 10167
   867 10167
   868 10167
   869 10167
   870 10167
   871 10167
   872 10167
   873 10167
   874 10167
   875 10167
   876 10167
   877 10167
   878 10167
   879 10167
   880 10167
   881 10167
   882 10167
   883 10167
   884 10167
   885 10167
   886 10167
   887 10167
   888 10167
   889 10167
   890 10167
   891 10167
   892 10167
   893 10167
   894 10167
   895 10167
   896 10167
   897 10167
   898 10167
   899 10167
   900 10167
   901 10167
   902 10167
   903 10167
   904 10167
   905 10167
   906 10167
   907 10167
   908 10167
   909 10167
   910 10167
   911 10167
   912 10167
   913 10167
   914 10167
   915 10167
   916 10167
   917 10167
   918 10167
   919 10167
   920 10167
   921 10167
   922 10167
   923 10167
   924 10167
   925 10167
   926 10167
   927 10167
   928 10167
   929 10167
   930 10167
   931 10167
   932 10167
   933 10167
   934 10167
   935 10167
   936 10167
   937 10167
   938 10167
   939 10167
   940 10167
   941 10167
   942 10167
   943 10167
   944 10167
   945 10167
   946 10167
   947 10167
   948 10167
   949 10167
   950 10167
   951 10167
   952 10167
   953 10167
   954 10167
   955 10167
   956 10167
   957 10167
   958 10167
   959 10167
   960 10167
   961 10167
   962 10167
   963 10167
   964 10167
   965 10167
   966 10167
   967 10167
   968 10167
   969 10167
   970 10167
   971 10167
   972 10167
   973 10167
   974 10167
   975 10167
   976 10167
   977 10167
   978 10167
   979 10167
   980 10167
   981 10167
   982 10167
   983 10167
   984 10167
   985 10167
   986 10167
   987 10167
   988 10167
   989 10167
   990 10167
   991 10167
   992 10167
   993 10167
   994 10167
   995 10167
   996 10167
   997 10167
   998 10167
   999 10167
  1000 10167
  1001 10167
  1002 10167
  1003 10167
  1004 10167
  1005 10167
  1006 10167
  1007 10167
  1008 10167
  1009 10167
  1010 10167
  1011 10167
  1012 10167
  1013 10167
  1014 10167
  1015 10167
  1016 10167
  1017 10167
  1018 10167
  1019 10167
  1020 10167
  1029 10010
  1030 10010
  1031 10010
  1036 10010
  1047 10010
  1048 10010
  1049 10010
  1050 10010
  1051 10010
  1052 10010
  1053 10010
  1097 10010
  1129 10010
  1130 10010
  1131 10010
  1132 10010
  1159 10010
  1160 10010
  1161 10010
  1162 10010
  1163 10010
  1164 10010
  1165 10010
  1166 10010
  1174 10010
  1175 10010
  1176 10010
  1177 10010
  1194 10158
  1232 10010
  1233 10010
  1239 10010
  1240 10010
  1260 10010
  1261 10010
  1262 10010
  1263 10158
  1264 10158
  1265 10158
  1266 10055
  1271 10112
  1272 10131
  1273 10108
  1274 10108
  1275 10131
  1276 10131
  1277 10131
  1278 10131
  1279 10131
  1280 10131
  1281 10131
  1282 10131
  1283 10131
  1284 10131
  1285 10131
  1286 10131
  1287 10131
  1288 10131
  1289 10131
  1290 10131
  1291 10131
  1292 10131
  1293 10131
  1294 10131
  1295 10131
  1296 10131
  1297 10131
  1298 10131
  1299 10131
  1300 10131
  1301 10131
  1302 10131
  1303 10131
  1304 10131
  1305 10131
  1306 10131
  1307 10131
  1308 10131
  1309 10131
  1310 10131
  1311 10131
  1312 10131
  1313 10131
  1314 10131
  1315 10131
  1316 10131
  1317 10131
  1318 10131
  1319 10131
  1320 10131
  1321 10131
  1322 10131
  1323 10131
  1324 10131
  1325 10131
  1326 10131
  1327 10131
  1328 10131
  1329 10131
  1330 10131
  1331 10131
  1332 10131
  1333 10131
  1334 10131
  1335 10131
  1336 10131
  1337 10131
  1338 10131
  1339 10131
  1340 10131
  1341 10131
  1342 10131
  1343 10131
  1344 10131
  1345 10131
  1346 10131
  1347 10131
  1348 10131
  1349 10131
  1350 10131
  1351 10131
  1352 10131
  1353 10131
  1354 10131
  1355 10131
  1356 10131
  1357 10131
  1358 10131
  1359 10131
  1360 10131
  1361 10131
  1362 10131
  1363 10131
  1364 10131
  1365 10131
  1366 10131
  1367 10131
  1368 10131
  1369 10131
  1370 10131
  1371 10131
  1372 10131
  1373 10131
  1374 10131
  1375 10131
  1376 10131
  1377 10131
  1378 10131
  1379 10131
  1380 10131
  1381 10131
  1382 10131
  1383 10131
  1384 10131
  1385 10131
  1386 10131
  1387 10131
  1388 10131
  1389 10131
  1390 10131
  1391 10131
  1392 10131
  1393 10131
  1394 10131
  1395 10131
  1396 10131
  1397 10131
  1398 10131
  1399 10131
  1400 10131
  1401 10131
  1402 10131
  1403 10131
  1404 10131
  1405 10131
  1406 10131
  1407 10131
  1408 10131
  1409 10131
  1410 10131
  1411 10131
  1412 10131
  1413 10131
  1414 10131
  1415 10131
  1416 10131
  1417 10131
  1418 10131
  1419 10131
  1420 10131
  1421 10131
  1422 10131
  1423 10131
  1424 10131
  1425 10131
  1426 10131
  1427 10131
  1428 10131
  1429 10131
  1430 10131
  1431 10131
  1432 10131
  1433 10131
  1434 10131
  1435 10131
  1436 10131
  1437 10131
  1438 10131
  1439 10131
  1440 10131
  1441 10131
  1442 10131
  1443 10131
  1444 10131
  1445 10131
  1446 10131
  1447 10131
  1448 10131
  1449 10131
  1450 10131
  1451 10131
  1452 10131
  1453 10131
  1454 10131
  1455 10131
  1456 10131
  1457 10131
  1458 10131
  1459 10131
  1460 10131
  1461 10131
  1462 10131
  1463 10131
  1464 10131
  1465 10131
  1466 10131
  1467 10131
  1468 10131
  1469 10131
  1470 10131
  1471 10131
  1472 10131
  1473 10131
  1474 10131
  1475 10131
  1476 10131
  1477 10131
  1478 10131
  1479 10131
  1480 10131
  1481 10131
  1482 10131
  1483 10131
  1484 10131
  1485 10131
  1486 10131
  1487 10131
  1488 10131
  1489 10131
  1490 10131
  1491 10131
  1492 10131
  1493 10131
  1494 10131
  1495 10131
  1496 10131
  1497 10131
  1498 10131
  1499 10131
  1500 10131
  1501 10040
  1502 10040
  1503 10040
  1504 10040
  1505 10106
  1506 10018
  1507 10018
  1508 10018
  1509 10018
  1510 10018
  1511 10158
  1512 10158
  1529 10010
  1530 10010
  1531 10010
  1532 10010
  1533 10010
  1534 10010
  1535 10010
  1536 10010
  1539 10010
  1540 10010
  1541 10010
  1542 10010
  1543 10010
  1544 10010
  1545 10010
  1546 10010
  1547 10010
  1548 10010
  1549 10010
  1550 10010
  1551 10010
  1552 10010
  1561 10010
  1562 10010
  1563 10010
  1564 10010
  1565 10010
  1566 10010
  1567 10010
  1568 10010
  1569 10010
  1570 10010
  1571 10010
  1572 10010
  1573 10010
  1574 10010
  1575 10010
  1576 10010
  1577 10010
  1578 10010
  1581 10010
  1584 10010
  1585 10010
  1594 10010
  1596 10010
  1597 10010
  1601 10010
  1602 10010
  1603 10010
  1604 10010
  1605 10010
  1606 10010
  1607 10010
  1608 10010
  1609 10010
  1610 10010
  1611 10010
  1612 10010
  1613 10158
  1614 10158
  1615 10055
  1616 10055
  1617 10055
  1619 10106
  1624 10120
  1625 10120
  1626 10120
  1627 10120
  1628 10120
  1629 10120
  1630 10120
  1631 10120
  1632 10120
  1633 10120
  1634 10120
  1635 10120
  1636 10120
  1637 10120
  1638 10120
  1639 10120
  1640 10120
  1641 10120
  1642 10120
  1643 10120
  1644 10120
  1645 10120
  1646 10120
  1647 10120
  1648 10120
  1649 10120
  1650 10120
  1651 10120
  1652 10120
  1653 10120
  1654 10120
  1655 10120
  1656 10120
  1657 10120
  1658 10120
  1659 10120
  1660 10120
  1661 10120
  1662 10120
  1663 10120
  1664 10120
  1665 10120
  1666 10120
  1667 10120
  1668 10120
  1669 10120
  1670 10120
  1671 10120
  1672 10120
  1673 10120
  1674 10120
  1675 10120
  1676 10120
  1677 10120
  1678 10120
  1679 10120
  1680 10120
  1681 10120
  1682 10120
  1683 10120
  1684 10120
  1685 10120
  1686 10120
  1687 10120
  1688 10120
  1689 10120
  1690 10120
  1691 10120
  1692 10120
  1693 10120
  1694 10120
  1695 10120
  1696 10120
  1697 10120
  1698 10120
  1699 10120
  1700 10120
  1701 10120
  1702 10120
  1703 10120
  1704 10120
  1705 10120
  1706 10120
  1707 10120
  1708 10120
  1709 10120
  1710 10120
  1711 10120
  1712 10120
  1713 10120
  1714 10120
  1715 10120
  1716 10120
  1717 10120
  1718 10120
  1719 10120
  1720 10120
  1721 10120
  1722 10120
  1723 10120
  1724 10120
  1725 10120
  1726 10120
  1727 10120
  1728 10120
  1729 10120
  1730 10120
  1731 10120
  1732 10120
  1733 10120
  1734 10120
  1735 10120
  1736 10120
  1737 10120
  1738 10120
  1739 10120
  1740 10120
  1741 10120
  1742 10120
  1743 10120
  1744 10120
  1745 10120
  1746 10120
  1747 10120
  1748 10120
  1749 10120
  1750 10120
  1751 10120
  1752 10120
  1753 10120
  1754 10120
  1755 10120
  1756 10120
  1757 10120
  1758 10120
  1759 10120
  1760 10120
  1761 10120
  1762 10120
  1763 10120
  1764 10120
  1765 10120
  1766 10120
  1767 10120
  1768 10120
  1769 10120
  1770 10120
  1771 10120
  1772 10120
  1773 10120
  1774 10120
  1775 10120
  1776 10120
  1777 10120
  1778 10120
  1779 10120
  1780 10120
  1781 10120
  1782 10120
  1783 10120
  1784 10120
  1785 10120
  1786 10120
  1787 10120
  1788 10120
  1789 10120
  1790 10120
  1791 10120
  1792 10120
  1793 10120
  1794 10120
  1795 10120
  1796 10120
  1797 10120
  1798 10120
  1799 10120
  1800 10120
  1801 10120
  1802 10120
  1803 10120
  1804 10120
  1805 10120
  1806 10120
  1807 10120
  1808 10120
  1809 10120
  1810 10120
  1811 10120
  1812 10120
  1813 10120
  1814 10120
  1815 10120
  1816 10120
  1817 10120
  1818 10120
  1819 10120
  1820 10120
  1821 10120
  1822 10120
  1823 10120
  1824 10120
  1825 10120
  1826 10120
  1827 10120
  1828 10120
  1829 10120
  1830 10120
  1831 10120
  1832 10120
  1833 10120
  1834 10120
  1835 10120
  1836 10120
  1837 10120
  1838 10120
  1839 10120
  1840 10120
  1841 10120
  1842 10120
  1843 10120
  1844 10120
  1845 10120
  1846 10120
  1847 10120
  1848 10120
  1849 10120
  1850 10120
  1851 10120
  1852 10120
  1853 10120
  1854 10120
  1855 10120
  1856 10120
  1857 10120
  1858 10120
  1859 10120
  1860 10120
  1861 10120
  1862 10120
  1863 10120
  1865 10120
  1868 10068
  1869 10068
  1870 10068
  1871 10068
  1872 10068
  1873 10068
  1874 10068
  1875 10068
  1876 10068
  1877 10068
  1878 10068
  1879 10068
  1880 10068
  1881 10068
  1882 10068
  1883 10068
  1884 10068
  1885 10068
  1886 10068
  1887 10068
  1888 10068
  1889 10068
  1890 10068
  1891 10068
  1892 10068
  1893 10068
  1894 10068
  1895 10068
  1896 10068
  1897 10068
  1898 10068
  1899 10068
  1900 10068
  1901 10068
  1902 10068
  1903 10068
  1904 10068
  1905 10068
  1906 10068
  1907 10068
  1908 10068
  1909 10068
  1910 10068
  1911 10068
  1912 10068
  1913 10068
  1914 10068
  1915 10068
  1916 10068
  1917 10068
  1918 10068
  1919 10068
  1920 10068
  1921 10068
  1922 10068
  1923 10068
  1924 10068
  1925 10068
  1926 10068
  1927 10068
  1928 10068
  1929 10068
  1930 10068
  1931 10068
  1932 10068
  1933 10068
  1934 10068
  1935 10068
  1936 10068
  1937 10068
  1938 10068
  1939 10068
  1940 10068
  1941 10068
  1942 10068
  1943 10068
  1944 10068
  1945 10068
  1946 10068
  1947 10068
  1948 10068
  1949 10068
  1950 10068
  1951 10068
  1952 10068
  1953 10068
  1954 10068
  1955 10068
  1956 10068
  1957 10068
  1958 10068
  1959 10068
  1960 10068
  1961 10068
  1962 10068
  1963 10068
  1964 10068
  1965 10068
  1966 10068
  1967 10068
  1968 10068
  1969 10068
  1970 10068
  1971 10068
  1972 10068
  1973 10068
  1974 10068
  1975 10068
  1976 10068
  1977 10068
  1978 10068
  1979 10068
  1980 10068
  1981 10068
  1982 10068
  1983 10068
  1984 10068
  1985 10068
  1986 10068
  1987 10068
  1988 10068
  1989 10068
  1990 10068
  1991 10068
  1992 10068
  1993 10068
  1994 10068
  1995 10068
  1996 10068
  1997 10068
  1998 10068
  1999 10068
  2000 10068
  2001 10068
  2002 10068
  2003 10068
  2004 10068
  2005 10068
  2006 10068
  2007 10068
  2008 10068
  2009 10068
  2010 10068
  2011 10068
  2012 10068
  2013 10068
  2014 10068
  2015 10068
  2016 10068
  2017 10068
  2018 10068
  2019 10068
  2020 10068
  2021 10167
  2022 10167
  2023 10167
  2024 10167
  2025 10167
  2026 10167
  2027 10167
