   612 10007
   613 10007
   614 10007
   615 10007
   616 10007
   617 10007
   618 10007
   619 10007
   620 10007
   621 10007
   622 10007
   623 10007
   624 10007
   625 10007
   626 10007
   627 10007
   628 10007
   629 10007
   630 10007
   631 10007
   632 10007
   633 10007
   634 10007
   635 10007
   636 10007
   637 10007
   638 10007
   639 10007
   640 10007
   641 10007
   643 10007
   645 10007
   646 10007
   647 10007
   648 10007
   649 10007
   650 10007
   651 10007
   652 10007
   653 10007
   654 10007
   655 10007
   656 10007
   657 10007
   658 10007
   659 10007
   660 10007
   661 10007
   662 10007
   663 10007
   664 10007
   665 10007
   666 10007
   667 10007
   690 10153
   691 10153
   692 10153
   693 10153
   694 10153
   695 10153
   696 10153
   697 10153
   698 10153
   699 10153
   700 10153
   701 10153
   702 10153
   703 10153
   704 10153
   705 10153
   706 10153
   707 10153
   708 10153
   709 10153
   710 10153
   711 10153
   712 10153
   713 10153
   714 10153
   715 10153
   716 10153
   717 10153
   718 10153
   719 10153
   720 10153
   721 10153
   722 10153
   723 10153
   724 10153
   725 10153
   726 10153
   727 10153
   728 10153
   729 10153
   730 10153
   731 10153
   732 10153
   733 10153
   734 10153
   735 10153
   736 10153
   737 10153
   738 10153
   739 10153
   740 10153
   741 10153
   742 10153
   743 10153
   744 10153
   745 10153
   746 10153
   747 10153
   748 10153
   749 10153
   750 10153
   751 10153
   752 10153
   753 10153
   754 10153
   755 10153
   756 10153
   757 10153
   758 10153
   759 10153
   760 10153
   761 10153
   762 10153
   763 10153
   764 10153
   765 10153
   766 10153
   767 10153
   768 10153
   769 10153
   770 10153
   771 10153
   772 10153
   773 10153
   774 10153
   775 10153
   776 10153
   777 10153
   778 10153
   779 10153
   780 10153
   781 10153
   782 10143
   783 10143
   784 10143
   785 10143
   786 10036
   787 10143
   788 10044
   789 10044
   790 10044
   791 10044
   792 10044
   793 10044
   794 10044
   795 10044
   796 10044
   797 10044
   798 10044
   799 10044
   800 10044
   801 10044
   802 10044
   803 10044
   804 10044
   805 10044
   806 10044
   807 10044
   808 10044
   809 10044
   810 10044
   811 10044
   812 10044
   813 10044
   814 10044
   815 10044
   816 10044
   817 10044
   818 10044
   819 10044
   820 10044
   821 10044
   822 10044
   823 10044
   824 10044
   825 10044
   826 10044
   827 10044
   828 10044
   829 10044
   830 10044
   831 10044
   832 10044
   833 10044
   834 10044
   835 10044
   836 10044
   837 10044
   838 10044
   839 10044
   840 10044
   841 10044
   842 10044
   843 10044
   844 10044
   845 10044
   846 10044
   847 10044
   848 10044
   849 10044
   850 10044
   851 10044
   852 10044
   853 10044
   854 10044
   855 10044
   856 10044
   857 10044
   858 10044
   859 10044
   860 10044
   861 10044
   862 10044
   863 10044
   864 10044
   865 10044
   866 10044
   867 10044
   868 10044
   869 10044
   870 10044
   871 10044
   872 10044
   873 10044
   874 10044
   875 10044
   876 10044
   877 10044
   878 10044
   879 10044
   880 10044
   881 10044
   882 10044
   883 10044
   884 10044
   885 10044
   886 10044
   887 10044
   888 10044
   889 10044
   890 10044
   891 10044
   892 10044
   893 10044
   894 10044
   895 10044
   896 10044
   897 10044
   898 10044
   899 10044
   900 10044
   901 10044
   902 10044
   903 10044
   904 10044
   905 10044
   906 10044
   907 10044
   908 10044
   909 10044
   910 10044
   911 10044
   912 10044
   913 10044
   914 10044
   915 10044
   916 10044
   917 10044
   918 10044
   919 10044
   920 10044
   921 10044
   922 10044
   923 10044
   924 10044
   925 10044
   926 10044
   927 10044
   928 10044
   929 10044
   930 10044
   931 10044
   932 10044
   933 10044
   934 10044
   935 10044
   936 10044
   937 10044
   938 10044
   939 10044
   940 10044
   941 10044
   942 10044
   943 10044
   944 10044
   945 10044
   946 10044
   947 10044
   948 10044
   949 10044
   950 10044
   951 10044
   952 10044
   953 10044
   954 10044
   955 10044
   956 10044
   957 10044
   958 10044
   959 10044
   960 10044
   961 10044
   962 10044
   963 10044
   964 10044
   965 10044
   966 10044
   967 10044
   968 10044
   969 10044
   970 10044
   971 10044
   972 10044
   973 10044
   974 10044
   975 10044
   976 10044
   977 10044
   978 10044
   979 10044
   980 10044
   981 10044
   982 10044
   983 10044
   984 10044
   985 10044
   986 10044
   987 10044
   988 10044
   989 10044
   990 10044
   991 10044
   992 10044
   993 10044
   994 10044
   995 10044
   996 10044
   997 10044
   998 10044
   999 10044
  1000 10044
  1001 10044
  1002 10044
  1003 10044
  1004 10044
  1005 10044
  1006 10044
  1007 10044
  1008 10044
  1009 10044
  1010 10044
  1011 10044
  1012 10044
  1013 10044
  1014 10044
  1015 10044
  1016 10044
  1017 10044
  1018 10044
  1019 10044
  1020 10044
  1021 10025
  1022 10025
  1023 10025
  1026 10007
  1027 10007
  1028 10007
  1029 10007
  1030 10007
  1031 10007
  1032 10007
  1033 10007
  1034 10007
  1035 10007
  1036 10007
  1037 10007
  1038 10007
  1039 10007
  1040 10007
  1041 10007
  1042 10007
  1043 10007
  1044 10007
  1045 10007
  1046 10007
  1047 10007
  1048 10007
  1049 10007
  1050 10007
  1051 10007
  1052 10007
  1053 10007
  1054 10007
  1055 10007
  1056 10007
  1057 10007
  1058 10007
  1059 10007
  1060 10007
  1061 10007
  1062 10007
  1063 10007
  1064 10007
  1065 10007
  1066 10007
  1067 10007
  1068 10007
  1069 10007
  1070 10007
  1071 10007
  1072 10007
  1073 10007
  1074 10007
  1075 10007
  1076 10007
  1077 10007
  1078 10007
  1079 10007
  1080 10007
  1081 10007
  1082 10007
  1083 10007
  1084 10007
  1085 10007
  1086 10007
  1087 10007
  1088 10007
  1089 10007
  1090 10007
  1091 10007
  1092 10007
  1093 10007
  1094 10007
  1095 10007
  1096 10007
  1097 10007
  1098 10007
  1099 10007
  1100 10007
  1101 10007
  1102 10007
  1103 10007
  1104 10007
  1105 10007
  1106 10007
  1107 10007
  1108 10007
  1109 10007
  1110 10007
  1111 10007
  1112 10007
  1113 10007
  1114 10007
  1115 10007
  1116 10007
  1117 10007
  1118 10007
  1119 10007
  1120 10007
  1121 10007
  1122 10007
  1123 10007
  1124 10007
  1125 10007
  1126 10007
  1127 10007
  1128 10007
  1129 10007
  1130 10007
  1131 10007
  1132 10007
  1133 10007
  1134 10007
  1135 10007
  1136 10007
  1137 10007
  1138 10007
  1139 10007
  1140 10007
  1141 10007
  1142 10007
  1143 10007
  1144 10007
  1145 10007
  1146 10007
  1147 10007
  1148 10007
  1149 10007
  1150 10007
  1151 10007
  1152 10007
  1153 10007
  1154 10007
  1155 10007
  1156 10007
  1157 10007
  1158 10007
  1159 10007
  1160 10007
  1161 10007
  1162 10007
  1163 10007
  1164 10007
  1165 10007
  1166 10007
  1167 10007
  1168 10007
  1169 10007
  1170 10007
  1171 10007
  1172 10007
  1173 10007
  1174 10007
  1175 10007
  1176 10007
  1177 10007
  1178 10007
  1179 10007
  1180 10007
  1181 10007
  1182 10007
  1183 10007
  1184 10007
  1185 10007
  1186 10007
  1187 10007
  1188 10007
  1189 10007
  1190 10007
  1191 10007
  1192 10007
  1193 10007
  1194 10007
  1195 10007
  1196 10007
  1197 10007
  1198 10007
  1199 10007
  1200 10007
  1201 10007
  1202 10007
  1203 10007
  1204 10007
  1205 10007
  1206 10007
  1207 10007
  1208 10007
  1209 10007
  1210 10007
  1211 10007
  1212 10007
  1213 10007
  1214 10007
  1215 10007
  1216 10007
  1217 10007
  1218 10007
  1219 10007
  1220 10007
  1221 10007
  1222 10007
  1223 10007
  1224 10007
  1225 10007
  1226 10007
  1227 10007
  1228 10007
  1229 10007
  1230 10007
  1231 10007
  1232 10007
  1233 10007
  1234 10007
  1235 10007
  1236 10007
  1237 10007
  1238 10007
  1239 10007
  1240 10007
  1241 10007
  1242 10007
  1243 10007
  1244 10007
  1245 10007
  1246 10007
  1247 10007
  1248 10007
  1249 10007
  1250 10007
  1251 10007
  1252 10007
  1253 10007
  1254 10007
  1255 10007
  1256 10007
  1257 10007
  1258 10007
  1259 10007
  1260 10007
  1261 10007
  1262 10007
  1263 10007
  1264 10007
  1265 10007
  1266 10007
  1267 10007
  1268 10007
  1269 10007
  1270 10007
  1271 10007
  1272 10112
  1273 10014
  1275 10007
  1276 10007
  1277 10007
  1278 10007
  1279 10007
  1280 10007
  1281 10007
  1282 10007
  1283 10007
  1284 10007
  1285 10007
  1286 10007
  1287 10007
  1288 10007
  1289 10007
  1290 10007
  1291 10007
  1292 10007
  1293 10007
  1294 10007
  1295 10007
  1296 10007
  1297 10007
  1298 10007
  1299 10007
  1300 10007
  1301 10007
  1302 10007
  1303 10007
  1304 10007
  1305 10007
  1306 10007
  1307 10007
  1308 10007
  1309 10007
  1310 10007
  1311 10007
  1312 10007
  1313 10007
  1314 10007
  1315 10007
  1316 10007
  1317 10007
  1318 10007
  1319 10007
  1320 10007
  1321 10007
  1322 10007
  1323 10007
  1324 10007
  1325 10007
  1326 10007
  1327 10007
  1328 10007
  1329 10007
  1330 10007
  1331 10007
  1332 10007
  1333 10007
  1334 10007
  1335 10007
  1336 10007
  1337 10007
  1338 10007
  1339 10007
  1340 10007
  1341 10007
  1342 10007
  1343 10007
  1344 10007
  1345 10007
  1346 10007
  1347 10007
  1348 10007
  1349 10007
  1350 10007
  1351 10007
  1352 10007
  1353 10007
  1354 10007
  1355 10007
  1356 10007
  1357 10007
  1358 10007
  1359 10007
  1360 10007
  1361 10007
  1362 10007
  1363 10007
  1364 10007
  1365 10007
  1366 10007
  1367 10007
  1368 10007
  1369 10007
  1370 10007
  1371 10007
  1372 10007
  1373 10007
  1374 10007
  1375 10007
  1376 10007
  1377 10007
  1378 10007
  1379 10007
  1380 10007
  1381 10007
  1382 10007
  1383 10007
  1384 10007
  1385 10007
  1386 10007
  1387 10007
  1388 10007
  1389 10007
  1390 10007
  1391 10007
  1392 10007
  1393 10007
  1394 10007
  1395 10007
  1396 10007
  1397 10007
  1398 10007
  1399 10007
  1400 10007
  1401 10007
  1402 10007
  1403 10007
  1404 10007
  1405 10007
  1406 10007
  1407 10007
  1408 10007
  1409 10007
  1410 10007
  1411 10007
  1412 10007
  1413 10007
  1414 10007
  1415 10007
  1416 10007
  1417 10007
  1418 10007
  1419 10007
  1420 10007
  1421 10007
  1422 10007
  1423 10007
  1424 10007
  1425 10007
  1426 10007
  1427 10007
  1428 10007
  1429 10007
  1430 10007
  1431 10007
  1432 10007
  1433 10007
  1434 10007
  1435 10007
  1436 10007
  1437 10007
  1438 10007
  1439 10007
  1440 10007
  1441 10007
  1442 10007
  1443 10007
  1444 10007
  1445 10007
  1446 10007
  1447 10007
  1448 10007
  1449 10007
  1450 10007
  1451 10007
  1452 10007
  1453 10007
  1454 10007
  1455 10007
  1456 10007
  1457 10007
  1458 10007
  1459 10007
  1460 10007
  1461 10007
  1462 10007
  1463 10007
  1464 10007
  1465 10007
  1466 10007
  1467 10007
  1468 10007
  1469 10007
  1470 10007
  1471 10007
  1472 10007
  1473 10007
  1474 10007
  1475 10007
  1476 10007
  1477 10007
  1478 10007
  1479 10007
  1480 10007
  1481 10007
  1482 10007
  1483 10007
  1484 10007
  1485 10007
  1486 10007
  1487 10007
  1488 10007
  1489 10007
  1490 10007
  1491 10007
  1492 10007
  1493 10007
  1494 10007
  1495 10007
  1496 10007
  1497 10007
  1498 10007
  1499 10007
  1500 10007
  1501 10163
  1502 10163
  1503 10163
  1504 10163
  1505 10163
  1506 10163
  1507 10163
  1508 10163
  1509 10163
  1510 10163
  1511 10163
  1512 10163
  1513 10163
  1514 10163
  1515 10163
  1516 10163
  1517 10163
  1518 10163
  1519 10163
  1520 10163
  1521 10163
  1522 10163
  1523 10163
  1524 10163
  1525 10163
  1526 10163
  1527 10163
  1528 10163
  1529 10163
  1530 10163
  1531 10163
  1532 10163
  1533 10163
  1534 10163
  1535 10163
  1536 10163
  1537 10163
  1538 10163
  1539 10163
  1540 10163
  1541 10163
  1542 10163
  1543 10163
  1544 10163
  1545 10163
  1546 10163
  1547 10163
  1548 10163
  1549 10163
  1550 10163
  1551 10163
  1552 10163
  1553 10163
  1554 10163
  1555 10163
  1556 10163
  1557 10163
  1558 10163
  1559 10163
  1560 10163
  1561 10163
  1562 10163
  1563 10163
  1564 10163
  1565 10163
  1566 10163
  1567 10163
  1568 10163
  1569 10163
  1570 10163
  1571 10163
  1572 10163
  1573 10163
  1574 10163
  1575 10163
  1576 10163
  1577 10163
  1578 10163
  1579 10163
  1580 10163
  1581 10163
  1582 10163
  1583 10163
  1584 10163
  1585 10163
  1586 10163
  1587 10163
  1588 10163
  1589 10163
  1590 10163
  1591 10163
  1592 10163
  1593 10163
  1594 10163
  1595 10163
  1596 10163
  1597 10163
  1598 10163
  1599 10163
  1600 10163
  1601 10163
  1602 10163
  1603 10163
  1604 10163
  1605 10163
  1606 10163
  1607 10163
  1608 10163
  1609 10163
  1610 10163
  1611 10163
  1612 10163
  1613 10163
  1614 10163
  1615 10163
  1616 10163
  1617 10163
  1618 10163
  1619 10163
  1620 10163
  1621 10163
  1622 10163
  1623 10163
  1624 10163
  1625 10095
  1626 10095
  1627 10095
  1628 10154
  1629 10095
  1630 10095
  1631 10095
  1632 10095
  1633 10095
  1634 10095
  1635 10095
  1636 10095
  1637 10095
  1638 10095
  1639 10095
  1640 10095
  1641 10095
  1642 10095
  1643 10095
  1644 10095
  1645 10095
  1646 10095
  1647 10095
  1648 10095
  1649 10095
  1650 10095
  1651 10095
  1652 10095
  1653 10095
  1654 10095
  1655 10095
  1656 10095
  1657 10095
  1658 10095
  1659 10095
  1660 10095
  1661 10095
  1662 10095
  1663 10095
  1664 10095
  1665 10095
  1666 10095
  1667 10095
  1668 10095
  1669 10095
  1670 10095
  1671 10095
  1672 10095
  1673 10095
  1674 10095
  1675 10095
  1676 10095
  1677 10095
  1678 10095
  1679 10095
  1680 10095
  1681 10095
  1682 10095
  1683 10095
  1684 10095
  1685 10095
  1686 10095
  1687 10095
  1688 10095
  1689 10095
  1690 10095
  1691 10095
  1692 10095
  1693 10095
  1694 10095
  1695 10095
  1696 10095
  1697 10095
  1698 10095
  1699 10095
  1700 10095
  1701 10095
  1702 10095
  1703 10095
  1704 10095
  1705 10095
  1706 10095
  1707 10095
  1708 10095
  1709 10095
  1710 10095
  1711 10095
  1712 10095
  1713 10095
  1714 10095
  1715 10095
  1716 10095
  1717 10095
  1718 10095
  1719 10095
  1720 10095
  1721 10095
  1722 10095
  1723 10095
  1724 10095
  1725 10095
  1726 10095
  1727 10095
  1728 10095
  1729 10095
  1730 10095
  1731 10095
  1732 10095
  1733 10095
  1734 10095
  1735 10095
  1736 10095
  1737 10095
  1738 10095
  1739 10095
  1740 10095
  1741 10095
  1742 10095
  1743 10095
  1744 10095
  1745 10095
  1746 10095
  1747 10095
  1748 10095
  1749 10095
  1750 10095
  1751 10095
  1752 10095
  1753 10095
  1754 10095
  1755 10095
  1756 10095
  1757 10095
  1758 10095
  1759 10095
  1760 10095
  1761 10095
  1762 10095
  1763 10095
  1764 10095
  1765 10095
  1766 10095
  1767 10095
  1768 10095
  1769 10095
  1770 10095
  1771 10095
  1772 10095
  1773 10095
  1774 10095
  1775 10095
  1776 10095
  1777 10095
  1778 10095
  1779 10095
  1780 10095
  1781 10095
  1782 10095
  1783 10095
  1784 10095
  1785 10095
  1786 10095
  1787 10095
  1788 10095
  1789 10095
  1790 10095
  1791 10095
  1792 10095
  1793 10095
  1794 10095
  1795 10095
  1796 10095
  1797 10095
  1798 10095
  1799 10095
  1800 10095
  1801 10095
  1802 10095
  1803 10095
  1804 10095
  1805 10095
  1806 10095
  1807 10095
  1808 10095
  1809 10095
  1810 10095
  1811 10095
  1812 10095
  1813 10095
  1814 10095
  1815 10095
  1816 10095
  1817 10095
  1818 10095
  1819 10095
  1820 10095
  1821 10095
  1822 10095
  1823 10095
  1824 10095
  1825 10095
  1826 10095
  1827 10095
  1828 10095
  1829 10095
  1830 10095
  1831 10095
  1832 10095
  1833 10095
  1834 10095
  1835 10095
  1836 10095
  1837 10095
  1838 10095
  1839 10095
  1840 10095
  1841 10095
  1842 10095
  1843 10095
  1844 10095
  1845 10095
  1846 10095
  1847 10095
  1848 10095
  1849 10095
  1850 10095
  1851 10095
  1852 10095
  1853 10095
  1854 10095
  1855 10095
  1856 10095
  1857 10095
  1858 10095
  1859 10095
  1860 10095
  1861 10095
  1862 10095
  1863 10036
  1864 10036
  1865 10036
  1866 10036
  1867 10036
  1868 10036
  1869 10036
  1870 10016
  1871 10036
  1872 10143
  1873 10143
  1874 10143
  1875 10143
  1876 10016
  1877 10016
  1878 10106
  1879 10106
  1880 10106
  1881 10106
  1882 10098
  1883 10098
  1884 10018
  1890 10143
  1891 10143
  1892 10143
  1893 10143
  1894 10143
  1895 10143
  1896 10016
  1897 10143
  1898 10016
  1899 10016
  1900 10016
  1901 10016
  1902 10016
  1903 10016
  1904 10016
  1905 10016
  1906 10016
  1907 10143
  1908 10143
  1909 10016
  1910 10016
  1911 10016
  1912 10016
  1913 10016
  1914 10014
  1915 10014
  1916 10014
  1917 10143
  1918 10143
  1919 10016
  1920 10143
  1921 10143
  1922 10016
  1923 10016
  1924 10016
  1925 10016
  1926 10016
  1927 10016
  1928 10143
  1931 10143
  1932 10143
  1933 10143
  1934 10143
  1935 10143
  1936 10143
  1937 10143
  1938 10143
  1939 10016
  1940 10143
  1941 10143
  1942 10143
  1943 10143
  1949 10016
  1950 10016
  1951 10016
  1952 10016
  1953 10016
  1954 10016
  1955 10143
  1956 10143
  1957 10016
  1958 10016
  1959 10143
  1960 10143
  1961 10143
  1962 10143
  1963 10143
  1964 10143
  1965 10016
  1966 10143
  1967 10143
  1968 10143
  1969 10016
  1970 10016
  1971 10016
  1972 10016
  1973 10016
  1974 10016
  1975 10143
  1976 10143
  1977 10016
  1978 10143
  1979 10143
  1980 10143
  1981 10016
  1982 10016
  1983 10016
  1984 10016
  1985 10143
  1986 10143
  1987 10016
  1988 10143
  1989 10143
  1990 10143
  1991 10143
  1992 10143
  1993 10143
  1994 10143
  1995 10143
  1996 10016
  1997 10016
  1998 10016
  1999 10143
  2000 10143
  2001 10143
  2002 10016
  2003 10016
  2004 10016
  2005 10016
  2006 10016
  2007 10143
  2008 10143
  2009 10143
  2010 10143
  2011 10016
  2012 10143
  2013 10016
  2014 10016
  2015 10016
  2016 10016
  2017 10016
  2018 10016
  2019 10016
  2020 10143
  2021 10016
  2022 10143
  2023 10143
  2024 10143
  2025 10143
  2026 10143
  2027 10143
  2028 10143
  2029 10016
  2030 10016
