  1381 10141
  1383 10141
  1384 10128
  1385 10141
  1386 10128
  1387 10128
  1388 10128
  1389 10128
  1390 10128
  1391 10128
  1392 10128
  1393 10128
  1394 10128
  1395 10128
  1396 10128
  1397 10128
  1398 10128
  1399 10128
  1400 10128
  1401 10128
  1402 10128
  1403 10128
  1404 10128
  1405 10128
  1406 10128
  1407 10128
  1408 10128
  1409 10128
  1410 10128
  1411 10128
  1412 10128
  1413 10128
  1414 10128
  1415 10128
  1416 10128
  1417 10128
  1418 10128
  1419 10128
  1420 10128
  1421 10128
  1422 10128
  1423 10128
  1424 10128
  1425 10128
  1426 10128
  1427 10128
  1428 10128
  1429 10128
  1430 10128
  1431 10128
  1432 10128
  1433 10128
  1434 10128
  1435 10128
  1436 10128
  1437 10128
  1438 10128
  1439 10128
  1440 10128
  1441 10128
  1442 10128
  1443 10128
  1444 10128
  1445 10128
  1446 10128
  1447 10128
  1449 10128
  1450 10128
  1451 10128
  1452 10128
  1453 10128
  1454 10128
  1455 10128
  1456 10128
  1457 10071
  1458 10128
  1463 10128
  1464 10128
  1465 10128
  1466 10128
  1467 10128
  1468 10128
  1469 10128
  1470 10128
  1471 10128
  1472 10128
  1473 10128
  1474 10128
  1475 10128
  1476 10128
  1477 10128
  1478 10128
  1479 10128
  1480 10128
  1481 10128
  1482 10128
  1483 10128
  1484 10128
  1485 10128
  1486 10128
  1487 10128
  1488 10128
  1489 10128
  1490 10128
  1491 10128
  1492 10128
  1493 10128
  1494 10128
  1495 10128
  1496 10128
  1497 10128
  1498 10128
  1499 10128
  1500 10128
  1501 10128
  1502 10128
  1503 10128
  1504 10128
  1505 10128
  1506 10128
  1507 10128
  1508 10128
  1509 10128
  1510 10128
  1511 10128
  1512 10128
  1513 10128
  1514 10128
  1515 10128
  1516 10128
  1517 10128
  1518 10128
  1519 10128
  1520 10128
  1521 10128
  1522 10128
  1523 10128
  1524 10128
  1525 10128
  1526 10128
  1527 10128
  1528 10128
  1529 10128
  1530 10128
  1531 10128
  1532 10128
  1533 10128
  1534 10128
  1535 10128
  1536 10128
  1537 10128
  1538 10128
  1539 10128
  1540 10128
  1541 10128
  1542 10128
  1543 10128
  1544 10128
  1545 10128
  1546 10128
  1547 10128
  1548 10128
  1549 10128
  1550 10128
  1551 10128
  1552 10128
  1553 10128
  1554 10128
  1555 10128
  1556 10128
  1557 10128
  1558 10128
  1559 10128
  1560 10128
  1561 10128
  1562 10128
  1563 10128
  1564 10128
  1565 10128
  1566 10128
  1567 10128
  1568 10128
  1569 10128
  1570 10128
  1571 10128
  1572 10128
  1573 10128
  1574 10128
  1575 10128
  1576 10128
  1577 10128
  1578 10128
  1579 10128
  1580 10128
  1581 10128
  1582 10128
  1583 10128
  1584 10128
  1585 10128
  1586 10128
  1587 10128
  1588 10128
  1589 10128
  1590 10128
  1591 10128
  1592 10128
  1593 10128
  1594 10128
  1595 10128
  1596 10128
  1597 10128
  1598 10128
  1599 10128
  1600 10128
  1601 10128
  1602 10128
  1603 10128
  1604 10128
  1605 10128
  1606 10128
  1607 10128
  1608 10128
  1609 10128
  1610 10128
  1611 10128
  1612 10128
  1613 10128
  1614 10128
  1615 10128
  1616 10128
  1617 10128
  1618 10128
  1619 10128
  1620 10101
  1624 10113
  1625 10104
  1626 10104
  1628 10104
  1629 10104
  1630 10104
  1631 10104
  1632 10104
  1633 10104
  1634 10104
  1635 10104
  1636 10104
  1637 10104
  1638 10104
  1639 10104
  1640 10104
  1641 10104
  1642 10104
  1643 10104
  1644 10104
  1645 10104
  1646 10104
  1647 10104
  1648 10104
  1649 10104
  1650 10104
  1651 10104
  1652 10104
  1653 10104
  1654 10104
  1655 10104
  1656 10104
  1657 10104
  1658 10104
  1659 10104
  1660 10104
  1661 10104
  1662 10104
  1663 10104
  1664 10104
  1665 10104
  1666 10104
  1667 10104
  1668 10104
  1669 10104
  1670 10104
  1671 10104
  1672 10104
  1673 10104
  1674 10104
  1675 10104
  1676 10104
  1677 10104
  1678 10104
  1679 10104
  1680 10104
  1681 10104
  1682 10104
  1683 10104
  1684 10104
  1685 10104
  1686 10104
  1687 10104
  1688 10104
  1689 10104
  1690 10104
  1691 10104
  1692 10104
  1693 10104
  1694 10104
  1695 10104
  1696 10104
  1697 10104
  1698 10104
  1699 10104
  1700 10104
  1701 10104
  1702 10104
  1703 10104
  1704 10104
  1705 10104
  1706 10104
  1707 10104
  1708 10104
  1709 10104
  1710 10104
  1711 10104
  1712 10104
  1713 10104
  1714 10104
  1715 10104
  1716 10104
  1717 10104
  1718 10104
  1719 10104
  1720 10104
  1721 10104
  1722 10104
  1723 10104
  1724 10104
  1725 10104
  1726 10104
  1727 10104
  1728 10104
  1729 10104
  1730 10104
  1731 10104
  1732 10104
  1733 10104
  1734 10104
  1735 10104
  1736 10104
  1737 10104
  1738 10104
  1739 10104
  1740 10104
  1741 10104
  1742 10104
  1743 10104
  1744 10104
  1745 10104
  1746 10104
  1747 10104
  1748 10104
  1749 10104
  1750 10104
  1751 10104
  1752 10104
  1753 10104
  1754 10104
  1755 10104
  1756 10104
  1757 10104
  1758 10104
  1759 10104
  1760 10104
  1761 10104
  1762 10104
  1763 10104
  1764 10104
  1765 10104
  1766 10104
  1767 10104
  1768 10104
  1769 10104
  1770 10104
  1771 10104
  1772 10104
  1773 10104
  1774 10104
  1775 10104
  1776 10104
  1777 10104
  1778 10104
  1779 10104
  1780 10104
  1781 10104
  1782 10104
  1783 10104
  1784 10104
  1785 10104
  1786 10104
  1787 10104
  1788 10104
  1789 10104
  1790 10104
  1791 10104
  1792 10104
  1793 10104
  1794 10104
  1795 10104
  1796 10104
  1797 10104
  1798 10104
  1799 10104
  1800 10104
  1801 10104
  1802 10104
  1803 10104
  1804 10104
  1805 10104
  1806 10104
  1807 10104
  1808 10104
  1809 10104
  1810 10104
  1811 10104
  1812 10104
  1813 10104
  1814 10104
  1815 10104
  1816 10104
  1817 10104
  1818 10104
  1819 10104
  1820 10104
  1821 10104
  1822 10104
  1823 10104
  1824 10104
  1825 10104
  1826 10104
  1827 10104
  1828 10104
  1829 10104
  1830 10104
  1831 10104
  1832 10104
  1833 10104
  1834 10104
  1835 10104
  1836 10104
  1837 10104
  1838 10104
  1839 10104
  1840 10104
  1841 10104
  1842 10104
  1843 10104
  1844 10104
  1845 10104
  1846 10104
  1847 10104
  1848 10104
  1849 10104
  1850 10104
  1851 10104
  1852 10104
  1853 10104
  1854 10104
  1855 10104
  1856 10104
  1857 10104
  1858 10104
  1859 10104
  1860 10104
  1861 10104
  1862 10104
  1863 10122
  1864 10104
  1866 10154
  1867 10154
  1869 10154
  1871 10158
  1872 10158
  1897 10158
  1898 10158
  1899 10158
  1900 10158
  1901 10158
  1904 10171
  1905 10052
  1906 10052
  1907 10052
  1908 10052
  1909 10052
  1910 10052
  1911 10052
  1912 10052
  1913 10052
  1914 10052
  1915 10052
  1916 10052
  1917 10052
  1918 10052
  1919 10052
  1920 10052
  1921 10052
  1922 10052
  1923 10052
  1924 10052
  1925 10052
  1926 10052
  1927 10052
  1928 10052
  1929 10052
  1930 10052
  1931 10052
  1932 10052
  1933 10052
  1934 10052
  1935 10052
  1936 10052
  1937 10052
  1938 10052
  1939 10052
  1940 10052
  1941 10052
  1942 10052
  1943 10052
  1944 10052
  1945 10052
  1946 10052
  1947 10052
  1948 10052
  1949 10052
  1950 10052
  1951 10052
  1952 10052
  1953 10052
  1954 10052
  1955 10052
  1956 10052
  1957 10052
  1958 10052
  1959 10052
  1960 10052
  1961 10052
  1962 10052
  1963 10052
  1964 10052
  1965 10052
  1966 10052
  1967 10052
  1968 10052
  1969 10052
  1970 10052
  1971 10052
  1972 10052
  1973 10052
  1974 10052
  1975 10052
  1976 10052
  1977 10052
  1978 10052
  1979 10052
  1980 10052
  1981 10052
  1982 10052
  1983 10052
  1984 10052
  1985 10052
  1986 10052
  1987 10052
  1988 10052
  1989 10052
  1990 10052
  1991 10052
  1992 10052
  1993 10052
  1994 10052
  1995 10052
  1996 10052
  1997 10052
  1998 10052
  1999 10052
  2000 10052
  2001 10052
  2002 10052
  2003 10052
  2004 10052
  2005 10052
  2006 10052
  2007 10052
  2008 10052
  2009 10052
  2010 10052
  2011 10052
  2012 10052
  2013 10052
  2014 10052
  2015 10052
  2016 10052
  2017 10052
  2018 10052
  2019 10052
  2020 10052
  2021 10018
  2022 10158
  2023 10158
  2024 10158
  2026 10173
  2027 10173
  2028 10084
  2029 10173
  2046 10088
