   690 10013
   691 10013
   692 10013
   693 10013
   694 10013
   695 10013
   696 10013
   697 10013
   698 10013
   699 10013
   700 10013
   701 10013
   702 10013
   703 10013
   704 10013
   705 10013
   706 10013
   707 10013
   708 10013
   709 10013
   710 10013
   711 10013
   712 10013
   713 10013
   714 10013
   715 10013
   716 10013
   717 10013
   718 10013
   719 10013
   720 10013
   721 10013
   722 10013
   723 10013
   724 10013
   725 10013
   726 10013
   727 10013
   728 10013
   729 10013
   730 10013
   731 10013
   732 10013
   733 10013
   734 10013
   735 10013
   736 10013
   737 10013
   738 10013
   739 10013
   740 10013
   741 10013
   742 10013
   743 10013
   744 10013
   745 10013
   746 10013
   747 10013
   748 10013
   749 10013
   750 10013
   751 10013
   752 10013
   753 10013
   754 10013
   755 10013
   756 10013
   757 10013
   758 10013
   759 10013
   760 10013
   761 10013
   762 10013
   763 10013
   764 10013
   765 10013
   766 10013
   767 10013
   768 10013
   769 10013
   770 10013
   771 10013
   772 10013
   773 10013
   774 10013
   775 10013
   776 10013
   777 10013
   778 10013
   779 10013
   780 10013
   782 10101
   783 10101
   784 10101
   785 10043
   786 10043
   787 10164
   788 10049
   789 10049
   790 10049
   791 10049
   792 10049
   793 10049
   794 10049
   795 10049
   796 10049
   797 10049
   798 10049
   799 10049
   800 10049
   801 10049
   802 10049
   803 10049
   804 10049
   805 10049
   806 10049
   807 10049
   808 10049
   809 10049
   810 10049
   811 10049
   812 10049
   813 10049
   814 10049
   815 10049
   816 10049
   817 10049
   818 10049
   819 10049
   820 10049
   821 10049
   822 10049
   823 10049
   824 10049
   825 10049
   826 10049
   827 10049
   828 10049
   829 10049
   830 10049
   831 10049
   832 10049
   833 10049
   834 10049
   835 10049
   836 10049
   837 10049
   838 10049
   839 10049
   840 10049
   841 10049
   842 10049
   843 10049
   844 10049
   845 10049
   846 10049
   847 10049
   848 10049
   849 10049
   850 10049
   851 10049
   852 10049
   853 10049
   854 10049
   855 10049
   856 10049
   857 10049
   858 10049
   859 10049
   860 10049
   861 10049
   862 10049
   863 10049
   864 10049
   865 10049
   866 10049
   867 10049
   868 10049
   869 10049
   870 10049
   871 10049
   872 10049
   873 10049
   874 10049
   875 10049
   876 10049
   877 10049
   878 10049
   879 10049
   880 10049
   881 10049
   882 10049
   883 10049
   884 10049
   885 10049
   886 10049
   887 10049
   888 10049
   889 10049
   890 10049
   891 10049
   892 10049
   893 10049
   894 10049
   895 10049
   896 10049
   897 10049
   898 10049
   899 10049
   900 10049
   901 10049
   902 10049
   903 10049
   904 10049
   905 10049
   906 10049
   907 10049
   908 10049
   909 10049
   910 10049
   911 10049
   912 10049
   913 10049
   914 10049
   915 10049
   916 10049
   917 10049
   918 10049
   919 10049
   920 10049
   921 10049
   922 10049
   923 10049
   924 10049
   925 10049
   926 10049
   927 10049
   928 10049
   929 10049
   930 10049
   931 10049
   932 10049
   933 10049
   934 10049
   935 10049
   936 10049
   937 10049
   938 10049
   939 10049
   940 10049
   941 10049
   942 10049
   943 10049
   944 10049
   945 10049
   946 10049
   947 10049
   948 10049
   949 10049
   950 10049
   951 10049
   952 10049
   953 10049
   954 10049
   955 10049
   956 10049
   957 10049
   958 10049
   959 10049
   960 10049
   961 10049
   962 10049
   963 10049
   964 10049
   965 10049
   966 10049
   967 10049
   968 10049
   969 10049
   970 10049
   971 10049
   972 10049
   973 10049
   974 10049
   975 10049
   976 10049
   977 10049
   978 10049
   979 10049
   980 10049
   981 10049
   982 10049
   983 10049
   984 10049
   985 10049
   986 10049
   987 10049
   988 10049
   989 10049
   990 10049
   991 10049
   992 10049
   993 10049
   994 10049
   995 10049
   996 10049
   997 10049
   998 10049
   999 10049
  1000 10049
  1001 10049
  1002 10049
  1003 10049
  1004 10049
  1005 10049
  1006 10049
  1007 10049
  1008 10049
  1009 10049
  1010 10049
  1011 10049
  1012 10049
  1013 10049
  1014 10049
  1015 10049
  1016 10049
  1017 10049
  1018 10049
  1019 10049
  1020 10049
  1024 10162
  1025 10162
  1026 10162
  1027 10162
  1028 10162
  1029 10162
  1030 10162
  1031 10162
  1032 10162
  1033 10162
  1034 10162
  1035 10162
  1036 10162
  1037 10162
  1038 10162
  1039 10162
  1040 10162
  1041 10162
  1042 10162
  1043 10162
  1044 10162
  1045 10162
  1046 10162
  1047 10162
  1048 10162
  1049 10162
  1050 10162
  1051 10162
  1052 10162
  1053 10162
  1054 10162
  1055 10162
  1056 10162
  1057 10162
  1058 10162
  1059 10162
  1060 10162
  1061 10162
  1062 10162
  1063 10162
  1064 10162
  1065 10162
  1066 10162
  1067 10162
  1068 10162
  1069 10162
  1070 10162
  1071 10162
  1072 10162
  1073 10162
  1074 10162
  1075 10162
  1076 10162
  1077 10162
  1078 10162
  1079 10162
  1080 10162
  1081 10162
  1082 10162
  1083 10162
  1084 10162
  1085 10162
  1086 10162
  1087 10162
  1088 10162
  1089 10162
  1090 10162
  1091 10162
  1092 10162
  1093 10162
  1094 10162
  1095 10162
  1096 10162
  1097 10162
  1098 10162
  1099 10162
  1100 10162
  1101 10162
  1102 10162
  1103 10162
  1104 10162
  1105 10162
  1106 10162
  1107 10162
  1108 10162
  1109 10162
  1110 10162
  1111 10162
  1112 10162
  1113 10162
  1114 10162
  1115 10162
  1116 10162
  1117 10162
  1118 10162
  1119 10162
  1120 10162
  1121 10162
  1122 10162
  1123 10162
  1124 10162
  1125 10162
  1126 10162
  1127 10162
  1128 10162
  1129 10162
  1130 10162
  1131 10162
  1132 10162
  1133 10162
  1134 10162
  1135 10162
  1136 10162
  1137 10162
  1138 10162
  1139 10162
  1140 10162
  1141 10162
  1142 10162
  1143 10162
  1144 10162
  1145 10162
  1146 10162
  1147 10162
  1148 10162
  1149 10162
  1150 10162
  1151 10162
  1152 10162
  1153 10162
  1154 10162
  1155 10162
  1156 10162
  1157 10162
  1158 10162
  1159 10162
  1160 10162
  1161 10162
  1162 10162
  1163 10162
  1164 10162
  1165 10162
  1166 10162
  1167 10162
  1168 10162
  1169 10162
  1170 10162
  1171 10162
  1172 10162
  1173 10162
  1174 10162
  1175 10162
  1176 10162
  1177 10162
  1178 10162
  1179 10162
  1180 10162
  1181 10162
  1182 10162
  1183 10162
  1184 10162
  1185 10162
  1186 10162
  1187 10162
  1188 10162
  1189 10162
  1190 10162
  1191 10162
  1192 10162
  1193 10162
  1194 10162
  1195 10162
  1196 10162
  1197 10162
  1198 10162
  1199 10162
  1200 10162
  1201 10162
  1202 10162
  1203 10162
  1204 10162
  1205 10162
  1206 10162
  1207 10162
  1208 10162
  1209 10162
  1210 10162
  1211 10162
  1212 10162
  1213 10162
  1214 10162
  1215 10162
  1216 10162
  1217 10162
  1218 10162
  1219 10162
  1220 10162
  1221 10162
  1222 10162
  1223 10162
  1224 10162
  1225 10162
  1226 10162
  1227 10162
  1228 10162
  1229 10162
  1230 10162
  1231 10162
  1232 10162
  1233 10162
  1234 10162
  1235 10162
  1236 10162
  1237 10162
  1238 10162
  1239 10162
  1240 10162
  1241 10162
  1242 10162
  1243 10162
  1244 10162
  1245 10162
  1246 10162
  1247 10162
  1248 10162
  1249 10162
  1250 10162
  1251 10162
  1252 10162
  1253 10162
  1254 10162
  1255 10162
  1256 10162
  1257 10162
  1258 10143
  1259 10143
  1260 10143
  1261 10143
  1262 10136
  1263 10136
  1264 10136
  1265 10136
  1266 10136
  1267 10136
  1268 10136
  1269 10136
  1270 10136
  1271 10136
  1272 10136
  1273 10136
  1274 10136
  1275 10136
  1276 10136
  1277 10136
  1278 10136
  1279 10136
  1280 10136
  1281 10136
  1282 10136
  1283 10136
  1284 10136
  1285 10136
  1286 10136
  1287 10136
  1288 10136
  1289 10136
  1290 10136
  1291 10136
  1292 10136
  1293 10136
  1294 10136
  1295 10136
  1296 10136
  1297 10136
  1298 10136
  1299 10136
  1300 10136
  1301 10136
  1302 10136
  1303 10136
  1304 10136
  1305 10136
  1306 10136
  1307 10136
  1308 10136
  1309 10136
  1310 10136
  1311 10136
  1312 10136
  1313 10136
  1314 10136
  1315 10136
  1316 10136
  1317 10136
  1318 10136
  1319 10136
  1320 10136
  1321 10136
  1322 10136
  1323 10136
  1324 10136
  1325 10136
  1326 10136
  1327 10136
  1328 10136
  1329 10136
  1330 10136
  1331 10136
  1332 10136
  1333 10136
  1334 10136
  1335 10136
  1336 10136
  1337 10136
  1338 10136
  1339 10136
  1340 10136
  1341 10136
  1342 10136
  1343 10136
  1344 10136
  1345 10136
  1346 10136
  1347 10136
  1348 10136
  1349 10136
  1350 10136
  1351 10136
  1352 10136
  1353 10136
  1354 10136
  1355 10136
  1356 10136
  1357 10136
  1358 10136
  1359 10136
  1360 10136
  1361 10136
  1362 10136
  1363 10136
  1364 10136
  1365 10136
  1366 10136
  1367 10136
  1368 10136
  1369 10136
  1370 10136
  1371 10136
  1372 10136
  1373 10136
  1374 10136
  1375 10136
  1376 10136
  1377 10136
  1378 10136
  1379 10136
  1380 10136
  1381 10136
  1382 10136
  1383 10136
  1384 10136
  1385 10136
  1386 10136
  1387 10136
  1388 10136
  1389 10136
  1390 10136
  1391 10136
  1392 10136
  1393 10136
  1394 10136
  1395 10136
  1396 10136
  1397 10136
  1398 10136
  1399 10136
  1400 10136
  1401 10136
  1402 10136
  1403 10136
  1404 10136
  1405 10136
  1406 10136
  1407 10136
  1408 10136
  1409 10136
  1410 10136
  1411 10136
  1412 10136
  1413 10136
  1414 10136
  1415 10136
  1416 10136
  1417 10136
  1418 10136
  1419 10136
  1420 10136
  1421 10136
  1422 10136
  1423 10136
  1424 10136
  1425 10136
  1426 10136
  1427 10136
  1428 10136
  1429 10136
  1430 10136
  1431 10136
  1432 10136
  1433 10136
  1434 10136
  1435 10136
  1436 10136
  1437 10136
  1438 10136
  1439 10136
  1440 10136
  1441 10136
  1442 10136
  1443 10136
  1444 10136
  1445 10136
  1446 10136
  1447 10136
  1448 10136
  1449 10136
  1450 10136
  1451 10136
  1452 10136
  1453 10136
  1454 10136
  1455 10136
  1456 10136
  1457 10136
  1458 10136
  1459 10136
  1460 10136
  1461 10136
  1462 10136
  1463 10136
  1464 10136
  1465 10136
  1466 10136
  1467 10136
  1468 10136
  1469 10136
  1470 10136
  1471 10136
  1472 10136
  1473 10136
  1474 10136
  1475 10136
  1476 10136
  1477 10136
  1478 10136
  1479 10136
  1480 10136
  1481 10136
  1482 10136
  1483 10136
  1484 10136
  1485 10136
  1486 10136
  1487 10136
  1488 10136
  1489 10136
  1490 10136
  1491 10136
  1492 10136
  1493 10136
  1494 10136
  1495 10136
  1496 10136
  1497 10136
  1498 10136
  1499 10136
  1500 10136
  1501 10067
  1502 10067
  1503 10067
  1504 10067
  1505 10067
  1506 10067
  1507 10067
  1508 10067
  1509 10067
  1510 10067
  1511 10067
  1512 10067
  1513 10067
  1514 10067
  1515 10067
  1516 10067
  1517 10067
  1518 10067
  1519 10067
  1520 10067
  1521 10067
  1522 10067
  1523 10067
  1524 10067
  1525 10067
  1526 10067
  1527 10067
  1528 10067
  1529 10067
  1530 10067
  1531 10067
  1532 10067
  1533 10067
  1534 10067
  1535 10067
  1536 10067
  1537 10067
  1538 10067
  1539 10067
  1540 10067
  1541 10067
  1542 10067
  1543 10067
  1544 10067
  1545 10067
  1546 10067
  1547 10067
  1548 10067
  1549 10067
  1550 10067
  1551 10067
  1552 10067
  1553 10067
  1554 10067
  1555 10067
  1556 10067
  1557 10067
  1558 10067
  1559 10067
  1560 10067
  1561 10067
  1562 10067
  1563 10067
  1564 10067
  1565 10067
  1566 10067
  1567 10067
  1568 10067
  1569 10067
  1570 10067
  1571 10067
  1572 10067
  1573 10067
  1574 10067
  1575 10067
  1576 10067
  1577 10067
  1578 10067
  1579 10067
  1580 10067
  1581 10067
  1582 10067
  1583 10067
  1584 10067
  1585 10067
  1586 10067
  1587 10067
  1588 10067
  1589 10067
  1590 10067
  1591 10067
  1592 10067
  1593 10067
  1594 10067
  1595 10067
  1596 10067
  1597 10067
  1598 10067
  1599 10067
  1600 10067
  1601 10067
  1602 10067
  1603 10067
  1604 10067
  1605 10067
  1606 10067
  1607 10067
  1608 10067
  1609 10067
  1610 10067
  1611 10067
  1612 10067
  1613 10067
  1614 10067
  1615 10067
  1616 10067
  1617 10067
  1618 10067
  1619 10067
  1620 10067
  1624 10072
  1625 10072
  1626 10072
  1627 10011
  1628 10011
  1629 10082
  1630 10101
  1631 10101
  1632 10101
  1633 10101
  1634 10101
  1635 10101
  1636 10101
  1637 10101
  1638 10101
  1639 10101
  1640 10101
  1641 10101
  1642 10101
  1643 10101
  1644 10101
  1645 10101
  1646 10101
  1647 10101
  1648 10101
  1649 10101
  1650 10101
  1651 10101
  1652 10101
  1653 10101
  1654 10101
  1655 10101
  1656 10101
  1657 10101
  1658 10101
  1659 10101
  1660 10101
  1661 10101
  1662 10101
  1663 10101
  1664 10101
  1665 10101
  1666 10101
  1667 10101
  1668 10101
  1669 10101
  1670 10101
  1671 10101
  1672 10101
  1673 10101
  1674 10101
  1675 10101
  1676 10101
  1677 10101
  1678 10101
  1679 10101
  1680 10101
  1681 10101
  1682 10101
  1683 10101
  1684 10101
  1685 10101
  1686 10101
  1687 10101
  1688 10101
  1689 10101
  1690 10101
  1691 10101
  1692 10101
  1693 10101
  1694 10101
  1695 10101
  1696 10101
  1697 10101
  1698 10101
  1699 10101
  1700 10101
  1701 10101
  1702 10101
  1703 10101
  1704 10101
  1705 10101
  1706 10101
  1707 10101
  1708 10101
  1709 10101
  1710 10101
  1711 10101
  1712 10101
  1713 10101
  1714 10101
  1715 10101
  1716 10101
  1717 10101
  1718 10101
  1719 10101
  1720 10101
  1721 10101
  1722 10101
  1723 10101
  1724 10101
  1725 10101
  1726 10101
  1727 10101
  1728 10101
  1729 10101
  1730 10101
  1731 10101
  1732 10101
  1733 10101
  1734 10101
  1735 10101
  1736 10101
  1737 10101
  1738 10101
  1739 10101
  1740 10101
  1741 10101
  1742 10101
  1743 10101
  1744 10101
  1745 10101
  1746 10101
  1747 10101
  1748 10101
  1749 10101
  1750 10101
  1751 10101
  1752 10101
  1753 10101
  1754 10101
  1755 10101
  1756 10101
  1757 10101
  1758 10101
  1759 10101
  1760 10101
  1761 10101
  1762 10101
  1763 10101
  1764 10101
  1765 10101
  1766 10101
  1767 10101
  1768 10101
  1769 10101
  1770 10101
  1771 10101
  1772 10101
  1773 10101
  1774 10101
  1775 10101
  1776 10101
  1777 10101
  1778 10101
  1779 10101
  1780 10101
  1781 10101
  1782 10101
  1783 10101
  1784 10101
  1785 10101
  1786 10101
  1787 10101
  1788 10101
  1789 10101
  1790 10101
  1791 10101
  1792 10101
  1793 10101
  1794 10101
  1795 10101
  1796 10101
  1797 10101
  1798 10101
  1799 10101
  1800 10101
  1801 10101
  1802 10101
  1803 10101
  1804 10101
  1805 10101
  1806 10101
  1807 10101
  1808 10101
  1809 10101
  1810 10101
  1811 10101
  1812 10101
  1813 10101
  1814 10101
  1815 10101
  1816 10101
  1817 10101
  1818 10101
  1819 10101
  1820 10101
  1821 10101
  1822 10101
  1823 10101
  1824 10101
  1825 10101
  1826 10101
  1827 10101
  1828 10101
  1829 10101
  1830 10101
  1831 10101
  1832 10101
  1833 10101
  1834 10101
  1835 10101
  1836 10101
  1837 10101
  1838 10101
  1839 10101
  1840 10101
  1841 10101
  1842 10101
  1843 10101
  1844 10101
  1845 10101
  1846 10101
  1847 10101
  1848 10101
  1849 10101
  1850 10101
  1851 10101
  1852 10101
  1853 10101
  1854 10101
  1855 10101
  1856 10101
  1857 10138
  1858 10101
  1859 10101
  1868 10155
  1869 10155
  1870 10155
  1871 10155
  1872 10155
  1873 10155
  1874 10155
  1875 10155
  1876 10155
  1877 10155
  1878 10155
  1879 10155
  1880 10155
  1881 10155
  1882 10155
  1883 10155
  1884 10155
  1885 10155
  1886 10155
  1887 10155
  1888 10155
  1889 10155
  1890 10155
  1891 10155
  1892 10155
  1893 10155
  1894 10155
  1895 10155
  1896 10155
  1897 10155
  1898 10155
  1899 10155
  1900 10155
  1901 10155
  1902 10155
  1903 10155
  1904 10155
  1905 10155
  1906 10155
  1907 10155
  1908 10155
  1909 10155
  1910 10155
  1911 10155
  1912 10155
  1913 10155
  1914 10155
  1915 10155
  1916 10155
  1917 10155
  1918 10155
  1919 10155
  1920 10155
  1921 10155
  1922 10155
  1923 10155
  1924 10155
  1925 10155
  1926 10155
  1927 10155
  1928 10155
  1929 10155
  1930 10155
  1931 10155
  1932 10155
  1933 10155
  1934 10155
  1935 10155
  1936 10155
  1937 10155
  1938 10155
  1939 10155
  1940 10155
  1941 10155
  1942 10155
  1943 10155
  1944 10155
  1945 10155
  1946 10155
  1947 10155
  1948 10155
  1949 10155
  1950 10155
  1951 10155
  1952 10155
  1953 10155
  1954 10155
  1955 10155
  1956 10155
  1957 10155
  1958 10155
  1959 10155
  1960 10155
  1961 10155
  1962 10155
  1963 10155
  1964 10155
  1965 10155
  1966 10155
  1967 10155
  1968 10155
  1969 10155
  1970 10155
  1971 10155
  1972 10155
  1973 10155
  1974 10155
  1975 10155
  1976 10155
  1977 10155
  1978 10155
  1979 10155
  1980 10155
  1981 10155
  1982 10155
  1983 10155
  1984 10155
  1985 10155
  1986 10155
  1987 10155
  1988 10155
  1989 10155
  1990 10155
  1991 10155
  1992 10155
  1993 10155
  1994 10155
  1995 10155
  1996 10155
  1997 10155
  1998 10155
  1999 10155
  2000 10155
  2001 10155
  2002 10155
  2003 10155
  2004 10155
  2005 10155
  2006 10155
  2007 10155
  2008 10155
  2009 10155
  2010 10155
  2011 10155
  2012 10155
  2013 10155
  2014 10155
  2015 10155
  2016 10155
  2017 10155
  2018 10155
  2019 10155
  2020 10155
  2021 10155
  2022 10155
  2023 10155
  2024 10145
  2025 10145
  2026 10145
