   690 10039
   691 10039
   692 10039
   693 10039
   694 10039
   695 10039
   696 10039
   697 10039
   698 10039
   699 10039
   700 10039
   701 10039
   702 10039
   703 10039
   704 10039
   705 10039
   706 10039
   707 10039
   708 10039
   709 10039
   710 10039
   711 10039
   712 10039
   713 10039
   714 10039
   715 10039
   716 10039
   717 10039
   718 10039
   719 10039
   720 10039
   721 10039
   722 10039
   723 10039
   724 10039
   725 10039
   726 10039
   727 10039
   728 10039
   729 10039
   730 10039
   731 10039
   732 10039
   733 10039
   734 10039
   735 10039
   736 10039
   737 10039
   738 10039
   739 10039
   740 10039
   741 10039
   742 10039
   743 10039
   744 10039
   745 10039
   746 10039
   747 10039
   748 10039
   749 10039
   750 10039
   751 10039
   752 10039
   753 10039
   754 10039
   755 10039
   756 10039
   757 10039
   758 10039
   759 10039
   760 10039
   761 10039
   762 10039
   763 10039
   764 10039
   765 10039
   766 10039
   767 10039
   768 10039
   769 10039
   770 10039
   771 10039
   772 10039
   773 10039
   774 10039
   775 10039
   776 10039
   777 10039
   778 10039
   779 10039
   780 10039
   785 10154
   786 10154
   787 10155
   788 10155
   789 10155
   790 10155
   791 10155
   792 10155
   793 10155
   794 10155
   795 10155
   796 10155
   797 10155
   798 10155
   799 10155
   800 10155
   801 10155
   802 10155
   803 10155
   804 10155
   805 10155
   806 10155
   807 10155
   808 10155
   809 10155
   810 10155
   811 10155
   812 10155
   813 10155
   814 10155
   815 10155
   816 10155
   817 10155
   818 10155
   819 10155
   820 10155
   821 10155
   822 10155
   823 10155
   824 10155
   825 10155
   826 10155
   827 10155
   828 10155
   829 10155
   830 10155
   831 10155
   832 10155
   833 10155
   834 10155
   835 10155
   836 10155
   837 10155
   838 10155
   839 10155
   840 10155
   841 10155
   842 10155
   843 10155
   844 10155
   845 10155
   846 10155
   847 10155
   848 10155
   849 10155
   850 10155
   851 10155
   852 10155
   853 10155
   854 10155
   855 10155
   856 10155
   857 10155
   858 10155
   859 10155
   860 10155
   861 10155
   862 10155
   863 10155
   864 10155
   865 10155
   866 10155
   867 10155
   868 10155
   869 10155
   870 10155
   871 10155
   872 10155
   873 10155
   874 10155
   875 10155
   876 10155
   877 10155
   878 10155
   879 10155
   880 10155
   881 10155
   882 10155
   883 10155
   884 10155
   885 10155
   886 10155
   887 10155
   888 10155
   889 10155
   890 10155
   891 10155
   892 10155
   893 10155
   894 10155
   895 10155
   896 10155
   897 10155
   898 10155
   899 10155
   900 10155
   901 10155
   902 10155
   903 10155
   904 10155
   905 10155
   906 10155
   907 10155
   908 10155
   909 10155
   910 10155
   911 10155
   912 10155
   913 10155
   914 10155
   915 10155
   916 10155
   917 10155
   918 10155
   919 10155
   920 10155
   921 10155
   922 10155
   923 10155
   924 10155
   925 10155
   926 10155
   927 10155
   928 10155
   929 10155
   930 10155
   931 10155
   932 10155
   933 10155
   934 10155
   935 10155
   936 10155
   937 10155
   938 10155
   939 10155
   940 10155
   941 10155
   942 10155
   943 10155
   944 10155
   945 10155
   946 10155
   947 10155
   948 10155
   949 10155
   950 10155
   951 10155
   952 10155
   953 10155
   954 10155
   955 10155
   956 10155
   957 10155
   958 10155
   959 10155
   960 10155
   961 10155
   962 10155
   963 10155
   964 10155
   965 10155
   966 10155
   967 10155
   968 10155
   969 10155
   970 10155
   971 10155
   972 10155
   973 10155
   974 10155
   975 10155
   976 10155
   977 10155
   978 10155
   979 10155
   980 10155
   981 10155
   982 10155
   983 10155
   984 10155
   985 10155
   986 10155
   987 10155
   988 10155
   989 10155
   990 10155
   991 10155
   992 10155
   993 10155
   994 10155
   995 10155
   996 10155
   997 10155
   998 10155
   999 10155
  1000 10155
  1001 10155
  1002 10155
  1003 10155
  1004 10155
  1005 10155
  1006 10155
  1007 10155
  1008 10155
  1009 10155
  1010 10155
  1011 10155
  1012 10155
  1013 10155
  1014 10155
  1015 10155
  1016 10155
  1017 10155
  1018 10155
  1019 10155
  1020 10155
  1021 10136
  1022 10136
  1023 10136
  1024 10136
  1025 10136
  1026 10136
  1027 10136
  1028 10136
  1029 10136
  1030 10136
  1031 10136
  1032 10136
  1033 10136
  1034 10136
  1035 10136
  1036 10136
  1037 10136
  1038 10136
  1039 10136
  1040 10136
  1041 10136
  1042 10136
  1043 10136
  1044 10136
  1045 10136
  1046 10136
  1047 10136
  1048 10136
  1049 10136
  1050 10136
  1051 10136
  1052 10136
  1053 10136
  1054 10136
  1055 10136
  1056 10136
  1057 10136
  1058 10136
  1059 10136
  1060 10136
  1061 10136
  1062 10136
  1063 10136
  1064 10136
  1065 10136
  1066 10136
  1067 10136
  1068 10136
  1069 10136
  1070 10136
  1071 10136
  1072 10136
  1073 10136
  1074 10136
  1075 10136
  1076 10136
  1077 10136
  1078 10136
  1079 10136
  1080 10136
  1081 10136
  1082 10136
  1083 10136
  1084 10136
  1085 10136
  1086 10136
  1087 10136
  1088 10136
  1089 10136
  1090 10136
  1091 10136
  1092 10136
  1093 10136
  1094 10136
  1095 10136
  1096 10136
  1097 10136
  1098 10136
  1099 10136
  1100 10136
  1101 10136
  1102 10136
  1103 10136
  1104 10136
  1105 10136
  1106 10136
  1107 10136
  1108 10136
  1109 10136
  1110 10136
  1111 10136
  1112 10136
  1113 10136
  1114 10136
  1115 10136
  1116 10136
  1117 10136
  1118 10136
  1119 10136
  1120 10136
  1121 10136
  1122 10136
  1123 10136
  1124 10136
  1125 10136
  1126 10136
  1127 10136
  1128 10136
  1129 10136
  1130 10136
  1131 10136
  1132 10136
  1133 10136
  1134 10136
  1135 10136
  1136 10136
  1137 10136
  1138 10136
  1139 10136
  1140 10136
  1141 10136
  1142 10136
  1143 10136
  1144 10136
  1145 10136
  1146 10136
  1147 10136
  1148 10136
  1149 10136
  1150 10136
  1151 10136
  1152 10136
  1153 10136
  1154 10136
  1155 10136
  1156 10136
  1157 10136
  1158 10136
  1159 10136
  1160 10136
  1161 10136
  1162 10136
  1163 10136
  1164 10136
  1165 10136
  1166 10136
  1167 10136
  1168 10136
  1169 10136
  1170 10136
  1171 10136
  1172 10136
  1173 10136
  1174 10136
  1175 10136
  1176 10136
  1177 10136
  1178 10136
  1179 10136
  1180 10136
  1181 10136
  1182 10136
  1183 10136
  1184 10136
  1185 10136
  1186 10136
  1187 10136
  1188 10136
  1189 10136
  1190 10136
  1191 10136
  1192 10136
  1193 10136
  1194 10136
  1195 10136
  1196 10136
  1197 10136
  1198 10136
  1199 10136
  1200 10136
  1201 10136
  1202 10136
  1203 10136
  1204 10136
  1205 10136
  1206 10136
  1207 10136
  1208 10136
  1209 10136
  1210 10136
  1211 10136
  1212 10136
  1213 10136
  1214 10136
  1215 10136
  1216 10136
  1217 10136
  1218 10136
  1219 10136
  1220 10136
  1221 10136
  1222 10136
  1223 10136
  1224 10136
  1225 10136
  1226 10136
  1227 10136
  1228 10136
  1229 10136
  1230 10136
  1231 10136
  1232 10136
  1233 10136
  1234 10136
  1235 10136
  1236 10136
  1237 10136
  1238 10136
  1239 10136
  1240 10136
  1241 10136
  1242 10136
  1243 10136
  1244 10136
  1245 10136
  1246 10136
  1247 10136
  1248 10136
  1249 10136
  1250 10136
  1251 10136
  1252 10136
  1253 10136
  1254 10136
  1255 10136
  1256 10136
  1257 10136
  1258 10136
  1259 10136
  1260 10143
  1261 10143
  1262 10143
  1263 10014
  1264 10014
  1265 10154
  1266 10154
  1267 10154
  1268 10016
  1269 10016
  1270 10016
  1271 10095
  1272 10014
  1273 10014
  1274 10014
  1275 10014
  1276 10016
  1277 10016
  1278 10016
  1279 10016
  1280 10016
  1281 10016
  1282 10016
  1283 10016
  1284 10016
  1285 10014
  1286 10014
  1287 10014
  1288 10014
  1289 10154
  1290 10154
  1291 10154
  1292 10130
  1293 10016
  1294 10016
  1297 10016
  1298 10016
  1299 10016
  1305 10014
  1306 10016
  1307 10016
  1308 10016
  1309 10016
  1310 10016
  1318 10014
  1319 10014
  1320 10014
  1321 10014
  1322 10014
  1323 10014
  1324 10014
  1325 10014
  1326 10014
  1327 10014
  1328 10016
  1329 10014
  1330 10014
  1331 10014
  1332 10016
  1333 10016
  1334 10016
  1335 10016
  1336 10016
  1337 10016
  1338 10014
  1339 10016
  1340 10014
  1341 10014
  1342 10016
  1344 10016
  1345 10016
  1346 10016
  1347 10016
  1348 10016
  1349 10016
  1350 10016
  1351 10055
  1352 10055
  1353 10055
  1354 10055
  1355 10055
  1356 10055
  1357 10055
  1358 10055
  1359 10055
  1360 10055
  1361 10055
  1362 10055
  1363 10055
  1364 10055
  1365 10055
  1366 10055
  1367 10055
  1368 10055
  1369 10055
  1370 10055
  1371 10055
  1372 10055
  1373 10055
  1374 10055
  1375 10055
  1376 10055
  1377 10055
  1378 10055
  1379 10055
  1380 10055
  1381 10055
  1386 10043
  1387 10043
  1388 10043
  1389 10043
  1390 10043
  1391 10043
  1392 10043
  1393 10043
  1394 10043
  1395 10043
  1396 10043
  1397 10043
  1398 10043
  1399 10043
  1400 10043
  1401 10043
  1402 10043
  1403 10043
  1404 10043
  1405 10043
  1406 10043
  1407 10043
  1408 10043
  1409 10043
  1410 10043
  1411 10043
  1412 10043
  1413 10043
  1414 10043
  1415 10043
  1416 10043
  1417 10043
  1418 10043
  1419 10043
  1420 10043
  1421 10043
  1422 10043
  1423 10043
  1424 10043
  1425 10043
  1426 10043
  1427 10043
  1428 10043
  1429 10043
  1430 10043
  1431 10043
  1432 10043
  1433 10043
  1434 10043
  1435 10043
  1436 10043
  1437 10043
  1438 10043
  1439 10043
  1440 10043
  1441 10043
  1442 10043
  1443 10043
  1444 10043
  1445 10043
  1446 10043
  1447 10043
  1448 10043
  1449 10043
  1450 10043
  1451 10043
  1452 10043
  1453 10043
  1454 10043
  1455 10043
  1456 10043
  1457 10043
  1458 10043
  1459 10043
  1460 10043
  1461 10043
  1462 10043
  1463 10043
  1464 10043
  1465 10043
  1466 10043
  1467 10043
  1468 10043
  1469 10043
  1470 10043
  1471 10043
  1472 10043
  1473 10043
  1474 10043
  1475 10043
  1476 10043
  1477 10043
  1478 10043
  1479 10043
  1480 10043
  1481 10043
  1482 10043
  1483 10043
  1484 10043
  1485 10043
  1486 10043
  1487 10043
  1488 10043
  1489 10043
  1490 10043
  1491 10043
  1492 10043
  1493 10043
  1494 10043
  1495 10043
  1496 10043
  1497 10043
  1498 10043
  1499 10043
  1500 10043
  1501 10043
  1502 10043
  1503 10043
  1504 10043
  1505 10043
  1506 10043
  1507 10043
  1508 10043
  1509 10043
  1510 10043
  1511 10043
  1512 10043
  1513 10043
  1514 10043
  1515 10043
  1516 10043
  1517 10043
  1518 10043
  1519 10043
  1520 10043
  1521 10043
  1522 10043
  1523 10043
  1524 10043
  1525 10043
  1526 10043
  1527 10043
  1528 10043
  1529 10043
  1530 10043
  1531 10043
  1532 10043
  1533 10043
  1534 10043
  1535 10043
  1536 10043
  1537 10043
  1538 10043
  1539 10043
  1540 10043
  1541 10043
  1542 10043
  1543 10043
  1544 10043
  1545 10043
  1546 10043
  1547 10043
  1548 10043
  1549 10043
  1550 10043
  1551 10043
  1552 10043
  1553 10043
  1554 10043
  1555 10043
  1556 10043
  1557 10043
  1558 10043
  1559 10043
  1560 10043
  1561 10043
  1562 10043
  1563 10043
  1564 10043
  1565 10043
  1566 10043
  1567 10043
  1568 10043
  1569 10043
  1570 10043
  1571 10043
  1572 10043
  1573 10043
  1574 10043
  1575 10043
  1576 10043
  1577 10043
  1578 10043
  1579 10043
  1580 10043
  1581 10043
  1582 10043
  1583 10043
  1584 10043
  1585 10043
  1586 10043
  1587 10043
  1588 10043
  1589 10043
  1590 10043
  1591 10043
  1592 10043
  1593 10043
  1594 10043
  1595 10043
  1596 10043
  1597 10043
  1598 10043
  1599 10043
  1600 10043
  1601 10043
  1602 10043
  1603 10043
  1604 10043
  1605 10043
  1606 10043
  1607 10043
  1608 10043
  1609 10043
  1610 10043
  1611 10043
  1612 10043
  1613 10043
  1614 10043
  1615 10043
  1616 10043
  1617 10043
  1618 10043
  1619 10043
  1620 10043
  1621 10003
  1622 10172
  1623 10003
  1624 10003
  1625 10003
  1626 10003
  1627 10003
  1628 10047
  1629 10047
  1630 10047
  1631 10047
  1632 10047
  1633 10047
  1634 10047
  1635 10047
  1636 10047
  1637 10047
  1638 10047
  1639 10047
  1640 10047
  1641 10047
  1642 10047
  1643 10047
  1644 10047
  1645 10047
  1646 10047
  1647 10047
  1648 10047
  1649 10047
  1650 10047
  1651 10047
  1652 10047
  1653 10047
  1654 10047
  1655 10047
  1656 10047
  1657 10047
  1658 10047
  1659 10047
  1660 10047
  1661 10047
  1662 10047
  1663 10047
  1664 10047
  1665 10047
  1666 10047
  1667 10047
  1668 10047
  1669 10047
  1670 10047
  1671 10047
  1672 10047
  1673 10047
  1674 10047
  1675 10047
  1676 10047
  1677 10047
  1678 10047
  1679 10047
  1680 10047
  1681 10047
  1682 10047
  1683 10047
  1684 10047
  1685 10047
  1686 10047
  1687 10047
  1688 10047
  1689 10047
  1690 10047
  1691 10047
  1692 10047
  1693 10047
  1694 10047
  1695 10047
  1696 10047
  1697 10047
  1698 10047
  1699 10047
  1700 10047
  1701 10047
  1702 10047
  1703 10047
  1704 10047
  1705 10047
  1706 10047
  1707 10047
  1708 10047
  1709 10047
  1710 10047
  1711 10047
  1712 10047
  1713 10047
  1714 10047
  1715 10047
  1716 10047
  1717 10047
  1718 10047
  1719 10047
  1720 10047
  1721 10047
  1722 10047
  1723 10047
  1724 10047
  1725 10047
  1726 10047
  1727 10047
  1728 10047
  1729 10047
  1730 10047
  1731 10047
  1732 10047
  1733 10047
  1734 10047
  1735 10047
  1736 10047
  1737 10047
  1738 10047
  1739 10047
  1740 10047
  1741 10047
  1742 10047
  1743 10047
  1744 10047
  1745 10047
  1746 10047
  1747 10047
  1748 10047
  1749 10047
  1750 10047
  1751 10047
  1752 10047
  1753 10047
  1754 10047
  1755 10047
  1756 10047
  1757 10047
  1758 10047
  1759 10047
  1760 10047
  1761 10047
  1762 10047
  1763 10047
  1764 10047
  1765 10047
  1766 10047
  1767 10047
  1768 10047
  1769 10047
  1770 10047
  1771 10047
  1772 10047
  1773 10047
  1774 10047
  1775 10047
  1776 10047
  1777 10047
  1778 10047
  1779 10047
  1780 10047
  1781 10047
  1782 10047
  1783 10047
  1784 10047
  1785 10047
  1786 10047
  1787 10047
  1788 10047
  1789 10047
  1790 10047
  1791 10047
  1792 10047
  1793 10047
  1794 10047
  1795 10047
  1796 10047
  1797 10047
  1798 10047
  1799 10047
  1800 10047
  1801 10047
  1802 10047
  1803 10047
  1804 10047
  1805 10047
  1806 10047
  1807 10047
  1808 10047
  1809 10047
  1810 10047
  1811 10047
  1812 10047
  1813 10047
  1814 10047
  1815 10047
  1816 10047
  1817 10047
  1818 10047
  1819 10047
  1820 10047
  1821 10047
  1822 10047
  1823 10047
  1824 10047
  1825 10047
  1826 10047
  1827 10047
  1828 10047
  1829 10047
  1830 10047
  1831 10047
  1832 10047
  1833 10047
  1834 10047
  1835 10047
  1836 10047
  1837 10047
  1838 10047
  1839 10047
  1840 10047
  1841 10047
  1842 10047
  1843 10047
  1844 10047
  1845 10047
  1846 10047
  1847 10047
  1848 10047
  1849 10047
  1850 10047
  1851 10047
  1852 10047
  1853 10047
  1854 10047
  1855 10047
  1856 10047
  1857 10047
  1858 10047
  1859 10047
  1860 10047
  1861 10002
  1862 10047
  1863 10002
  1864 10003
  1865 10003
  1866 10003
  1867 10035
  1868 10172
  1869 10048
  1870 10048
  1876 10115
  1877 10014
  1878 10014
  1879 10014
  1880 10014
  1881 10014
  1882 10014
  1883 10115
  1884 10016
  1885 10014
  1886 10014
  1887 10014
  1888 10014
  1889 10014
  1890 10014
  1891 10014
  1892 10014
  1893 10154
  1894 10014
  1895 10154
  1896 10154
  1897 10014
  1898 10016
  1899 10016
  1900 10016
  1901 10016
  1902 10016
  1903 10154
  1904 10014
  1905 10014
  1906 10014
  1907 10014
  1908 10014
  1909 10014
  1910 10014
  1911 10014
  1912 10014
  1913 10014
  1914 10014
  1915 10014
  1916 10014
  1917 10014
  1918 10014
  1919 10014
  1920 10014
  1921 10014
  1922 10014
  1923 10014
  1924 10014
  1925 10014
  1926 10014
  1927 10014
  1928 10014
  1929 10014
  1930 10014
  1931 10014
  1932 10014
  1933 10014
  1934 10014
  1935 10014
  1936 10014
  1937 10014
  1938 10014
  1939 10014
  1940 10014
  1941 10014
  1942 10014
  1943 10014
  1944 10016
  1945 10016
  1946 10014
  1947 10154
  1948 10014
  1949 10014
  1950 10014
  1951 10154
  1952 10154
  1953 10154
  1954 10154
  1955 10154
  1956 10154
  1957 10154
  1958 10154
  1959 10154
  1960 10154
  1961 10154
  1962 10154
  1963 10154
  1964 10154
  1965 10154
  1966 10154
  1967 10154
  1968 10154
  1969 10154
  1970 10154
  1971 10154
  1972 10014
  1973 10014
  1974 10014
  1975 10014
  1976 10014
  1977 10014
  1978 10014
  1979 10154
  1980 10154
  1981 10154
  1982 10154
  1983 10154
  1984 10154
  1985 10154
  1986 10154
  1987 10154
  1988 10154
  1989 10154
  1990 10154
  1991 10154
  1992 10154
  1993 10154
  1994 10154
  1995 10154
  1996 10154
  1997 10154
  1998 10154
  1999 10154
  2000 10154
  2001 10154
  2002 10154
  2003 10154
  2004 10154
  2005 10154
  2006 10154
  2007 10154
  2008 10154
  2009 10154
  2010 10154
  2011 10154
  2012 10154
  2013 10154
  2014 10154
  2015 10154
  2016 10154
  2017 10154
  2018 10154
  2019 10154
  2020 10154
  2021 10154
  2022 10154
  2023 10154
  2024 10154
  2025 10154
  2026 10154
  2027 10154
  2028 10154
  2029 10154
  2030 10154
  2031 10154
  2032 10154
  2033 10154
  2034 10154
  2035 10154
  2036 10154
  2037 10154
  2038 10154
  2039 10154
  2040 10154
  2041 10014
  2042 10014
  2043 10154
  2044 10154
  2045 10107
  2046 10107
  2047 10081
  2048 10154
  2049 10154
  2050 10154
  2051 10090
  2052 10090
  2053 10090
  2054 10090
  2055 10090
