   803 10093
   804 10093
   805 10093
   806 10093
   807 10093
   808 10093
   809 10093
   810 10093
   811 10093
   812 10093
   813 10093
   814 10093
   815 10093
   816 10093
   817 10093
   818 10093
   819 10093
   820 10093
   821 10093
   826 10093
   827 10093
   828 10093
   829 10093
   830 10093
   831 10093
   832 10093
   833 10093
   834 10093
   852 10093
   853 10093
   854 10093
   855 10093
   856 10093
   857 10093
   858 10093
   859 10093
   860 10093
   861 10093
   862 10093
   863 10093
   864 10093
   865 10093
   866 10097
   867 10097
   868 10097
   869 10097
   870 10093
   871 10093
   872 10093
   873 10093
   874 10093
   875 10093
   876 10093
   877 10093
   878 10093
   879 10093
   880 10093
   881 10093
   882 10093
   883 10093
   884 10093
   885 10093
   886 10093
   887 10093
   888 10093
   889 10093
   890 10093
   891 10093
   892 10093
   893 10093
   894 10093
   895 10093
   896 10093
   897 10093
   898 10093
   899 10093
   900 10093
   901 10093
   902 10093
   903 10093
   904 10093
   905 10093
   906 10093
   907 10093
   908 10093
   909 10093
   910 10093
   911 10093
   912 10093
   913 10093
   914 10093
   915 10093
   916 10093
   917 10093
   918 10093
   919 10093
   920 10093
   921 10093
   922 10093
   923 10093
   928 10093
   929 10093
   930 10093
   931 10093
   932 10093
   933 10093
   934 10093
   935 10093
   936 10093
   937 10093
   938 10093
   939 10093
   940 10093
   941 10093
   942 10093
   943 10093
   944 10093
   945 10093
   946 10093
   947 10093
   948 10093
   949 10093
   950 10093
   951 10093
   952 10093
   965 10093
   966 10093
   967 10093
   968 10093
   969 10093
   970 10093
   971 10093
   972 10093
   973 10093
   974 10093
   975 10093
   976 10093
   977 10093
   978 10093
   979 10093
   980 10093
   981 10093
   982 10093
   983 10093
   984 10093
   985 10093
   986 10093
   987 10093
   988 10093
   989 10093
   990 10093
   991 10093
   992 10093
   993 10093
   994 10093
   995 10093
   996 10093
   997 10093
   998 10093
   999 10093
  1000 10093
  1001 10093
  1002 10093
  1003 10093
  1004 10093
  1005 10093
  1006 10093
  1007 10093
  1008 10093
  1009 10093
  1010 10093
  1011 10093
  1012 10093
  1013 10093
  1014 10093
  1015 10093
  1016 10093
  1017 10093
  1018 10093
  1019 10093
  1031 10093
  1032 10093
  1033 10093
  1034 10093
  1037 10093
  1038 10093
  1039 10093
  1040 10093
  1041 10093
  1042 10093
  1043 10093
  1044 10093
  1045 10093
  1046 10093
  1047 10093
  1048 10093
  1049 10093
  1050 10093
  1051 10093
  1052 10093
  1053 10093
  1054 10093
  1055 10093
  1056 10093
  1057 10093
  1058 10093
  1059 10093
  1060 10093
  1061 10093
  1062 10093
  1063 10093
  1064 10093
  1065 10093
  1066 10093
  1067 10093
  1068 10093
  1069 10093
  1070 10093
  1071 10093
  1072 10093
  1073 10093
  1074 10093
  1075 10093
  1076 10093
  1077 10093
  1078 10093
  1079 10093
  1080 10093
  1081 10093
  1082 10093
  1083 10093
  1084 10093
  1085 10093
  1086 10093
  1087 10093
  1088 10093
  1089 10093
  1090 10093
  1091 10093
  1092 10093
  1093 10093
  1094 10093
  1095 10093
  1096 10093
  1097 10093
  1098 10093
  1099 10093
  1100 10093
  1101 10093
  1102 10093
  1103 10093
  1104 10093
  1105 10093
  1106 10093
  1107 10093
  1108 10093
  1109 10093
  1110 10093
  1111 10093
  1112 10093
  1113 10093
  1114 10093
  1115 10093
  1116 10093
  1117 10093
  1118 10093
  1119 10093
  1120 10093
  1121 10093
  1122 10093
  1123 10093
  1124 10093
  1125 10093
  1126 10093
  1127 10093
  1128 10093
  1129 10093
  1130 10093
  1131 10093
  1132 10093
  1133 10093
  1134 10093
  1135 10093
  1136 10093
  1137 10093
  1138 10093
  1139 10093
  1140 10093
  1141 10093
  1142 10093
  1143 10093
  1144 10093
  1145 10093
  1146 10093
  1147 10093
  1148 10093
  1149 10093
  1150 10093
  1151 10093
  1152 10093
  1153 10093
  1154 10093
  1155 10093
  1156 10093
  1157 10093
  1158 10093
  1159 10093
  1160 10093
  1161 10093
  1162 10093
  1163 10093
  1164 10093
  1165 10093
  1166 10093
  1167 10093
  1168 10093
  1169 10093
  1170 10093
  1171 10093
  1172 10093
  1173 10093
  1174 10093
  1175 10093
  1176 10093
  1177 10093
  1178 10093
  1179 10093
  1180 10093
  1181 10093
  1182 10093
  1183 10093
  1184 10093
  1185 10093
  1186 10093
  1187 10093
  1188 10093
  1189 10093
  1190 10093
  1191 10093
  1192 10093
  1193 10093
  1194 10093
  1195 10093
  1196 10093
  1197 10093
  1198 10093
  1199 10093
  1200 10093
  1201 10093
  1202 10093
  1203 10093
  1204 10093
  1205 10093
  1206 10093
  1207 10093
  1208 10093
  1209 10093
  1210 10093
  1211 10093
  1212 10093
  1213 10093
  1214 10093
  1215 10093
  1216 10093
  1217 10093
  1218 10093
  1219 10093
  1220 10093
  1221 10093
  1222 10093
  1223 10093
  1224 10093
  1225 10093
  1226 10093
  1227 10093
  1228 10093
  1229 10093
  1236 10093
  1237 10093
  1238 10093
  1239 10093
  1240 10093
  1241 10093
  1242 10093
  1243 10093
  1244 10093
  1245 10093
  1246 10093
  1247 10093
  1248 10093
  1249 10093
  1250 10093
  1251 10093
  1252 10093
  1253 10093
  1254 10093
  1255 10093
  1256 10093
  1257 10093
  1258 10093
  1259 10093
  1260 10093
  1261 10093
  1262 10093
  1263 10093
  1264 10093
  1265 10093
  1266 10093
  1267 10093
  1268 10093
  1269 10093
  1270 10093
  1271 10093
  1272 10093
  1273 10093
  1274 10093
  1275 10093
  1276 10093
  1277 10093
  1278 10093
  1279 10093
  1280 10093
  1281 10093
  1282 10093
  1283 10093
  1284 10093
  1285 10093
  1286 10093
  1287 10093
  1288 10093
  1289 10093
  1290 10093
  1291 10093
  1292 10093
  1293 10093
  1294 10093
  1295 10093
  1296 10093
  1297 10093
  1298 10093
  1299 10093
  1300 10093
  1301 10093
  1302 10093
  1303 10093
  1304 10093
  1305 10093
  1306 10093
  1307 10093
  1308 10093
  1309 10093
  1310 10093
  1311 10093
  1312 10093
  1313 10093
  1314 10093
  1315 10093
  1316 10093
  1317 10093
  1318 10093
  1319 10093
  1320 10093
  1321 10093
  1322 10093
  1323 10093
  1324 10093
  1325 10093
  1326 10093
  1327 10093
  1328 10093
  1329 10093
  1330 10093
  1331 10093
  1332 10093
  1333 10093
  1334 10093
  1335 10093
  1336 10093
  1337 10093
  1338 10093
  1339 10093
  1340 10093
  1341 10093
  1342 10093
  1343 10093
  1344 10093
  1345 10093
  1346 10093
  1347 10093
  1348 10093
  1349 10093
  1350 10093
  1351 10093
  1352 10093
  1353 10093
  1354 10093
  1355 10093
  1356 10093
  1357 10093
  1358 10093
  1359 10093
  1360 10093
  1361 10093
  1362 10093
  1363 10093
  1364 10093
  1365 10093
  1366 10093
  1367 10093
  1368 10093
  1369 10093
  1370 10093
  1371 10093
  1372 10093
  1373 10093
  1374 10093
  1375 10093
  1376 10093
  1377 10093
  1378 10093
  1379 10093
  1380 10093
  1381 10093
  1382 10093
  1383 10093
  1384 10093
  1385 10093
  1386 10093
  1387 10093
  1388 10093
  1389 10093
  1390 10093
  1391 10093
  1392 10093
  1393 10093
  1394 10093
  1395 10093
  1396 10093
  1397 10093
  1398 10093
  1399 10093
  1400 10093
  1401 10093
  1402 10093
  1403 10093
  1404 10093
  1405 10093
  1406 10093
  1407 10093
  1408 10093
  1409 10093
  1410 10093
  1411 10093
  1412 10093
  1413 10093
  1414 10093
  1415 10093
  1416 10093
  1417 10093
  1418 10093
  1419 10093
  1420 10093
  1421 10093
  1422 10093
  1423 10093
  1424 10093
  1425 10093
  1426 10093
  1427 10093
  1428 10093
  1429 10093
  1430 10093
  1431 10093
  1432 10093
  1433 10093
  1434 10093
  1435 10093
  1436 10093
  1437 10093
  1438 10093
  1439 10093
  1440 10093
  1441 10093
  1442 10093
  1443 10093
  1444 10093
  1445 10093
  1446 10093
  1447 10093
  1448 10093
  1449 10093
  1450 10093
  1451 10093
  1452 10093
  1453 10093
  1454 10093
  1455 10093
  1456 10093
  1457 10093
  1458 10093
  1459 10093
  1460 10093
  1461 10093
  1462 10093
  1463 10093
  1464 10093
  1465 10093
  1466 10093
  1467 10093
  1468 10093
  1469 10093
  1470 10093
  1471 10093
  1472 10093
  1473 10093
  1474 10093
  1475 10093
  1476 10093
  1477 10093
  1478 10093
  1479 10093
  1480 10093
  1481 10093
  1482 10093
  1483 10093
  1484 10093
  1485 10093
  1486 10093
  1487 10093
  1488 10093
  1489 10093
  1490 10093
  1491 10093
  1492 10093
  1493 10093
  1494 10093
  1495 10093
  1496 10093
  1497 10093
  1498 10093
  1499 10093
  1500 10093
  1501 10093
  1502 10093
  1503 10093
  1504 10093
  1505 10093
  1506 10093
  1507 10093
  1508 10093
  1509 10093
  1510 10093
  1511 10093
  1512 10093
  1513 10093
  1514 10093
  1515 10093
  1516 10093
  1517 10093
  1518 10093
  1519 10093
  1520 10093
  1537 10093
  1538 10093
  1539 10093
  1540 10093
  1541 10093
  1542 10093
  1543 10093
  1544 10093
  1545 10093
  1546 10093
  1547 10093
  1548 10093
  1549 10093
  1550 10093
  1551 10093
  1552 10093
  1553 10093
  1554 10093
  1555 10093
  1556 10093
  1557 10093
  1558 10093
  1559 10093
  1560 10093
  1561 10093
  1562 10093
  1563 10093
  1564 10093
  1565 10093
  1566 10093
  1567 10093
  1568 10093
  1569 10093
  1570 10093
  1571 10093
  1572 10093
  1573 10093
  1574 10093
  1575 10093
  1576 10093
  1577 10093
  1578 10093
  1579 10093
  1627 10093
  1628 10093
  1629 10093
  1630 10093
  1631 10093
  1632 10093
  1633 10093
  1634 10093
  1635 10093
  1636 10093
  1637 10093
  1638 10093
  1639 10093
  1640 10093
  1641 10093
  1642 10093
  1643 10093
  1644 10093
  1645 10093
  1646 10093
  1647 10093
  1648 10093
  1649 10093
  1650 10093
  1651 10093
  1652 10093
  1653 10093
  1654 10093
  1655 10093
  1656 10093
  1657 10093
  1658 10093
  1659 10093
  1660 10093
  1661 10093
  1662 10093
  1663 10093
  1664 10093
  1665 10093
  1669 10173
  1670 10173
  1671 10173
  1672 10173
  1673 10173
  1674 10173
  1675 10173
  1678 10093
  1679 10093
  1680 10093
  1681 10093
  1682 10093
  1683 10093
  1684 10093
  1685 10093
  1686 10093
  1687 10093
  1688 10093
  1689 10093
  1690 10093
  1691 10093
  1692 10093
  1693 10093
  1694 10093
  1695 10093
  1696 10093
  1697 10093
  1698 10093
  1699 10093
  1700 10093
  1701 10093
  1702 10093
  1703 10093
  1704 10093
  1705 10093
  1706 10093
  1707 10093
  1708 10093
  1709 10093
  1710 10093
  1711 10093
  1712 10093
  1713 10093
  1714 10093
  1715 10093
  1716 10093
  1717 10093
  1718 10093
  1719 10093
  1720 10093
  1721 10093
  1722 10093
  1723 10093
  1724 10093
  1725 10093
  1726 10093
  1727 10093
  1728 10093
  1729 10093
  1730 10093
  1731 10093
  1732 10093
  1733 10093
  1734 10093
  1735 10093
  1736 10093
  1737 10093
  1738 10093
  1741 10093
  1742 10093
  1743 10093
  1744 10093
  1745 10093
  1746 10093
  1747 10093
  1748 10093
  1749 10093
  1750 10093
  1751 10093
  1752 10093
  1753 10093
  1754 10093
  1755 10093
  1756 10093
  1757 10093
  1758 10093
  1759 10093
  1760 10093
  1761 10093
  1762 10093
  1763 10093
  1764 10093
  1765 10093
  1766 10093
  1767 10093
  1768 10093
  1769 10093
  1770 10093
  1771 10093
  1772 10093
  1773 10093
  1774 10093
  1775 10093
  1776 10093
  1777 10093
  1778 10093
  1779 10093
  1780 10093
  1781 10093
  1782 10093
  1783 10093
  1784 10093
  1785 10093
  1786 10093
  1787 10093
  1788 10093
  1789 10093
  1790 10093
  1791 10093
  1792 10093
  1793 10093
  1794 10093
  1795 10093
  1796 10093
  1797 10093
  1798 10093
  1799 10093
  1800 10093
  1801 10093
  1802 10093
  1803 10093
  1804 10093
  1805 10093
  1806 10093
  1807 10093
  1808 10093
  1809 10093
  1810 10093
  1811 10093
  1812 10093
  1813 10093
  1814 10093
  1815 10093
  1816 10093
  1817 10093
  1818 10093
  1819 10093
  1820 10093
  1821 10093
  1822 10093
  1823 10093
  1824 10093
  1825 10093
  1826 10093
  1827 10093
  1828 10093
  1829 10093
  1830 10093
  1831 10093
  1832 10093
  1833 10093
  1834 10093
  1835 10093
  1836 10093
  1837 10093
  1838 10093
  1839 10093
  1840 10093
  1841 10093
  1842 10093
  1843 10093
  1844 10093
  1845 10093
  1846 10093
  1847 10093
  1848 10093
  1849 10093
  1850 10093
  1851 10093
  1852 10093
  1853 10093
  1854 10093
  1855 10093
  1856 10093
  1857 10093
  1858 10093
  1859 10093
  1860 10093
  1861 10093
  1862 10093
  1863 10093
  1864 10093
  1865 10093
  1866 10093
  1867 10093
  1868 10097
  1869 10093
  1870 10093
  1871 10093
  1872 10093
  1873 10093
  1874 10093
  1875 10093
  1876 10093
  1877 10093
  1878 10093
  1879 10093
  1880 10093
  1881 10093
  1882 10093
  1883 10093
  1884 10093
  1885 10093
  1886 10093
  1887 10093
  1888 10093
  1889 10093
  1890 10093
  1891 10093
  1892 10093
  1893 10093
  1894 10093
  1895 10093
  1896 10093
  1897 10093
  1898 10093
  1899 10093
  1900 10093
  1901 10093
  1902 10093
  1903 10093
  1904 10093
  1905 10093
  1906 10093
  1907 10093
  1908 10093
  1909 10093
  1910 10093
  1911 10093
  1912 10093
  1913 10093
  1914 10093
  1915 10093
  1916 10093
  1917 10093
  1918 10093
  1919 10093
  1920 10093
  1921 10093
  1922 10093
  1923 10093
  1924 10093
  1925 10093
  1926 10093
  1927 10093
  1928 10093
  1929 10093
  1930 10093
  1931 10093
  1932 10093
  1933 10093
  1934 10093
  1935 10093
  1936 10093
  1937 10093
  1938 10093
  1939 10093
  1940 10093
  1941 10093
  1942 10093
  1943 10093
  1944 10093
  1945 10093
  1946 10093
  1947 10093
  1948 10093
  1949 10093
  1950 10093
  1951 10093
  1952 10093
  1953 10093
  1954 10093
  1955 10093
  1956 10093
  1957 10093
  1958 10093
  1959 10093
  1960 10093
  1961 10093
  1962 10093
  1963 10093
  1964 10093
  1965 10093
  1966 10093
  1967 10093
  1968 10093
  1969 10093
  1970 10093
  1971 10093
  1972 10055
  1973 10055
  1974 10055
  1975 10055
  1976 10055
  1977 10078
  1978 10078
  1979 10078
  1980 10078
  1981 10078
  1985 10093
