   688 10134
   689 10134
   690 10134
   691 10134
   692 10134
   693 10134
   694 10134
   695 10134
   696 10134
   697 10134
   698 10134
   699 10134
   700 10134
   701 10134
   702 10134
   703 10134
   704 10134
   705 10134
   706 10134
   707 10134
   708 10134
   709 10134
   710 10134
   711 10134
   712 10134
   713 10134
   714 10134
   715 10134
   716 10134
   717 10134
   718 10134
   719 10134
   720 10134
   721 10134
   722 10134
   723 10134
   724 10134
   725 10134
   726 10134
   727 10134
   728 10134
   729 10134
   730 10134
   731 10134
   732 10134
   733 10134
   734 10134
   735 10134
   736 10134
   737 10134
   738 10134
   739 10134
   740 10134
   741 10134
   742 10134
   743 10134
   744 10134
   745 10134
   746 10134
   747 10134
   748 10134
   749 10134
   750 10134
   751 10134
   752 10134
   753 10134
   754 10134
   755 10134
   756 10134
   757 10134
   758 10134
   759 10134
   760 10134
   761 10134
   762 10134
   763 10134
   764 10134
   765 10134
   766 10134
   767 10134
   768 10134
   769 10134
   770 10134
   771 10134
   772 10134
   773 10134
   774 10134
   775 10134
   776 10134
   777 10134
   778 10134
   779 10134
   780 10134
   782 10115
   783 10154
   784 10155
   785 10155
   786 10155
   787 10155
   788 10155
   789 10155
   790 10155
   791 10155
   792 10155
   793 10155
   794 10155
   795 10155
   796 10155
   797 10155
   798 10155
   799 10155
   800 10155
   801 10155
   802 10155
   803 10155
   804 10155
   805 10155
   806 10155
   807 10155
   808 10155
   809 10155
   810 10155
   811 10155
   812 10155
   813 10155
   814 10155
   815 10155
   816 10155
   817 10155
   818 10155
   819 10155
   820 10155
   821 10155
   822 10155
   823 10155
   824 10155
   825 10155
   826 10155
   827 10155
   828 10155
   829 10155
   830 10155
   831 10155
   832 10155
   833 10155
   834 10155
   835 10155
   836 10155
   837 10155
   838 10155
   839 10155
   840 10155
   841 10155
   842 10155
   843 10155
   844 10155
   845 10155
   846 10155
   847 10155
   848 10155
   849 10155
   850 10155
   851 10155
   852 10155
   853 10155
   854 10155
   855 10155
   856 10155
   857 10155
   858 10155
   859 10155
   860 10155
   861 10155
   862 10155
   863 10155
   864 10155
   865 10155
   866 10155
   867 10155
   868 10155
   869 10155
   870 10155
   871 10155
   872 10155
   873 10155
   874 10155
   875 10155
   876 10155
   877 10155
   878 10155
   879 10155
   880 10155
   881 10155
   882 10155
   883 10155
   884 10155
   885 10155
   886 10155
   887 10155
   888 10155
   889 10155
   890 10155
   891 10155
   892 10155
   893 10155
   894 10155
   895 10155
   896 10155
   897 10155
   898 10155
   899 10155
   900 10155
   901 10155
   902 10155
   903 10155
   904 10155
   905 10155
   906 10155
   907 10155
   908 10155
   909 10155
   910 10155
   911 10155
   912 10155
   913 10155
   914 10155
   915 10155
   916 10155
   917 10155
   918 10155
   919 10155
   920 10155
   921 10155
   922 10155
   923 10155
   924 10155
   925 10155
   926 10155
   927 10155
   928 10155
   929 10155
   930 10155
   931 10155
   932 10155
   933 10155
   934 10155
   935 10155
   936 10155
   937 10155
   938 10155
   939 10155
   940 10155
   941 10155
   942 10155
   943 10155
   944 10155
   945 10155
   946 10155
   947 10155
   948 10155
   949 10155
   950 10155
   951 10155
   952 10155
   953 10155
   954 10155
   955 10155
   956 10155
   957 10155
   958 10155
   959 10155
   960 10155
   961 10155
   962 10155
   963 10155
   964 10155
   965 10155
   966 10155
   967 10155
   968 10155
   969 10155
   970 10155
   971 10155
   972 10155
   973 10155
   974 10155
   975 10155
   976 10155
   977 10155
   978 10155
   979 10155
   980 10155
   981 10155
   982 10155
   983 10155
   984 10155
   985 10155
   986 10155
   987 10155
   988 10155
   989 10155
   990 10155
   991 10155
   992 10155
   993 10155
   994 10155
   995 10155
   996 10155
   997 10155
   998 10155
   999 10155
  1000 10155
  1001 10155
  1002 10155
  1003 10155
  1004 10155
  1005 10155
  1006 10155
  1007 10155
  1008 10155
  1009 10155
  1010 10155
  1011 10155
  1012 10155
  1013 10155
  1014 10155
  1015 10155
  1016 10155
  1017 10155
  1018 10155
  1019 10155
  1020 10155
  1025 10101
  1026 10083
  1027 10083
  1028 10083
  1029 10083
  1030 10083
  1031 10083
  1032 10083
  1033 10083
  1034 10083
  1035 10083
  1036 10083
  1037 10083
  1038 10083
  1039 10083
  1040 10083
  1041 10083
  1042 10083
  1043 10083
  1044 10083
  1045 10083
  1046 10083
  1047 10083
  1048 10083
  1049 10083
  1050 10083
  1051 10083
  1052 10083
  1053 10083
  1054 10083
  1055 10083
  1056 10083
  1057 10083
  1058 10083
  1059 10083
  1060 10083
  1061 10083
  1062 10083
  1063 10083
  1064 10083
  1065 10083
  1066 10083
  1067 10083
  1068 10083
  1069 10083
  1070 10083
  1071 10083
  1072 10083
  1073 10083
  1074 10083
  1075 10083
  1076 10083
  1077 10083
  1078 10083
  1079 10083
  1080 10083
  1081 10083
  1082 10083
  1083 10083
  1084 10083
  1085 10083
  1086 10083
  1087 10083
  1088 10083
  1089 10083
  1090 10083
  1091 10083
  1092 10083
  1093 10083
  1094 10083
  1095 10083
  1096 10083
  1097 10083
  1098 10083
  1099 10083
  1100 10083
  1101 10083
  1102 10083
  1103 10083
  1104 10083
  1105 10083
  1106 10083
  1107 10083
  1108 10083
  1109 10083
  1110 10083
  1111 10083
  1112 10083
  1113 10083
  1114 10083
  1115 10083
  1116 10083
  1117 10083
  1118 10083
  1119 10083
  1120 10083
  1121 10083
  1122 10083
  1123 10083
  1124 10083
  1125 10083
  1126 10083
  1127 10083
  1128 10083
  1129 10083
  1130 10083
  1131 10083
  1132 10083
  1133 10083
  1134 10083
  1135 10083
  1136 10083
  1137 10083
  1138 10083
  1139 10083
  1140 10083
  1141 10083
  1142 10083
  1143 10083
  1144 10083
  1145 10083
  1146 10083
  1147 10083
  1148 10083
  1149 10083
  1150 10083
  1151 10083
  1152 10083
  1153 10083
  1154 10083
  1155 10083
  1156 10083
  1157 10083
  1158 10083
  1159 10083
  1160 10083
  1161 10083
  1162 10083
  1163 10083
  1164 10083
  1165 10083
  1166 10083
  1167 10083
  1168 10083
  1169 10083
  1170 10083
  1171 10083
  1172 10083
  1173 10083
  1174 10083
  1175 10083
  1176 10083
  1177 10083
  1178 10083
  1179 10083
  1180 10083
  1181 10083
  1182 10083
  1183 10083
  1184 10083
  1185 10083
  1186 10083
  1187 10083
  1188 10083
  1189 10083
  1190 10083
  1191 10083
  1192 10083
  1193 10083
  1194 10083
  1195 10083
  1196 10083
  1197 10083
  1198 10083
  1199 10083
  1200 10083
  1201 10083
  1202 10083
  1203 10083
  1204 10083
  1205 10083
  1206 10083
  1207 10083
  1208 10083
  1209 10083
  1210 10083
  1211 10083
  1212 10083
  1213 10083
  1214 10083
  1215 10083
  1216 10083
  1217 10083
  1218 10083
  1219 10083
  1220 10083
  1221 10083
  1222 10083
  1223 10083
  1224 10083
  1225 10083
  1226 10083
  1227 10083
  1228 10083
  1229 10083
  1230 10083
  1231 10083
  1232 10083
  1233 10083
  1234 10083
  1235 10083
  1236 10083
  1237 10083
  1238 10083
  1239 10083
  1240 10083
  1241 10083
  1242 10083
  1243 10083
  1244 10083
  1245 10083
  1246 10083
  1247 10083
  1248 10083
  1249 10083
  1250 10083
  1251 10083
  1252 10083
  1253 10083
  1254 10083
  1255 10083
  1256 10083
  1257 10083
  1258 10083
  1259 10083
  1260 10083
  1261 10046
  1262 10101
  1263 10065
  1266 10018
  1268 10018
  1269 10018
  1279 10173
  1280 10018
  1281 10158
  1282 10173
  1296 10101
  1297 10101
  1298 10130
  1317 10040
  1321 10055
  1322 10055
  1323 10055
  1338 10055
  1339 10173
  1340 10173
  1341 10173
  1342 10173
  1346 10055
  1350 10055
  1380 10101
  1381 10101
  1382 10101
  1383 10101
  1384 10128
  1385 10101
  1386 10043
  1387 10043
  1388 10043
  1389 10043
  1390 10043
  1391 10043
  1392 10043
  1393 10043
  1394 10043
  1395 10043
  1396 10043
  1397 10043
  1398 10043
  1399 10043
  1400 10043
  1401 10043
  1402 10043
  1403 10043
  1404 10043
  1405 10043
  1406 10043
  1407 10043
  1408 10043
  1409 10043
  1410 10043
  1411 10043
  1412 10043
  1413 10043
  1414 10043
  1415 10043
  1416 10043
  1417 10043
  1418 10043
  1419 10043
  1420 10043
  1421 10043
  1422 10043
  1423 10043
  1424 10043
  1425 10043
  1426 10043
  1427 10043
  1428 10043
  1429 10043
  1430 10043
  1431 10043
  1432 10043
  1433 10043
  1434 10043
  1435 10043
  1436 10043
  1437 10043
  1438 10043
  1439 10043
  1440 10043
  1441 10043
  1442 10043
  1443 10043
  1444 10043
  1445 10043
  1446 10043
  1447 10043
  1448 10043
  1449 10043
  1450 10043
  1451 10043
  1452 10043
  1453 10043
  1454 10043
  1455 10043
  1456 10043
  1457 10043
  1458 10043
  1459 10043
  1460 10043
  1461 10043
  1462 10043
  1463 10043
  1464 10043
  1465 10043
  1466 10043
  1467 10043
  1468 10043
  1469 10043
  1470 10043
  1471 10043
  1472 10043
  1473 10043
  1474 10043
  1475 10043
  1476 10043
  1477 10043
  1478 10043
  1479 10043
  1480 10043
  1481 10043
  1482 10043
  1483 10043
  1484 10043
  1485 10043
  1486 10043
  1487 10043
  1488 10043
  1489 10043
  1490 10043
  1491 10043
  1492 10043
  1493 10043
  1494 10043
  1495 10043
  1496 10043
  1497 10043
  1498 10043
  1499 10043
  1500 10043
  1501 10043
  1502 10043
  1503 10043
  1504 10043
  1505 10043
  1506 10043
  1507 10043
  1508 10043
  1509 10043
  1510 10043
  1511 10043
  1512 10043
  1513 10043
  1514 10043
  1515 10043
  1516 10043
  1517 10043
  1518 10043
  1519 10043
  1520 10043
  1521 10043
  1522 10043
  1523 10043
  1524 10043
  1525 10043
  1526 10043
  1527 10043
  1528 10043
  1529 10043
  1530 10043
  1531 10043
  1532 10043
  1533 10043
  1534 10043
  1535 10043
  1536 10043
  1537 10043
  1538 10043
  1539 10043
  1540 10043
  1541 10043
  1542 10043
  1543 10043
  1544 10043
  1545 10043
  1546 10043
  1547 10043
  1548 10043
  1549 10043
  1550 10043
  1551 10043
  1552 10043
  1553 10043
  1554 10043
  1555 10043
  1556 10043
  1557 10043
  1558 10043
  1559 10043
  1560 10043
  1561 10043
  1562 10043
  1563 10043
  1564 10043
  1565 10043
  1566 10043
  1567 10043
  1568 10043
  1569 10043
  1570 10043
  1571 10043
  1572 10043
  1573 10043
  1574 10043
  1575 10043
  1576 10043
  1577 10043
  1578 10043
  1579 10043
  1580 10043
  1581 10043
  1582 10043
  1583 10043
  1584 10043
  1585 10043
  1586 10043
  1587 10043
  1588 10043
  1589 10043
  1590 10043
  1591 10043
  1592 10043
  1593 10043
  1594 10043
  1595 10043
  1596 10043
  1597 10043
  1598 10043
  1599 10043
  1600 10043
  1601 10043
  1602 10043
  1603 10043
  1604 10043
  1605 10043
  1606 10043
  1607 10043
  1608 10043
  1609 10043
  1610 10043
  1611 10043
  1612 10043
  1613 10043
  1614 10043
  1615 10043
  1616 10043
  1617 10043
  1618 10043
  1619 10043
  1620 10043
  1622 10041
  1623 10151
  1624 10011
  1625 10011
  1626 10011
  1627 10011
  1628 10011
  1629 10011
  1630 10011
  1631 10011
  1632 10011
  1633 10011
  1634 10011
  1635 10011
  1636 10011
  1637 10011
  1638 10011
  1639 10011
  1640 10011
  1641 10011
  1642 10011
  1643 10011
  1644 10011
  1645 10011
  1646 10011
  1647 10011
  1648 10011
  1649 10011
  1650 10011
  1651 10011
  1652 10011
  1653 10011
  1654 10011
  1655 10011
  1656 10011
  1657 10011
  1658 10011
  1659 10011
  1660 10011
  1661 10011
  1662 10011
  1663 10011
  1664 10011
  1665 10011
  1666 10011
  1667 10011
  1668 10011
  1669 10011
  1670 10011
  1671 10011
  1672 10011
  1673 10011
  1674 10011
  1675 10011
  1676 10011
  1677 10011
  1678 10011
  1679 10011
  1680 10011
  1681 10011
  1682 10011
  1683 10011
  1684 10011
  1685 10011
  1686 10011
  1687 10011
  1688 10011
  1689 10011
  1690 10011
  1691 10011
  1692 10011
  1693 10011
  1694 10011
  1695 10011
  1696 10011
  1697 10011
  1698 10011
  1699 10011
  1700 10011
  1701 10011
  1702 10011
  1703 10011
  1704 10011
  1705 10011
  1706 10011
  1707 10011
  1708 10011
  1709 10011
  1710 10011
  1711 10011
  1712 10011
  1713 10011
  1714 10011
  1715 10011
  1716 10011
  1717 10011
  1718 10011
  1719 10011
  1720 10011
  1721 10011
  1722 10011
  1723 10011
  1724 10011
  1725 10011
  1726 10011
  1727 10011
  1728 10011
  1729 10011
  1730 10011
  1731 10011
  1732 10011
  1733 10011
  1734 10011
  1735 10011
  1736 10011
  1737 10011
  1738 10011
  1739 10011
  1740 10011
  1741 10011
  1742 10011
  1743 10011
  1744 10011
  1745 10011
  1746 10011
  1747 10011
  1748 10011
  1749 10011
  1750 10011
  1751 10011
  1752 10011
  1753 10011
  1754 10011
  1755 10011
  1756 10011
  1757 10011
  1758 10011
  1759 10011
  1760 10011
  1761 10011
  1762 10011
  1763 10011
  1764 10011
  1765 10011
  1766 10011
  1767 10011
  1768 10011
  1769 10011
  1770 10011
  1771 10011
  1772 10011
  1773 10011
  1774 10011
  1775 10011
  1776 10011
  1777 10011
  1778 10011
  1779 10011
  1780 10011
  1781 10011
  1782 10011
  1783 10011
  1784 10011
  1785 10011
  1786 10011
  1787 10011
  1788 10011
  1789 10011
  1790 10011
  1791 10011
  1792 10011
  1793 10011
  1794 10011
  1795 10011
  1796 10011
  1797 10011
  1798 10011
  1799 10011
  1800 10011
  1801 10011
  1802 10011
  1803 10011
  1804 10011
  1805 10011
  1806 10011
  1807 10011
  1808 10011
  1809 10011
  1810 10011
  1811 10011
  1812 10011
  1813 10011
  1814 10011
  1815 10011
  1816 10011
  1817 10011
  1818 10011
  1819 10011
  1820 10011
  1821 10011
  1822 10011
  1823 10011
  1824 10011
  1825 10011
  1826 10011
  1827 10011
  1828 10011
  1829 10011
  1830 10011
  1831 10011
  1832 10011
  1833 10011
  1834 10011
  1835 10011
  1836 10011
  1837 10011
  1838 10011
  1839 10011
  1840 10011
  1841 10011
  1842 10011
  1843 10011
  1844 10011
  1845 10011
  1846 10011
  1847 10011
  1848 10011
  1849 10011
  1850 10011
  1851 10011
  1852 10011
  1853 10011
  1854 10011
  1855 10011
  1861 10122
  1863 10122
  1864 10122
  1865 10122
  1866 10122
  1867 10122
  1868 10122
  1869 10122
  1870 10122
  1871 10122
  1872 10122
  1873 10122
  1874 10122
  1875 10122
  1876 10122
  1877 10122
  1878 10122
  1879 10122
  1880 10122
  1881 10122
  1882 10122
  1883 10122
  1884 10122
  1885 10122
  1886 10122
  1887 10122
  1888 10122
  1889 10122
  1890 10122
  1891 10122
  1892 10122
  1893 10122
  1894 10122
  1895 10122
  1896 10122
  1897 10122
  1898 10122
  1899 10122
  1900 10122
  1901 10122
  1902 10122
  1903 10122
  1904 10122
  1905 10122
  1906 10122
  1907 10122
  1908 10122
  1909 10122
  1910 10122
  1911 10122
  1912 10122
  1913 10122
  1914 10122
  1915 10122
  1916 10122
  1917 10122
  1918 10122
  1919 10122
  1920 10122
  1921 10122
  1922 10122
  1923 10122
  1924 10122
  1925 10122
  1926 10122
  1927 10122
  1928 10122
  1929 10122
  1930 10122
  1931 10122
  1932 10122
  1933 10122
  1934 10122
  1935 10122
  1936 10122
  1937 10122
  1938 10122
  1939 10122
  1940 10122
  1941 10122
  1942 10122
  1943 10122
  1944 10122
  1945 10122
  1946 10122
  1947 10122
  1948 10122
  1949 10122
  1950 10122
  1951 10122
  1952 10122
  1953 10122
  1954 10122
  1955 10122
  1956 10122
  1957 10122
  1958 10122
  1959 10122
  1960 10122
  1961 10122
  1962 10122
  1963 10122
  1964 10122
  1965 10122
  1966 10122
  1967 10122
  1968 10122
  1969 10122
  1970 10122
  1971 10122
  1972 10122
  1973 10122
  1974 10122
  1975 10122
  1976 10122
  1977 10122
  1978 10122
  1979 10122
  1980 10122
  1981 10122
  1982 10122
  1983 10122
  1984 10122
  1985 10122
  1986 10122
  1987 10122
  1988 10122
  1989 10122
  1990 10122
  1991 10122
  1992 10122
  1993 10122
  1994 10122
  1995 10122
  1996 10122
  1997 10122
  1998 10122
  1999 10122
  2000 10122
  2001 10122
  2002 10122
  2003 10122
  2004 10122
  2005 10122
  2006 10122
  2007 10122
  2008 10122
  2009 10122
  2010 10122
  2011 10122
  2012 10122
  2013 10122
  2014 10122
  2015 10122
  2016 10122
  2017 10122
  2018 10122
  2019 10122
  2020 10122
  2021 10122
  2022 10122
  2023 10122
  2024 10122
