   690 10005
   691 10005
   692 10005
   693 10005
   694 10005
   695 10005
   696 10005
   697 10005
   698 10005
   699 10005
   700 10005
   701 10005
   702 10005
   703 10005
   704 10005
   705 10005
   706 10005
   707 10005
   708 10005
   709 10005
   710 10005
   711 10005
   712 10005
   713 10005
   714 10005
   715 10005
   716 10005
   717 10005
   718 10005
   719 10005
   720 10005
   721 10005
   722 10005
   723 10005
   724 10005
   725 10005
   726 10005
   727 10005
   728 10005
   729 10005
   730 10005
   731 10005
   732 10005
   733 10005
   734 10005
   735 10005
   736 10005
   737 10005
   738 10005
   739 10005
   740 10005
   741 10005
   742 10005
   743 10005
   744 10005
   745 10005
   746 10005
   747 10005
   748 10005
   749 10005
   750 10005
   751 10005
   752 10005
   753 10005
   754 10005
   755 10005
   756 10005
   757 10005
   758 10005
   759 10005
   760 10005
   761 10005
   762 10005
   763 10005
   764 10005
   765 10005
   766 10005
   767 10005
   768 10005
   769 10005
   770 10005
   771 10005
   772 10005
   773 10005
   774 10005
   775 10005
   776 10005
   777 10005
   778 10005
   779 10005
   780 10005
   781 10162
   782 10162
   783 10162
   784 10162
   785 10162
   786 10162
   787 10162
   788 10162
   789 10162
   790 10162
   791 10162
   792 10162
   793 10162
   794 10162
   795 10162
   796 10162
   797 10162
   798 10162
   799 10162
   800 10162
   801 10162
   802 10162
   803 10162
   804 10162
   805 10162
   806 10162
   807 10162
   808 10162
   809 10162
   810 10162
   811 10162
   812 10162
   813 10162
   814 10162
   815 10162
   816 10162
   817 10162
   818 10162
   819 10162
   820 10162
   821 10162
   822 10162
   823 10162
   824 10162
   825 10162
   826 10162
   827 10162
   828 10162
   829 10162
   830 10162
   831 10162
   832 10162
   833 10162
   834 10162
   835 10162
   836 10162
   837 10162
   838 10162
   839 10162
   840 10162
   841 10162
   842 10162
   843 10162
   844 10162
   845 10162
   846 10162
   847 10162
   848 10162
   849 10162
   850 10162
   851 10162
   852 10162
   853 10162
   854 10162
   855 10162
   856 10162
   857 10162
   858 10162
   859 10162
   860 10162
   861 10162
   862 10162
   863 10162
   864 10162
   865 10162
   866 10162
   867 10162
   868 10162
   869 10162
   870 10162
   871 10162
   872 10162
   873 10162
   874 10162
   875 10162
   876 10162
   877 10162
   878 10162
   879 10162
   880 10162
   881 10162
   882 10162
   883 10162
   884 10162
   885 10162
   886 10162
   887 10162
   888 10162
   889 10162
   890 10162
   891 10162
   892 10162
   893 10162
   894 10162
   895 10162
   896 10162
   897 10162
   898 10162
   899 10162
   900 10162
   901 10162
   902 10162
   903 10162
   904 10162
   905 10162
   906 10162
   907 10162
   908 10162
   909 10162
   910 10162
   911 10162
   912 10162
   913 10162
   914 10162
   915 10162
   916 10162
   917 10162
   918 10162
   919 10162
   920 10162
   921 10162
   922 10162
   923 10162
   924 10162
   925 10162
   926 10162
   927 10162
   928 10162
   929 10162
   930 10162
   931 10162
   932 10162
   933 10162
   934 10162
   935 10162
   936 10162
   937 10162
   938 10162
   939 10162
   940 10162
   941 10162
   942 10162
   943 10162
   944 10162
   945 10162
   946 10162
   947 10162
   948 10162
   949 10162
   950 10162
   951 10162
   952 10162
   953 10162
   954 10162
   955 10162
   956 10162
   957 10162
   958 10162
   959 10162
   960 10162
   961 10162
   962 10162
   963 10162
   964 10162
   965 10162
   966 10162
   967 10162
   968 10162
   969 10162
   970 10162
   971 10162
   972 10162
   973 10162
   974 10162
   975 10162
   976 10162
   977 10162
   978 10162
   979 10162
   980 10162
   981 10162
   982 10162
   983 10162
   984 10162
   985 10162
   986 10162
   987 10162
   988 10162
   989 10162
   990 10162
   991 10162
   992 10162
   993 10162
   994 10162
   995 10162
   996 10162
   997 10162
   998 10162
   999 10162
  1000 10162
  1001 10162
  1002 10162
  1003 10162
  1004 10162
  1005 10162
  1006 10162
  1007 10162
  1008 10162
  1009 10162
  1010 10162
  1011 10162
  1012 10162
  1013 10162
  1014 10162
  1015 10162
  1016 10162
  1017 10162
  1018 10162
  1019 10162
  1020 10162
  1021 10143
  1022 10155
  1023 10155
  1024 10155
  1025 10155
  1026 10155
  1027 10155
  1028 10155
  1029 10155
  1030 10155
  1031 10155
  1032 10155
  1033 10155
  1034 10155
  1035 10155
  1036 10155
  1037 10155
  1038 10155
  1039 10155
  1040 10155
  1041 10155
  1042 10155
  1043 10155
  1044 10155
  1045 10155
  1046 10155
  1047 10155
  1048 10155
  1049 10155
  1050 10155
  1051 10155
  1052 10155
  1053 10155
  1054 10155
  1055 10155
  1056 10155
  1057 10155
  1058 10155
  1059 10155
  1060 10155
  1061 10155
  1062 10155
  1063 10155
  1064 10155
  1065 10155
  1066 10155
  1067 10155
  1068 10155
  1069 10155
  1070 10155
  1071 10155
  1072 10155
  1073 10155
  1074 10155
  1075 10155
  1076 10155
  1077 10155
  1078 10155
  1079 10155
  1080 10155
  1081 10155
  1082 10155
  1083 10155
  1084 10155
  1085 10155
  1086 10155
  1087 10155
  1088 10155
  1089 10155
  1090 10155
  1091 10155
  1092 10155
  1093 10155
  1094 10155
  1095 10155
  1096 10155
  1097 10155
  1098 10155
  1099 10155
  1100 10155
  1101 10155
  1102 10155
  1103 10155
  1104 10155
  1105 10155
  1106 10155
  1107 10155
  1108 10155
  1109 10155
  1110 10155
  1111 10155
  1112 10155
  1113 10155
  1114 10155
  1115 10155
  1116 10155
  1117 10155
  1118 10155
  1119 10155
  1120 10155
  1121 10155
  1122 10155
  1123 10155
  1124 10155
  1125 10155
  1126 10155
  1127 10155
  1128 10155
  1129 10155
  1130 10155
  1131 10155
  1132 10155
  1133 10155
  1134 10155
  1135 10155
  1136 10155
  1137 10155
  1138 10155
  1139 10155
  1140 10155
  1141 10155
  1142 10155
  1143 10155
  1144 10155
  1145 10155
  1146 10155
  1147 10155
  1148 10155
  1149 10155
  1150 10155
  1151 10155
  1152 10155
  1153 10155
  1154 10155
  1155 10155
  1156 10155
  1157 10155
  1158 10155
  1159 10155
  1160 10155
  1161 10155
  1162 10155
  1163 10155
  1164 10155
  1165 10155
  1166 10155
  1167 10155
  1168 10155
  1169 10155
  1170 10155
  1171 10155
  1172 10155
  1173 10155
  1174 10155
  1175 10155
  1176 10155
  1177 10155
  1178 10155
  1179 10155
  1180 10155
  1181 10155
  1182 10155
  1183 10155
  1184 10155
  1185 10155
  1186 10155
  1187 10155
  1188 10155
  1189 10155
  1190 10155
  1191 10155
  1192 10155
  1193 10155
  1194 10155
  1195 10155
  1196 10155
  1197 10155
  1198 10155
  1199 10155
  1200 10155
  1201 10155
  1202 10155
  1203 10155
  1204 10155
  1205 10155
  1206 10155
  1207 10155
  1208 10155
  1209 10155
  1210 10155
  1211 10155
  1212 10155
  1213 10155
  1214 10155
  1215 10155
  1216 10155
  1217 10155
  1218 10155
  1219 10155
  1220 10155
  1221 10155
  1222 10155
  1223 10155
  1224 10155
  1225 10155
  1226 10155
  1227 10155
  1228 10155
  1229 10155
  1230 10155
  1231 10155
  1232 10155
  1233 10155
  1234 10155
  1235 10155
  1236 10155
  1237 10155
  1238 10155
  1239 10155
  1240 10155
  1241 10155
  1242 10155
  1243 10155
  1244 10155
  1245 10155
  1246 10155
  1247 10155
  1248 10155
  1249 10155
  1250 10155
  1251 10155
  1252 10155
  1253 10155
  1254 10155
  1255 10155
  1256 10155
  1257 10155
  1258 10155
  1259 10143
  1260 10130
  1261 10154
  1262 10154
  1263 10154
  1264 10154
  1269 10018
  1270 10018
  1271 10018
  1272 10018
  1273 10140
  1274 10140
  1275 10140
  1276 10140
  1277 10140
  1278 10140
  1279 10140
  1280 10140
  1281 10140
  1282 10140
  1283 10140
  1284 10140
  1285 10140
  1286 10140
  1287 10140
  1288 10140
  1289 10140
  1290 10140
  1291 10140
  1292 10140
  1293 10055
  1294 10018
  1295 10140
  1296 10140
  1297 10140
  1298 10140
  1299 10140
  1300 10140
  1301 10140
  1302 10140
  1303 10140
  1304 10140
  1305 10140
  1306 10140
  1307 10140
  1308 10018
  1309 10098
  1310 10018
  1311 10018
  1312 10140
  1313 10140
  1314 10140
  1315 10140
  1316 10140
  1317 10055
  1318 10055
  1323 10171
  1331 10171
  1332 10171
  1333 10171
  1334 10171
  1335 10171
  1336 10171
  1357 10171
  1361 10171
  1363 10171
  1370 10138
  1375 10067
  1376 10067
  1377 10067
  1378 10067
  1379 10067
  1380 10067
  1381 10067
  1383 10067
  1384 10067
  1385 10067
  1386 10067
  1387 10067
  1388 10067
  1389 10067
  1390 10067
  1391 10067
  1392 10067
  1393 10067
  1394 10067
  1395 10067
  1396 10067
  1397 10067
  1398 10067
  1399 10067
  1400 10067
  1401 10067
  1402 10067
  1403 10067
  1404 10067
  1405 10067
  1406 10067
  1407 10067
  1408 10067
  1409 10067
  1410 10067
  1411 10067
  1412 10067
  1413 10067
  1414 10067
  1415 10067
  1416 10067
  1417 10067
  1418 10067
  1419 10067
  1420 10067
  1421 10067
  1422 10067
  1423 10067
  1424 10067
  1425 10067
  1426 10067
  1427 10067
  1428 10067
  1429 10067
  1430 10067
  1431 10067
  1432 10067
  1433 10067
  1434 10067
  1435 10067
  1436 10067
  1437 10067
  1438 10067
  1439 10067
  1440 10067
  1441 10067
  1442 10067
  1443 10067
  1444 10067
  1445 10067
  1446 10067
  1447 10067
  1448 10067
  1449 10067
  1450 10067
  1451 10067
  1452 10067
  1453 10067
  1454 10067
  1455 10067
  1456 10067
  1457 10067
  1458 10067
  1459 10067
  1460 10067
  1461 10067
  1462 10067
  1463 10067
  1464 10067
  1465 10067
  1466 10067
  1467 10067
  1468 10067
  1469 10067
  1470 10067
  1471 10067
  1472 10067
  1473 10067
  1474 10067
  1475 10067
  1476 10067
  1477 10067
  1478 10067
  1479 10067
  1480 10067
  1481 10067
  1482 10067
  1483 10067
  1484 10067
  1485 10067
  1486 10067
  1487 10067
  1488 10067
  1489 10067
  1490 10067
  1491 10067
  1492 10067
  1493 10067
  1494 10067
  1495 10067
  1496 10067
  1497 10067
  1498 10067
  1499 10067
  1500 10067
  1501 10067
  1502 10067
  1503 10067
  1504 10067
  1505 10067
  1506 10067
  1507 10067
  1508 10067
  1509 10067
  1510 10067
  1511 10067
  1512 10067
  1513 10067
  1514 10067
  1515 10067
  1516 10067
  1517 10067
  1518 10067
  1519 10067
  1520 10067
  1521 10067
  1522 10067
  1523 10067
  1524 10067
  1525 10067
  1526 10067
  1527 10067
  1528 10067
  1529 10067
  1530 10067
  1531 10067
  1532 10067
  1533 10067
  1534 10067
  1535 10067
  1536 10067
  1537 10067
  1538 10067
  1539 10067
  1540 10067
  1541 10067
  1542 10067
  1543 10067
  1544 10067
  1545 10067
  1546 10067
  1547 10067
  1548 10067
  1549 10067
  1550 10067
  1551 10067
  1552 10067
  1553 10067
  1554 10067
  1555 10067
  1556 10067
  1557 10067
  1558 10067
  1559 10067
  1560 10067
  1561 10067
  1562 10067
  1563 10067
  1564 10067
  1565 10067
  1566 10067
  1567 10067
  1568 10067
  1569 10067
  1570 10067
  1571 10067
  1572 10067
  1573 10067
  1574 10067
  1575 10067
  1576 10067
  1577 10067
  1578 10067
  1579 10067
  1580 10067
  1581 10067
  1582 10067
  1583 10067
  1584 10067
  1585 10067
  1586 10067
  1587 10067
  1588 10067
  1589 10067
  1590 10067
  1591 10067
  1592 10067
  1593 10067
  1594 10067
  1595 10067
  1596 10067
  1597 10067
  1598 10067
  1599 10067
  1600 10067
  1601 10067
  1602 10067
  1603 10067
  1604 10067
  1605 10067
  1606 10067
  1607 10067
  1608 10067
  1609 10067
  1610 10067
  1611 10067
  1612 10067
  1613 10067
  1614 10067
  1615 10067
  1616 10067
  1617 10067
  1618 10067
  1619 10067
  1620 10067
  1621 10163
  1622 10163
  1623 10163
  1624 10163
  1625 10163
  1626 10088
  1627 10088
  1628 10088
  1629 10088
  1630 10088
  1631 10088
  1632 10088
  1633 10088
  1634 10088
  1635 10088
  1636 10088
  1637 10088
  1638 10088
  1639 10088
  1640 10088
  1641 10088
  1642 10088
  1643 10088
  1644 10088
  1645 10088
  1646 10088
  1647 10088
  1648 10088
  1649 10088
  1650 10088
  1651 10088
  1652 10088
  1653 10088
  1654 10088
  1655 10088
  1656 10088
  1657 10088
  1658 10088
  1659 10088
  1660 10088
  1661 10088
  1662 10088
  1663 10088
  1664 10088
  1665 10088
  1666 10088
  1667 10088
  1668 10088
  1669 10088
  1670 10088
  1671 10088
  1672 10088
  1673 10088
  1674 10088
  1675 10088
  1676 10088
  1677 10088
  1678 10088
  1679 10088
  1680 10088
  1681 10088
  1682 10088
  1683 10088
  1684 10088
  1685 10088
  1686 10088
  1687 10088
  1688 10088
  1689 10088
  1690 10088
  1691 10088
  1692 10088
  1693 10088
  1694 10088
  1695 10088
  1696 10088
  1697 10088
  1698 10088
  1699 10088
  1700 10088
  1701 10088
  1702 10088
  1703 10088
  1704 10088
  1705 10088
  1706 10088
  1707 10088
  1708 10088
  1709 10088
  1710 10088
  1711 10088
  1712 10088
  1713 10088
  1714 10088
  1715 10088
  1716 10088
  1717 10088
  1718 10088
  1719 10088
  1720 10088
  1721 10088
  1722 10088
  1723 10088
  1724 10088
  1725 10088
  1726 10088
  1727 10088
  1728 10088
  1729 10088
  1730 10088
  1731 10088
  1732 10088
  1733 10088
  1734 10088
  1735 10088
  1736 10088
  1737 10088
  1738 10088
  1739 10088
  1740 10088
  1741 10088
  1742 10088
  1743 10088
  1744 10088
  1745 10088
  1746 10088
  1747 10088
  1748 10088
  1749 10088
  1750 10088
  1751 10088
  1752 10088
  1753 10088
  1754 10088
  1755 10088
  1756 10088
  1757 10088
  1758 10088
  1759 10088
  1760 10088
  1761 10088
  1762 10088
  1763 10088
  1764 10088
  1765 10088
  1766 10088
  1767 10088
  1768 10088
  1769 10088
  1770 10088
  1771 10088
  1772 10088
  1773 10088
  1774 10088
  1775 10088
  1776 10088
  1777 10088
  1778 10088
  1779 10088
  1780 10088
  1781 10088
  1782 10088
  1783 10088
  1784 10088
  1785 10088
  1786 10088
  1787 10088
  1788 10088
  1789 10088
  1790 10088
  1791 10088
  1792 10088
  1793 10088
  1794 10088
  1795 10088
  1796 10088
  1797 10088
  1798 10088
  1799 10088
  1800 10088
  1801 10088
  1802 10088
  1803 10088
  1804 10088
  1805 10088
  1806 10088
  1807 10088
  1808 10088
  1809 10088
  1810 10088
  1811 10088
  1812 10088
  1813 10088
  1814 10088
  1815 10088
  1816 10088
  1817 10088
  1818 10088
  1819 10088
  1820 10088
  1821 10088
  1822 10088
  1823 10088
  1824 10088
  1825 10088
  1826 10088
  1827 10088
  1828 10088
  1829 10088
  1830 10088
  1831 10088
  1832 10088
  1833 10088
  1834 10088
  1835 10088
  1836 10088
  1837 10088
  1838 10088
  1839 10088
  1840 10088
  1841 10088
  1842 10088
  1843 10088
  1844 10088
  1845 10088
  1846 10088
  1847 10088
  1848 10088
  1849 10088
  1850 10088
  1851 10088
  1852 10088
  1853 10088
  1854 10088
  1855 10088
  1856 10088
  1857 10088
  1858 10171
  1860 10094
  1862 10064
  1863 10064
  1864 10094
  1865 10064
  1866 10064
