   690 10123
   691 10123
   692 10123
   693 10123
   694 10123
   695 10123
   696 10123
   697 10123
   698 10123
   699 10123
   700 10123
   701 10123
   702 10123
   703 10123
   704 10123
   705 10123
   706 10123
   707 10123
   708 10123
   709 10123
   710 10123
   711 10123
   712 10123
   713 10123
   714 10123
   715 10123
   716 10123
   717 10123
   718 10123
   719 10123
   720 10123
   721 10123
   722 10123
   723 10123
   724 10123
   725 10123
   726 10123
   727 10123
   728 10123
   729 10123
   730 10123
   731 10123
   732 10123
   733 10123
   734 10123
   735 10123
   736 10123
   737 10123
   738 10123
   739 10123
   740 10123
   741 10123
   742 10123
   743 10123
   744 10123
   745 10123
   746 10123
   747 10123
   748 10123
   749 10123
   750 10123
   751 10123
   752 10123
   753 10123
   754 10123
   755 10123
   756 10123
   757 10123
   758 10123
   759 10123
   760 10123
   761 10123
   762 10123
   763 10123
   764 10123
   765 10123
   766 10123
   767 10123
   768 10123
   769 10123
   770 10123
   771 10123
   772 10123
   773 10123
   774 10123
   775 10123
   776 10123
   777 10123
   778 10123
   779 10123
   780 10123
   781 10123
   782 10123
   783 10123
   784 10123
   785 10123
   786 10123
   787 10123
   788 10123
   789 10123
   790 10141
   791 10141
   792 10101
   793 10101
   794 10101
   795 10101
   796 10123
   797 10067
   798 10123
   799 10123
   800 10123
   801 10123
   802 10123
   803 10123
   804 10123
   805 10101
   806 10101
   807 10101
   808 10101
   809 10101
   810 10101
   811 10101
   812 10101
   813 10101
   814 10101
   815 10101
   816 10101
   817 10101
   818 10101
   819 10101
   820 10101
   821 10101
   822 10101
   823 10101
   824 10101
   825 10101
   826 10101
   827 10101
   828 10101
   829 10101
   830 10101
   831 10101
   832 10101
   833 10101
   834 10101
   835 10101
   836 10101
   837 10101
   838 10101
   839 10101
   840 10101
   841 10101
   842 10101
   843 10101
   844 10101
   845 10101
   846 10101
   847 10101
   848 10101
   849 10101
   850 10101
   851 10101
   852 10101
   853 10101
   854 10101
   855 10101
   856 10101
   857 10101
   858 10101
   859 10101
   860 10101
   861 10101
   862 10101
   863 10101
   864 10101
   865 10101
   866 10101
   867 10101
   868 10101
   869 10101
   870 10101
   871 10101
   872 10101
   873 10101
   874 10101
   875 10101
   876 10101
   877 10101
   878 10101
   879 10101
   880 10101
   881 10101
   882 10101
   883 10101
   884 10101
   885 10101
   886 10101
   887 10101
   888 10101
   889 10101
   890 10101
   891 10101
   892 10101
   893 10101
   894 10101
   895 10101
   896 10101
   897 10101
   898 10101
   899 10101
   900 10101
   901 10101
   902 10101
   903 10101
   904 10101
   905 10101
   906 10101
   907 10101
   908 10101
   909 10101
   910 10101
   911 10101
   912 10101
   913 10101
   914 10101
   915 10101
   916 10101
   917 10101
   918 10101
   919 10101
   920 10101
   921 10101
   922 10101
   923 10101
   924 10101
   925 10101
   926 10101
   927 10101
   928 10101
   929 10101
   930 10101
   931 10101
   932 10101
   933 10101
   934 10101
   935 10101
   936 10101
   937 10101
   938 10101
   939 10101
   940 10101
   941 10101
   942 10101
   943 10101
   944 10101
   945 10101
   946 10101
   947 10101
   948 10094
   949 10094
   950 10094
   951 10094
   952 10094
   953 10094
   954 10094
   955 10101
   956 10101
   957 10101
   958 10101
   959 10101
   960 10101
   961 10101
   962 10101
   963 10101
   964 10101
   965 10101
   966 10101
   967 10101
   968 10101
   969 10101
   970 10101
   971 10101
   972 10101
   973 10101
   974 10101
   975 10101
   976 10101
   977 10101
   978 10101
   979 10101
   981 10101
   982 10101
   983 10101
   984 10101
   985 10101
   986 10101
   987 10101
   988 10101
   989 10101
   990 10101
   991 10123
   992 10123
   993 10123
   994 10123
   995 10123
   996 10123
   997 10123
   998 10123
   999 10123
  1000 10123
  1001 10123
  1002 10123
  1003 10123
  1004 10123
  1005 10123
  1006 10123
  1007 10123
  1008 10123
  1009 10123
  1010 10123
  1011 10123
  1012 10123
  1013 10123
  1014 10123
  1015 10123
  1016 10123
  1017 10123
  1018 10123
  1020 10123
  1021 10123
  1022 10138
  1023 10123
  1024 10123
  1025 10123
  1026 10123
  1027 10123
  1028 10123
  1029 10123
  1030 10123
  1031 10123
  1032 10123
  1033 10123
  1034 10123
  1035 10123
  1036 10123
  1037 10123
  1038 10123
  1039 10123
  1040 10123
  1041 10123
  1042 10123
  1043 10123
  1044 10123
  1045 10123
  1046 10123
  1047 10123
  1048 10123
  1049 10123
  1050 10123
  1051 10123
  1052 10123
  1053 10123
  1054 10123
  1055 10123
  1056 10123
  1057 10123
  1058 10123
  1059 10123
  1060 10123
  1061 10123
  1062 10123
  1063 10123
  1064 10123
  1065 10123
  1066 10123
  1067 10123
  1068 10123
  1069 10123
  1070 10123
  1071 10123
  1072 10123
  1073 10123
  1074 10123
  1075 10123
  1076 10123
  1077 10123
  1078 10123
  1079 10123
  1080 10123
  1081 10123
  1082 10123
  1083 10123
  1084 10123
  1085 10123
  1086 10123
  1087 10123
  1088 10123
  1089 10123
  1090 10123
  1091 10123
  1092 10123
  1093 10123
  1094 10123
  1095 10123
  1096 10123
  1097 10123
  1098 10123
  1099 10123
  1100 10123
  1101 10123
  1102 10123
  1103 10123
  1104 10123
  1105 10123
  1106 10123
  1107 10123
  1108 10123
  1109 10123
  1110 10123
  1111 10123
  1112 10123
  1113 10123
  1114 10123
  1115 10123
  1116 10123
  1117 10123
  1118 10123
  1119 10123
  1120 10123
  1121 10123
  1122 10123
  1123 10123
  1124 10123
  1125 10123
  1126 10123
  1127 10123
  1128 10123
  1129 10123
  1130 10123
  1131 10123
  1132 10123
  1133 10123
  1134 10123
  1135 10123
  1136 10123
  1137 10123
  1138 10123
  1139 10123
  1140 10123
  1141 10123
  1142 10123
  1143 10123
  1144 10123
  1145 10123
  1146 10123
  1147 10123
  1148 10123
  1149 10123
  1150 10123
  1151 10123
  1152 10123
  1153 10123
  1154 10123
  1155 10123
  1156 10123
  1157 10123
  1158 10123
  1159 10123
  1160 10123
  1161 10123
  1162 10123
  1163 10123
  1164 10123
  1165 10123
  1166 10123
  1167 10123
  1168 10123
  1169 10123
  1170 10123
  1171 10123
  1172 10123
  1173 10123
  1174 10123
  1175 10123
  1176 10123
  1177 10123
  1178 10123
  1179 10123
  1180 10123
  1181 10123
  1182 10123
  1183 10123
  1184 10123
  1185 10123
  1186 10123
  1187 10123
  1188 10123
  1189 10123
  1190 10123
  1191 10123
  1192 10123
  1193 10123
  1194 10123
  1195 10123
  1196 10123
  1197 10123
  1198 10123
  1199 10123
  1200 10123
  1201 10123
  1202 10123
  1203 10123
  1204 10123
  1205 10123
  1206 10123
  1207 10123
  1208 10123
  1209 10123
  1210 10123
  1211 10123
  1212 10123
  1213 10123
  1214 10123
  1215 10123
  1216 10123
  1217 10123
  1218 10123
  1219 10123
  1220 10123
  1221 10123
  1222 10123
  1223 10123
  1224 10123
  1225 10123
  1226 10123
  1227 10123
  1228 10123
  1229 10123
  1230 10123
  1231 10123
  1232 10123
  1233 10123
  1234 10123
  1235 10123
  1236 10123
  1237 10123
  1238 10123
  1239 10123
  1240 10123
  1241 10123
  1242 10123
  1243 10123
  1244 10123
  1245 10123
  1246 10123
  1247 10123
  1248 10123
  1249 10123
  1250 10123
  1251 10123
  1252 10123
  1253 10123
  1254 10123
  1255 10123
  1256 10123
  1257 10123
  1258 10080
  1259 10149
  1260 10080
  1261 10080
  1262 10101
  1263 10123
  1264 10123
  1269 10123
  1270 10123
  1271 10123
  1272 10123
  1273 10123
  1274 10123
  1275 10123
  1276 10123
  1277 10123
  1278 10123
  1279 10123
  1280 10123
  1281 10123
  1282 10123
  1283 10123
  1284 10123
  1285 10123
  1286 10123
  1287 10123
  1288 10123
  1289 10123
  1290 10123
  1291 10123
  1292 10123
  1293 10123
  1294 10123
  1295 10123
  1296 10123
  1297 10123
  1298 10123
  1299 10123
  1300 10123
  1301 10123
  1302 10123
  1303 10123
  1304 10123
  1305 10123
  1306 10123
  1307 10123
  1308 10123
  1309 10123
  1310 10123
  1311 10123
  1312 10123
  1313 10123
  1314 10123
  1315 10123
  1316 10123
  1317 10123
  1318 10123
  1319 10123
  1320 10123
  1321 10123
  1322 10123
  1323 10123
  1324 10123
  1325 10123
  1326 10123
  1327 10123
  1328 10123
  1329 10123
  1330 10123
  1331 10123
  1332 10123
  1333 10123
  1334 10123
  1335 10123
  1336 10123
  1337 10123
  1338 10123
  1339 10123
  1340 10123
  1341 10123
  1342 10123
  1343 10123
  1344 10123
  1345 10123
  1346 10123
  1347 10123
  1348 10123
  1349 10123
  1350 10123
  1351 10123
  1352 10123
  1353 10123
  1354 10123
  1355 10123
  1356 10123
  1357 10123
  1358 10123
  1359 10123
  1360 10123
  1361 10123
  1362 10123
  1363 10123
  1364 10123
  1365 10123
  1366 10123
  1367 10123
  1368 10123
  1369 10123
  1370 10123
  1371 10123
  1372 10123
  1373 10123
  1374 10123
  1375 10123
  1376 10123
  1377 10123
  1378 10123
  1379 10123
  1380 10123
  1381 10123
  1382 10123
  1383 10123
  1384 10123
  1385 10123
  1386 10123
  1387 10123
  1388 10123
  1389 10123
  1390 10123
  1391 10123
  1392 10123
  1393 10123
  1394 10123
  1395 10123
  1396 10123
  1397 10123
  1398 10123
  1399 10123
  1400 10123
  1401 10123
  1402 10123
  1403 10123
  1404 10123
  1405 10123
  1406 10123
  1407 10123
  1408 10123
  1409 10123
  1410 10123
  1411 10123
  1412 10123
  1413 10123
  1414 10123
  1415 10123
  1416 10123
  1417 10123
  1418 10123
  1419 10123
  1420 10123
  1421 10123
  1422 10123
  1423 10123
  1424 10123
  1425 10123
  1426 10123
  1427 10123
  1428 10123
  1429 10123
  1430 10123
  1431 10123
  1432 10123
  1433 10123
  1434 10123
  1435 10123
  1436 10123
  1437 10123
  1438 10123
  1439 10123
  1440 10123
  1441 10123
  1442 10123
  1443 10123
  1444 10123
  1445 10123
  1446 10123
  1447 10123
  1448 10123
  1449 10123
  1450 10123
  1451 10123
  1452 10123
  1453 10123
  1454 10123
  1455 10123
  1456 10123
  1457 10123
  1458 10123
  1459 10123
  1460 10123
  1461 10123
  1462 10123
  1463 10123
  1464 10123
  1465 10123
  1466 10123
  1467 10123
  1468 10123
  1469 10123
  1470 10123
  1471 10123
  1472 10123
  1473 10123
  1474 10123
  1475 10123
  1476 10123
  1477 10123
  1478 10123
  1479 10123
  1480 10123
  1481 10123
  1482 10123
  1483 10123
  1484 10123
  1485 10123
  1486 10123
  1487 10123
  1488 10123
  1489 10123
  1490 10123
  1491 10123
  1492 10123
  1493 10123
  1494 10123
  1495 10123
  1496 10123
  1497 10123
  1498 10123
  1499 10123
  1500 10123
  1501 10123
  1502 10123
  1503 10123
  1504 10123
  1505 10123
  1506 10123
  1507 10123
  1508 10123
  1509 10123
  1510 10123
  1511 10123
  1512 10123
  1513 10123
  1514 10123
  1515 10123
  1516 10062
  1517 10123
  1518 10071
  1519 10071
  1521 10071
  1523 10061
  1524 10061
  1527 10141
  1528 10141
  1531 10080
  1532 10080
  1533 10080
  1534 10080
  1535 10080
  1537 10055
  1538 10173
  1539 10018
  1540 10018
  1541 10018
  1542 10018
  1543 10018
  1544 10018
  1545 10018
  1546 10040
  1547 10040
  1548 10040
  1549 10040
  1550 10040
  1551 10106
  1552 10106
  1553 10106
  1554 10106
  1555 10106
  1556 10106
  1557 10106
  1558 10106
  1559 10106
  1560 10106
  1561 10106
  1563 10106
  1564 10106
  1565 10055
  1566 10106
  1567 10106
  1568 10106
  1569 10106
  1570 10106
  1571 10106
  1572 10106
  1573 10106
  1574 10106
  1575 10106
  1576 10106
  1577 10106
  1578 10106
  1579 10106
  1580 10106
  1581 10106
  1582 10106
  1583 10106
  1584 10106
  1585 10106
  1586 10106
  1587 10106
  1588 10106
  1589 10106
  1590 10106
  1591 10106
  1592 10106
  1593 10106
  1594 10106
  1595 10106
  1596 10106
  1597 10106
  1598 10106
  1599 10106
  1600 10106
  1601 10106
  1602 10106
  1603 10106
  1604 10106
  1605 10106
  1606 10106
  1607 10106
  1608 10106
  1609 10106
  1610 10106
  1611 10106
  1612 10106
  1613 10106
  1614 10106
  1615 10106
  1616 10106
  1617 10106
  1618 10106
  1619 10055
  1620 10106
  1621 10106
  1622 10055
  1623 10055
  1624 10123
  1625 10106
  1626 10088
  1627 10088
  1628 10123
  1629 10123
  1630 10123
  1631 10123
  1632 10123
  1633 10123
  1634 10123
  1635 10123
  1636 10123
  1637 10123
  1638 10123
  1639 10123
  1640 10123
  1641 10123
  1642 10123
  1643 10123
  1644 10123
  1645 10123
  1646 10123
  1647 10123
  1648 10123
  1649 10123
  1650 10123
  1651 10123
  1652 10123
  1653 10123
  1654 10123
  1655 10123
  1656 10123
  1657 10123
  1658 10123
  1659 10123
  1660 10123
  1661 10123
  1662 10123
  1663 10123
  1664 10123
  1665 10123
  1666 10123
  1667 10123
  1668 10123
  1669 10123
  1670 10123
  1671 10123
  1672 10123
  1673 10123
  1674 10123
  1675 10123
  1676 10123
  1677 10123
  1678 10123
  1679 10123
  1680 10123
  1681 10123
  1682 10123
  1683 10123
  1684 10123
  1685 10123
  1686 10123
  1687 10123
  1688 10123
  1689 10123
  1690 10123
  1691 10123
  1692 10123
  1693 10123
  1694 10123
  1695 10123
  1696 10123
  1697 10123
  1698 10123
  1699 10123
  1700 10123
  1701 10123
  1702 10123
  1703 10123
  1704 10123
  1705 10123
  1706 10123
  1707 10123
  1708 10123
  1709 10123
  1710 10123
  1711 10123
  1712 10123
  1713 10123
  1714 10123
  1715 10123
  1716 10123
  1717 10123
  1718 10123
  1719 10123
  1720 10123
  1721 10123
  1722 10123
  1723 10123
  1724 10123
  1725 10123
  1726 10123
  1727 10123
  1728 10123
  1729 10123
  1730 10123
  1731 10123
  1732 10123
  1733 10123
  1734 10123
  1735 10123
  1736 10123
  1737 10123
  1738 10123
  1739 10123
  1740 10123
  1741 10123
  1742 10123
  1743 10123
  1744 10123
  1745 10123
  1746 10123
  1747 10123
  1748 10123
  1749 10123
  1750 10123
  1751 10123
  1752 10123
  1753 10123
  1754 10123
  1755 10123
  1756 10123
  1757 10123
  1758 10123
  1759 10123
  1760 10123
  1761 10123
  1762 10123
  1763 10123
  1764 10123
  1765 10123
  1766 10123
  1767 10123
  1768 10123
  1769 10123
  1770 10123
  1771 10123
  1772 10123
  1773 10123
  1774 10123
  1775 10123
  1776 10123
  1777 10123
  1778 10123
  1779 10123
  1780 10123
  1781 10123
  1782 10123
  1783 10123
  1784 10123
  1785 10123
  1786 10123
  1787 10123
  1788 10123
  1789 10123
  1790 10123
  1791 10123
  1792 10123
  1793 10123
  1794 10123
  1795 10123
  1796 10123
  1797 10123
  1798 10123
  1799 10123
  1800 10123
  1801 10123
  1802 10123
  1803 10123
  1804 10123
  1805 10123
  1806 10123
  1807 10123
  1808 10123
  1809 10123
  1810 10123
  1811 10123
  1812 10123
  1813 10123
  1814 10123
  1815 10123
  1816 10123
  1817 10123
  1818 10123
  1819 10123
  1820 10123
  1821 10123
  1822 10123
  1823 10123
  1824 10123
  1825 10123
  1826 10123
  1827 10123
  1828 10123
  1829 10123
  1830 10123
  1831 10123
  1832 10123
  1833 10123
  1834 10123
  1835 10123
  1836 10123
  1837 10123
  1838 10123
  1839 10123
  1840 10123
  1841 10123
  1842 10123
  1843 10123
  1844 10123
  1845 10123
  1846 10123
  1847 10123
  1848 10123
  1849 10123
  1850 10123
  1851 10123
  1852 10123
  1853 10123
  1854 10123
  1855 10123
  1856 10123
  1857 10123
  1858 10123
  1859 10123
  1860 10123
  1861 10123
  1862 10123
  1863 10123
  1864 10123
  1865 10123
  1866 10123
  1867 10123
  1868 10123
  1869 10123
  1870 10123
  1871 10123
  1872 10123
  1873 10123
  1874 10123
  1875 10123
  1876 10123
  1877 10123
  1878 10123
  1879 10123
  1880 10123
  1881 10123
  1882 10123
  1883 10123
  1884 10123
  1885 10123
  1886 10123
  1887 10123
  1888 10123
  1889 10123
  1890 10123
  1891 10123
  1892 10123
  1893 10123
  1894 10123
  1895 10123
  1896 10123
  1897 10123
  1898 10123
  1899 10123
  1900 10123
  1901 10123
  1902 10123
  1903 10123
  1904 10123
  1905 10123
  1906 10123
  1907 10123
  1908 10123
  1909 10123
  1910 10123
  1911 10123
  1912 10123
  1913 10123
  1914 10123
  1915 10123
  1916 10123
  1917 10123
  1918 10123
  1919 10123
  1920 10123
  1921 10123
  1922 10123
  1923 10123
  1924 10123
  1925 10123
  1926 10123
  1927 10123
  1928 10123
  1929 10123
  1930 10123
  1931 10123
  1932 10123
  1933 10123
  1934 10123
  1935 10123
  1936 10123
  1937 10123
  1938 10123
  1939 10123
  1940 10123
  1941 10123
  1942 10123
  1943 10123
  1944 10123
  1945 10123
  1946 10123
  1947 10123
  1948 10123
  1949 10123
  1950 10123
  1951 10123
  1952 10123
  1953 10123
  1954 10123
  1955 10123
  1956 10123
  1957 10123
  1958 10123
  1959 10123
  1960 10123
  1961 10123
  1962 10123
  1963 10123
  1964 10123
  1965 10123
  1966 10123
  1967 10123
  1968 10123
  1969 10123
  1970 10123
  1971 10123
  1972 10123
  1973 10123
  1974 10123
  1975 10123
  1976 10123
  1977 10123
  1978 10123
  1979 10123
  1980 10123
  1981 10123
  1982 10123
  1983 10123
  1984 10123
  1985 10123
  1986 10123
  1987 10123
  1988 10123
  1989 10123
  1990 10123
  1991 10123
  1992 10123
  1993 10123
  1994 10123
  1995 10123
  1996 10123
  1997 10123
  1998 10123
  1999 10123
  2000 10123
  2001 10123
  2002 10123
  2003 10123
  2004 10123
  2005 10123
  2006 10123
  2007 10123
  2008 10123
  2009 10123
  2010 10123
  2011 10123
  2012 10123
  2013 10123
  2014 10123
  2015 10123
  2016 10123
  2017 10123
  2018 10123
  2019 10123
  2020 10123
