   685 10140
   686 10140
   687 10018
   688 10018
   689 10018
   690 10055
   691 10055
   692 10055
   693 10055
   694 10055
   695 10055
   696 10055
   697 10055
   698 10055
   699 10055
   700 10055
   701 10055
   702 10055
   703 10055
   704 10055
   705 10055
   706 10055
   707 10055
   708 10055
   709 10055
   710 10055
   711 10055
   712 10055
   713 10055
   714 10055
   715 10055
   716 10055
   717 10055
   718 10055
   719 10055
   720 10055
   721 10055
   722 10055
   723 10055
   724 10055
   725 10055
   726 10055
   727 10055
   728 10055
   729 10055
   730 10055
   731 10055
   732 10055
   733 10055
   734 10055
   735 10055
   736 10055
   737 10055
   738 10055
   739 10055
   740 10055
   741 10055
   742 10055
   743 10055
   744 10055
   745 10055
   746 10055
   747 10055
   748 10055
   749 10055
   750 10055
   751 10055
   752 10055
   753 10055
   754 10055
   755 10055
   756 10055
   757 10055
   758 10055
   759 10055
   760 10055
   761 10055
   762 10055
   763 10055
   764 10055
   765 10055
   766 10055
   767 10055
   768 10055
   769 10055
   770 10055
   771 10055
   772 10055
   773 10055
   774 10055
   775 10055
   776 10055
   777 10055
   778 10055
   779 10055
   780 10055
   785 10022
   786 10022
   787 10022
   788 10022
   789 10022
   790 10022
   791 10022
   792 10022
   793 10022
   794 10022
   795 10022
   796 10022
   797 10022
   798 10022
   799 10022
   800 10022
   801 10022
   802 10022
   803 10022
   804 10022
   805 10022
   806 10022
   807 10022
   808 10022
   809 10022
   810 10022
   811 10022
   812 10022
   813 10022
   814 10022
   815 10022
   816 10022
   817 10022
   818 10022
   819 10022
   820 10022
   821 10022
   822 10022
   823 10022
   824 10022
   825 10022
   826 10022
   827 10022
   828 10022
   829 10022
   830 10022
   831 10022
   832 10022
   833 10022
   834 10022
   835 10022
   836 10022
   837 10022
   838 10022
   839 10022
   840 10022
   841 10022
   842 10022
   843 10022
   844 10022
   845 10022
   846 10022
   847 10022
   848 10022
   849 10022
   850 10022
   851 10022
   852 10022
   853 10022
   854 10022
   855 10022
   856 10022
   857 10022
   858 10022
   859 10022
   860 10022
   861 10022
   862 10022
   863 10022
   864 10022
   865 10022
   866 10022
   867 10022
   868 10022
   869 10022
   870 10022
   871 10022
   872 10022
   873 10022
   874 10022
   875 10022
   876 10022
   877 10022
   878 10022
   879 10022
   880 10022
   881 10022
   882 10022
   883 10022
   884 10022
   885 10022
   886 10022
   887 10022
   888 10022
   889 10022
   890 10022
   891 10022
   892 10022
   893 10022
   894 10022
   895 10022
   896 10022
   897 10022
   898 10022
   899 10022
   900 10022
   901 10022
   902 10022
   903 10022
   904 10022
   905 10022
   906 10022
   907 10022
   908 10022
   909 10022
   910 10022
   911 10022
   912 10022
   913 10022
   914 10022
   915 10022
   916 10022
   917 10022
   918 10022
   919 10022
   920 10022
   921 10022
   922 10022
   923 10022
   924 10022
   925 10022
   926 10022
   927 10022
   928 10022
   929 10022
   930 10022
   931 10022
   932 10022
   933 10022
   934 10022
   935 10022
   936 10022
   937 10022
   938 10022
   939 10022
   940 10022
   941 10022
   942 10022
   943 10022
   944 10022
   945 10022
   946 10022
   947 10022
   948 10022
   949 10022
   950 10022
   951 10022
   952 10022
   953 10022
   954 10022
   955 10022
   956 10022
   957 10022
   958 10022
   959 10022
   960 10022
   961 10022
   962 10022
   963 10022
   964 10022
   965 10022
   966 10022
   967 10022
   968 10022
   969 10022
   970 10022
   971 10022
   972 10022
   973 10022
   974 10022
   975 10022
   976 10022
   977 10022
   978 10022
   979 10022
   980 10022
   981 10022
   982 10022
   983 10022
   984 10022
   985 10022
   986 10022
   987 10022
   988 10022
   989 10022
   990 10022
   991 10022
   992 10022
   993 10022
   994 10022
   995 10022
   996 10022
   997 10022
   998 10022
   999 10022
  1000 10022
  1001 10022
  1002 10022
  1003 10022
  1004 10022
  1005 10022
  1006 10022
  1007 10022
  1008 10022
  1009 10022
  1010 10022
  1011 10022
  1012 10022
  1013 10022
  1014 10022
  1015 10022
  1016 10022
  1017 10022
  1018 10022
  1019 10022
  1020 10022
  1021 10101
  1022 10101
  1023 10101
  1025 10031
  1026 10031
  1027 10031
  1028 10031
  1029 10031
  1030 10031
  1031 10031
  1032 10031
  1033 10031
  1034 10031
  1035 10031
  1036 10031
  1037 10031
  1038 10031
  1039 10031
  1040 10031
  1041 10031
  1042 10031
  1043 10031
  1044 10031
  1045 10031
  1046 10031
  1047 10031
  1048 10031
  1049 10031
  1050 10031
  1051 10031
  1052 10031
  1053 10031
  1054 10031
  1055 10031
  1056 10031
  1057 10031
  1058 10031
  1059 10031
  1060 10031
  1061 10031
  1062 10031
  1063 10031
  1064 10031
  1065 10031
  1066 10031
  1067 10031
  1068 10031
  1069 10031
  1070 10031
  1071 10031
  1072 10031
  1073 10031
  1074 10031
  1075 10031
  1076 10031
  1077 10031
  1078 10031
  1079 10031
  1080 10031
  1081 10031
  1082 10031
  1083 10031
  1084 10031
  1085 10031
  1086 10031
  1087 10031
  1088 10031
  1089 10031
  1090 10031
  1091 10031
  1092 10031
  1093 10031
  1094 10031
  1095 10031
  1096 10031
  1097 10031
  1098 10031
  1099 10031
  1100 10031
  1101 10031
  1102 10031
  1103 10031
  1104 10031
  1105 10031
  1106 10031
  1107 10031
  1108 10031
  1109 10031
  1110 10031
  1111 10031
  1112 10031
  1113 10031
  1114 10031
  1115 10031
  1116 10031
  1117 10031
  1118 10031
  1119 10031
  1120 10031
  1121 10031
  1122 10031
  1123 10031
  1124 10031
  1125 10031
  1126 10031
  1127 10031
  1128 10031
  1129 10031
  1130 10031
  1131 10031
  1132 10031
  1133 10031
  1134 10031
  1135 10031
  1136 10031
  1137 10031
  1138 10031
  1139 10031
  1140 10031
  1141 10031
  1142 10031
  1143 10031
  1144 10031
  1145 10031
  1146 10031
  1147 10031
  1148 10031
  1149 10031
  1150 10031
  1151 10031
  1152 10031
  1153 10031
  1154 10031
  1155 10031
  1156 10031
  1157 10031
  1158 10031
  1159 10031
  1160 10031
  1161 10031
  1162 10031
  1163 10031
  1164 10031
  1165 10031
  1166 10031
  1167 10031
  1168 10031
  1169 10031
  1170 10031
  1171 10031
  1172 10031
  1173 10031
  1174 10031
  1175 10031
  1176 10031
  1177 10031
  1178 10031
  1179 10031
  1180 10031
  1181 10031
  1182 10031
  1183 10031
  1184 10031
  1185 10031
  1186 10031
  1187 10031
  1188 10031
  1189 10031
  1190 10031
  1191 10031
  1192 10031
  1193 10031
  1194 10031
  1195 10031
  1196 10031
  1197 10031
  1198 10031
  1199 10031
  1200 10031
  1201 10031
  1202 10031
  1203 10031
  1204 10031
  1205 10031
  1206 10031
  1207 10031
  1208 10031
  1209 10031
  1210 10031
  1211 10031
  1212 10031
  1213 10031
  1214 10031
  1215 10031
  1216 10031
  1217 10031
  1218 10031
  1219 10031
  1220 10031
  1221 10031
  1222 10031
  1223 10031
  1224 10031
  1225 10031
  1226 10031
  1227 10031
  1228 10031
  1229 10031
  1230 10031
  1231 10031
  1232 10031
  1233 10031
  1234 10031
  1235 10031
  1236 10031
  1237 10031
  1238 10031
  1239 10031
  1240 10031
  1241 10031
  1242 10031
  1243 10031
  1244 10031
  1245 10031
  1246 10031
  1247 10031
  1248 10031
  1249 10031
  1250 10031
  1251 10031
  1252 10031
  1253 10031
  1254 10031
  1255 10031
  1256 10031
  1257 10031
  1260 10101
  1261 10101
  1263 10101
  1264 10101
  1269 10152
  1270 10152
  1271 10152
  1272 10152
  1273 10152
  1275 10152
  1276 10152
  1277 10152
  1278 10152
  1279 10152
  1280 10152
  1281 10152
  1282 10152
  1283 10152
  1284 10152
  1285 10152
  1286 10152
  1287 10152
  1288 10152
  1289 10152
  1290 10152
  1291 10152
  1292 10152
  1293 10152
  1294 10152
  1295 10152
  1296 10152
  1297 10152
  1298 10152
  1299 10152
  1300 10152
  1301 10152
  1302 10152
  1303 10152
  1304 10152
  1305 10152
  1306 10152
  1307 10152
  1308 10152
  1309 10152
  1310 10152
  1311 10152
  1312 10152
  1313 10152
  1314 10152
  1315 10152
  1316 10152
  1317 10152
  1318 10152
  1319 10152
  1320 10152
  1321 10152
  1322 10152
  1323 10152
  1324 10152
  1325 10152
  1326 10152
  1327 10152
  1328 10152
  1329 10152
  1330 10152
  1331 10152
  1332 10152
  1333 10152
  1334 10152
  1335 10152
  1336 10152
  1337 10152
  1338 10152
  1339 10152
  1340 10152
  1341 10152
  1342 10152
  1343 10152
  1344 10152
  1345 10152
  1346 10152
  1347 10152
  1348 10152
  1349 10152
  1350 10152
  1351 10152
  1352 10152
  1353 10152
  1354 10152
  1355 10152
  1356 10152
  1357 10152
  1358 10152
  1359 10152
  1360 10152
  1361 10152
  1362 10152
  1363 10152
  1364 10152
  1365 10152
  1366 10152
  1367 10152
  1368 10152
  1369 10152
  1370 10152
  1371 10152
  1372 10152
  1373 10152
  1374 10152
  1375 10152
  1376 10152
  1377 10152
  1378 10152
  1379 10152
  1380 10152
  1381 10152
  1382 10152
  1383 10152
  1384 10152
  1385 10152
  1386 10152
  1387 10152
  1388 10152
  1389 10152
  1390 10152
  1391 10152
  1392 10152
  1393 10152
  1394 10152
  1395 10152
  1396 10152
  1397 10152
  1398 10152
  1399 10152
  1400 10152
  1401 10152
  1402 10152
  1403 10152
  1404 10152
  1405 10152
  1406 10152
  1407 10152
  1408 10152
  1409 10152
  1410 10152
  1411 10152
  1412 10152
  1413 10152
  1414 10152
  1415 10152
  1416 10152
  1417 10152
  1418 10152
  1419 10152
  1420 10152
  1421 10152
  1422 10152
  1423 10152
  1424 10152
  1425 10152
  1426 10152
  1427 10152
  1428 10152
  1429 10152
  1430 10152
  1431 10152
  1432 10152
  1433 10152
  1434 10152
  1435 10152
  1436 10152
  1437 10152
  1438 10152
  1439 10152
  1440 10152
  1441 10152
  1442 10152
  1443 10152
  1444 10152
  1445 10152
  1446 10152
  1447 10152
  1448 10152
  1449 10152
  1450 10152
  1451 10152
  1452 10152
  1453 10152
  1454 10152
  1455 10152
  1456 10152
  1457 10152
  1458 10152
  1459 10152
  1460 10152
  1461 10152
  1462 10152
  1463 10152
  1464 10152
  1465 10152
  1466 10152
  1467 10152
  1468 10152
  1469 10152
  1470 10152
  1471 10152
  1472 10152
  1473 10152
  1474 10152
  1475 10152
  1476 10152
  1477 10152
  1478 10152
  1479 10152
  1480 10152
  1481 10152
  1482 10152
  1483 10152
  1484 10152
  1485 10152
  1486 10152
  1487 10152
  1488 10152
  1489 10152
  1490 10152
  1491 10152
  1492 10152
  1493 10152
  1494 10152
  1495 10152
  1496 10152
  1497 10152
  1498 10152
  1499 10152
  1500 10152
  1501 10068
  1502 10068
  1508 10055
  1509 10018
  1510 10018
  1511 10018
  1512 10018
  1513 10018
  1514 10018
  1515 10158
  1516 10158
  1517 10158
  1518 10158
  1519 10158
  1520 10158
  1521 10055
  1522 10158
  1552 10018
  1553 10055
  1554 10055
  1555 10055
  1618 10128
  1619 10101
  1620 10101
  1621 10169
  1622 10138
  1623 10138
  1624 10138
  1625 10138
  1626 10138
  1627 10138
  1628 10138
  1629 10138
  1630 10138
  1631 10138
  1632 10138
  1633 10138
  1634 10138
  1635 10138
  1636 10138
  1637 10138
  1638 10138
  1639 10138
  1640 10138
  1641 10138
  1642 10138
  1643 10138
  1644 10138
  1645 10138
  1646 10138
  1647 10138
  1648 10138
  1649 10138
  1650 10138
  1651 10138
  1652 10138
  1653 10138
  1654 10138
  1655 10138
  1656 10138
  1657 10138
  1658 10138
  1659 10138
  1660 10138
  1661 10138
  1662 10138
  1663 10138
  1664 10138
  1665 10138
  1666 10138
  1667 10138
  1668 10138
  1669 10138
  1670 10138
  1671 10138
  1672 10138
  1673 10138
  1674 10138
  1675 10138
  1676 10138
  1677 10138
  1678 10138
  1679 10138
  1680 10138
  1681 10138
  1682 10138
  1683 10138
  1684 10138
  1685 10138
  1686 10138
  1687 10138
  1688 10138
  1689 10138
  1690 10138
  1691 10138
  1692 10138
  1693 10138
  1694 10138
  1695 10138
  1696 10138
  1697 10138
  1698 10138
  1699 10138
  1700 10138
  1701 10138
  1702 10138
  1703 10138
  1704 10138
  1705 10138
  1706 10138
  1707 10138
  1708 10138
  1709 10138
  1710 10138
  1711 10138
  1712 10138
  1713 10138
  1714 10138
  1715 10138
  1716 10138
  1717 10138
  1718 10138
  1719 10138
  1720 10138
  1721 10138
  1722 10138
  1723 10138
  1724 10138
  1725 10138
  1726 10138
  1727 10138
  1728 10138
  1729 10138
  1730 10138
  1731 10138
  1732 10138
  1733 10138
  1734 10138
  1735 10138
  1736 10138
  1737 10138
  1738 10138
  1739 10138
  1740 10138
  1741 10138
  1742 10138
  1743 10138
  1744 10138
  1745 10138
  1746 10138
  1747 10138
  1748 10138
  1749 10138
  1750 10138
  1751 10138
  1752 10138
  1753 10138
  1754 10138
  1755 10138
  1756 10138
  1757 10138
  1758 10138
  1759 10138
  1760 10138
  1761 10138
  1762 10138
  1763 10138
  1764 10138
  1765 10138
  1766 10138
  1767 10138
  1768 10138
  1769 10138
  1770 10138
  1771 10138
  1772 10138
  1773 10138
  1774 10138
  1775 10138
  1776 10138
  1777 10138
  1778 10138
  1779 10138
  1780 10138
  1781 10138
  1782 10138
  1783 10138
  1784 10138
  1785 10138
  1786 10138
  1787 10138
  1788 10138
  1789 10138
  1790 10138
  1791 10138
  1792 10138
  1793 10138
  1794 10138
  1795 10138
  1796 10138
  1797 10138
  1798 10138
  1799 10138
  1800 10138
  1801 10138
  1802 10138
  1803 10138
  1804 10138
  1805 10138
  1806 10138
  1807 10138
  1808 10138
  1809 10138
  1810 10138
  1811 10138
  1812 10138
  1813 10138
  1814 10138
  1815 10138
  1816 10138
  1817 10138
  1818 10138
  1819 10138
  1820 10138
  1821 10138
  1822 10138
  1823 10138
  1824 10138
  1825 10138
  1826 10138
  1827 10138
  1828 10138
  1829 10138
  1830 10138
  1831 10138
  1832 10138
  1833 10138
  1834 10138
  1835 10138
  1836 10138
  1837 10138
  1838 10138
  1839 10138
  1840 10138
  1841 10138
  1842 10138
  1843 10138
  1844 10138
  1845 10138
  1846 10138
  1847 10138
  1848 10138
  1849 10138
  1850 10138
  1851 10138
  1852 10138
  1853 10138
  1854 10138
  1855 10138
  1856 10138
  1857 10138
  1858 10138
  1859 10138
  1860 10138
  1861 10138
  1864 10097
  1865 10097
  1866 10097
  1867 10097
  1868 10097
  1869 10097
  1874 10097
  1877 10097
  1878 10097
  1879 10097
  1880 10097
  1881 10097
