   690 10065
   691 10065
   692 10065
   693 10065
   694 10065
   695 10065
   696 10065
   697 10065
   698 10065
   699 10065
   700 10065
   701 10065
   702 10065
   703 10065
   704 10065
   705 10065
   706 10065
   707 10065
   708 10065
   709 10065
   710 10065
   711 10065
   712 10065
   713 10065
   714 10065
   715 10065
   716 10065
   717 10065
   718 10065
   719 10065
   720 10065
   721 10065
   722 10065
   723 10065
   724 10065
   725 10065
   726 10065
   727 10065
   728 10065
   729 10065
   730 10065
   731 10065
   732 10065
   733 10065
   734 10065
   735 10065
   736 10065
   737 10065
   738 10065
   739 10065
   740 10065
   741 10065
   742 10065
   743 10065
   744 10065
   745 10065
   746 10065
   747 10065
   748 10065
   749 10065
   750 10065
   751 10065
   752 10065
   753 10065
   754 10065
   755 10065
   756 10065
   757 10065
   758 10065
   759 10065
   760 10065
   761 10065
   762 10065
   763 10065
   764 10065
   765 10065
   766 10065
   767 10065
   768 10065
   769 10065
   770 10065
   771 10065
   772 10065
   773 10065
   774 10065
   775 10065
   776 10065
   777 10065
   778 10065
   779 10065
   780 10065
   781 10143
   782 10143
   783 10143
   784 10143
   785 10165
   786 10165
   787 10165
   788 10165
   789 10165
   790 10165
   791 10165
   792 10165
   793 10165
   794 10165
   795 10165
   796 10165
   797 10165
   798 10165
   799 10165
   800 10165
   801 10165
   802 10165
   803 10165
   804 10165
   805 10165
   806 10165
   807 10165
   808 10165
   809 10165
   810 10165
   811 10165
   812 10165
   813 10165
   814 10165
   815 10165
   816 10165
   817 10165
   818 10165
   819 10165
   820 10165
   821 10165
   822 10165
   823 10165
   824 10165
   825 10165
   826 10165
   827 10165
   828 10165
   829 10165
   830 10165
   831 10165
   832 10165
   833 10165
   834 10165
   835 10165
   836 10165
   837 10165
   838 10165
   839 10165
   840 10165
   841 10165
   842 10165
   843 10165
   844 10165
   845 10165
   846 10165
   847 10165
   848 10165
   849 10165
   850 10165
   851 10165
   852 10165
   853 10165
   854 10165
   855 10165
   856 10165
   857 10165
   858 10165
   859 10165
   860 10165
   861 10165
   862 10165
   863 10165
   864 10165
   865 10165
   866 10165
   867 10165
   868 10165
   869 10165
   870 10165
   871 10165
   872 10165
   873 10165
   874 10165
   875 10165
   876 10165
   877 10165
   878 10165
   879 10165
   880 10165
   881 10165
   882 10165
   883 10165
   884 10165
   885 10165
   886 10165
   887 10165
   888 10165
   889 10165
   890 10165
   891 10165
   892 10165
   893 10165
   894 10165
   895 10165
   896 10165
   897 10165
   898 10165
   899 10165
   900 10165
   901 10165
   902 10165
   903 10165
   904 10165
   905 10165
   906 10165
   907 10165
   908 10165
   909 10165
   910 10165
   911 10165
   912 10165
   913 10165
   914 10165
   915 10165
   916 10165
   917 10165
   918 10165
   919 10165
   920 10165
   921 10165
   922 10165
   923 10165
   924 10165
   925 10165
   926 10165
   927 10165
   928 10165
   929 10165
   930 10165
   931 10165
   932 10165
   933 10165
   934 10165
   935 10165
   936 10165
   937 10165
   938 10165
   939 10165
   940 10165
   941 10165
   942 10165
   943 10165
   944 10165
   945 10165
   946 10165
   947 10165
   948 10165
   949 10165
   950 10165
   951 10165
   952 10165
   953 10165
   954 10165
   955 10165
   956 10165
   957 10165
   958 10165
   959 10165
   960 10165
   961 10165
   962 10165
   963 10165
   964 10165
   965 10165
   966 10165
   967 10165
   968 10165
   969 10165
   970 10165
   971 10165
   972 10165
   973 10165
   974 10165
   975 10165
   976 10165
   977 10165
   978 10165
   979 10165
   980 10165
   981 10165
   982 10165
   983 10165
   984 10165
   985 10165
   986 10165
   987 10165
   988 10165
   989 10165
   990 10165
   991 10165
   992 10165
   993 10165
   994 10165
   995 10165
   996 10165
   997 10165
   998 10165
   999 10165
  1000 10165
  1001 10165
  1002 10165
  1003 10165
  1004 10165
  1005 10165
  1006 10165
  1007 10165
  1008 10165
  1009 10165
  1010 10165
  1011 10165
  1012 10165
  1013 10165
  1014 10135
  1015 10165
  1019 10141
  1020 10101
  1021 10101
  1022 10141
  1023 10141
  1024 10141
  1025 10141
  1026 10101
  1027 10007
  1028 10007
  1029 10007
  1030 10007
  1031 10007
  1258 10007
  1259 10007
  1260 10007
  1261 10007
  1262 10007
  1263 10007
  1264 10007
  1265 10007
  1266 10128
  1267 10128
  1268 10169
  1272 10095
  1273 10095
  1274 10095
  1498 10016
  1499 10016
  1500 10016
  1501 10145
  1502 10016
  1503 10143
  1504 10143
  1505 10143
  1506 10143
  1507 10016
  1508 10016
  1509 10036
  1510 10036
  1511 10036
  1512 10036
  1514 10055
  1515 10055
  1516 10023
  1517 10023
  1518 10023
  1519 10023
  1520 10023
  1521 10018
  1522 10018
  1523 10018
  1524 10018
  1525 10018
  1526 10158
  1527 10158
  1528 10158
  1529 10158
  1530 10158
  1531 10140
  1532 10140
  1533 10140
  1534 10140
  1535 10140
  1536 10140
  1537 10140
  1538 10140
  1539 10140
  1540 10140
  1541 10140
  1542 10140
  1543 10140
  1544 10140
  1545 10140
  1546 10140
  1547 10140
  1548 10140
  1549 10140
  1550 10140
  1551 10140
  1552 10140
  1553 10140
  1554 10140
  1555 10140
  1556 10140
  1557 10140
  1558 10140
  1559 10140
  1560 10140
  1561 10140
  1562 10140
  1563 10140
  1564 10140
  1565 10140
  1566 10140
  1567 10140
  1568 10140
  1569 10140
  1570 10140
  1571 10140
  1572 10140
  1573 10140
  1574 10140
  1575 10055
  1576 10055
  1577 10055
  1578 10055
  1579 10055
  1580 10055
  1581 10055
  1584 10016
  1585 10016
  1586 10016
  1587 10016
  1588 10016
  1589 10016
  1590 10016
  1591 10016
  1592 10143
  1593 10143
  1594 10143
  1595 10143
  1596 10016
  1597 10016
  1598 10016
  1599 10016
  1600 10016
  1601 10016
  1602 10016
  1603 10016
  1604 10016
  1605 10016
  1606 10016
  1607 10016
  1608 10016
  1609 10016
  1610 10016
  1611 10016
  1612 10016
  1613 10016
  1614 10016
  1615 10016
  1616 10016
  1617 10016
  1618 10016
  1619 10143
  1621 10014
  1625 10041
  1627 10041
  1628 10041
  1629 10041
  1856 10041
  1857 10041
  1858 10041
  1859 10041
  1867 10146
  1868 10146
  1869 10146
  1870 10146
  1871 10146
  1872 10146
  1873 10146
  1874 10146
  1875 10146
  1876 10146
  1877 10146
  1878 10146
  1879 10146
  1880 10146
  1881 10146
  1882 10146
  1883 10146
  1884 10146
  1885 10146
  1886 10146
  1887 10146
  1888 10146
  1889 10146
  1890 10146
  1891 10146
  1892 10146
  1893 10146
  1894 10146
  1895 10146
  1896 10146
  1897 10146
  1898 10146
  1899 10146
  1900 10146
  1901 10146
  1902 10146
  1903 10146
  1904 10146
  1905 10146
  1906 10146
  1907 10146
  1908 10146
  1909 10146
  1910 10146
  1911 10146
  1912 10146
  1913 10146
  1914 10146
  1915 10146
  1916 10146
  1917 10146
  1918 10146
  1919 10146
  1920 10146
  1921 10146
  1922 10146
  1923 10146
  1924 10146
  1925 10146
  1926 10146
  1927 10146
  1928 10146
  1929 10146
  1930 10146
  1931 10146
  1932 10146
  1933 10146
  1934 10146
  1935 10146
  1936 10146
  1937 10146
  1938 10146
  1939 10146
  1940 10146
  1941 10146
  1942 10146
  1943 10146
  1944 10146
  1945 10146
  1946 10146
  1947 10146
  1948 10146
  1949 10146
  1950 10146
  1951 10146
  1952 10146
  1953 10146
  1954 10146
  1955 10146
  1956 10146
  1957 10146
  1958 10146
  1959 10146
  1960 10146
  1961 10146
  1962 10146
  1963 10146
  1964 10146
  1965 10146
  1966 10146
  1967 10146
  1968 10146
  1969 10146
  1970 10146
  1971 10146
  1972 10146
  1973 10146
  1974 10146
  1975 10146
  1976 10146
  1977 10146
  1978 10146
  1979 10146
  1980 10146
  1981 10146
  1982 10146
  1983 10146
  1984 10146
  1985 10146
  1986 10146
  1987 10146
  1988 10146
  1989 10146
  1990 10146
  1991 10146
  1992 10146
  1993 10146
  1994 10146
  1995 10146
  1996 10146
  1997 10146
  1998 10146
  1999 10146
  2000 10146
  2001 10146
  2002 10146
  2003 10146
  2004 10146
  2005 10146
  2006 10146
  2007 10146
  2008 10146
  2009 10146
  2010 10146
  2011 10146
  2012 10146
  2013 10146
  2014 10146
  2015 10146
  2016 10146
  2017 10146
  2018 10146
  2019 10146
  2020 10146
  2021 10146
  2022 10146
  2023 10146
  2024 10146
  2025 10146
  2026 10146
  2027 10146
  2028 10112
  2029 10112
  2030 10112
  2038 10101
