   690 10115
   691 10115
   692 10115
   693 10115
   694 10115
   695 10115
   696 10115
   697 10115
   698 10115
   699 10115
   700 10115
   701 10115
   702 10115
   703 10115
   704 10115
   705 10115
   706 10115
   707 10115
   708 10115
   709 10115
   710 10115
   711 10115
   712 10115
   713 10115
   714 10115
   715 10115
   716 10115
   717 10115
   718 10115
   719 10115
   720 10115
   721 10115
   722 10115
   723 10115
   724 10115
   725 10115
   726 10115
   727 10115
   728 10115
   729 10115
   730 10115
   731 10115
   732 10115
   733 10115
   734 10115
   735 10115
   736 10115
   737 10115
   738 10115
   739 10115
   740 10115
   741 10115
   742 10115
   743 10115
   744 10115
   745 10115
   746 10115
   747 10115
   748 10115
   749 10115
   750 10115
   751 10115
   752 10115
   753 10115
   754 10115
   755 10115
   756 10115
   757 10115
   758 10115
   759 10115
   760 10115
   761 10115
   762 10115
   763 10115
   764 10115
   765 10115
   766 10115
   767 10115
   768 10115
   769 10115
   770 10115
   771 10115
   772 10115
   773 10115
   774 10115
   775 10115
   776 10115
   777 10115
   778 10115
   779 10115
   780 10115
   781 10115
   782 10115
   783 10115
   784 10115
   785 10115
   786 10115
   787 10115
   788 10112
   789 10115
   790 10115
   791 10107
   792 10107
   793 10130
   794 10130
   795 10130
   796 10130
   797 10130
   798 10055
   799 10055
   800 10055
   801 10010
   802 10158
   824 10106
   825 10173
   829 10129
   830 10129
   831 10129
   837 10036
   838 10036
   839 10036
   840 10107
   841 10154
   842 10154
   880 10018
   881 10018
   882 10040
   883 10055
   884 10055
   885 10055
   886 10055
   887 10093
   888 10093
   889 10093
   890 10093
   891 10093
   892 10093
   894 10055
   909 10115
   910 10115
   911 10115
   912 10115
   913 10115
   914 10115
   915 10115
   916 10115
   917 10115
   918 10115
   919 10115
   920 10115
   921 10115
   922 10115
   923 10115
   924 10115
   925 10115
   926 10115
   927 10115
   928 10115
   929 10115
   930 10115
   931 10115
   932 10115
   933 10115
   934 10115
   935 10115
   936 10115
   937 10115
   938 10115
   941 10130
   942 10130
   943 10130
   944 10130
   945 10130
   946 10115
   947 10115
   948 10115
   949 10115
   950 10115
   951 10115
   952 10115
   953 10115
   954 10115
   955 10115
   956 10115
   957 10115
   958 10115
   959 10115
   960 10115
   961 10115
   962 10115
   963 10115
   964 10115
   965 10115
   966 10115
   967 10115
   968 10115
   969 10115
   970 10115
   971 10115
   972 10115
   973 10115
   974 10115
   975 10115
   976 10111
   977 10115
   978 10115
   979 10115
   980 10115
   981 10115
   982 10115
   983 10115
   984 10115
   985 10115
   986 10111
   987 10111
   988 10111
   989 10115
   990 10115
   991 10115
   992 10115
   993 10115
   994 10115
   995 10115
   996 10115
   997 10115
   998 10115
   999 10115
  1000 10115
  1001 10115
  1002 10115
  1003 10115
  1004 10115
  1005 10115
  1006 10115
  1007 10115
  1008 10115
  1009 10115
  1010 10107
  1011 10115
  1012 10154
  1013 10154
  1014 10154
  1015 10115
  1016 10116
  1017 10116
  1018 10116
  1019 10116
  1020 10116
  1021 10115
  1022 10115
  1023 10014
  1024 10115
  1025 10014
  1026 10130
  1027 10130
  1028 10115
  1029 10156
  1030 10115
  1031 10115
  1032 10115
  1033 10115
  1034 10130
  1035 10130
  1036 10130
  1037 10130
  1038 10130
  1039 10115
  1040 10115
  1041 10115
  1042 10115
  1043 10115
  1044 10115
  1045 10115
  1046 10115
  1047 10115
  1048 10115
  1049 10115
  1050 10115
  1051 10115
  1052 10115
  1053 10115
  1054 10115
  1055 10115
  1056 10115
  1057 10115
  1058 10111
  1059 10130
  1060 10130
  1061 10115
  1062 10115
  1063 10115
  1064 10115
  1065 10111
  1066 10111
  1067 10115
  1068 10115
  1069 10115
  1070 10115
  1071 10115
  1072 10115
  1073 10115
  1074 10115
  1075 10115
  1076 10115
  1077 10115
  1078 10115
  1079 10115
  1080 10115
  1081 10115
  1082 10115
  1083 10115
  1084 10115
  1085 10115
  1086 10115
  1087 10115
  1088 10115
  1089 10115
  1090 10115
  1091 10115
  1092 10115
  1093 10115
  1094 10115
  1095 10115
  1096 10115
  1097 10166
  1098 10166
  1099 10130
  1100 10130
  1101 10115
  1102 10115
  1103 10115
  1104 10115
  1105 10111
  1106 10115
  1107 10130
  1108 10130
  1109 10130
  1110 10130
  1111 10130
  1112 10130
  1113 10115
  1114 10115
  1115 10115
  1116 10130
  1117 10130
  1118 10107
  1119 10115
  1120 10115
  1121 10115
  1122 10115
  1123 10115
  1124 10115
  1125 10115
  1126 10115
  1127 10115
  1128 10115
  1129 10115
  1130 10115
  1131 10115
  1132 10115
  1133 10115
  1134 10115
  1135 10115
  1136 10115
  1137 10115
  1138 10115
  1139 10115
  1140 10115
  1141 10115
  1142 10115
  1143 10115
  1144 10115
  1145 10115
  1146 10115
  1147 10115
  1148 10115
  1149 10115
  1150 10115
  1151 10130
  1152 10130
  1153 10130
  1154 10130
  1155 10130
  1156 10130
  1157 10130
  1158 10115
  1159 10115
  1160 10115
  1161 10115
  1162 10115
  1163 10115
  1164 10115
  1165 10115
  1166 10115
  1167 10115
  1168 10115
  1169 10115
  1170 10115
  1171 10115
  1172 10115
  1173 10115
  1174 10115
  1175 10115
  1176 10115
  1177 10115
  1178 10115
  1179 10115
  1180 10115
  1181 10115
  1182 10115
  1183 10115
  1184 10115
  1185 10115
  1186 10115
  1187 10115
  1188 10115
  1189 10115
  1190 10115
  1191 10115
  1192 10115
  1193 10115
  1194 10115
  1195 10115
  1196 10115
  1197 10115
  1198 10115
  1199 10115
  1200 10115
  1201 10115
  1202 10115
  1203 10115
  1204 10115
  1205 10115
  1206 10115
  1207 10115
  1208 10115
  1209 10115
  1210 10115
  1211 10115
  1212 10115
  1213 10115
  1214 10115
  1215 10115
  1216 10115
  1217 10115
  1218 10115
  1219 10115
  1220 10115
  1221 10115
  1222 10115
  1223 10115
  1224 10115
  1225 10115
  1226 10115
  1227 10115
  1228 10115
  1229 10115
  1230 10115
  1231 10115
  1232 10115
  1233 10115
  1234 10115
  1235 10115
  1236 10115
  1237 10115
  1238 10111
  1239 10107
  1240 10107
  1241 10166
  1242 10166
  1243 10166
  1244 10166
  1245 10115
  1246 10115
  1247 10115
  1248 10115
  1249 10115
  1250 10115
  1251 10115
  1252 10115
  1253 10115
  1254 10115
  1255 10115
  1256 10115
  1257 10115
  1258 10115
  1259 10115
  1260 10115
  1261 10115
  1262 10115
  1263 10115
  1264 10115
  1265 10115
  1266 10115
  1267 10115
  1268 10115
  1269 10115
  1270 10115
  1271 10115
  1272 10115
  1273 10115
  1274 10115
  1275 10115
  1276 10115
  1277 10115
  1278 10115
  1280 10115
  1281 10115
  1282 10115
  1283 10115
  1284 10115
  1285 10115
  1286 10115
  1287 10115
  1288 10115
  1289 10115
  1290 10115
  1291 10115
  1292 10115
  1293 10115
  1294 10115
  1295 10115
  1296 10115
  1297 10115
  1298 10115
  1299 10115
  1300 10115
  1301 10115
  1302 10115
  1303 10115
  1304 10115
  1305 10115
  1306 10115
  1307 10115
  1308 10115
  1309 10115
  1310 10115
  1311 10115
  1312 10115
  1313 10115
  1314 10115
  1315 10115
  1316 10115
  1317 10115
  1318 10115
  1319 10115
  1320 10115
  1321 10115
  1322 10115
  1323 10115
  1324 10115
  1325 10111
  1326 10036
  1327 10111
  1328 10111
  1329 10115
  1330 10115
  1331 10107
  1332 10107
  1333 10074
  1334 10036
  1335 10107
  1336 10107
  1337 10074
  1338 10074
  1339 10107
  1340 10036
  1341 10111
  1342 10111
  1343 10115
  1344 10115
  1345 10115
  1346 10115
  1347 10115
  1348 10115
  1349 10115
  1350 10111
  1351 10111
  1352 10111
  1353 10111
  1354 10111
  1355 10111
  1356 10111
  1357 10115
  1358 10115
  1359 10115
  1360 10115
  1361 10115
  1362 10115
  1363 10115
  1364 10115
  1365 10115
  1366 10115
  1367 10115
  1368 10115
  1369 10115
  1370 10115
  1371 10115
  1372 10115
  1373 10115
  1374 10115
  1375 10115
  1376 10115
  1377 10115
  1378 10115
  1379 10115
  1380 10115
  1381 10115
  1382 10115
  1383 10115
  1384 10115
  1385 10115
  1386 10115
  1387 10115
  1388 10115
  1389 10115
  1390 10115
  1391 10115
  1392 10115
  1393 10115
  1394 10115
  1395 10115
  1396 10115
  1397 10115
  1398 10115
  1399 10115
  1400 10115
  1401 10115
  1402 10115
  1403 10115
  1404 10115
  1405 10115
  1406 10115
  1407 10115
  1408 10115
  1409 10115
  1410 10115
  1411 10115
  1412 10115
  1413 10115
  1414 10115
  1415 10115
  1416 10115
  1417 10115
  1418 10115
  1419 10115
  1420 10115
  1421 10115
  1422 10115
  1423 10115
  1424 10115
  1425 10115
  1426 10115
  1427 10115
  1428 10115
  1429 10115
  1430 10115
  1431 10115
  1432 10130
  1433 10130
  1434 10130
  1435 10130
  1436 10130
  1437 10130
  1438 10129
  1439 10115
  1440 10115
  1441 10130
  1442 10130
  1443 10130
  1444 10129
  1445 10129
  1446 10129
  1447 10129
  1448 10129
  1450 10130
  1451 10130
  1452 10130
  1453 10130
  1454 10130
  1455 10055
  1456 10173
  1457 10055
  1458 10173
  1459 10173
  1460 10173
  1463 10106
  1466 10098
  1467 10173
  1468 10055
  1469 10055
  1470 10055
  1471 10055
  1472 10055
  1473 10055
  1474 10055
  1475 10055
  1476 10055
  1477 10055
  1478 10055
  1479 10055
  1480 10055
  1481 10055
  1482 10055
  1483 10055
  1484 10055
  1485 10055
  1486 10055
  1487 10055
  1488 10055
  1489 10055
  1490 10055
  1491 10055
  1492 10055
  1493 10055
  1494 10055
  1495 10055
  1496 10055
  1497 10173
  1498 10173
  1499 10173
  1500 10055
  1501 10055
  1502 10158
  1503 10055
  1504 10018
  1505 10018
  1506 10055
  1507 10018
  1508 10055
  1509 10055
  1510 10055
  1511 10055
  1512 10055
  1513 10055
  1514 10055
  1515 10055
  1516 10055
  1517 10055
  1518 10055
  1519 10055
  1520 10055
  1521 10055
  1522 10055
  1523 10055
  1524 10018
  1525 10018
  1526 10055
  1527 10055
  1528 10055
  1529 10055
  1532 10130
  1533 10130
  1534 10130
  1535 10130
  1536 10130
  1537 10115
  1538 10115
  1539 10115
  1540 10115
  1541 10115
  1542 10115
  1543 10115
  1544 10115
  1545 10115
  1546 10115
  1547 10115
  1548 10115
  1549 10115
  1550 10115
  1551 10115
  1552 10115
  1553 10115
  1554 10115
  1570 10111
  1571 10130
  1572 10130
  1580 10115
  1581 10115
  1582 10107
  1583 10107
  1584 10107
  1585 10115
  1586 10115
  1587 10115
  1588 10115
  1589 10115
  1590 10115
  1591 10115
  1592 10115
  1593 10115
  1594 10115
  1595 10115
  1596 10115
  1597 10115
  1598 10115
  1599 10115
  1600 10115
  1601 10115
  1602 10130
  1603 10130
  1604 10115
  1605 10115
  1606 10115
  1607 10115
  1608 10115
  1609 10115
  1610 10115
  1611 10115
  1612 10115
  1613 10115
  1614 10115
  1615 10115
  1616 10115
  1617 10115
  1618 10115
  1619 10115
  1620 10115
  1621 10130
  1622 10130
  1623 10115
  1624 10115
  1625 10115
  1626 10115
  1627 10115
  1628 10115
  1629 10115
  1630 10115
  1631 10111
  1632 10115
  1633 10115
  1634 10115
  1635 10115
  1636 10115
  1637 10115
  1638 10115
  1639 10115
  1640 10115
  1641 10115
  1642 10115
  1643 10115
  1644 10115
  1645 10115
  1646 10115
  1647 10115
  1648 10115
  1649 10115
  1650 10115
  1651 10115
  1652 10115
  1653 10115
  1654 10115
  1655 10115
  1656 10115
  1657 10115
  1658 10115
  1659 10115
  1660 10115
  1661 10115
  1662 10115
  1663 10115
  1664 10115
  1665 10115
  1666 10115
  1667 10115
  1668 10115
  1669 10115
  1670 10115
  1671 10115
  1672 10115
  1673 10115
  1674 10115
  1675 10115
  1676 10115
  1677 10115
  1678 10115
  1679 10115
  1680 10115
  1681 10115
  1682 10115
  1683 10115
  1684 10115
  1685 10115
  1686 10115
  1687 10115
  1688 10115
  1689 10115
  1690 10115
  1691 10115
  1692 10115
  1693 10115
  1694 10115
  1695 10115
  1696 10115
  1697 10115
  1698 10115
  1699 10115
  1700 10115
  1701 10115
  1702 10115
  1703 10115
  1704 10115
  1705 10115
  1706 10115
  1707 10115
  1708 10115
  1709 10115
  1710 10115
  1711 10115
  1712 10115
  1713 10115
  1714 10115
  1715 10115
  1716 10115
  1717 10115
  1718 10115
  1719 10115
  1720 10115
  1721 10115
  1722 10115
  1723 10115
  1724 10115
  1725 10115
  1726 10115
  1727 10115
  1728 10115
  1729 10115
  1730 10130
  1731 10130
  1732 10130
  1733 10115
  1734 10115
  1735 10115
  1736 10115
  1737 10115
  1738 10115
  1739 10115
  1740 10115
  1741 10115
  1742 10115
  1743 10115
  1744 10115
  1745 10115
  1752 10036
  1753 10036
  1754 10036
  1755 10115
  1756 10115
  1757 10115
  1758 10111
  1759 10111
  1760 10111
  1761 10111
  1762 10111
  1763 10111
  1764 10111
  1765 10111
  1766 10111
  1767 10115
  1768 10115
  1769 10115
  1770 10115
  1771 10115
  1772 10115
  1773 10115
  1774 10115
  1775 10115
  1776 10115
  1777 10115
  1778 10115
  1779 10115
  1780 10115
  1781 10115
  1782 10115
  1783 10115
  1784 10115
  1785 10115
  1786 10014
  1787 10014
  1788 10115
  1789 10115
  1790 10115
  1791 10115
  1792 10115
  1793 10111
  1794 10036
  1795 10111
  1796 10111
  1797 10111
  1798 10111
  1799 10111
  1800 10111
  1801 10115
  1802 10115
  1803 10115
  1804 10115
  1805 10115
  1806 10115
  1807 10115
  1808 10115
  1809 10107
  1810 10115
  1811 10115
  1812 10115
  1813 10115
  1814 10115
  1815 10115
  1816 10115
  1817 10115
  1818 10115
  1819 10115
  1820 10115
  1821 10115
  1822 10115
  1823 10115
  1824 10130
  1825 10130
  1826 10130
  1827 10130
  1828 10130
  1829 10130
  1830 10130
  1831 10130
  1832 10130
  1833 10130
  1834 10115
  1835 10115
  1836 10115
  1837 10130
  1838 10130
  1839 10130
  1840 10115
  1841 10115
  1842 10115
  1843 10107
  1844 10107
  1845 10115
  1846 10115
  1847 10115
  1848 10115
  1849 10115
  1850 10115
  1851 10115
  1852 10115
  1853 10115
  1854 10115
  1855 10115
  1856 10115
  1857 10115
  1858 10115
  1859 10115
  1860 10115
  1861 10115
  1862 10111
  1863 10111
  1864 10111
  1865 10111
  1866 10115
  1867 10115
  1868 10115
  1869 10115
  1870 10115
  1871 10115
  1872 10115
  1873 10115
  1874 10115
  1875 10115
  1876 10115
  1877 10115
  1878 10115
  1879 10115
  1880 10115
  1881 10115
  1882 10115
  1883 10115
  1884 10115
  1885 10115
  1886 10115
  1887 10130
  1888 10115
  1889 10115
  1890 10115
  1891 10115
  1892 10115
  1893 10115
  1894 10115
  1895 10115
  1896 10115
  1897 10115
  1898 10115
  1899 10115
  1900 10115
  1901 10115
  1902 10130
  1903 10115
  1904 10115
  1905 10115
  1906 10115
  1907 10115
  1908 10115
  1909 10115
  1910 10115
  1911 10115
  1912 10115
  1913 10115
  1914 10115
  1915 10115
  1916 10115
  1917 10115
  1918 10115
  1919 10115
  1920 10115
  1921 10115
  1922 10115
  1923 10115
  1924 10115
  1925 10115
  1926 10115
  1927 10115
  1928 10115
  1929 10115
  1930 10115
  1931 10115
  1932 10115
  1933 10115
  1934 10115
  1935 10115
  1936 10115
  1937 10115
  1938 10115
  1939 10115
  1940 10115
  1941 10115
  1942 10115
  1943 10115
  1944 10115
  1945 10115
  1946 10115
  1947 10115
  1948 10115
  1949 10115
  1950 10115
  1951 10115
  1952 10115
  1953 10115
  1954 10115
  1955 10115
  1956 10115
  1957 10115
  1958 10115
  1959 10130
  1960 10130
  1961 10115
  1962 10115
  1963 10115
  1964 10115
  1965 10115
  1966 10107
  1967 10107
  1968 10107
  1969 10115
  1970 10115
  1971 10115
  1972 10115
  1973 10115
  1974 10115
  1975 10115
  1976 10115
  1977 10115
  1978 10115
  1979 10115
  1980 10115
  1981 10115
  1982 10115
  1983 10115
  1984 10115
  1985 10115
  1986 10111
  1987 10111
  1988 10111
  1989 10115
  1990 10115
  1991 10115
  1992 10115
  1993 10115
  1994 10115
  1995 10115
  1996 10115
  1997 10115
  1998 10115
  1999 10115
  2000 10115
  2001 10115
  2002 10130
  2003 10130
  2004 10130
  2005 10130
  2006 10130
  2007 10107
  2008 10154
  2009 10154
  2010 10154
  2011 10154
  2012 10115
  2013 10115
  2014 10115
  2015 10115
  2016 10115
  2017 10115
  2018 10115
  2019 10115
  2020 10115
  2021 10115
  2022 10115
  2023 10115
  2024 10115
  2025 10115
  2026 10115
  2027 10115
  2028 10115
  2029 10115
  2030 10115
