   687 10167
   688 10167
   689 10167
   690 10167
   691 10167
   692 10167
   693 10167
   694 10167
   695 10167
   696 10167
   697 10167
   698 10167
   699 10167
   700 10167
   701 10167
   702 10167
   703 10167
   704 10167
   705 10167
   706 10167
   707 10167
   708 10167
   709 10167
   710 10167
   711 10167
   712 10167
   713 10167
   714 10167
   715 10167
   716 10167
   717 10167
   718 10167
   719 10167
   720 10167
   721 10167
   722 10167
   723 10167
   724 10167
   725 10167
   726 10167
   727 10167
   728 10167
   729 10167
   730 10167
   731 10167
   732 10167
   733 10167
   734 10167
   735 10167
   736 10167
   737 10167
   738 10167
   739 10167
   740 10167
   741 10167
   742 10167
   743 10167
   744 10167
   745 10167
   746 10167
   747 10167
   748 10167
   749 10167
   750 10167
   751 10167
   752 10167
   753 10167
   754 10167
   755 10167
   756 10167
   757 10167
   758 10167
   759 10167
   760 10167
   761 10167
   762 10167
   763 10167
   764 10167
   765 10167
   766 10167
   767 10167
   768 10167
   769 10167
   770 10167
   771 10167
   772 10167
   773 10167
   774 10167
   775 10167
   776 10167
   777 10167
   778 10167
   779 10167
   780 10167
   781 10167
   782 10167
   783 10167
   784 10081
   785 10138
   786 10138
   787 10138
   788 10138
   789 10081
   790 10081
   791 10081
   792 10138
   793 10081
   794 10138
   795 10138
   796 10138
   797 10138
   798 10138
   799 10138
   800 10138
   801 10138
   802 10138
   803 10138
   804 10138
   805 10138
   806 10138
   807 10138
   808 10138
   809 10138
   810 10138
   811 10138
   812 10138
   813 10138
   814 10138
   815 10138
   816 10138
   817 10138
   818 10138
   819 10138
   820 10138
   821 10138
   822 10138
   823 10138
   824 10138
   825 10138
   826 10138
   827 10138
   828 10138
   829 10138
   830 10138
   831 10138
   832 10138
   833 10138
   834 10138
   835 10138
   836 10138
   837 10138
   838 10138
   839 10138
   840 10138
   841 10138
   842 10138
   843 10138
   844 10138
   845 10138
   846 10138
   847 10138
   848 10138
   849 10138
   850 10138
   851 10138
   852 10138
   853 10138
   854 10138
   855 10138
   856 10138
   857 10138
   858 10138
   859 10138
   860 10138
   861 10138
   862 10138
   863 10138
   864 10138
   865 10138
   866 10138
   867 10138
   868 10138
   869 10138
   870 10138
   871 10138
   872 10138
   873 10138
   874 10138
   875 10138
   876 10138
   877 10138
   878 10138
   879 10138
   880 10138
   881 10138
   882 10138
   883 10138
   884 10138
   885 10138
   886 10138
   887 10138
   888 10138
   889 10138
   890 10138
   891 10138
   892 10138
   893 10138
   894 10138
   895 10138
   896 10138
   897 10138
   898 10138
   899 10138
   900 10138
   901 10138
   902 10138
   903 10138
   904 10138
   905 10138
   906 10138
   907 10138
   908 10138
   909 10138
   910 10138
   911 10138
   912 10138
   913 10138
   914 10138
   915 10138
   916 10138
   917 10138
   918 10138
   919 10138
   920 10138
   921 10138
   922 10138
   923 10138
   924 10138
   925 10138
   926 10138
   927 10138
   928 10138
   929 10138
   930 10138
   931 10138
   932 10138
   933 10138
   934 10138
   935 10138
   936 10138
   937 10138
   938 10138
   939 10138
   940 10138
   941 10138
   942 10138
   943 10138
   944 10138
   945 10138
   946 10138
   947 10138
   948 10138
   949 10138
   950 10138
   951 10138
   952 10138
   953 10138
   954 10138
   955 10138
   956 10138
   957 10138
   958 10138
   959 10138
   960 10138
   961 10138
   962 10138
   963 10138
   964 10138
   965 10138
   966 10138
   967 10138
   968 10138
   969 10138
   970 10138
   971 10138
   972 10138
   973 10138
   974 10138
   975 10138
   976 10138
   977 10138
   978 10138
   979 10138
   980 10138
   981 10138
   982 10138
   983 10138
   984 10138
   985 10138
   986 10138
   987 10138
   988 10138
   989 10138
   990 10138
   991 10138
   992 10138
   993 10138
   994 10138
   995 10138
   996 10138
   997 10138
   998 10138
   999 10138
  1000 10138
  1001 10138
  1002 10138
  1003 10138
  1004 10138
  1005 10138
  1006 10138
  1007 10138
  1008 10138
  1009 10138
  1010 10138
  1011 10138
  1012 10138
  1013 10138
  1014 10138
  1015 10138
  1016 10138
  1017 10138
  1018 10138
  1019 10138
  1020 10138
  1021 10080
  1022 10149
  1023 10149
  1024 10149
  1025 10149
  1026 10149
  1027 10149
  1028 10149
  1029 10149
  1030 10149
  1031 10149
  1032 10122
  1033 10122
  1034 10122
  1035 10122
  1036 10122
  1037 10122
  1038 10122
  1039 10122
  1040 10122
  1041 10122
  1042 10122
  1043 10122
  1044 10122
  1045 10122
  1046 10122
  1047 10122
  1048 10122
  1049 10122
  1050 10122
  1051 10122
  1052 10122
  1053 10122
  1054 10122
  1055 10122
  1056 10122
  1057 10122
  1058 10122
  1059 10122
  1060 10122
  1061 10122
  1062 10122
  1063 10122
  1064 10122
  1065 10122
  1066 10122
  1067 10122
  1068 10122
  1069 10122
  1070 10122
  1071 10122
  1072 10122
  1073 10122
  1074 10122
  1075 10122
  1076 10122
  1077 10122
  1078 10122
  1079 10122
  1080 10122
  1081 10122
  1082 10122
  1083 10122
  1084 10122
  1085 10122
  1086 10122
  1087 10122
  1088 10122
  1089 10122
  1090 10122
  1091 10122
  1092 10122
  1093 10122
  1094 10122
  1095 10122
  1096 10122
  1097 10122
  1098 10122
  1099 10122
  1100 10122
  1101 10122
  1102 10122
  1103 10122
  1104 10122
  1105 10122
  1106 10122
  1107 10122
  1108 10122
  1109 10122
  1110 10122
  1111 10122
  1112 10122
  1113 10122
  1114 10122
  1115 10122
  1116 10122
  1117 10122
  1118 10122
  1119 10122
  1120 10122
  1121 10122
  1122 10122
  1123 10122
  1124 10122
  1125 10122
  1126 10122
  1127 10122
  1128 10122
  1129 10122
  1130 10122
  1131 10122
  1132 10122
  1133 10122
  1134 10122
  1135 10122
  1136 10122
  1137 10122
  1138 10122
  1139 10122
  1140 10122
  1141 10122
  1142 10122
  1143 10122
  1144 10122
  1145 10122
  1146 10122
  1147 10122
  1148 10122
  1149 10122
  1150 10122
  1151 10122
  1152 10122
  1153 10122
  1154 10122
  1155 10122
  1156 10122
  1157 10122
  1158 10122
  1159 10122
  1160 10122
  1161 10122
  1162 10122
  1163 10122
  1164 10122
  1165 10122
  1166 10122
  1167 10122
  1168 10122
  1169 10122
  1170 10122
  1171 10122
  1172 10122
  1173 10122
  1174 10122
  1175 10122
  1176 10122
  1177 10122
  1178 10122
  1179 10122
  1180 10122
  1181 10122
  1182 10122
  1183 10122
  1184 10122
  1185 10122
  1186 10122
  1187 10122
  1188 10122
  1189 10122
  1190 10122
  1191 10122
  1192 10122
  1193 10122
  1194 10122
  1195 10122
  1196 10122
  1197 10122
  1198 10122
  1199 10122
  1200 10122
  1201 10122
  1202 10122
  1203 10122
  1204 10122
  1205 10122
  1206 10122
  1207 10122
  1208 10122
  1209 10122
  1210 10122
  1211 10122
  1212 10122
  1213 10122
  1214 10122
  1215 10122
  1216 10122
  1217 10122
  1218 10122
  1219 10122
  1220 10122
  1221 10122
  1222 10122
  1223 10122
  1224 10122
  1225 10122
  1226 10122
  1227 10122
  1228 10122
  1229 10122
  1230 10122
  1231 10122
  1232 10122
  1233 10122
  1234 10122
  1235 10122
  1236 10122
  1237 10122
  1238 10122
  1239 10122
  1240 10122
  1241 10122
  1242 10122
  1243 10122
  1244 10122
  1245 10122
  1246 10122
  1247 10122
  1248 10122
  1249 10122
  1250 10122
  1251 10122
  1252 10122
  1253 10122
  1254 10122
  1255 10122
  1256 10122
  1257 10122
  1260 10154
  1261 10154
  1262 10154
  1263 10124
  1264 10081
  1265 10081
  1266 10074
  1267 10074
  1268 10074
  1269 10074
  1270 10074
  1271 10074
  1272 10074
  1273 10074
  1274 10074
  1275 10124
  1276 10124
  1277 10124
  1278 10124
  1279 10124
  1280 10124
  1281 10124
  1282 10124
  1283 10124
  1284 10124
  1285 10124
  1286 10124
  1287 10124
  1288 10124
  1289 10124
  1290 10124
  1291 10124
  1292 10124
  1293 10124
  1294 10124
  1295 10124
  1296 10124
  1297 10124
  1298 10124
  1299 10124
  1300 10124
  1301 10124
  1302 10124
  1303 10124
  1304 10124
  1305 10124
  1306 10124
  1307 10124
  1308 10124
  1309 10124
  1310 10124
  1311 10124
  1312 10124
  1313 10124
  1314 10124
  1315 10124
  1316 10124
  1317 10124
  1318 10124
  1319 10124
  1320 10124
  1321 10124
  1322 10124
  1323 10124
  1324 10124
  1325 10124
  1326 10124
  1327 10124
  1328 10124
  1329 10124
  1330 10124
  1331 10124
  1332 10124
  1333 10124
  1334 10124
  1335 10124
  1336 10124
  1337 10124
  1338 10124
  1339 10124
  1340 10124
  1341 10124
  1342 10124
  1343 10124
  1344 10124
  1345 10124
  1346 10124
  1347 10124
  1348 10124
  1349 10124
  1350 10124
  1351 10124
  1352 10124
  1353 10124
  1354 10124
  1355 10124
  1356 10124
  1357 10124
  1358 10124
  1359 10124
  1360 10124
  1361 10124
  1362 10124
  1363 10124
  1364 10124
  1365 10124
  1366 10124
  1367 10124
  1368 10124
  1369 10124
  1370 10124
  1371 10124
  1372 10124
  1373 10124
  1374 10124
  1375 10124
  1376 10124
  1377 10124
  1378 10124
  1379 10124
  1380 10124
  1381 10124
  1382 10124
  1383 10124
  1384 10124
  1385 10124
  1386 10124
  1387 10124
  1388 10124
  1389 10124
  1390 10124
  1391 10124
  1392 10124
  1393 10124
  1394 10124
  1395 10124
  1396 10124
  1397 10124
  1398 10124
  1399 10124
  1400 10124
  1401 10124
  1402 10124
  1403 10124
  1404 10124
  1405 10124
  1406 10124
  1407 10124
  1408 10124
  1409 10124
  1410 10124
  1411 10124
  1412 10124
  1413 10124
  1414 10124
  1415 10124
  1416 10124
  1417 10124
  1418 10124
  1419 10124
  1420 10124
  1421 10124
  1422 10124
  1423 10124
  1424 10124
  1425 10124
  1426 10124
  1427 10124
  1428 10124
  1429 10124
  1430 10124
  1431 10124
  1432 10124
  1433 10124
  1434 10124
  1435 10124
  1436 10124
  1437 10124
  1438 10124
  1439 10124
  1440 10124
  1441 10124
  1442 10124
  1443 10124
  1444 10124
  1445 10124
  1446 10124
  1447 10124
  1448 10124
  1449 10124
  1450 10124
  1451 10124
  1452 10124
  1453 10124
  1454 10124
  1455 10124
  1456 10124
  1457 10124
  1458 10124
  1459 10124
  1460 10124
  1461 10124
  1462 10124
  1463 10124
  1464 10124
  1465 10124
  1466 10124
  1467 10124
  1468 10124
  1469 10124
  1470 10124
  1471 10124
  1472 10124
  1473 10124
  1474 10124
  1475 10124
  1476 10124
  1477 10124
  1478 10124
  1479 10124
  1480 10124
  1481 10124
  1482 10124
  1483 10124
  1484 10124
  1485 10124
  1486 10124
  1487 10124
  1488 10124
  1489 10124
  1490 10124
  1491 10124
  1492 10124
  1493 10124
  1494 10124
  1495 10124
  1496 10124
  1497 10124
  1498 10124
  1499 10124
  1500 10124
  1501 10055
  1502 10158
  1503 10018
  1504 10018
  1505 10018
  1506 10018
  1507 10018
  1508 10018
  1509 10158
  1510 10158
  1511 10018
  1512 10018
  1513 10018
  1514 10018
  1515 10158
  1516 10158
  1517 10158
  1518 10158
  1519 10158
  1520 10158
  1521 10158
  1522 10158
  1523 10158
  1524 10158
  1525 10158
  1526 10158
  1527 10158
  1528 10158
  1529 10158
  1530 10158
  1531 10158
  1532 10158
  1533 10158
  1534 10158
  1535 10158
  1536 10158
  1537 10158
  1538 10158
  1539 10158
  1540 10158
  1541 10158
  1542 10158
  1543 10158
  1544 10158
  1545 10158
  1546 10158
  1547 10158
  1548 10158
  1549 10158
  1550 10158
  1551 10158
  1552 10158
  1553 10158
  1554 10158
  1555 10158
  1556 10158
  1557 10158
  1558 10158
  1559 10158
  1560 10158
  1561 10055
  1562 10018
  1563 10055
  1564 10055
  1565 10055
  1567 10055
  1573 10106
  1578 10171
  1579 10171
  1580 10171
  1581 10171
  1582 10171
  1583 10171
  1584 10171
  1589 10171
  1590 10171
  1591 10171
  1592 10171
  1593 10171
  1596 10171
  1597 10171
  1598 10171
  1599 10171
  1600 10171
  1604 10171
  1605 10171
  1606 10171
  1607 10171
  1608 10171
  1609 10171
  1611 10052
  1612 10052
  1613 10171
  1620 10042
  1621 10042
  1622 10042
  1623 10041
  1624 10066
  1625 10066
  1626 10066
  1627 10020
  1628 10020
  1629 10020
  1630 10020
  1631 10020
  1632 10020
  1633 10020
  1634 10020
  1635 10020
  1636 10020
  1637 10020
  1638 10020
  1639 10020
  1640 10020
  1641 10020
  1642 10020
  1643 10020
  1644 10020
  1645 10020
  1646 10020
  1647 10020
  1648 10020
  1649 10020
  1650 10020
  1651 10020
  1652 10020
  1653 10020
  1654 10020
  1655 10020
  1656 10020
  1657 10020
  1658 10020
  1659 10020
  1660 10020
  1661 10020
  1662 10020
  1663 10020
  1664 10020
  1665 10020
  1666 10020
  1667 10020
  1668 10020
  1669 10020
  1670 10020
  1671 10020
  1672 10020
  1673 10020
  1674 10020
  1675 10020
  1676 10020
  1677 10020
  1678 10020
  1679 10020
  1680 10020
  1681 10020
  1682 10020
  1683 10020
  1684 10020
  1685 10020
  1686 10020
  1687 10020
  1688 10020
  1689 10020
  1690 10020
  1691 10020
  1692 10020
  1693 10020
  1694 10020
  1695 10020
  1696 10020
  1697 10020
  1698 10020
  1699 10020
  1700 10020
  1701 10020
  1702 10020
  1703 10020
  1704 10020
  1705 10020
  1706 10020
  1707 10020
  1708 10020
  1709 10020
  1710 10020
  1711 10020
  1712 10020
  1713 10020
  1714 10020
  1715 10020
  1716 10020
  1717 10020
  1718 10020
  1719 10020
  1720 10020
  1721 10020
  1722 10020
  1723 10020
  1724 10020
  1725 10020
  1726 10020
  1727 10020
  1728 10020
  1729 10020
  1730 10020
  1731 10020
  1732 10020
  1733 10020
  1734 10020
  1735 10020
  1736 10020
  1737 10020
  1738 10020
  1739 10020
  1740 10020
  1741 10020
  1742 10020
  1743 10020
  1744 10020
  1745 10020
  1746 10020
  1747 10020
  1748 10020
  1749 10020
  1750 10020
  1751 10020
  1752 10020
  1753 10020
  1754 10020
  1755 10020
  1756 10020
  1757 10020
  1758 10020
  1759 10020
  1760 10020
  1761 10020
  1762 10020
  1763 10020
  1764 10020
  1765 10020
  1766 10020
  1767 10020
  1768 10020
  1769 10020
  1770 10020
  1771 10020
  1772 10020
  1773 10020
  1774 10020
  1775 10020
  1776 10020
  1777 10020
  1778 10020
  1779 10020
  1780 10020
  1781 10020
  1782 10020
  1783 10020
  1784 10020
  1785 10020
  1786 10020
  1787 10020
  1788 10020
  1789 10020
  1790 10020
  1791 10020
  1792 10020
  1793 10020
  1794 10020
  1795 10020
  1796 10020
  1797 10020
  1798 10020
  1799 10020
  1800 10020
  1801 10020
  1802 10020
  1803 10020
  1804 10020
  1805 10020
  1806 10020
  1807 10020
  1808 10020
  1809 10020
  1810 10020
  1811 10020
  1812 10020
  1813 10020
  1814 10020
  1815 10020
  1816 10020
  1817 10020
  1818 10020
  1819 10020
  1820 10020
  1821 10020
  1822 10020
  1823 10020
  1824 10020
  1825 10020
  1826 10020
  1827 10020
  1828 10020
  1829 10020
  1830 10020
  1831 10020
  1832 10020
  1833 10020
  1834 10020
  1835 10020
  1836 10020
  1837 10020
  1838 10020
  1839 10020
  1840 10020
  1841 10020
  1842 10020
  1843 10020
  1844 10020
  1845 10020
  1846 10020
  1847 10020
  1848 10020
  1849 10020
  1850 10020
  1851 10020
  1852 10020
  1853 10020
  1854 10020
  1855 10020
  1856 10020
  1857 10072
  1858 10072
  1859 10072
  1860 10011
  1861 10011
  1862 10011
  1863 10011
  1864 10011
  1865 10011
  1866 10011
  1867 10011
  1868 10011
  1869 10011
  1870 10011
  1871 10011
  1872 10011
  1873 10011
  1874 10011
  1875 10011
  1876 10011
  1877 10011
  1878 10011
  1879 10011
  1880 10011
  1881 10011
  1882 10011
  1883 10011
  1884 10011
  1885 10011
  1886 10011
  1887 10011
  1888 10011
  1889 10011
  1890 10011
  1891 10011
  1892 10011
  1893 10011
  1894 10011
  1895 10011
  1896 10011
  1897 10011
  1898 10011
  1899 10011
  1900 10011
  1901 10011
  1902 10011
  1903 10011
  1904 10011
  1905 10011
  1906 10011
  1907 10011
  1908 10011
  1909 10011
  1910 10011
  1911 10011
  1912 10011
  1913 10011
  1914 10011
  1915 10011
  1916 10011
  1917 10011
  1918 10011
  1919 10011
  1920 10011
  1921 10011
  1922 10011
  1923 10011
  1924 10011
  1925 10011
  1926 10011
  1927 10011
  1928 10011
  1929 10011
  1930 10011
  1931 10011
  1932 10011
  1933 10011
  1934 10011
  1935 10011
  1936 10011
  1937 10011
  1938 10011
  1939 10011
  1940 10011
  1941 10011
  1942 10011
  1943 10011
  1944 10011
  1945 10011
  1946 10011
  1947 10011
  1948 10011
  1949 10011
  1950 10011
  1951 10011
  1952 10011
  1953 10011
  1954 10011
  1955 10011
  1956 10011
  1957 10011
  1958 10011
  1959 10011
  1960 10011
  1961 10011
  1962 10011
  1963 10011
  1964 10011
  1965 10011
  1966 10011
  1967 10011
  1968 10011
  1969 10011
  1970 10011
  1971 10011
  1972 10011
  1973 10011
  1974 10011
  1975 10011
  1976 10011
  1977 10011
  1978 10011
  1979 10011
  1980 10011
  1981 10011
  1982 10011
  1983 10011
  1984 10011
  1985 10011
  1986 10011
  1987 10011
  1988 10011
  1989 10011
  1990 10011
  1991 10011
  1992 10011
  1993 10011
  1994 10011
  1995 10011
  1996 10011
  1997 10011
  1998 10011
  1999 10011
  2000 10011
  2001 10011
  2002 10011
  2003 10011
  2004 10011
  2005 10011
  2006 10011
  2007 10011
  2008 10011
  2009 10011
  2010 10011
  2011 10011
  2012 10011
  2013 10011
  2014 10011
  2015 10011
  2016 10011
  2017 10011
  2018 10011
  2019 10011
  2020 10011
  2021 10011
  2022 10011
  2023 10011
  2024 10011
  2025 10028
  2026 10028
  2027 10028
