   690 10118
   691 10118
   692 10118
   693 10118
   694 10118
   695 10118
   696 10118
   697 10118
   698 10118
   699 10118
   700 10118
   701 10118
   702 10118
   703 10118
   704 10118
   705 10118
   706 10118
   707 10118
   708 10118
   709 10118
   710 10118
   711 10118
   712 10118
   713 10118
   714 10118
   715 10118
   716 10118
   717 10118
   718 10118
   719 10118
   720 10118
   721 10118
   722 10118
   723 10118
   724 10118
   725 10118
   726 10118
   727 10118
   728 10118
   729 10118
   730 10118
   731 10118
   732 10118
   733 10118
   734 10118
   735 10118
   736 10118
   737 10118
   738 10118
   739 10118
   740 10118
   741 10118
   742 10118
   743 10118
   744 10118
   745 10118
   746 10118
   747 10118
   748 10118
   749 10118
   750 10118
   751 10118
   752 10118
   753 10118
   754 10118
   755 10118
   756 10118
   757 10118
   758 10118
   759 10118
   760 10118
   761 10118
   762 10118
   763 10118
   764 10118
   765 10118
   766 10118
   767 10118
   768 10118
   769 10118
   770 10118
   771 10118
   772 10118
   773 10118
   774 10118
   775 10118
   776 10118
   777 10118
   778 10118
   779 10118
   780 10118
   783 10134
   786 10002
   787 10002
   788 10002
   789 10002
   790 10002
   791 10002
   792 10002
   793 10002
   794 10002
   795 10118
   796 10118
   797 10118
   798 10118
   799 10118
   800 10118
   801 10118
   802 10118
   803 10118
   804 10118
   805 10118
   806 10118
   807 10118
   808 10118
   809 10118
   810 10118
   811 10118
   812 10118
   813 10118
   814 10118
   815 10118
   816 10118
   817 10118
   818 10118
   819 10118
   820 10118
   821 10118
   822 10118
   823 10118
   824 10118
   825 10118
   826 10118
   827 10118
   828 10118
   829 10118
   830 10118
   831 10118
   832 10118
   833 10118
   834 10118
   835 10118
   836 10118
   837 10118
   838 10118
   839 10118
   840 10118
   841 10118
   842 10118
   843 10118
   844 10118
   845 10118
   846 10118
   847 10118
   848 10118
   849 10118
   850 10118
   851 10118
   852 10118
   853 10118
   854 10118
   855 10118
   856 10118
   857 10118
   858 10118
   859 10118
   860 10118
   861 10118
   862 10118
   863 10118
   864 10118
   865 10118
   866 10118
   867 10118
   868 10118
   869 10118
   870 10118
   871 10118
   872 10118
   873 10118
   874 10118
   875 10118
   876 10118
   877 10118
   878 10118
   879 10118
   880 10118
   881 10118
   882 10118
   883 10118
   884 10118
   885 10118
   886 10118
   887 10118
   888 10118
   889 10118
   890 10118
   891 10118
   892 10118
   893 10118
   894 10118
   895 10118
   896 10118
   897 10118
   898 10118
   899 10118
   900 10118
   901 10118
   902 10118
   903 10118
   904 10118
   905 10118
   906 10118
   907 10118
   908 10118
   909 10118
   910 10118
   911 10118
   912 10118
   913 10118
   914 10118
   915 10118
   916 10118
   917 10118
   918 10118
   919 10118
   920 10118
   921 10118
   922 10118
   923 10118
   924 10118
   925 10118
   926 10118
   927 10118
   928 10118
   929 10118
   930 10118
   931 10118
   932 10118
   933 10118
   934 10118
   935 10118
   936 10118
   937 10118
   938 10118
   939 10118
   940 10118
   941 10118
   942 10118
   943 10118
   944 10118
   945 10118
   946 10118
   947 10118
   948 10118
   949 10118
   950 10118
   951 10118
   952 10118
   953 10118
   954 10118
   955 10118
   956 10118
   957 10118
   958 10118
   959 10118
   960 10118
   961 10118
   962 10118
   963 10118
   964 10118
   965 10118
   966 10118
   967 10118
   968 10118
   969 10118
   970 10118
   971 10118
   972 10118
   973 10118
   974 10118
   975 10118
   976 10118
   977 10118
   978 10118
   979 10118
   980 10118
   981 10118
   982 10118
   983 10118
   984 10118
   985 10118
   986 10118
   987 10118
   988 10118
   989 10118
   990 10118
   991 10118
   992 10118
   993 10118
   994 10118
   995 10118
   996 10118
   997 10118
   998 10118
   999 10118
  1000 10118
  1001 10118
  1002 10118
  1003 10118
  1004 10118
  1005 10118
  1006 10118
  1007 10118
  1008 10118
  1009 10118
  1010 10118
  1011 10118
  1012 10118
  1013 10118
  1014 10118
  1015 10118
  1016 10118
  1017 10118
  1018 10118
  1019 10118
  1020 10118
  1023 10130
  1024 10074
  1025 10155
  1026 10014
  1027 10155
  1028 10155
  1029 10155
  1030 10155
  1031 10155
  1032 10155
  1033 10155
  1034 10155
  1035 10155
  1036 10155
  1037 10155
  1038 10155
  1039 10155
  1040 10155
  1041 10155
  1042 10155
  1043 10155
  1044 10155
  1045 10155
  1046 10155
  1047 10155
  1048 10155
  1049 10155
  1050 10155
  1051 10155
  1052 10155
  1053 10155
  1054 10155
  1055 10155
  1056 10155
  1057 10155
  1058 10155
  1059 10155
  1060 10155
  1061 10155
  1062 10155
  1063 10155
  1064 10155
  1065 10155
  1066 10155
  1067 10155
  1068 10155
  1069 10155
  1070 10155
  1071 10155
  1072 10155
  1073 10155
  1074 10155
  1075 10155
  1076 10155
  1077 10155
  1078 10155
  1079 10155
  1080 10155
  1081 10155
  1082 10155
  1083 10155
  1084 10155
  1085 10155
  1086 10155
  1087 10155
  1088 10155
  1089 10155
  1090 10155
  1091 10155
  1092 10155
  1093 10155
  1094 10155
  1095 10155
  1096 10155
  1097 10155
  1098 10155
  1099 10155
  1100 10155
  1101 10155
  1102 10155
  1103 10155
  1104 10155
  1105 10155
  1106 10155
  1107 10155
  1108 10155
  1109 10155
  1110 10155
  1111 10155
  1112 10155
  1113 10155
  1114 10155
  1115 10155
  1116 10155
  1117 10155
  1118 10155
  1119 10155
  1120 10155
  1121 10155
  1122 10155
  1123 10155
  1124 10155
  1125 10155
  1126 10155
  1127 10155
  1128 10155
  1129 10155
  1130 10155
  1131 10155
  1132 10155
  1133 10155
  1134 10155
  1135 10155
  1136 10155
  1137 10155
  1138 10155
  1139 10155
  1140 10155
  1141 10155
  1142 10155
  1143 10155
  1144 10155
  1145 10155
  1146 10155
  1147 10155
  1148 10155
  1149 10155
  1150 10155
  1151 10155
  1152 10155
  1153 10155
  1154 10155
  1155 10155
  1156 10155
  1157 10155
  1158 10155
  1159 10155
  1160 10155
  1161 10155
  1162 10155
  1163 10155
  1164 10155
  1165 10155
  1166 10155
  1167 10155
  1168 10155
  1169 10155
  1170 10155
  1171 10155
  1172 10155
  1173 10155
  1174 10155
  1175 10155
  1176 10155
  1177 10155
  1178 10155
  1179 10155
  1180 10155
  1181 10155
  1182 10155
  1183 10155
  1184 10155
  1185 10155
  1186 10155
  1187 10155
  1188 10155
  1189 10155
  1190 10155
  1191 10155
  1192 10155
  1193 10155
  1194 10155
  1195 10155
  1196 10155
  1197 10155
  1198 10155
  1199 10155
  1200 10155
  1201 10155
  1202 10155
  1203 10155
  1204 10155
  1205 10155
  1206 10155
  1207 10155
  1208 10155
  1209 10155
  1210 10155
  1211 10155
  1212 10155
  1213 10155
  1214 10155
  1215 10155
  1216 10155
  1217 10155
  1218 10155
  1219 10155
  1220 10155
  1221 10155
  1222 10155
  1223 10155
  1224 10155
  1225 10155
  1226 10155
  1227 10155
  1228 10155
  1229 10155
  1230 10155
  1231 10155
  1232 10155
  1233 10155
  1234 10155
  1235 10155
  1236 10155
  1237 10155
  1238 10155
  1239 10155
  1240 10155
  1241 10155
  1242 10155
  1243 10155
  1244 10155
  1245 10155
  1246 10155
  1247 10155
  1248 10155
  1249 10155
  1250 10155
  1251 10155
  1252 10155
  1253 10155
  1254 10155
  1255 10155
  1256 10155
  1257 10155
  1258 10155
  1259 10122
  1260 10122
  1261 10122
  1262 10122
  1263 10122
  1264 10122
  1265 10122
  1266 10005
  1267 10005
  1268 10005
  1269 10005
  1270 10005
  1271 10005
  1272 10005
  1273 10005
  1274 10005
  1275 10005
  1276 10005
  1277 10005
  1278 10005
  1279 10005
  1280 10005
  1281 10005
  1282 10005
  1283 10005
  1284 10005
  1285 10005
  1286 10005
  1287 10005
  1288 10005
  1289 10005
  1290 10005
  1291 10005
  1292 10005
  1293 10005
  1294 10005
  1295 10005
  1296 10005
  1297 10005
  1298 10005
  1299 10005
  1300 10005
  1301 10005
  1302 10005
  1303 10005
  1304 10005
  1305 10005
  1306 10005
  1307 10005
  1308 10005
  1309 10005
  1310 10005
  1311 10005
  1312 10005
  1313 10005
  1314 10005
  1315 10005
  1316 10005
  1317 10005
  1318 10005
  1319 10005
  1320 10005
  1321 10005
  1322 10005
  1323 10005
  1324 10005
  1325 10005
  1326 10005
  1327 10005
  1328 10005
  1329 10005
  1330 10005
  1331 10005
  1332 10005
  1333 10005
  1334 10005
  1335 10005
  1336 10005
  1337 10005
  1338 10005
  1339 10005
  1340 10005
  1341 10005
  1342 10005
  1343 10005
  1344 10005
  1345 10005
  1346 10005
  1347 10005
  1348 10005
  1349 10005
  1350 10005
  1351 10005
  1352 10005
  1353 10005
  1354 10005
  1355 10005
  1356 10005
  1357 10005
  1358 10005
  1359 10005
  1360 10005
  1361 10005
  1362 10005
  1363 10005
  1364 10005
  1365 10005
  1366 10005
  1367 10005
  1368 10005
  1369 10005
  1370 10005
  1371 10005
  1372 10005
  1373 10005
  1374 10005
  1375 10005
  1376 10005
  1377 10005
  1378 10005
  1379 10005
  1380 10005
  1381 10005
  1382 10005
  1383 10005
  1384 10005
  1385 10005
  1386 10005
  1387 10005
  1388 10005
  1389 10005
  1390 10005
  1391 10005
  1392 10005
  1393 10005
  1394 10005
  1395 10005
  1396 10005
  1397 10005
  1398 10005
  1399 10005
  1400 10005
  1401 10005
  1402 10005
  1403 10005
  1404 10005
  1405 10005
  1406 10005
  1407 10005
  1408 10005
  1409 10005
  1410 10005
  1411 10005
  1412 10005
  1413 10005
  1414 10005
  1415 10005
  1416 10005
  1417 10005
  1418 10005
  1419 10005
  1420 10005
  1421 10005
  1422 10005
  1423 10005
  1424 10005
  1425 10005
  1426 10005
  1427 10005
  1428 10005
  1429 10005
  1430 10005
  1431 10005
  1432 10005
  1433 10005
  1434 10005
  1435 10005
  1436 10005
  1437 10005
  1438 10005
  1439 10005
  1440 10005
  1441 10005
  1442 10005
  1443 10005
  1444 10005
  1445 10005
  1446 10005
  1447 10005
  1448 10005
  1449 10005
  1450 10005
  1451 10005
  1452 10005
  1453 10005
  1454 10005
  1455 10005
  1456 10005
  1457 10005
  1458 10005
  1459 10005
  1460 10005
  1461 10005
  1462 10005
  1463 10005
  1464 10005
  1465 10005
  1466 10005
  1467 10005
  1468 10005
  1469 10005
  1470 10005
  1471 10005
  1472 10005
  1473 10005
  1474 10005
  1475 10005
  1476 10005
  1477 10005
  1478 10005
  1479 10005
  1480 10005
  1481 10005
  1482 10005
  1483 10005
  1484 10005
  1485 10005
  1486 10005
  1487 10005
  1488 10005
  1489 10005
  1490 10005
  1491 10005
  1492 10005
  1493 10005
  1494 10005
  1495 10005
  1496 10005
  1497 10005
  1498 10005
  1499 10005
  1500 10005
  1501 10014
  1502 10014
  1503 10014
  1504 10036
  1505 10014
  1506 10154
  1507 10018
  1509 10018
  1510 10018
  1511 10018
  1512 10018
  1513 10018
  1514 10018
  1515 10098
  1516 10098
  1517 10018
  1518 10018
  1519 10018
  1520 10018
  1521 10018
  1522 10018
  1523 10018
  1524 10018
  1525 10055
  1526 10055
  1527 10055
  1528 10055
  1529 10055
  1530 10055
  1531 10055
  1532 10055
  1533 10055
  1534 10055
  1535 10055
  1536 10055
  1537 10055
  1538 10055
  1539 10055
  1540 10055
  1541 10055
  1542 10055
  1543 10055
  1544 10055
  1545 10055
  1546 10055
  1547 10055
  1548 10018
  1549 10055
  1550 10055
  1551 10055
  1552 10055
  1553 10055
  1554 10055
  1555 10055
  1556 10055
  1557 10055
  1558 10055
  1559 10055
  1560 10055
  1561 10055
  1562 10055
  1563 10055
  1564 10055
  1565 10055
  1566 10055
  1567 10055
  1568 10055
  1569 10055
  1573 10055
  1574 10055
  1575 10055
  1576 10154
  1577 10154
  1578 10154
  1579 10016
  1580 10016
  1581 10016
  1583 10055
  1587 10141
  1619 10101
  1621 10088
  1622 10088
  1626 10088
  1627 10088
  1628 10088
  1629 10088
  1630 10088
  1631 10088
  1632 10088
  1633 10088
  1634 10088
  1635 10088
  1636 10088
  1637 10088
  1638 10088
  1639 10088
  1640 10088
  1641 10088
  1642 10088
  1643 10088
  1644 10088
  1645 10088
  1646 10088
  1647 10088
  1648 10088
  1649 10088
  1650 10088
  1651 10088
  1652 10088
  1653 10088
  1654 10088
  1655 10088
  1656 10088
  1657 10088
  1658 10088
  1659 10088
  1660 10088
  1661 10088
  1662 10088
  1663 10088
  1664 10088
  1665 10088
  1666 10088
  1667 10088
  1668 10088
  1669 10088
  1670 10088
  1671 10088
  1672 10088
  1673 10088
  1674 10088
  1675 10088
  1676 10088
  1677 10088
  1678 10088
  1679 10088
  1680 10088
  1681 10088
  1682 10088
  1683 10088
  1684 10088
  1685 10088
  1686 10088
  1687 10088
  1688 10088
  1689 10088
  1690 10088
  1691 10088
  1692 10088
  1693 10088
  1694 10088
  1695 10088
  1696 10088
  1697 10088
  1698 10088
  1699 10088
  1700 10088
  1701 10088
  1702 10088
  1703 10088
  1704 10088
  1705 10088
  1706 10088
  1707 10088
  1708 10088
  1709 10088
  1710 10088
  1711 10088
  1712 10088
  1713 10088
  1714 10088
  1715 10088
  1716 10088
  1717 10088
  1718 10088
  1719 10088
  1720 10088
  1721 10088
  1722 10088
  1723 10088
  1724 10088
  1725 10088
  1726 10088
  1727 10088
  1728 10088
  1729 10088
  1730 10088
  1731 10088
  1732 10088
  1733 10088
  1734 10088
  1735 10088
  1736 10088
  1737 10088
  1738 10088
  1739 10088
  1740 10088
  1741 10088
  1742 10088
  1743 10088
  1744 10088
  1745 10088
  1746 10088
  1747 10088
  1748 10088
  1749 10088
  1750 10088
  1751 10088
  1752 10088
  1753 10088
  1754 10088
  1755 10088
  1756 10088
  1757 10088
  1758 10088
  1759 10088
  1760 10088
  1761 10088
  1762 10088
  1763 10088
  1764 10088
  1765 10088
  1766 10088
  1767 10088
  1768 10088
  1769 10088
  1770 10088
  1771 10088
  1772 10088
  1773 10088
  1774 10088
  1775 10088
  1776 10088
  1777 10088
  1778 10088
  1779 10088
  1780 10088
  1781 10088
  1782 10088
  1783 10088
  1784 10088
  1785 10088
  1786 10088
  1787 10088
  1788 10088
  1789 10088
  1790 10088
  1791 10088
  1792 10088
  1793 10088
  1794 10088
  1795 10088
  1796 10088
  1797 10088
  1798 10088
  1799 10088
  1800 10088
  1801 10088
  1802 10088
  1803 10088
  1804 10088
  1805 10088
  1806 10088
  1807 10088
  1808 10088
  1809 10088
  1810 10088
  1811 10088
  1812 10088
  1813 10088
  1814 10088
  1815 10088
  1816 10088
  1817 10088
  1818 10088
  1819 10088
  1820 10088
  1821 10088
  1822 10088
  1823 10088
  1824 10088
  1825 10088
  1826 10088
  1827 10088
  1828 10088
  1829 10088
  1830 10088
  1831 10088
  1832 10088
  1833 10088
  1834 10088
  1835 10088
  1836 10088
  1837 10088
  1838 10088
  1839 10088
  1840 10088
  1841 10088
  1842 10088
  1843 10088
  1844 10088
  1845 10088
  1846 10088
  1847 10088
  1848 10088
  1849 10088
  1850 10088
  1851 10088
  1852 10088
  1853 10088
  1854 10088
  1855 10088
  1857 10154
  1858 10154
  1859 10154
  1860 10016
  1861 10016
  1862 10016
  1863 10143
  1864 10143
  1865 10143
  1866 10143
  1867 10143
  1868 10143
  1869 10143
  1870 10016
  1871 10143
  1872 10143
  1873 10143
  1874 10143
  1875 10143
  1876 10143
  1877 10143
  1878 10143
  1879 10143
  1880 10143
  1883 10016
  1884 10016
  1885 10016
  1886 10016
  1887 10143
  1888 10143
  1889 10143
  1890 10143
  1891 10143
  1892 10143
  1893 10143
  1894 10143
  1895 10014
  1896 10014
  1897 10014
  1898 10014
  1899 10143
  1900 10143
  1901 10115
  1902 10143
  1903 10143
  1905 10143
  1906 10143
  1907 10143
  1908 10143
  1909 10143
  1910 10143
  1911 10143
  1914 10143
  1915 10014
  1916 10014
  1917 10156
  1918 10156
  1919 10156
  1926 10094
