   690 10039
   691 10039
   692 10039
   693 10039
   694 10039
   695 10039
   696 10039
   697 10039
   698 10039
   699 10039
   700 10039
   701 10039
   702 10039
   703 10039
   704 10039
   705 10039
   706 10039
   707 10039
   708 10039
   709 10039
   710 10039
   711 10039
   712 10039
   713 10039
   714 10039
   715 10039
   716 10039
   717 10039
   718 10039
   719 10039
   720 10039
   721 10039
   722 10039
   723 10039
   724 10039
   725 10039
   726 10039
   727 10039
   728 10039
   729 10039
   730 10039
   731 10039
   732 10039
   733 10039
   734 10039
   735 10039
   736 10039
   737 10039
   738 10039
   739 10039
   740 10039
   741 10039
   742 10039
   743 10039
   744 10039
   745 10039
   746 10039
   747 10039
   748 10039
   749 10039
   750 10039
   751 10039
   752 10039
   753 10039
   754 10039
   755 10039
   756 10039
   757 10039
   758 10039
   759 10039
   760 10039
   761 10039
   762 10039
   763 10039
   764 10039
   765 10039
   766 10039
   767 10039
   768 10039
   769 10039
   770 10039
   771 10039
   772 10039
   773 10039
   774 10039
   775 10039
   776 10039
   777 10039
   778 10039
   779 10039
   780 10039
   781 10039
   783 10101
   784 10101
   785 10101
   786 10101
   787 10101
   790 10096
   791 10096
   792 10096
   793 10096
   794 10096
   795 10096
   796 10096
   797 10096
   798 10096
   799 10096
   800 10096
   801 10096
   802 10096
   803 10096
   804 10096
   805 10096
   806 10096
   807 10096
   808 10096
   809 10096
   810 10096
   811 10096
   812 10096
   813 10096
   814 10096
   815 10096
   816 10096
   817 10096
   818 10096
   819 10096
   820 10096
   821 10096
   822 10096
   823 10096
   824 10096
   825 10096
   826 10096
   827 10096
   828 10096
   829 10096
   830 10096
   831 10096
   832 10096
   833 10096
   834 10096
   835 10096
   836 10096
   837 10096
   838 10096
   839 10096
   840 10096
   841 10096
   842 10096
   843 10096
   844 10096
   845 10096
   846 10096
   847 10096
   848 10096
   849 10096
   850 10096
   851 10096
   852 10096
   853 10096
   854 10096
   855 10096
   856 10096
   857 10096
   858 10096
   859 10096
   860 10096
   861 10096
   862 10096
   863 10096
   864 10096
   865 10096
   866 10096
   867 10096
   868 10096
   869 10096
   870 10096
   871 10096
   872 10096
   873 10096
   874 10096
   875 10096
   876 10096
   877 10096
   878 10096
   879 10096
   880 10096
   881 10096
   882 10096
   883 10096
   884 10096
   885 10096
   886 10096
   887 10096
   888 10096
   889 10096
   890 10096
   891 10096
   892 10096
   893 10096
   894 10096
   895 10096
   896 10096
   897 10096
   898 10096
   899 10096
   900 10096
   901 10096
   902 10096
   903 10096
   904 10096
   905 10096
   906 10096
   907 10096
   908 10096
   909 10096
   910 10096
   911 10096
   912 10096
   913 10096
   914 10096
   915 10096
   916 10096
   917 10096
   918 10096
   919 10096
   920 10096
   921 10096
   922 10096
   923 10096
   924 10096
   925 10096
   926 10096
   927 10096
   928 10096
   929 10096
   930 10096
   931 10096
   932 10096
   933 10096
   934 10096
   935 10096
   936 10096
   937 10096
   938 10096
   939 10096
   940 10096
   941 10096
   942 10096
   943 10096
   944 10096
   945 10096
   946 10096
   947 10096
   948 10096
   949 10096
   950 10096
   951 10096
   952 10096
   953 10096
   954 10096
   955 10096
   956 10096
   957 10096
   958 10096
   959 10096
   960 10096
   961 10096
   962 10096
   963 10096
   964 10096
   965 10096
   966 10096
   967 10096
   968 10096
   969 10096
   970 10096
   971 10096
   972 10096
   973 10096
   974 10096
   975 10096
   976 10096
   977 10096
   978 10096
   979 10096
   980 10096
   981 10096
   982 10096
   983 10096
   984 10096
   985 10096
   986 10096
   987 10096
   988 10096
   989 10096
   990 10096
   991 10096
   992 10096
   993 10096
   994 10096
   995 10096
   996 10096
   997 10096
   998 10096
   999 10096
  1000 10096
  1001 10096
  1002 10096
  1003 10096
  1004 10096
  1005 10096
  1006 10096
  1007 10096
  1008 10096
  1009 10096
  1010 10096
  1011 10096
  1012 10096
  1013 10096
  1014 10096
  1015 10096
  1016 10096
  1017 10096
  1018 10096
  1019 10096
  1020 10096
  1021 10136
  1022 10136
  1023 10136
  1024 10136
  1025 10136
  1026 10136
  1027 10136
  1028 10136
  1029 10136
  1030 10136
  1031 10136
  1032 10136
  1033 10136
  1034 10136
  1035 10136
  1036 10136
  1037 10136
  1038 10136
  1039 10136
  1040 10136
  1041 10136
  1042 10136
  1043 10136
  1044 10136
  1045 10136
  1046 10136
  1047 10136
  1048 10136
  1049 10136
  1050 10136
  1051 10136
  1052 10136
  1053 10136
  1054 10136
  1055 10136
  1056 10136
  1057 10136
  1058 10136
  1059 10136
  1060 10136
  1061 10136
  1062 10136
  1063 10136
  1064 10136
  1065 10136
  1066 10136
  1067 10136
  1068 10136
  1069 10136
  1070 10136
  1071 10136
  1072 10136
  1073 10136
  1074 10136
  1075 10136
  1076 10136
  1077 10136
  1078 10136
  1079 10136
  1080 10136
  1081 10136
  1082 10136
  1083 10136
  1084 10136
  1085 10136
  1086 10136
  1087 10136
  1088 10136
  1089 10136
  1090 10136
  1091 10136
  1092 10136
  1093 10136
  1094 10136
  1095 10136
  1096 10136
  1097 10136
  1098 10136
  1099 10136
  1100 10136
  1101 10136
  1102 10136
  1103 10136
  1104 10136
  1105 10136
  1106 10136
  1107 10136
  1108 10136
  1109 10136
  1110 10136
  1111 10136
  1112 10136
  1113 10136
  1114 10136
  1115 10136
  1116 10136
  1117 10136
  1118 10136
  1119 10136
  1120 10136
  1121 10136
  1122 10136
  1123 10136
  1124 10136
  1125 10136
  1126 10136
  1127 10136
  1128 10136
  1129 10136
  1130 10136
  1131 10136
  1132 10136
  1133 10136
  1134 10136
  1135 10136
  1136 10136
  1137 10136
  1138 10136
  1139 10136
  1140 10136
  1141 10136
  1142 10136
  1143 10136
  1144 10136
  1145 10136
  1146 10136
  1147 10136
  1148 10136
  1149 10136
  1150 10136
  1151 10136
  1152 10136
  1153 10136
  1154 10136
  1155 10136
  1156 10136
  1157 10136
  1158 10136
  1159 10136
  1160 10136
  1161 10136
  1162 10136
  1163 10136
  1164 10136
  1165 10136
  1166 10136
  1167 10136
  1168 10136
  1169 10136
  1170 10136
  1171 10136
  1172 10136
  1173 10136
  1174 10136
  1175 10136
  1176 10136
  1177 10136
  1178 10136
  1179 10136
  1180 10136
  1181 10136
  1182 10136
  1183 10136
  1184 10136
  1185 10136
  1186 10136
  1187 10136
  1188 10136
  1189 10136
  1190 10136
  1191 10136
  1192 10136
  1193 10136
  1194 10136
  1195 10136
  1196 10136
  1197 10136
  1198 10136
  1199 10136
  1200 10136
  1201 10136
  1202 10136
  1203 10136
  1204 10136
  1205 10136
  1206 10136
  1207 10136
  1208 10136
  1209 10136
  1210 10136
  1211 10136
  1212 10136
  1213 10136
  1214 10136
  1215 10136
  1216 10136
  1217 10136
  1218 10136
  1219 10136
  1220 10136
  1221 10136
  1222 10136
  1223 10136
  1224 10136
  1225 10136
  1226 10136
  1227 10136
  1228 10136
  1229 10136
  1230 10136
  1231 10136
  1232 10136
  1233 10136
  1234 10136
  1235 10136
  1236 10136
  1237 10136
  1238 10136
  1239 10136
  1240 10136
  1241 10136
  1242 10136
  1243 10136
  1244 10136
  1245 10136
  1246 10136
  1247 10136
  1248 10136
  1249 10136
  1250 10136
  1251 10136
  1252 10136
  1253 10136
  1254 10136
  1255 10136
  1256 10136
  1257 10136
  1258 10136
  1261 10101
  1262 10101
  1263 10101
  1264 10101
  1265 10101
  1266 10128
  1267 10138
  1270 10043
  1271 10043
  1272 10043
  1273 10043
  1274 10098
  1275 10062
  1276 10062
  1277 10062
  1278 10062
  1279 10062
  1280 10062
  1281 10062
  1282 10062
  1283 10062
  1284 10062
  1285 10062
  1286 10062
  1287 10062
  1288 10062
  1289 10062
  1290 10062
  1291 10062
  1292 10062
  1293 10062
  1294 10062
  1295 10062
  1296 10062
  1297 10062
  1298 10062
  1299 10062
  1300 10062
  1301 10062
  1302 10062
  1303 10062
  1304 10062
  1305 10062
  1306 10062
  1307 10062
  1308 10062
  1309 10062
  1310 10062
  1311 10062
  1312 10062
  1313 10062
  1314 10062
  1315 10062
  1316 10062
  1317 10062
  1318 10062
  1319 10062
  1320 10062
  1321 10062
  1322 10062
  1323 10062
  1324 10062
  1325 10062
  1326 10062
  1327 10062
  1328 10062
  1329 10062
  1330 10062
  1331 10062
  1332 10062
  1333 10062
  1334 10062
  1335 10062
  1336 10062
  1337 10062
  1338 10062
  1339 10062
  1340 10062
  1341 10062
  1342 10062
  1343 10062
  1344 10062
  1345 10062
  1346 10062
  1347 10062
  1348 10062
  1349 10062
  1350 10062
  1351 10062
  1352 10062
  1353 10062
  1354 10062
  1355 10062
  1356 10062
  1357 10062
  1358 10062
  1359 10062
  1360 10062
  1361 10062
  1362 10062
  1363 10062
  1364 10062
  1365 10062
  1366 10062
  1367 10062
  1368 10062
  1369 10062
  1370 10062
  1371 10062
  1372 10062
  1373 10062
  1374 10062
  1375 10062
  1376 10062
  1377 10062
  1378 10062
  1379 10062
  1380 10062
  1381 10062
  1382 10062
  1383 10062
  1384 10062
  1385 10062
  1386 10062
  1387 10062
  1388 10062
  1389 10062
  1390 10062
  1391 10062
  1392 10062
  1393 10062
  1394 10062
  1395 10062
  1396 10062
  1397 10062
  1398 10062
  1399 10062
  1400 10062
  1401 10062
  1402 10062
  1403 10062
  1404 10062
  1405 10062
  1406 10062
  1407 10062
  1408 10062
  1409 10062
  1410 10062
  1411 10062
  1412 10062
  1413 10062
  1414 10062
  1415 10062
  1416 10062
  1417 10062
  1418 10062
  1419 10062
  1420 10062
  1421 10062
  1422 10062
  1423 10062
  1424 10062
  1425 10062
  1426 10062
  1427 10062
  1428 10062
  1429 10062
  1430 10062
  1431 10062
  1432 10062
  1433 10062
  1434 10062
  1435 10062
  1436 10062
  1437 10062
  1438 10062
  1439 10062
  1440 10062
  1441 10062
  1442 10062
  1443 10062
  1444 10062
  1445 10062
  1446 10062
  1447 10062
  1448 10062
  1449 10062
  1450 10062
  1451 10062
  1452 10062
  1453 10062
  1454 10062
  1455 10062
  1456 10062
  1457 10062
  1458 10062
  1459 10062
  1460 10062
  1461 10062
  1462 10062
  1463 10062
  1464 10062
  1465 10062
  1466 10062
  1467 10062
  1468 10062
  1469 10062
  1470 10062
  1471 10062
  1472 10062
  1473 10062
  1474 10062
  1475 10062
  1476 10062
  1477 10062
  1478 10062
  1479 10062
  1480 10062
  1481 10062
  1482 10062
  1483 10062
  1484 10062
  1485 10062
  1486 10062
  1487 10062
  1488 10062
  1489 10062
  1490 10062
  1491 10062
  1492 10062
  1493 10062
  1494 10062
  1495 10062
  1496 10062
  1497 10062
  1498 10062
  1499 10062
  1500 10062
  1501 10062
  1502 10062
  1503 10062
  1504 10062
  1505 10062
  1506 10062
  1507 10062
  1508 10062
  1509 10062
  1510 10062
  1511 10062
  1512 10062
  1513 10062
  1514 10062
  1515 10062
  1516 10062
  1517 10062
  1518 10062
  1519 10062
  1520 10062
  1521 10062
  1522 10062
  1523 10062
  1524 10062
  1525 10062
  1526 10062
  1527 10062
  1528 10062
  1529 10062
  1530 10062
  1531 10062
  1532 10062
  1533 10062
  1534 10062
  1535 10062
  1536 10062
  1537 10062
  1538 10062
  1539 10062
  1540 10062
  1541 10062
  1542 10062
  1543 10062
  1544 10062
  1545 10062
  1546 10062
  1547 10062
  1548 10062
  1549 10062
  1550 10062
  1551 10062
  1552 10062
  1553 10062
  1554 10062
  1555 10062
  1556 10062
  1557 10062
  1558 10062
  1559 10062
  1560 10062
  1561 10062
  1562 10062
  1563 10062
  1564 10062
  1565 10062
  1566 10062
  1567 10062
  1568 10062
  1569 10062
  1570 10062
  1571 10062
  1572 10062
  1573 10062
  1574 10062
  1575 10062
  1576 10062
  1577 10062
  1578 10062
  1579 10062
  1580 10062
  1581 10062
  1582 10062
  1583 10062
  1584 10062
  1585 10062
  1586 10062
  1587 10062
  1588 10062
  1589 10062
  1590 10062
  1591 10062
  1592 10062
  1593 10062
  1594 10062
  1595 10062
  1596 10123
  1597 10062
  1598 10062
  1599 10062
  1600 10062
  1601 10062
  1602 10062
  1603 10062
  1604 10062
  1605 10062
  1606 10062
  1607 10062
  1608 10062
  1609 10062
  1610 10062
  1611 10062
  1612 10062
  1613 10062
  1614 10062
  1615 10062
  1616 10062
  1621 10042
  1622 10042
  1623 10049
  1624 10049
  1625 10049
  1626 10049
  1627 10021
  1628 10021
  1629 10021
  1630 10021
  1631 10021
  1632 10021
  1633 10021
  1634 10021
  1635 10021
  1636 10021
  1637 10021
  1638 10021
  1639 10021
  1640 10021
  1641 10021
  1642 10021
  1643 10021
  1644 10021
  1645 10021
  1646 10021
  1647 10021
  1648 10021
  1649 10021
  1650 10021
  1651 10021
  1652 10021
  1653 10021
  1654 10021
  1655 10021
  1656 10021
  1657 10021
  1658 10021
  1659 10021
  1660 10021
  1661 10021
  1662 10021
  1663 10021
  1664 10021
  1665 10021
  1666 10021
  1667 10021
  1668 10021
  1669 10021
  1670 10021
  1671 10021
  1672 10021
  1673 10021
  1674 10021
  1675 10021
  1676 10021
  1677 10021
  1678 10021
  1679 10021
  1680 10021
  1681 10021
  1682 10021
  1683 10021
  1684 10021
  1685 10021
  1686 10021
  1687 10021
  1688 10021
  1689 10021
  1690 10021
  1691 10021
  1692 10021
  1693 10021
  1694 10021
  1695 10021
  1696 10021
  1697 10021
  1698 10021
  1699 10021
  1700 10021
  1701 10021
  1702 10021
  1703 10021
  1704 10021
  1705 10021
  1706 10021
  1707 10021
  1708 10021
  1709 10021
  1710 10021
  1711 10021
  1712 10021
  1713 10021
  1714 10021
  1715 10021
  1716 10021
  1717 10021
  1718 10021
  1719 10021
  1720 10021
  1721 10021
  1722 10021
  1723 10021
  1724 10021
  1725 10021
  1726 10021
  1727 10021
  1728 10021
  1729 10021
  1730 10021
  1731 10021
  1732 10021
  1733 10021
  1734 10021
  1735 10021
  1736 10021
  1737 10021
  1738 10021
  1739 10021
  1740 10021
  1741 10021
  1742 10021
  1743 10021
  1744 10021
  1745 10021
  1746 10021
  1747 10021
  1748 10021
  1749 10021
  1750 10021
  1751 10021
  1752 10021
  1753 10021
  1754 10021
  1755 10021
  1756 10021
  1757 10021
  1758 10021
  1759 10021
  1760 10021
  1761 10021
  1762 10021
  1763 10021
  1764 10021
  1765 10021
  1766 10021
  1767 10021
  1768 10021
  1769 10021
  1770 10021
  1771 10021
  1772 10021
  1773 10021
  1774 10021
  1775 10021
  1776 10021
  1777 10021
  1778 10021
  1779 10021
  1780 10021
  1781 10021
  1782 10021
  1783 10021
  1784 10021
  1785 10021
  1786 10021
  1787 10021
  1788 10021
  1789 10021
  1790 10021
  1791 10021
  1792 10021
  1793 10021
  1794 10021
  1795 10021
  1796 10021
  1797 10021
  1798 10021
  1799 10021
  1800 10021
  1801 10021
  1802 10021
  1803 10021
  1804 10021
  1805 10021
  1806 10021
  1807 10021
  1808 10021
  1809 10021
  1810 10021
  1811 10021
  1812 10021
  1813 10021
  1814 10021
  1815 10021
  1816 10021
  1817 10021
  1818 10021
  1819 10021
  1820 10021
  1821 10021
  1822 10021
  1823 10021
  1824 10021
  1825 10021
  1826 10021
  1827 10021
  1828 10021
  1829 10021
  1830 10021
  1831 10021
  1832 10021
  1833 10021
  1834 10021
  1835 10021
  1836 10021
  1837 10021
  1838 10021
  1839 10021
  1840 10021
  1841 10021
  1842 10021
  1843 10021
  1844 10021
  1845 10021
  1846 10021
  1847 10021
  1848 10021
  1849 10021
  1850 10021
  1851 10021
  1852 10021
  1853 10021
  1854 10021
  1855 10021
  1856 10021
  1857 10049
  1861 10164
  1862 10138
  1863 10138
  1864 10138
  1865 10138
  1866 10138
  1867 10070
  1868 10070
  1869 10070
  1870 10138
  1871 10138
  1872 10138
  1873 10138
  1874 10138
  1875 10138
  1876 10138
  1877 10138
  1878 10138
  1879 10138
  1880 10138
  1881 10138
  1882 10138
  1883 10138
  1884 10138
  1885 10138
  1886 10138
  1887 10138
  1888 10138
  1889 10138
  1890 10138
  1891 10138
  1892 10138
  1893 10138
  1894 10138
  1895 10138
  1896 10138
  1897 10138
  1898 10138
  1899 10138
  1900 10138
  1901 10138
  1902 10138
  1903 10138
  1904 10138
  1905 10138
  1906 10138
  1907 10138
  1908 10138
  1909 10138
  1910 10138
  1911 10138
  1912 10138
  1913 10138
  1914 10138
  1915 10138
  1916 10138
  1917 10138
  1918 10138
  1919 10138
  1920 10138
  1921 10138
  1922 10138
  1923 10138
  1924 10138
  1925 10138
  1926 10138
  1927 10138
  1928 10138
  1929 10138
  1930 10138
  1931 10138
  1932 10138
  1933 10138
  1934 10138
  1935 10138
  1936 10138
  1937 10138
  1938 10138
  1939 10138
  1940 10138
  1941 10138
  1942 10138
  1943 10138
  1944 10138
  1945 10138
  1946 10138
  1947 10138
  1948 10138
  1949 10138
  1950 10138
  1951 10138
  1952 10138
  1953 10138
  1954 10138
  1955 10138
  1956 10138
  1957 10138
  1958 10138
  1959 10138
  1960 10138
  1961 10138
  1962 10138
  1963 10138
  1964 10138
  1965 10138
  1966 10138
  1967 10138
  1968 10138
  1969 10138
  1970 10138
  1971 10138
  1972 10138
  1973 10138
  1974 10138
  1975 10138
  1976 10138
  1977 10138
  1978 10138
  1979 10138
  1980 10138
  1981 10138
  1982 10138
  1983 10138
  1984 10138
  1985 10138
  1986 10138
  1987 10138
  1988 10138
  1989 10138
  1990 10138
  1991 10138
  1992 10138
  1993 10138
  1994 10138
  1995 10138
  1996 10138
  1997 10138
  1998 10138
  1999 10138
  2000 10138
  2001 10138
  2002 10138
  2003 10138
  2004 10138
  2005 10138
  2006 10138
  2007 10138
  2008 10138
  2009 10138
  2010 10138
  2011 10138
  2012 10138
  2013 10138
  2014 10138
  2015 10138
  2016 10138
  2017 10138
  2018 10138
  2019 10138
  2020 10138
  2021 10070
  2022 10070
  2023 10138
  2024 10061
  2025 10039
  2026 10039
  2027 10039
  2028 10039
  2029 10039
  2030 10090
