   683 10068
   684 10068
   685 10068
   686 10068
   687 10068
   688 10068
   689 10068
   690 10068
   691 10068
   692 10068
   693 10068
   694 10068
   695 10068
   696 10068
   697 10068
   698 10068
   699 10068
   700 10068
   701 10068
   702 10068
   703 10068
   704 10068
   705 10068
   706 10068
   707 10068
   708 10068
   709 10068
   710 10068
   711 10068
   712 10068
   713 10068
   714 10068
   715 10068
   716 10068
   717 10068
   718 10068
   719 10068
   720 10068
   721 10068
   722 10068
   723 10068
   724 10068
   725 10068
   726 10068
   727 10068
   728 10068
   729 10068
   730 10068
   731 10068
   732 10068
   733 10068
   734 10068
   735 10068
   736 10068
   737 10068
   738 10068
   739 10068
   740 10068
   741 10068
   742 10068
   743 10068
   744 10068
   745 10068
   746 10068
   747 10068
   748 10068
   749 10068
   750 10068
   751 10068
   752 10068
   753 10068
   754 10068
   755 10068
   756 10068
   757 10068
   758 10068
   759 10068
   760 10068
   761 10068
   762 10068
   763 10068
   764 10068
   765 10068
   766 10068
   767 10068
   768 10068
   769 10068
   770 10068
   771 10068
   772 10068
   773 10068
   774 10068
   775 10068
   776 10068
   777 10068
   778 10068
   779 10068
   780 10068
   781 10134
   782 10134
   783 10134
   784 10134
   785 10134
   786 10134
   787 10134
   788 10134
   789 10134
   790 10134
   791 10134
   792 10134
   793 10134
   794 10134
   795 10134
   796 10134
   797 10134
   798 10134
   799 10134
   800 10134
   801 10134
   802 10134
   803 10134
   804 10134
   805 10134
   806 10134
   807 10134
   808 10134
   809 10134
   810 10134
   811 10134
   812 10134
   813 10134
   814 10134
   815 10134
   816 10134
   817 10134
   818 10134
   819 10134
   820 10134
   821 10134
   822 10134
   823 10134
   824 10134
   825 10134
   826 10134
   827 10134
   828 10134
   829 10134
   830 10134
   831 10134
   832 10134
   833 10134
   834 10134
   835 10134
   836 10134
   837 10134
   838 10134
   839 10134
   840 10134
   841 10134
   842 10134
   843 10134
   844 10134
   845 10134
   846 10134
   847 10134
   848 10134
   849 10134
   850 10134
   851 10134
   852 10134
   853 10134
   854 10134
   855 10134
   856 10134
   857 10134
   858 10134
   859 10134
   860 10134
   861 10134
   862 10134
   863 10134
   864 10134
   865 10134
   866 10134
   867 10134
   868 10134
   869 10134
   870 10134
   871 10134
   872 10134
   873 10134
   874 10134
   875 10134
   876 10134
   877 10134
   878 10134
   879 10134
   880 10134
   881 10134
   882 10134
   883 10134
   884 10134
   885 10134
   886 10134
   887 10134
   888 10134
   889 10134
   890 10134
   891 10134
   892 10134
   893 10134
   894 10134
   895 10134
   896 10134
   897 10134
   898 10134
   899 10134
   900 10134
   901 10134
   902 10134
   903 10134
   904 10134
   905 10134
   906 10134
   907 10134
   908 10134
   909 10134
   910 10134
   911 10134
   912 10134
   913 10134
   914 10134
   915 10134
   916 10134
   917 10134
   918 10134
   919 10134
   920 10134
   921 10134
   922 10134
   923 10134
   924 10134
   925 10134
   926 10134
   927 10134
   928 10134
   929 10134
   930 10134
   931 10134
   932 10134
   933 10134
   934 10134
   935 10134
   936 10134
   937 10134
   938 10134
   939 10134
   940 10134
   941 10134
   942 10134
   943 10134
   944 10134
   945 10134
   946 10134
   947 10134
   948 10134
   949 10134
   950 10134
   951 10134
   952 10134
   953 10134
   954 10134
   955 10134
   956 10134
   957 10134
   958 10134
   959 10134
   960 10134
   961 10134
   962 10134
   963 10134
   964 10134
   965 10134
   966 10134
   967 10134
   968 10134
   969 10134
   970 10134
   971 10134
   972 10134
   973 10134
   974 10134
   975 10134
   976 10134
   977 10134
   978 10134
   979 10134
   980 10134
   981 10134
   982 10134
   983 10134
   984 10134
   985 10134
   986 10134
   987 10134
   988 10134
   989 10134
   990 10134
   991 10134
   992 10134
   993 10134
   994 10134
   995 10134
   996 10134
   997 10134
   998 10134
   999 10134
  1000 10134
  1001 10134
  1002 10134
  1003 10134
  1004 10134
  1005 10134
  1006 10134
  1007 10134
  1008 10134
  1009 10134
  1010 10134
  1011 10134
  1012 10134
  1013 10134
  1014 10134
  1015 10134
  1016 10134
  1017 10134
  1018 10134
  1019 10134
  1020 10134
  1021 10033
  1022 10033
  1023 10033
  1024 10033
  1025 10033
  1026 10033
  1027 10033
  1028 10033
  1029 10033
  1030 10033
  1031 10033
  1032 10033
  1033 10033
  1034 10033
  1035 10033
  1036 10033
  1037 10033
  1038 10033
  1039 10033
  1040 10033
  1041 10033
  1042 10033
  1043 10033
  1044 10033
  1045 10033
  1046 10033
  1047 10033
  1048 10033
  1049 10033
  1050 10033
  1051 10033
  1052 10033
  1053 10033
  1054 10033
  1055 10033
  1056 10033
  1057 10033
  1058 10033
  1059 10033
  1060 10033
  1061 10033
  1062 10033
  1063 10033
  1064 10033
  1065 10033
  1066 10033
  1067 10033
  1068 10033
  1069 10033
  1070 10033
  1071 10033
  1072 10033
  1073 10033
  1074 10033
  1075 10033
  1076 10033
  1077 10033
  1078 10033
  1079 10033
  1080 10033
  1081 10033
  1082 10033
  1083 10033
  1084 10033
  1085 10033
  1086 10033
  1087 10033
  1088 10033
  1089 10033
  1090 10033
  1091 10033
  1092 10033
  1093 10033
  1094 10033
  1095 10033
  1096 10033
  1097 10033
  1098 10033
  1099 10033
  1100 10033
  1101 10033
  1102 10033
  1103 10033
  1104 10033
  1105 10033
  1106 10033
  1107 10033
  1108 10033
  1109 10033
  1110 10033
  1111 10033
  1112 10033
  1113 10033
  1114 10033
  1115 10033
  1116 10033
  1117 10033
  1118 10033
  1119 10033
  1120 10033
  1121 10033
  1122 10033
  1123 10033
  1124 10033
  1125 10033
  1126 10033
  1127 10033
  1128 10033
  1129 10033
  1130 10033
  1131 10033
  1132 10033
  1133 10033
  1134 10033
  1135 10033
  1136 10033
  1137 10033
  1138 10033
  1139 10033
  1140 10033
  1141 10033
  1142 10033
  1143 10033
  1144 10033
  1145 10033
  1146 10033
  1147 10033
  1148 10033
  1149 10033
  1150 10033
  1151 10033
  1152 10033
  1153 10033
  1154 10033
  1155 10033
  1156 10033
  1157 10033
  1158 10033
  1159 10033
  1160 10033
  1161 10033
  1162 10033
  1163 10033
  1164 10033
  1165 10033
  1166 10033
  1167 10033
  1168 10033
  1169 10033
  1170 10033
  1171 10033
  1172 10033
  1173 10033
  1174 10033
  1175 10033
  1176 10033
  1177 10033
  1178 10033
  1179 10033
  1180 10033
  1181 10033
  1182 10033
  1183 10033
  1184 10033
  1185 10033
  1186 10033
  1187 10033
  1188 10033
  1189 10033
  1190 10033
  1191 10033
  1192 10033
  1193 10033
  1194 10033
  1195 10033
  1196 10033
  1197 10033
  1198 10033
  1199 10033
  1200 10033
  1201 10033
  1202 10033
  1203 10033
  1204 10033
  1205 10033
  1206 10033
  1207 10033
  1208 10033
  1209 10033
  1210 10033
  1211 10033
  1212 10033
  1213 10033
  1214 10033
  1215 10033
  1216 10033
  1217 10033
  1218 10033
  1219 10033
  1220 10033
  1221 10033
  1222 10033
  1223 10033
  1224 10033
  1225 10033
  1226 10033
  1227 10033
  1228 10033
  1229 10033
  1230 10033
  1231 10033
  1232 10033
  1233 10033
  1234 10033
  1235 10033
  1236 10033
  1237 10033
  1238 10033
  1239 10033
  1240 10033
  1241 10033
  1242 10033
  1243 10033
  1244 10033
  1245 10033
  1246 10033
  1247 10033
  1248 10033
  1249 10033
  1250 10033
  1251 10033
  1252 10033
  1253 10033
  1254 10033
  1255 10033
  1256 10033
  1257 10033
  1258 10106
  1259 10098
  1260 10098
  1261 10098
  1262 10018
  1263 10158
  1265 10018
  1266 10018
  1267 10018
  1268 10018
  1269 10018
  1270 10018
  1271 10055
  1272 10055
  1273 10055
  1274 10055
  1275 10055
  1276 10018
  1277 10018
  1278 10018
  1279 10018
  1280 10018
  1281 10018
  1283 10061
  1284 10061
  1285 10138
  1286 10080
  1300 10164
  1350 10043
  1351 10043
  1374 10151
  1375 10011
  1376 10011
  1377 10011
  1378 10011
  1379 10011
  1380 10011
  1381 10011
  1382 10011
  1383 10011
  1384 10011
  1385 10011
  1386 10011
  1387 10011
  1388 10011
  1389 10011
  1390 10011
  1391 10011
  1392 10011
  1393 10011
  1394 10011
  1395 10011
  1396 10011
  1397 10011
  1398 10011
  1399 10011
  1400 10011
  1401 10011
  1402 10011
  1403 10011
  1404 10011
  1405 10011
  1406 10011
  1407 10011
  1408 10011
  1409 10011
  1410 10011
  1411 10011
  1412 10011
  1413 10011
  1414 10011
  1415 10011
  1416 10011
  1417 10011
  1418 10011
  1419 10011
  1420 10011
  1421 10011
  1422 10011
  1423 10011
  1424 10011
  1425 10011
  1426 10011
  1427 10011
  1428 10011
  1429 10011
  1430 10011
  1431 10011
  1432 10011
  1433 10011
  1434 10011
  1435 10011
  1436 10011
  1437 10011
  1438 10011
  1439 10011
  1440 10011
  1441 10011
  1442 10011
  1443 10011
  1444 10011
  1445 10011
  1446 10011
  1447 10011
  1448 10011
  1449 10011
  1450 10011
  1451 10011
  1452 10011
  1453 10011
  1454 10011
  1455 10011
  1456 10011
  1457 10011
  1458 10011
  1459 10011
  1460 10011
  1461 10011
  1462 10011
  1463 10011
  1464 10011
  1465 10011
  1466 10011
  1467 10011
  1468 10011
  1469 10011
  1470 10011
  1471 10011
  1472 10011
  1473 10011
  1474 10011
  1475 10011
  1476 10011
  1477 10011
  1478 10011
  1479 10011
  1480 10011
  1481 10011
  1482 10011
  1483 10011
  1484 10011
  1485 10011
  1486 10011
  1487 10011
  1488 10011
  1489 10011
  1490 10011
  1491 10011
  1492 10011
  1493 10011
  1494 10011
  1495 10011
  1496 10011
  1497 10011
  1498 10011
  1499 10011
  1500 10011
  1501 10011
  1502 10011
  1503 10011
  1504 10011
  1505 10011
  1506 10011
  1507 10011
  1508 10011
  1509 10011
  1510 10011
  1511 10011
  1512 10011
  1513 10011
  1514 10011
  1515 10011
  1516 10011
  1517 10011
  1518 10011
  1519 10011
  1520 10011
  1521 10011
  1522 10011
  1523 10011
  1524 10011
  1525 10011
  1526 10011
  1527 10011
  1528 10011
  1529 10011
  1530 10011
  1531 10011
  1532 10011
  1533 10011
  1534 10011
  1535 10011
  1536 10011
  1537 10011
  1538 10011
  1539 10011
  1540 10011
  1541 10011
  1542 10011
  1543 10011
  1544 10011
  1545 10011
  1546 10011
  1547 10011
  1548 10011
  1549 10011
  1550 10011
  1551 10011
  1552 10011
  1553 10011
  1554 10011
  1555 10011
  1556 10011
  1557 10011
  1558 10011
  1559 10011
  1560 10011
  1561 10011
  1562 10011
  1563 10011
  1564 10011
  1565 10011
  1566 10011
  1567 10011
  1568 10011
  1569 10011
  1570 10011
  1571 10011
  1572 10011
  1573 10011
  1574 10011
  1575 10011
  1576 10011
  1577 10011
  1578 10011
  1579 10011
  1580 10011
  1581 10011
  1582 10011
  1583 10011
  1584 10011
  1585 10011
  1586 10011
  1587 10011
  1588 10011
  1589 10011
  1590 10011
  1591 10011
  1592 10011
  1593 10011
  1594 10011
  1595 10011
  1596 10011
  1597 10011
  1598 10011
  1599 10011
  1600 10011
  1601 10011
  1602 10011
  1603 10011
  1604 10011
  1605 10011
  1606 10011
  1607 10011
  1608 10011
  1609 10011
  1610 10011
  1611 10011
  1612 10011
  1613 10011
  1614 10011
  1615 10011
  1616 10011
  1617 10011
  1618 10011
  1619 10011
  1620 10011
  1627 10154
  1628 10143
  1629 10143
  1630 10059
  1631 10059
  1632 10059
  1633 10059
  1634 10059
  1635 10059
  1636 10059
  1637 10059
  1638 10059
  1639 10059
  1640 10059
  1641 10059
  1642 10059
  1643 10059
  1644 10059
  1645 10059
  1646 10059
  1647 10059
  1648 10059
  1649 10059
  1650 10059
  1651 10059
  1652 10059
  1653 10059
  1654 10059
  1655 10059
  1656 10059
  1657 10059
  1658 10059
  1659 10059
  1660 10059
  1661 10059
  1662 10059
  1663 10059
  1664 10059
  1665 10059
  1666 10059
  1667 10059
  1668 10059
  1669 10059
  1670 10059
  1671 10059
  1672 10059
  1673 10059
  1674 10059
  1675 10059
  1676 10059
  1677 10059
  1678 10059
  1679 10059
  1680 10059
  1681 10059
  1682 10059
  1683 10059
  1684 10059
  1685 10059
  1686 10059
  1687 10059
  1688 10059
  1689 10059
  1690 10059
  1691 10059
  1692 10059
  1693 10059
  1694 10059
  1695 10059
  1696 10059
  1697 10059
  1698 10059
  1699 10059
  1700 10059
  1701 10059
  1702 10059
  1703 10059
  1704 10059
  1705 10059
  1706 10059
  1707 10059
  1708 10059
  1709 10059
  1710 10059
  1711 10059
  1712 10059
  1713 10059
  1714 10059
  1715 10059
  1716 10059
  1717 10059
  1718 10059
  1719 10059
  1720 10059
  1721 10059
  1722 10059
  1723 10059
  1724 10059
  1725 10059
  1726 10059
  1727 10059
  1728 10059
  1729 10059
  1730 10059
  1731 10059
  1732 10059
  1733 10059
  1734 10059
  1735 10059
  1736 10059
  1737 10059
  1738 10059
  1739 10059
  1740 10059
  1741 10059
  1742 10059
  1743 10059
  1744 10059
  1745 10059
  1746 10059
  1747 10059
  1748 10059
  1749 10059
  1750 10059
  1751 10059
  1752 10059
  1753 10059
  1754 10059
  1755 10059
  1756 10059
  1757 10059
  1758 10059
  1759 10059
  1760 10059
  1761 10059
  1762 10059
  1763 10059
  1764 10059
  1765 10059
  1766 10059
  1767 10059
  1768 10059
  1769 10059
  1770 10059
  1771 10059
  1772 10059
  1773 10059
  1774 10059
  1775 10059
  1776 10059
  1777 10059
  1778 10059
  1779 10059
  1780 10059
  1781 10059
  1782 10059
  1783 10059
  1784 10059
  1785 10059
  1786 10059
  1787 10059
  1788 10059
  1789 10059
  1790 10059
  1791 10059
  1792 10059
  1793 10059
  1794 10059
  1795 10059
  1796 10059
  1797 10059
  1798 10059
  1799 10059
  1800 10059
  1801 10059
  1802 10059
  1803 10059
  1804 10059
  1805 10059
  1806 10059
  1807 10059
  1808 10059
  1809 10059
  1810 10059
  1811 10059
  1812 10059
  1813 10059
  1814 10059
  1815 10059
  1816 10059
  1817 10059
  1818 10059
  1819 10059
  1820 10059
  1821 10059
  1822 10059
  1823 10059
  1824 10059
  1825 10059
  1826 10059
  1827 10059
  1828 10059
  1829 10059
  1830 10059
  1831 10059
  1832 10059
  1833 10059
  1834 10059
  1835 10059
  1836 10059
  1837 10059
  1838 10059
  1839 10059
  1840 10059
  1841 10059
  1842 10059
  1843 10059
  1844 10059
  1845 10059
  1846 10059
  1847 10059
  1848 10059
  1849 10059
  1850 10059
  1851 10059
  1852 10059
  1853 10059
  1854 10059
  1855 10059
  1856 10059
  1857 10081
  1858 10081
  1859 10081
  1860 10081
  1861 10081
  1862 10081
  1863 10153
  1864 10167
  1865 10081
  1866 10081
  1867 10081
  1868 10081
  1869 10081
  1870 10081
  1871 10081
  1872 10081
  1873 10081
  1874 10081
  1875 10081
  1876 10081
  1877 10081
  1878 10081
  1879 10081
  1880 10081
  1881 10081
  1882 10081
  1883 10081
  1884 10081
  1885 10081
  1886 10081
  1887 10081
  1888 10081
  1889 10081
  1890 10081
  1891 10081
  1892 10081
  1893 10081
  1894 10081
  1895 10081
  1896 10081
  1897 10081
  1898 10081
  1899 10081
  1900 10081
  1901 10081
  1902 10081
  1903 10081
  1904 10081
  1905 10081
  1906 10081
  1907 10081
  1908 10081
  1909 10081
  1910 10081
  1911 10081
  1912 10081
  1913 10081
  1914 10081
  1915 10081
  1916 10081
  1917 10081
  1918 10081
  1919 10081
  1920 10081
  1921 10081
  1922 10081
  1923 10081
  1924 10081
  1925 10081
  1926 10081
  1927 10081
  1928 10081
  1929 10081
  1930 10081
  1931 10081
  1932 10081
  1933 10081
  1934 10081
  1935 10081
  1936 10081
  1937 10081
  1938 10081
  1939 10081
  1940 10081
  1941 10081
  1942 10081
  1943 10081
  1944 10081
  1945 10081
  1946 10081
  1947 10081
  1948 10081
  1949 10081
  1950 10081
  1951 10081
  1952 10081
  1953 10081
  1954 10081
  1955 10081
  1956 10081
  1957 10081
  1958 10081
  1959 10081
  1960 10081
  1961 10081
  1962 10081
  1963 10081
  1964 10081
  1965 10081
  1966 10081
  1967 10081
  1968 10081
  1969 10081
  1970 10081
  1971 10081
  1972 10081
  1973 10081
  1974 10081
  1975 10081
  1976 10081
  1977 10081
  1978 10081
  1979 10081
  1980 10081
  1981 10081
  1982 10081
  1983 10081
  1984 10081
  1985 10081
  1986 10081
  1987 10081
  1988 10081
  1989 10081
  1990 10081
  1991 10081
  1992 10081
  1993 10081
  1994 10081
  1995 10081
  1996 10081
  1997 10081
  1998 10081
  1999 10081
  2000 10081
  2001 10081
  2002 10081
  2003 10081
  2004 10081
  2005 10081
  2006 10081
  2007 10081
  2008 10081
  2009 10081
  2010 10081
  2011 10081
  2012 10081
  2013 10081
  2014 10081
  2015 10081
  2016 10081
  2017 10081
  2018 10081
  2019 10081
  2020 10081
  2021 10081
  2022 10081
  2023 10081
  2025 10050
  2026 10050
  2028 10050
