   720 10162
   721 10162
   722 10162
   723 10162
   724 10162
   725 10162
   726 10162
   727 10162
   728 10162
   729 10162
   730 10162
   731 10162
   732 10162
   733 10162
   734 10162
   735 10162
   736 10162
   737 10162
   738 10162
   739 10162
   740 10162
   741 10162
   742 10162
   743 10162
   744 10162
   745 10162
   746 10162
   747 10162
   748 10162
   749 10162
   750 10162
   751 10162
   752 10162
   753 10162
   754 10162
   755 10162
   756 10162
   757 10162
   758 10162
   759 10162
   760 10162
   761 10162
   762 10162
   763 10162
   764 10162
   765 10162
   766 10162
   767 10162
   768 10162
   769 10162
   770 10162
   771 10162
   772 10162
   773 10162
   774 10162
   775 10162
   776 10162
   777 10162
   778 10162
   779 10162
   780 10162
   781 10162
   782 10162
   784 10044
   785 10044
   786 10044
   787 10044
   788 10044
   789 10044
   790 10044
   791 10044
   792 10044
   793 10044
   794 10044
   795 10044
   796 10044
   797 10044
   798 10044
   799 10044
   800 10044
   801 10044
   802 10044
   803 10044
   804 10044
   805 10044
   806 10044
   807 10044
   808 10044
   809 10044
   810 10044
   811 10044
   812 10044
   813 10044
   814 10044
   815 10044
   816 10044
   817 10044
   818 10044
   819 10044
   820 10044
   821 10044
   822 10044
   823 10044
   824 10044
   825 10044
   826 10044
   827 10044
   828 10044
   829 10044
   830 10044
   831 10044
   832 10044
   833 10044
   834 10044
   835 10044
   836 10044
   837 10044
   838 10044
   839 10044
   840 10044
   841 10044
   842 10044
   843 10044
   844 10044
   845 10044
   846 10044
   847 10044
   848 10044
   849 10044
   850 10044
   851 10044
   852 10044
   853 10044
   854 10044
   855 10044
   856 10044
   857 10044
   858 10044
   859 10044
   860 10044
   861 10044
   862 10044
   863 10044
   864 10044
   865 10044
   866 10044
   867 10044
   868 10044
   869 10044
   870 10044
   871 10044
   872 10044
   873 10044
   874 10044
   875 10044
   876 10044
   877 10044
   878 10044
   879 10044
   880 10044
   881 10044
   882 10044
   883 10044
   884 10044
   885 10044
   886 10044
   887 10044
   888 10044
   889 10044
   890 10044
   891 10044
   892 10044
   893 10044
   894 10044
   895 10044
   896 10044
   897 10044
   898 10044
   899 10044
   900 10044
   901 10044
   902 10044
   903 10044
   904 10044
   905 10044
   906 10044
   907 10044
   908 10044
   909 10044
   910 10044
   911 10044
   912 10044
   913 10044
   914 10044
   915 10044
   916 10044
   917 10044
   918 10044
   919 10044
   920 10044
   921 10044
   922 10044
   923 10044
   924 10044
   925 10044
   926 10044
   927 10044
   928 10044
   929 10044
   930 10044
   931 10044
   932 10044
   933 10044
   934 10044
   935 10044
   936 10044
   937 10044
   938 10044
   939 10044
   940 10044
   941 10044
   942 10044
   943 10044
   944 10044
   945 10044
   946 10044
   947 10044
   948 10044
   949 10044
   950 10044
   951 10044
   952 10044
   953 10044
   954 10044
   955 10044
   956 10044
   957 10044
   958 10044
   959 10044
   960 10044
   961 10044
   962 10044
   963 10044
   964 10044
   965 10044
   966 10044
   967 10044
   968 10044
   969 10044
   970 10044
   971 10044
   972 10044
   973 10044
   974 10044
   975 10044
   976 10044
   977 10044
   978 10044
   979 10044
   980 10044
   981 10044
   982 10044
   983 10044
   984 10044
   985 10044
   986 10044
   987 10044
   988 10044
   989 10044
   990 10044
   991 10044
   992 10044
   993 10044
   994 10044
   995 10044
   996 10044
   997 10044
   998 10044
   999 10044
  1000 10044
  1001 10044
  1002 10044
  1003 10044
  1004 10044
  1005 10044
  1006 10044
  1007 10044
  1008 10044
  1009 10044
  1010 10044
  1011 10044
  1012 10044
  1013 10044
  1014 10044
  1015 10044
  1016 10044
  1017 10044
  1018 10044
  1019 10044
  1020 10044
  1021 10025
  1027 10033
  1028 10033
  1029 10033
  1030 10033
  1031 10033
  1032 10033
  1033 10033
  1034 10033
  1035 10033
  1036 10033
  1037 10033
  1038 10033
  1039 10033
  1040 10033
  1041 10033
  1042 10033
  1043 10033
  1044 10033
  1045 10033
  1046 10033
  1047 10033
  1048 10033
  1049 10033
  1050 10033
  1051 10033
  1052 10033
  1053 10033
  1054 10033
  1055 10033
  1056 10033
  1057 10033
  1058 10033
  1059 10033
  1060 10033
  1061 10033
  1062 10033
  1063 10033
  1064 10033
  1065 10033
  1066 10033
  1067 10033
  1068 10033
  1069 10033
  1070 10033
  1071 10033
  1072 10033
  1073 10033
  1074 10033
  1075 10033
  1076 10033
  1077 10033
  1078 10033
  1079 10033
  1080 10033
  1081 10033
  1082 10033
  1083 10033
  1084 10033
  1085 10033
  1086 10033
  1087 10033
  1088 10033
  1089 10033
  1090 10033
  1091 10033
  1092 10033
  1093 10033
  1094 10033
  1095 10033
  1096 10033
  1097 10033
  1098 10033
  1099 10033
  1100 10033
  1101 10033
  1102 10033
  1103 10033
  1104 10033
  1105 10033
  1106 10033
  1107 10033
  1108 10033
  1109 10033
  1110 10033
  1111 10033
  1112 10033
  1113 10033
  1114 10033
  1115 10033
  1116 10033
  1117 10033
  1118 10033
  1119 10033
  1120 10033
  1121 10033
  1122 10033
  1123 10033
  1124 10033
  1125 10033
  1126 10033
  1127 10033
  1128 10033
  1129 10033
  1130 10033
  1131 10033
  1132 10033
  1133 10033
  1134 10033
  1135 10033
  1136 10033
  1137 10033
  1138 10033
  1139 10033
  1140 10033
  1141 10033
  1142 10033
  1143 10033
  1144 10033
  1145 10033
  1146 10033
  1147 10033
  1148 10033
  1149 10033
  1150 10033
  1151 10033
  1152 10033
  1153 10033
  1154 10033
  1155 10033
  1156 10033
  1157 10033
  1158 10033
  1159 10033
  1160 10033
  1161 10033
  1162 10033
  1163 10033
  1164 10033
  1165 10033
  1166 10033
  1167 10033
  1168 10033
  1169 10033
  1170 10033
  1171 10033
  1172 10033
  1173 10033
  1174 10033
  1175 10033
  1176 10033
  1177 10033
  1178 10033
  1179 10033
  1180 10033
  1181 10033
  1182 10033
  1183 10033
  1184 10033
  1185 10033
  1186 10033
  1187 10033
  1188 10033
  1189 10033
  1190 10033
  1191 10033
  1192 10033
  1193 10033
  1194 10033
  1195 10033
  1196 10033
  1197 10033
  1198 10033
  1199 10033
  1200 10033
  1201 10033
  1202 10033
  1203 10033
  1204 10033
  1205 10033
  1206 10033
  1207 10033
  1208 10033
  1209 10033
  1210 10033
  1211 10033
  1212 10033
  1213 10033
  1214 10033
  1215 10033
  1216 10033
  1217 10033
  1218 10033
  1219 10033
  1220 10033
  1221 10033
  1222 10033
  1223 10033
  1224 10033
  1225 10033
  1226 10033
  1227 10033
  1228 10033
  1229 10033
  1230 10033
  1231 10033
  1232 10033
  1233 10033
  1234 10033
  1235 10033
  1236 10033
  1237 10033
  1238 10033
  1239 10033
  1240 10033
  1241 10033
  1242 10033
  1243 10033
  1244 10033
  1245 10033
  1246 10033
  1247 10033
  1248 10033
  1249 10033
  1250 10033
  1251 10033
  1252 10033
  1253 10033
  1254 10033
  1255 10033
  1256 10033
  1257 10033
  1258 10122
  1259 10122
  1260 10122
  1261 10122
  1262 10122
  1263 10122
  1264 10122
  1265 10122
  1266 10005
  1267 10005
  1268 10005
  1269 10005
  1270 10005
  1271 10005
  1272 10005
  1273 10005
  1274 10005
  1275 10005
  1276 10005
  1277 10005
  1278 10005
  1279 10005
  1280 10005
  1281 10005
  1282 10005
  1283 10005
  1284 10005
  1285 10005
  1286 10005
  1287 10005
  1288 10005
  1289 10005
  1290 10005
  1291 10005
  1292 10005
  1293 10005
  1294 10005
  1295 10005
  1296 10005
  1297 10005
  1298 10005
  1299 10005
  1300 10005
  1301 10005
  1302 10005
  1303 10005
  1304 10005
  1305 10005
  1306 10005
  1307 10005
  1308 10005
  1309 10005
  1310 10005
  1311 10005
  1312 10005
  1313 10005
  1314 10005
  1315 10005
  1316 10005
  1317 10005
  1318 10005
  1319 10005
  1320 10005
  1321 10005
  1322 10005
  1323 10005
  1324 10005
  1325 10005
  1326 10005
  1327 10005
  1328 10005
  1329 10005
  1330 10005
  1331 10005
  1332 10005
  1333 10005
  1334 10005
  1335 10005
  1336 10005
  1337 10005
  1338 10005
  1339 10005
  1340 10005
  1341 10005
  1342 10005
  1343 10005
  1344 10005
  1345 10005
  1346 10005
  1347 10005
  1348 10005
  1349 10005
  1350 10005
  1351 10005
  1352 10005
  1353 10005
  1354 10005
  1355 10005
  1356 10005
  1357 10005
  1358 10005
  1359 10005
  1360 10005
  1361 10005
  1362 10005
  1363 10005
  1364 10005
  1365 10005
  1366 10005
  1367 10005
  1368 10005
  1369 10005
  1370 10005
  1371 10005
  1372 10005
  1373 10005
  1374 10005
  1375 10005
  1376 10005
  1377 10005
  1378 10005
  1379 10005
  1380 10005
  1381 10005
  1382 10005
  1383 10005
  1384 10005
  1385 10005
  1386 10005
  1387 10005
  1388 10005
  1389 10005
  1390 10005
  1391 10005
  1392 10005
  1393 10005
  1394 10005
  1395 10005
  1396 10005
  1397 10005
  1398 10005
  1399 10005
  1400 10005
  1401 10005
  1402 10005
  1403 10005
  1404 10005
  1405 10005
  1406 10005
  1407 10005
  1408 10005
  1409 10005
  1410 10005
  1411 10005
  1412 10005
  1413 10005
  1414 10005
  1415 10005
  1416 10005
  1417 10005
  1418 10005
  1419 10005
  1420 10005
  1421 10005
  1422 10005
  1423 10005
  1424 10005
  1425 10005
  1426 10005
  1427 10005
  1428 10005
  1429 10005
  1430 10005
  1431 10005
  1432 10005
  1433 10005
  1434 10005
  1435 10005
  1436 10005
  1437 10005
  1438 10005
  1439 10005
  1440 10005
  1441 10005
  1442 10005
  1443 10005
  1444 10005
  1445 10005
  1446 10005
  1447 10005
  1448 10005
  1449 10005
  1450 10005
  1451 10005
  1452 10005
  1453 10005
  1454 10005
  1455 10005
  1456 10005
  1457 10005
  1458 10005
  1459 10005
  1460 10005
  1461 10005
  1462 10005
  1463 10005
  1464 10005
  1465 10005
  1466 10005
  1467 10005
  1468 10005
  1469 10005
  1470 10005
  1471 10005
  1472 10005
  1473 10005
  1474 10005
  1475 10005
  1476 10005
  1477 10005
  1478 10005
  1479 10005
  1480 10005
  1481 10005
  1482 10005
  1483 10005
  1484 10005
  1485 10005
  1486 10005
  1487 10005
  1488 10005
  1489 10005
  1490 10005
  1491 10005
  1492 10005
  1493 10005
  1494 10005
  1495 10005
  1496 10005
  1497 10005
  1498 10005
  1499 10005
  1500 10005
  1501 10118
  1505 10055
  1507 10018
  1508 10018
  1509 10018
  1510 10018
  1511 10018
  1512 10098
  1513 10055
  1514 10055
  1515 10055
  1516 10023
  1517 10055
  1518 10140
  1519 10140
  1520 10140
  1521 10055
  1522 10055
  1523 10055
  1524 10055
  1525 10055
  1526 10055
  1527 10055
  1528 10055
  1529 10055
  1530 10055
  1531 10055
  1532 10055
  1533 10055
  1534 10055
  1535 10055
  1536 10018
  1537 10140
  1538 10018
  1539 10140
  1540 10140
  1541 10055
  1542 10140
  1543 10140
  1544 10140
  1545 10140
  1546 10140
  1547 10055
  1548 10140
  1549 10140
  1550 10140
  1551 10140
  1552 10140
  1553 10018
  1554 10055
  1555 10055
  1556 10055
  1557 10055
  1558 10055
  1559 10055
  1560 10055
  1561 10055
  1562 10055
  1563 10018
  1564 10055
  1565 10018
  1566 10018
  1567 10018
  1568 10055
  1571 10055
  1572 10055
  1573 10055
  1574 10055
  1575 10055
  1576 10055
  1577 10055
  1578 10055
  1579 10055
  1580 10055
  1581 10055
  1582 10055
  1613 10143
  1626 10049
  1627 10021
  1628 10021
  1629 10021
  1630 10049
  1631 10049
  1632 10049
  1633 10049
  1634 10049
  1635 10049
  1636 10049
  1637 10049
  1638 10049
  1639 10049
  1640 10049
  1641 10049
  1642 10049
  1643 10049
  1644 10049
  1645 10049
  1646 10049
  1647 10049
  1648 10049
  1649 10049
  1650 10049
  1651 10049
  1652 10049
  1653 10049
  1654 10049
  1655 10049
  1656 10049
  1657 10049
  1658 10049
  1659 10049
  1660 10049
  1661 10049
  1662 10049
  1663 10049
  1664 10049
  1665 10049
  1666 10049
  1667 10049
  1668 10049
  1669 10049
  1670 10049
  1671 10049
  1672 10049
  1673 10049
  1674 10049
  1675 10049
  1676 10049
  1677 10049
  1678 10049
  1679 10049
  1680 10049
  1681 10049
  1682 10049
  1683 10049
  1684 10049
  1685 10049
  1686 10049
  1687 10049
  1688 10049
  1689 10049
  1690 10049
  1691 10049
  1692 10049
  1693 10049
  1694 10049
  1695 10049
  1696 10049
  1697 10049
  1698 10049
  1699 10049
  1700 10049
  1701 10049
  1702 10049
  1703 10049
  1704 10049
  1705 10049
  1706 10049
  1707 10049
  1708 10049
  1709 10049
  1710 10049
  1711 10049
  1712 10049
  1713 10049
  1714 10049
  1715 10049
  1716 10049
  1717 10049
  1718 10049
  1719 10049
  1720 10049
  1721 10049
  1722 10049
  1723 10049
  1724 10049
  1725 10049
  1726 10049
  1727 10049
  1728 10049
  1729 10049
  1730 10049
  1731 10049
  1732 10049
  1733 10049
  1734 10049
  1735 10049
  1736 10049
  1737 10049
  1738 10049
  1739 10049
  1740 10049
  1741 10049
  1742 10049
  1743 10049
  1744 10049
  1745 10049
  1746 10049
  1747 10049
  1748 10049
  1749 10049
  1750 10049
  1751 10049
  1752 10049
  1753 10049
  1754 10049
  1755 10049
  1756 10049
  1757 10049
  1758 10049
  1759 10049
  1760 10049
  1761 10049
  1762 10049
  1763 10049
  1764 10049
  1765 10049
  1766 10049
  1767 10049
  1768 10049
  1769 10049
  1770 10049
  1771 10049
  1772 10049
  1773 10049
  1774 10049
  1775 10049
  1776 10049
  1777 10049
  1778 10049
  1779 10049
  1780 10049
  1781 10049
  1782 10049
  1783 10049
  1784 10049
  1785 10049
  1786 10049
  1787 10049
  1788 10049
  1789 10049
  1790 10049
  1791 10049
  1792 10049
  1793 10049
  1794 10049
  1795 10049
  1796 10049
  1797 10049
  1798 10049
  1799 10049
  1800 10049
  1801 10049
  1802 10049
  1803 10049
  1804 10049
  1805 10049
  1806 10049
  1807 10049
  1808 10049
  1809 10049
  1810 10049
  1811 10049
  1812 10049
  1813 10049
  1814 10049
  1815 10049
  1816 10049
  1817 10049
  1818 10049
  1819 10049
  1820 10049
  1821 10049
  1822 10049
  1823 10049
  1824 10049
  1825 10049
  1826 10049
  1827 10049
  1828 10049
  1829 10049
  1830 10049
  1831 10049
  1832 10049
  1833 10049
  1834 10049
  1835 10049
  1836 10049
  1837 10049
  1838 10049
  1839 10049
  1840 10049
  1841 10049
  1842 10049
  1843 10049
  1844 10049
  1845 10049
  1846 10049
  1847 10049
  1848 10049
  1849 10049
  1850 10049
  1851 10049
  1852 10049
  1853 10049
  1854 10049
  1855 10049
  1856 10021
  1857 10049
  1858 10049
  1859 10049
  1860 10049
  1865 10061
  1866 10050
  1867 10050
  1868 10050
  1869 10050
  1870 10096
  1871 10096
  1872 10096
  1873 10096
  1874 10096
  1875 10096
  1876 10096
  1877 10096
  1878 10096
  1879 10096
  1880 10096
  1881 10096
  1882 10096
  1883 10096
  1884 10096
  1885 10096
  1886 10096
  1887 10096
  1888 10096
  1889 10096
  1890 10096
  1891 10096
  1892 10096
  1893 10096
  1894 10096
  1895 10096
  1896 10096
  1897 10096
  1898 10096
  1899 10096
  1900 10096
  1901 10096
  1902 10096
  1903 10096
  1904 10096
  1905 10096
  1906 10096
  1907 10096
  1908 10096
  1909 10096
  1910 10096
  1911 10096
  1912 10096
  1913 10096
  1914 10096
  1915 10096
  1916 10096
  1917 10096
  1918 10096
  1919 10096
  1920 10096
  1921 10096
  1922 10096
  1923 10096
  1924 10096
  1925 10096
  1926 10096
  1927 10096
  1928 10096
  1929 10096
  1930 10096
  1931 10096
  1932 10096
  1933 10096
  1934 10096
  1935 10096
  1936 10096
  1937 10096
  1938 10096
  1939 10096
  1940 10096
  1941 10096
  1942 10096
  1943 10096
  1944 10096
  1945 10096
  1946 10096
  1947 10096
  1948 10096
  1949 10096
  1950 10096
  1951 10096
  1952 10096
  1953 10096
  1954 10096
  1955 10096
  1956 10096
  1957 10096
  1958 10096
  1959 10096
  1960 10096
  1961 10096
  1962 10096
  1963 10096
  1964 10096
  1965 10096
  1966 10096
  1967 10096
  1968 10096
  1969 10096
  1970 10096
  1971 10096
  1972 10096
  1973 10096
  1974 10096
  1975 10096
  1976 10096
  1977 10096
  1978 10096
  1979 10096
  1980 10096
  1981 10096
  1982 10096
  1983 10096
  1984 10096
  1985 10096
  1986 10096
  1987 10096
  1988 10096
  1989 10096
  1990 10096
  1991 10096
  1992 10096
  1993 10096
  1994 10096
  1995 10096
  1996 10096
  1997 10096
  1998 10096
  1999 10096
  2000 10096
  2001 10096
  2002 10096
  2003 10096
  2004 10096
  2005 10096
  2006 10096
  2007 10096
  2008 10096
  2009 10096
  2010 10096
  2011 10096
  2012 10096
  2013 10096
  2014 10096
  2015 10096
  2016 10096
  2017 10096
  2018 10096
  2019 10096
  2020 10096
  2021 10050
  2022 10050
  2023 10065
  2024 10065
  2028 10096
  2029 10096
  2030 10096
  2031 10096
  2032 10096
