   688 10151
   689 10151
   690 10151
   691 10151
   692 10151
   693 10151
   694 10151
   695 10151
   696 10151
   697 10151
   698 10151
   699 10151
   700 10151
   701 10151
   702 10151
   703 10151
   704 10151
   705 10151
   706 10151
   707 10151
   708 10151
   709 10151
   710 10151
   711 10151
   712 10151
   713 10151
   714 10151
   715 10151
   716 10151
   717 10151
   718 10151
   719 10151
   720 10151
   721 10151
   722 10151
   723 10151
   724 10151
   725 10151
   726 10151
   727 10151
   728 10151
   729 10151
   730 10151
   731 10151
   732 10151
   733 10151
   734 10151
   735 10151
   736 10151
   737 10151
   738 10151
   739 10151
   740 10151
   741 10151
   742 10151
   743 10151
   744 10151
   745 10151
   746 10151
   747 10151
   748 10151
   749 10151
   750 10151
   751 10151
   752 10151
   753 10151
   754 10151
   755 10151
   756 10151
   757 10151
   758 10151
   759 10151
   760 10151
   761 10151
   762 10151
   763 10151
   764 10151
   765 10151
   766 10151
   767 10151
   768 10151
   769 10151
   770 10151
   771 10151
   772 10151
   773 10151
   774 10151
   775 10151
   776 10151
   777 10151
   778 10151
   779 10151
   780 10151
   782 10151
   784 10022
   785 10151
   786 10034
   787 10034
   788 10034
   789 10034
   790 10034
   791 10034
   792 10034
   793 10034
   794 10034
   795 10034
   796 10034
   797 10034
   798 10034
   799 10034
   800 10034
   801 10034
   802 10034
   803 10034
   804 10034
   805 10034
   806 10034
   807 10034
   808 10034
   809 10034
   810 10034
   811 10034
   812 10034
   813 10034
   814 10034
   815 10034
   816 10034
   817 10034
   818 10034
   819 10034
   820 10034
   821 10034
   822 10034
   823 10034
   824 10034
   825 10034
   826 10034
   827 10034
   828 10034
   829 10034
   830 10034
   831 10034
   832 10034
   833 10034
   834 10034
   835 10034
   836 10034
   837 10034
   838 10034
   839 10034
   840 10034
   841 10034
   842 10034
   843 10034
   844 10034
   845 10034
   846 10034
   847 10034
   848 10034
   849 10034
   850 10034
   851 10034
   852 10034
   853 10034
   854 10034
   855 10034
   856 10034
   857 10034
   858 10034
   859 10034
   860 10034
   861 10034
   862 10034
   863 10034
   864 10034
   865 10034
   866 10034
   867 10034
   868 10034
   869 10034
   870 10034
   871 10034
   872 10034
   873 10034
   874 10034
   875 10034
   876 10034
   877 10034
   878 10034
   879 10034
   880 10034
   881 10034
   882 10034
   883 10034
   884 10034
   885 10034
   886 10034
   887 10034
   888 10034
   889 10034
   890 10034
   891 10034
   892 10034
   893 10034
   894 10034
   895 10034
   896 10034
   897 10034
   898 10034
   899 10034
   900 10034
   901 10034
   902 10034
   903 10034
   904 10034
   905 10034
   906 10034
   907 10034
   908 10034
   909 10034
   910 10034
   911 10034
   912 10034
   913 10034
   914 10034
   915 10034
   916 10034
   917 10034
   918 10034
   919 10034
   920 10034
   921 10034
   922 10034
   923 10034
   924 10034
   925 10034
   926 10034
   927 10034
   928 10034
   929 10034
   930 10034
   931 10034
   932 10034
   933 10034
   934 10034
   935 10034
   936 10034
   937 10034
   938 10034
   939 10034
   940 10034
   941 10034
   942 10034
   943 10034
   944 10034
   945 10034
   946 10034
   947 10034
   948 10034
   949 10034
   950 10034
   951 10034
   952 10034
   953 10034
   954 10034
   955 10034
   956 10034
   957 10034
   958 10034
   959 10034
   960 10034
   961 10034
   962 10034
   963 10034
   964 10034
   965 10034
   966 10034
   967 10034
   968 10034
   969 10034
   970 10034
   971 10034
   972 10034
   973 10034
   974 10034
   975 10034
   976 10034
   977 10034
   978 10034
   979 10034
   980 10034
   981 10034
   982 10034
   983 10034
   984 10034
   985 10034
   986 10034
   987 10034
   988 10034
   989 10034
   990 10034
   991 10034
   992 10034
   993 10034
   994 10034
   995 10034
   996 10034
   997 10034
   998 10034
   999 10034
  1000 10034
  1001 10034
  1002 10034
  1003 10034
  1004 10034
  1005 10034
  1006 10034
  1007 10034
  1008 10034
  1009 10034
  1010 10034
  1011 10034
  1012 10034
  1013 10034
  1014 10034
  1015 10034
  1016 10034
  1017 10034
  1018 10034
  1019 10034
  1020 10034
  1021 10072
  1024 10138
  1025 10101
  1026 10101
  1027 10101
  1028 10101
  1029 10101
  1030 10101
  1031 10101
  1032 10101
  1033 10101
  1034 10101
  1035 10101
  1036 10101
  1037 10101
  1038 10101
  1039 10101
  1040 10101
  1041 10101
  1042 10101
  1043 10101
  1044 10101
  1045 10101
  1046 10101
  1047 10101
  1048 10101
  1049 10101
  1050 10101
  1051 10101
  1052 10101
  1053 10101
  1054 10101
  1055 10101
  1056 10101
  1057 10101
  1058 10101
  1059 10101
  1060 10101
  1061 10101
  1062 10101
  1063 10101
  1064 10101
  1065 10101
  1066 10101
  1067 10101
  1068 10101
  1069 10101
  1070 10101
  1071 10101
  1072 10101
  1073 10101
  1074 10101
  1075 10101
  1076 10101
  1077 10101
  1078 10101
  1079 10101
  1080 10101
  1081 10101
  1082 10101
  1083 10101
  1084 10101
  1085 10101
  1086 10101
  1087 10101
  1088 10101
  1089 10101
  1090 10101
  1091 10101
  1092 10101
  1093 10101
  1094 10101
  1095 10101
  1096 10101
  1097 10101
  1098 10101
  1099 10101
  1100 10101
  1101 10101
  1102 10101
  1103 10101
  1104 10101
  1105 10101
  1106 10101
  1107 10101
  1108 10101
  1109 10101
  1110 10101
  1111 10101
  1112 10101
  1113 10101
  1114 10101
  1115 10101
  1116 10101
  1117 10101
  1118 10101
  1119 10101
  1120 10101
  1121 10101
  1122 10101
  1123 10101
  1124 10101
  1125 10101
  1126 10101
  1127 10101
  1128 10101
  1129 10101
  1130 10101
  1131 10101
  1132 10101
  1133 10101
  1134 10101
  1135 10101
  1136 10101
  1137 10101
  1138 10101
  1139 10101
  1140 10101
  1141 10101
  1142 10101
  1143 10101
  1144 10101
  1145 10101
  1146 10101
  1147 10101
  1148 10101
  1149 10101
  1150 10101
  1151 10101
  1152 10101
  1153 10101
  1154 10101
  1155 10101
  1156 10101
  1157 10101
  1158 10101
  1159 10101
  1160 10101
  1161 10101
  1162 10101
  1163 10101
  1164 10101
  1165 10101
  1166 10101
  1167 10101
  1168 10101
  1169 10101
  1170 10101
  1171 10101
  1172 10101
  1173 10101
  1174 10101
  1175 10101
  1176 10101
  1177 10101
  1178 10101
  1179 10101
  1180 10101
  1181 10101
  1182 10101
  1183 10101
  1184 10101
  1185 10101
  1186 10101
  1187 10101
  1188 10101
  1189 10101
  1190 10101
  1191 10101
  1192 10101
  1193 10101
  1194 10101
  1195 10101
  1196 10101
  1197 10101
  1198 10101
  1199 10101
  1200 10101
  1201 10101
  1202 10101
  1203 10101
  1204 10101
  1205 10101
  1206 10101
  1207 10101
  1208 10101
  1209 10101
  1210 10101
  1211 10101
  1212 10101
  1213 10101
  1214 10101
  1215 10101
  1216 10101
  1217 10101
  1218 10101
  1219 10101
  1220 10101
  1221 10101
  1222 10101
  1223 10101
  1224 10101
  1225 10101
  1226 10101
  1227 10101
  1228 10101
  1229 10101
  1230 10101
  1231 10101
  1232 10101
  1233 10101
  1234 10101
  1235 10101
  1236 10101
  1237 10101
  1238 10101
  1239 10101
  1240 10101
  1241 10101
  1242 10101
  1243 10101
  1244 10101
  1245 10101
  1246 10101
  1247 10101
  1248 10101
  1249 10101
  1250 10101
  1251 10101
  1252 10101
  1253 10101
  1254 10101
  1255 10101
  1256 10101
  1257 10101
  1264 10112
  1265 10112
  1266 10112
  1267 10112
  1268 10112
  1269 10112
  1270 10112
  1271 10112
  1272 10112
  1273 10112
  1274 10112
  1275 10112
  1276 10112
  1277 10112
  1278 10112
  1279 10112
  1280 10112
  1281 10112
  1282 10112
  1283 10112
  1284 10112
  1285 10112
  1286 10112
  1287 10112
  1288 10112
  1289 10112
  1290 10112
  1291 10112
  1292 10112
  1293 10112
  1294 10112
  1295 10112
  1296 10112
  1297 10112
  1298 10112
  1299 10112
  1300 10112
  1301 10112
  1302 10112
  1303 10112
  1304 10112
  1305 10112
  1306 10112
  1307 10112
  1308 10112
  1309 10112
  1310 10112
  1311 10112
  1312 10112
  1313 10112
  1314 10112
  1315 10112
  1316 10112
  1317 10112
  1318 10112
  1319 10112
  1320 10112
  1321 10112
  1322 10112
  1323 10112
  1324 10112
  1325 10112
  1326 10112
  1327 10112
  1328 10112
  1329 10112
  1330 10112
  1331 10112
  1332 10112
  1333 10112
  1334 10112
  1335 10112
  1336 10112
  1337 10112
  1338 10112
  1339 10112
  1340 10112
  1341 10112
  1342 10112
  1343 10112
  1344 10112
  1345 10112
  1346 10112
  1347 10112
  1348 10112
  1349 10112
  1350 10112
  1351 10112
  1352 10112
  1353 10112
  1354 10112
  1355 10112
  1356 10112
  1357 10112
  1358 10112
  1359 10112
  1360 10112
  1361 10112
  1362 10112
  1363 10112
  1364 10112
  1365 10112
  1366 10112
  1367 10112
  1368 10112
  1369 10112
  1370 10112
  1371 10112
  1372 10112
  1373 10112
  1374 10112
  1375 10112
  1376 10112
  1377 10112
  1378 10112
  1379 10112
  1380 10112
  1381 10112
  1382 10112
  1383 10112
  1384 10112
  1385 10112
  1386 10112
  1387 10112
  1388 10112
  1389 10112
  1390 10112
  1391 10112
  1392 10112
  1393 10112
  1394 10112
  1395 10112
  1396 10112
  1397 10112
  1398 10112
  1399 10112
  1400 10112
  1401 10112
  1402 10112
  1403 10112
  1404 10112
  1405 10112
  1406 10112
  1407 10112
  1408 10112
  1409 10112
  1410 10112
  1411 10112
  1412 10112
  1413 10112
  1414 10112
  1415 10112
  1416 10112
  1417 10112
  1418 10112
  1419 10112
  1420 10112
  1421 10112
  1422 10112
  1423 10112
  1424 10112
  1425 10112
  1426 10112
  1427 10112
  1428 10112
  1429 10112
  1430 10112
  1431 10112
  1432 10112
  1433 10112
  1434 10112
  1435 10112
  1436 10112
  1437 10112
  1438 10112
  1439 10112
  1440 10112
  1441 10112
  1442 10112
  1443 10112
  1444 10112
  1445 10112
  1446 10112
  1447 10112
  1448 10112
  1449 10112
  1450 10112
  1451 10112
  1452 10112
  1453 10112
  1454 10112
  1455 10112
  1456 10112
  1457 10112
  1458 10112
  1459 10112
  1460 10112
  1461 10112
  1462 10112
  1463 10112
  1464 10112
  1465 10112
  1466 10112
  1467 10112
  1468 10112
  1469 10112
  1470 10112
  1471 10112
  1472 10112
  1473 10112
  1474 10112
  1475 10112
  1476 10112
  1477 10112
  1478 10112
  1479 10112
  1480 10112
  1481 10112
  1482 10112
  1483 10112
  1484 10112
  1485 10112
  1486 10112
  1487 10112
  1488 10112
  1489 10112
  1490 10112
  1491 10112
  1492 10112
  1493 10112
  1494 10112
  1495 10112
  1496 10112
  1497 10112
  1498 10112
  1499 10112
  1500 10112
  1501 10154
  1503 10111
  1504 10018
  1505 10018
  1506 10018
  1507 10018
  1508 10018
  1509 10018
  1510 10018
  1511 10055
  1512 10055
  1513 10055
  1514 10055
  1521 10055
  1522 10158
  1523 10158
  1524 10158
  1525 10158
  1526 10018
  1527 10018
  1528 10055
  1529 10055
  1530 10055
  1531 10071
  1532 10071
  1533 10071
  1534 10149
  1535 10149
  1536 10149
  1537 10149
  1538 10149
  1539 10071
  1540 10071
  1541 10071
  1542 10141
  1603 10031
  1604 10031
  1605 10031
  1606 10031
  1607 10031
  1615 10055
  1616 10055
  1617 10055
  1618 10055
  1622 10108
  1623 10108
  1624 10108
  1625 10108
  1626 10108
  1627 10108
  1628 10108
  1629 10108
  1630 10108
  1631 10108
  1632 10108
  1633 10108
  1634 10108
  1635 10108
  1636 10108
  1637 10108
  1638 10108
  1639 10108
  1640 10108
  1641 10108
  1642 10108
  1643 10108
  1644 10108
  1645 10108
  1646 10108
  1647 10108
  1648 10108
  1649 10108
  1650 10108
  1651 10108
  1652 10108
  1653 10108
  1654 10108
  1655 10108
  1656 10108
  1657 10108
  1658 10108
  1659 10108
  1660 10108
  1661 10108
  1662 10108
  1663 10108
  1664 10108
  1665 10108
  1666 10108
  1667 10108
  1668 10108
  1669 10108
  1670 10108
  1671 10108
  1672 10108
  1673 10108
  1674 10108
  1675 10108
  1676 10108
  1677 10108
  1678 10108
  1679 10108
  1680 10108
  1681 10108
  1682 10108
  1683 10108
  1684 10108
  1685 10108
  1686 10108
  1687 10108
  1688 10108
  1689 10108
  1690 10108
  1691 10108
  1692 10108
  1693 10108
  1694 10108
  1695 10108
  1696 10108
  1697 10108
  1698 10108
  1699 10108
  1700 10108
  1701 10108
  1702 10108
  1703 10108
  1704 10108
  1705 10108
  1706 10108
  1707 10108
  1708 10108
  1709 10108
  1710 10108
  1711 10108
  1712 10108
  1713 10108
  1714 10108
  1715 10108
  1716 10108
  1717 10108
  1718 10108
  1719 10108
  1720 10108
  1721 10108
  1722 10108
  1723 10108
  1724 10108
  1725 10108
  1726 10108
  1727 10108
  1728 10108
  1729 10108
  1730 10108
  1731 10108
  1732 10108
  1733 10108
  1734 10108
  1735 10108
  1736 10108
  1737 10108
  1738 10108
  1739 10108
  1740 10108
  1741 10108
  1742 10108
  1743 10108
  1744 10108
  1745 10108
  1746 10108
  1747 10108
  1748 10108
  1749 10108
  1750 10108
  1751 10108
  1752 10108
  1753 10108
  1754 10108
  1755 10108
  1756 10108
  1757 10108
  1758 10108
  1759 10108
  1760 10108
  1761 10108
  1762 10108
  1763 10108
  1764 10108
  1765 10108
  1766 10108
  1767 10108
  1768 10108
  1769 10108
  1770 10108
  1771 10108
  1772 10108
  1773 10108
  1774 10108
  1775 10108
  1776 10108
  1777 10108
  1778 10108
  1779 10108
  1780 10108
  1781 10108
  1782 10108
  1783 10108
  1784 10108
  1785 10108
  1786 10108
  1787 10108
  1788 10108
  1789 10108
  1790 10108
  1791 10108
  1792 10108
  1793 10108
  1794 10108
  1795 10108
  1796 10108
  1797 10108
  1798 10108
  1799 10108
  1800 10108
  1801 10108
  1802 10108
  1803 10108
  1804 10108
  1805 10108
  1806 10108
  1807 10108
  1808 10108
  1809 10108
  1810 10108
  1811 10108
  1812 10108
  1813 10108
  1814 10108
  1815 10108
  1816 10108
  1817 10108
  1818 10108
  1819 10108
  1820 10108
  1821 10108
  1822 10108
  1823 10108
  1824 10108
  1825 10108
  1826 10108
  1827 10108
  1828 10108
  1829 10108
  1830 10108
  1831 10108
  1832 10108
  1833 10108
  1834 10108
  1835 10108
  1836 10108
  1837 10108
  1838 10108
  1839 10108
  1840 10108
  1841 10108
  1842 10108
  1843 10108
  1844 10108
  1845 10108
  1846 10108
  1847 10108
  1848 10108
  1849 10108
  1850 10108
  1851 10108
  1852 10108
  1853 10108
  1854 10108
  1855 10108
  1856 10125
  1857 10125
  1858 10125
  1859 10125
  1860 10125
  1865 10074
  1866 10074
  1867 10074
  1868 10074
  1869 10074
  1870 10074
  1871 10074
  1872 10074
  1873 10074
  1874 10074
  1875 10074
  1876 10074
  1877 10074
  1878 10074
  1879 10074
  1880 10074
  1881 10074
  1882 10074
  1883 10074
  1884 10074
  1885 10074
  1886 10074
  1887 10074
  1888 10074
  1889 10074
  1890 10074
  1891 10074
  1892 10074
  1893 10074
  1894 10074
  1895 10074
  1896 10074
  1897 10074
  1898 10074
  1899 10074
  1900 10074
  1901 10074
  1902 10074
  1903 10074
  1904 10074
  1905 10074
  1906 10074
  1907 10074
  1908 10074
  1909 10074
  1910 10074
  1911 10074
  1912 10074
  1913 10074
  1914 10074
  1915 10074
  1916 10074
  1917 10074
  1918 10074
  1919 10074
  1920 10074
  1921 10074
  1922 10074
  1923 10074
  1924 10074
  1925 10074
  1926 10074
  1927 10074
  1928 10074
  1929 10074
  1930 10074
  1931 10074
  1932 10074
  1933 10074
  1934 10074
  1935 10074
  1936 10074
  1937 10074
  1938 10074
  1939 10074
  1940 10074
  1941 10074
  1942 10074
  1943 10074
  1944 10074
  1945 10074
  1946 10074
  1947 10074
  1948 10074
  1949 10074
  1950 10074
  1951 10074
  1952 10074
  1953 10074
  1954 10074
  1955 10074
  1956 10074
  1957 10074
  1958 10074
  1959 10074
  1960 10074
  1961 10074
  1962 10074
  1963 10074
  1964 10074
  1965 10074
  1966 10074
  1967 10074
  1968 10074
  1969 10074
  1970 10074
  1971 10074
  1972 10074
  1973 10074
  1974 10074
  1975 10074
  1976 10074
  1977 10074
  1978 10074
  1979 10074
  1980 10074
  1981 10074
  1982 10074
  1983 10074
  1984 10074
  1985 10074
  1986 10074
  1987 10074
  1988 10074
  1989 10074
  1990 10074
  1991 10074
  1992 10074
  1993 10074
  1994 10074
  1995 10074
  1996 10074
  1997 10074
  1998 10074
  1999 10074
  2000 10074
  2001 10074
  2002 10074
  2003 10074
  2004 10074
  2005 10074
  2006 10074
  2007 10074
  2008 10074
  2009 10074
  2010 10074
  2011 10074
  2012 10074
  2013 10074
  2014 10074
  2015 10074
  2016 10074
  2017 10074
  2018 10074
  2019 10074
  2020 10074
  2021 10074
  2022 10074
  2023 10074
  2024 10074
  2025 10074
