   685 10029
   686 10029
   687 10029
   688 10029
   689 10029
   690 10029
   691 10029
   692 10029
   693 10029
   694 10029
   695 10029
   696 10029
   697 10029
   698 10029
   699 10029
   700 10029
   701 10029
   702 10029
   703 10029
   704 10029
   705 10029
   706 10029
   707 10029
   708 10029
   709 10029
   710 10029
   711 10029
   712 10029
   713 10029
   714 10029
   715 10029
   716 10029
   717 10029
   718 10029
   719 10029
   720 10029
   721 10029
   722 10029
   723 10029
   724 10029
   725 10029
   726 10029
   727 10029
   728 10029
   729 10029
   730 10029
   731 10029
   732 10029
   733 10029
   734 10029
   735 10029
   736 10029
   737 10029
   738 10029
   739 10029
   740 10029
   741 10029
   742 10029
   743 10029
   744 10029
   745 10029
   746 10029
   747 10029
   748 10029
   749 10029
   750 10029
   751 10029
   752 10029
   753 10029
   754 10029
   755 10029
   756 10029
   757 10029
   758 10029
   759 10029
   760 10029
   761 10029
   762 10029
   763 10029
   764 10029
   765 10029
   766 10029
   767 10029
   768 10029
   769 10029
   770 10029
   771 10029
   772 10029
   773 10029
   774 10029
   775 10029
   776 10029
   777 10029
   778 10029
   779 10029
   780 10029
   781 10025
   782 10025
   783 10044
   784 10044
   785 10044
   786 10044
   787 10044
   788 10044
   789 10044
   790 10044
   791 10044
   792 10044
   793 10044
   794 10044
   795 10044
   796 10044
   797 10044
   798 10044
   799 10044
   800 10044
   801 10044
   802 10044
   803 10044
   804 10044
   805 10044
   806 10044
   807 10044
   808 10044
   809 10044
   810 10044
   811 10044
   812 10044
   813 10044
   814 10044
   815 10044
   816 10044
   817 10044
   818 10044
   819 10044
   820 10044
   821 10044
   822 10044
   823 10044
   824 10044
   825 10044
   826 10044
   827 10044
   828 10044
   829 10044
   830 10044
   831 10044
   832 10044
   833 10044
   834 10044
   835 10044
   836 10044
   837 10044
   838 10044
   839 10044
   840 10044
   841 10044
   842 10044
   843 10044
   844 10044
   845 10044
   846 10044
   847 10044
   848 10044
   849 10044
   850 10044
   851 10044
   852 10044
   853 10044
   854 10044
   855 10044
   856 10044
   857 10044
   858 10044
   859 10044
   860 10044
   861 10044
   862 10044
   863 10044
   864 10044
   865 10044
   866 10044
   867 10044
   868 10044
   869 10044
   870 10044
   871 10044
   872 10044
   873 10044
   874 10044
   875 10044
   876 10044
   877 10044
   878 10044
   879 10044
   880 10044
   881 10044
   882 10044
   883 10044
   884 10044
   885 10044
   886 10044
   887 10044
   888 10044
   889 10044
   890 10044
   891 10044
   892 10044
   893 10044
   894 10044
   895 10044
   896 10044
   897 10044
   898 10044
   899 10044
   900 10044
   901 10044
   902 10044
   903 10044
   904 10044
   905 10044
   906 10044
   907 10044
   908 10044
   909 10044
   910 10044
   911 10044
   912 10044
   913 10044
   914 10044
   915 10044
   916 10044
   917 10044
   918 10044
   919 10044
   920 10044
   921 10044
   922 10044
   923 10044
   924 10044
   925 10044
   926 10044
   927 10044
   928 10044
   929 10044
   930 10044
   931 10044
   932 10044
   933 10044
   934 10044
   935 10044
   936 10044
   937 10044
   938 10044
   939 10044
   940 10044
   941 10044
   942 10044
   943 10044
   944 10044
   945 10044
   946 10044
   947 10044
   948 10044
   949 10044
   950 10044
   951 10044
   952 10044
   953 10044
   954 10044
   955 10044
   956 10044
   957 10044
   958 10044
   959 10044
   960 10044
   961 10044
   962 10044
   963 10044
   964 10044
   965 10044
   966 10044
   967 10044
   968 10044
   969 10044
   970 10044
   971 10044
   972 10044
   973 10044
   974 10044
   975 10044
   976 10044
   977 10044
   978 10044
   979 10044
   980 10044
   981 10044
   982 10044
   983 10044
   984 10044
   985 10044
   986 10044
   987 10044
   988 10044
   989 10044
   990 10044
   991 10044
   992 10044
   993 10044
   994 10044
   995 10044
   996 10044
   997 10044
   998 10044
   999 10044
  1000 10044
  1001 10044
  1002 10044
  1003 10044
  1004 10044
  1005 10044
  1006 10044
  1007 10044
  1008 10044
  1009 10044
  1010 10044
  1011 10044
  1012 10044
  1013 10044
  1014 10044
  1015 10044
  1016 10044
  1017 10044
  1018 10044
  1019 10044
  1020 10044
  1021 10025
  1025 10083
  1026 10083
  1027 10083
  1028 10083
  1029 10083
  1030 10083
  1031 10083
  1032 10083
  1033 10083
  1034 10083
  1035 10083
  1036 10083
  1037 10083
  1038 10083
  1039 10083
  1040 10083
  1041 10083
  1042 10083
  1043 10083
  1044 10083
  1045 10083
  1046 10083
  1047 10083
  1048 10083
  1049 10083
  1050 10083
  1051 10083
  1052 10083
  1053 10083
  1054 10083
  1055 10083
  1056 10083
  1057 10083
  1058 10083
  1059 10083
  1060 10083
  1061 10083
  1062 10083
  1063 10083
  1064 10083
  1065 10083
  1066 10083
  1067 10083
  1068 10083
  1069 10083
  1070 10083
  1071 10083
  1072 10083
  1073 10083
  1074 10083
  1075 10083
  1076 10083
  1077 10083
  1078 10083
  1079 10083
  1080 10083
  1081 10083
  1082 10083
  1083 10083
  1084 10083
  1085 10083
  1086 10083
  1087 10083
  1088 10083
  1089 10083
  1090 10083
  1091 10083
  1092 10083
  1093 10083
  1094 10083
  1095 10083
  1096 10083
  1097 10083
  1098 10083
  1099 10083
  1100 10083
  1101 10083
  1102 10083
  1103 10083
  1104 10083
  1105 10083
  1106 10083
  1107 10083
  1108 10083
  1109 10083
  1110 10083
  1111 10083
  1112 10083
  1113 10083
  1114 10083
  1115 10083
  1116 10083
  1117 10083
  1118 10083
  1119 10083
  1120 10083
  1121 10083
  1122 10083
  1123 10083
  1124 10083
  1125 10083
  1126 10083
  1127 10083
  1128 10083
  1129 10083
  1130 10083
  1131 10083
  1132 10083
  1133 10083
  1134 10083
  1135 10083
  1136 10083
  1137 10083
  1138 10083
  1139 10083
  1140 10083
  1141 10083
  1142 10083
  1143 10083
  1144 10083
  1145 10083
  1146 10083
  1147 10083
  1148 10083
  1149 10083
  1150 10083
  1151 10083
  1152 10083
  1153 10083
  1154 10083
  1155 10083
  1156 10083
  1157 10083
  1158 10083
  1159 10083
  1160 10083
  1161 10083
  1162 10083
  1163 10083
  1164 10083
  1165 10083
  1166 10083
  1167 10083
  1168 10083
  1169 10083
  1170 10083
  1171 10083
  1172 10083
  1173 10083
  1174 10083
  1175 10083
  1176 10083
  1177 10083
  1178 10083
  1179 10083
  1180 10083
  1181 10083
  1182 10083
  1183 10083
  1184 10083
  1185 10083
  1186 10083
  1187 10083
  1188 10083
  1189 10083
  1190 10083
  1191 10083
  1192 10083
  1193 10083
  1194 10083
  1195 10083
  1196 10083
  1197 10083
  1198 10083
  1199 10083
  1200 10083
  1201 10083
  1202 10083
  1203 10083
  1204 10083
  1205 10083
  1206 10083
  1207 10083
  1208 10083
  1209 10083
  1210 10083
  1211 10083
  1212 10083
  1213 10083
  1214 10083
  1215 10083
  1216 10083
  1217 10083
  1218 10083
  1219 10083
  1220 10083
  1221 10083
  1222 10083
  1223 10083
  1224 10083
  1225 10083
  1226 10083
  1227 10083
  1228 10083
  1229 10083
  1230 10083
  1231 10083
  1232 10083
  1233 10083
  1234 10083
  1235 10083
  1236 10083
  1237 10083
  1238 10083
  1239 10083
  1240 10083
  1241 10083
  1242 10083
  1243 10083
  1244 10083
  1245 10083
  1246 10083
  1247 10083
  1248 10083
  1249 10083
  1250 10083
  1251 10083
  1252 10083
  1253 10083
  1254 10083
  1255 10083
  1256 10083
  1257 10083
  1258 10083
  1259 10094
  1260 10094
  1261 10094
  1262 10094
  1263 10095
  1264 10095
  1265 10095
  1266 10095
  1267 10095
  1268 10095
  1269 10095
  1270 10095
  1271 10095
  1272 10095
  1273 10095
  1274 10095
  1275 10095
  1276 10095
  1277 10095
  1278 10095
  1279 10095
  1280 10095
  1281 10095
  1282 10095
  1283 10095
  1284 10095
  1285 10095
  1286 10095
  1287 10095
  1288 10095
  1289 10095
  1290 10095
  1291 10095
  1292 10095
  1293 10095
  1294 10095
  1295 10095
  1296 10095
  1297 10095
  1298 10095
  1299 10095
  1300 10095
  1301 10095
  1302 10095
  1303 10095
  1304 10095
  1305 10095
  1306 10095
  1307 10095
  1308 10095
  1309 10095
  1310 10095
  1311 10095
  1312 10095
  1313 10095
  1314 10095
  1315 10095
  1316 10095
  1317 10095
  1318 10095
  1319 10095
  1320 10095
  1321 10095
  1322 10095
  1323 10095
  1324 10095
  1325 10095
  1326 10095
  1327 10095
  1328 10095
  1329 10095
  1330 10095
  1331 10095
  1332 10095
  1333 10095
  1334 10095
  1335 10095
  1336 10095
  1337 10095
  1338 10095
  1339 10095
  1340 10095
  1341 10095
  1342 10095
  1343 10095
  1344 10095
  1345 10095
  1346 10095
  1347 10095
  1348 10095
  1349 10095
  1350 10095
  1351 10095
  1352 10095
  1353 10095
  1354 10095
  1355 10095
  1356 10095
  1357 10095
  1358 10095
  1359 10095
  1360 10095
  1361 10095
  1362 10095
  1363 10095
  1364 10095
  1365 10095
  1366 10095
  1367 10095
  1368 10095
  1369 10095
  1370 10095
  1371 10095
  1372 10095
  1373 10095
  1374 10095
  1375 10095
  1376 10095
  1377 10095
  1378 10095
  1379 10095
  1380 10095
  1381 10095
  1382 10095
  1383 10095
  1384 10095
  1385 10095
  1386 10095
  1387 10095
  1388 10095
  1389 10095
  1390 10095
  1391 10095
  1392 10095
  1393 10095
  1394 10095
  1395 10095
  1396 10095
  1397 10095
  1398 10095
  1399 10095
  1400 10095
  1401 10095
  1402 10095
  1403 10095
  1404 10095
  1405 10095
  1406 10095
  1407 10095
  1408 10095
  1409 10095
  1410 10095
  1411 10095
  1412 10095
  1413 10095
  1414 10095
  1415 10095
  1416 10095
  1417 10095
  1418 10095
  1419 10095
  1420 10095
  1421 10095
  1422 10095
  1423 10095
  1424 10095
  1425 10095
  1426 10095
  1427 10095
  1428 10095
  1429 10095
  1430 10095
  1431 10095
  1432 10095
  1433 10095
  1434 10095
  1435 10095
  1436 10095
  1437 10095
  1438 10095
  1439 10095
  1440 10095
  1441 10095
  1442 10095
  1443 10095
  1444 10095
  1445 10095
  1446 10095
  1447 10095
  1448 10095
  1449 10095
  1450 10095
  1451 10095
  1452 10095
  1453 10095
  1454 10095
  1455 10095
  1456 10095
  1457 10095
  1458 10095
  1459 10095
  1460 10095
  1461 10095
  1462 10095
  1463 10095
  1464 10095
  1465 10095
  1466 10095
  1467 10095
  1468 10095
  1469 10095
  1470 10095
  1471 10095
  1472 10095
  1473 10095
  1474 10095
  1475 10095
  1476 10095
  1477 10095
  1478 10095
  1479 10095
  1480 10095
  1481 10095
  1482 10095
  1483 10095
  1484 10095
  1485 10095
  1486 10095
  1487 10095
  1488 10095
  1489 10095
  1490 10095
  1491 10095
  1492 10095
  1493 10095
  1494 10095
  1495 10095
  1496 10095
  1497 10095
  1498 10095
  1499 10095
  1500 10095
  1502 10055
  1503 10055
  1504 10018
  1505 10018
  1506 10018
  1507 10018
  1508 10018
  1509 10018
  1510 10018
  1511 10018
  1512 10018
  1513 10055
  1514 10055
  1515 10055
  1516 10055
  1517 10055
  1518 10055
  1519 10055
  1520 10055
  1521 10055
  1522 10055
  1523 10055
  1524 10018
  1525 10055
  1526 10055
  1527 10055
  1528 10055
  1529 10055
  1530 10055
  1531 10055
  1532 10055
  1533 10055
  1534 10055
  1535 10055
  1536 10018
  1537 10055
  1538 10055
  1539 10055
  1540 10055
  1541 10055
  1542 10055
  1543 10055
  1544 10055
  1545 10055
  1546 10055
  1547 10055
  1548 10018
  1550 10055
  1551 10055
  1552 10018
  1553 10055
  1554 10055
  1555 10055
  1556 10055
  1557 10055
  1558 10055
  1559 10055
  1560 10055
  1561 10055
  1562 10018
  1563 10055
  1564 10018
  1576 10154
  1577 10154
  1578 10154
  1579 10154
  1580 10154
  1581 10154
  1588 10115
  1589 10115
  1621 10067
  1622 10067
  1623 10067
  1624 10067
  1625 10067
  1626 10067
  1627 10067
  1628 10067
  1629 10067
  1630 10067
  1631 10067
  1632 10067
  1633 10067
  1634 10067
  1635 10067
  1636 10067
  1637 10067
  1638 10067
  1639 10067
  1640 10067
  1641 10067
  1642 10067
  1643 10067
  1644 10067
  1645 10067
  1646 10067
  1647 10067
  1648 10067
  1649 10067
  1650 10067
  1651 10067
  1652 10067
  1653 10067
  1654 10067
  1655 10067
  1656 10067
  1657 10067
  1658 10067
  1659 10067
  1660 10067
  1661 10067
  1662 10067
  1663 10067
  1664 10067
  1665 10067
  1666 10067
  1667 10067
  1668 10067
  1669 10067
  1670 10067
  1671 10067
  1672 10067
  1673 10067
  1674 10067
  1675 10067
  1676 10067
  1677 10067
  1678 10067
  1679 10067
  1680 10067
  1681 10067
  1682 10067
  1683 10067
  1684 10067
  1685 10067
  1686 10067
  1687 10067
  1688 10067
  1689 10067
  1690 10067
  1691 10067
  1692 10067
  1693 10067
  1694 10067
  1695 10067
  1696 10067
  1697 10067
  1698 10067
  1699 10067
  1700 10067
  1701 10067
  1702 10067
  1703 10067
  1704 10067
  1705 10067
  1706 10067
  1707 10067
  1708 10067
  1709 10067
  1710 10067
  1711 10067
  1712 10067
  1713 10067
  1714 10067
  1715 10067
  1716 10067
  1717 10067
  1718 10067
  1719 10067
  1720 10067
  1721 10067
  1722 10067
  1723 10067
  1724 10067
  1725 10067
  1726 10067
  1727 10067
  1728 10067
  1729 10067
  1730 10067
  1731 10067
  1732 10067
  1733 10067
  1734 10067
  1735 10067
  1736 10067
  1737 10067
  1738 10067
  1739 10067
  1740 10067
  1741 10067
  1742 10067
  1743 10067
  1744 10067
  1745 10067
  1746 10067
  1747 10067
  1748 10067
  1749 10067
  1750 10067
  1751 10067
  1752 10067
  1753 10067
  1754 10067
  1755 10067
  1756 10067
  1757 10067
  1758 10067
  1759 10067
  1760 10067
  1761 10067
  1762 10067
  1763 10067
  1764 10067
  1765 10067
  1766 10067
  1767 10067
  1768 10067
  1769 10067
  1770 10067
  1771 10067
  1772 10067
  1773 10067
  1774 10067
  1775 10067
  1776 10067
  1777 10067
  1778 10067
  1779 10067
  1780 10067
  1781 10067
  1782 10067
  1783 10067
  1784 10067
  1785 10067
  1786 10067
  1787 10067
  1788 10067
  1789 10067
  1790 10067
  1791 10067
  1792 10067
  1793 10067
  1794 10067
  1795 10067
  1796 10067
  1797 10067
  1798 10067
  1799 10067
  1800 10067
  1801 10067
  1802 10067
  1803 10067
  1804 10067
  1805 10067
  1806 10067
  1807 10067
  1808 10067
  1809 10067
  1810 10067
  1811 10067
  1812 10067
  1813 10067
  1814 10067
  1815 10067
  1816 10067
  1817 10067
  1818 10067
  1819 10067
  1820 10067
  1821 10067
  1822 10067
  1823 10067
  1824 10067
  1825 10067
  1826 10067
  1827 10067
  1828 10067
  1829 10067
  1830 10067
  1831 10067
  1832 10067
  1833 10067
  1834 10067
  1835 10067
  1836 10067
  1837 10067
  1838 10067
  1839 10067
  1840 10067
  1841 10067
  1842 10067
  1843 10067
  1844 10067
  1845 10067
  1846 10067
  1847 10067
  1848 10067
  1849 10067
  1850 10067
  1851 10067
  1852 10067
  1853 10067
  1854 10067
  1855 10067
  1856 10067
  1857 10067
  1858 10067
  1859 10067
  1860 10067
  1863 10049
  1864 10049
  1865 10049
  1866 10049
  1867 10049
  1868 10049
  1869 10049
  1870 10049
  1871 10049
  1872 10049
  1873 10049
  1874 10049
  1875 10049
  1876 10049
  1877 10049
  1878 10049
  1879 10049
  1880 10049
  1881 10049
  1882 10049
  1883 10049
  1884 10049
  1885 10049
  1886 10049
  1887 10049
  1888 10049
  1889 10049
  1890 10049
  1891 10049
  1892 10049
  1893 10049
  1894 10049
  1895 10049
  1896 10049
  1897 10049
  1898 10049
  1899 10049
  1900 10049
  1901 10049
  1902 10049
  1903 10049
  1904 10049
  1905 10049
  1906 10049
  1907 10049
  1908 10049
  1909 10049
  1910 10049
  1911 10049
  1912 10049
  1913 10049
  1914 10049
  1915 10049
  1916 10049
  1917 10049
  1918 10049
  1919 10049
  1920 10049
  1921 10049
  1922 10049
  1923 10049
  1924 10049
  1925 10049
  1926 10049
  1927 10049
  1928 10049
  1929 10049
  1930 10049
  1931 10049
  1932 10049
  1933 10049
  1934 10049
  1935 10049
  1936 10049
  1937 10049
  1938 10049
  1939 10049
  1940 10049
  1941 10049
  1942 10049
  1943 10049
  1944 10049
  1945 10049
  1946 10049
  1947 10049
  1948 10049
  1949 10049
  1950 10049
  1951 10049
  1952 10049
  1953 10049
  1954 10049
  1955 10049
  1956 10049
  1957 10049
  1958 10049
  1959 10049
  1960 10049
  1961 10049
  1962 10049
  1963 10049
  1964 10049
  1965 10049
  1966 10049
  1967 10049
  1968 10049
  1969 10049
  1970 10049
  1971 10049
  1972 10049
  1973 10049
  1974 10049
  1975 10049
  1976 10049
  1977 10049
  1978 10049
  1979 10049
  1980 10049
  1981 10049
  1982 10049
  1983 10049
  1984 10049
  1985 10049
  1986 10049
  1987 10049
  1988 10049
  1989 10049
  1990 10049
  1991 10049
  1992 10049
  1993 10049
  1994 10049
  1995 10049
  1996 10049
  1997 10049
  1998 10049
  1999 10049
  2000 10049
  2001 10049
  2002 10049
  2003 10049
  2004 10049
  2005 10049
  2006 10049
  2007 10049
  2008 10049
  2009 10049
  2010 10049
  2011 10049
  2012 10049
  2013 10049
  2014 10049
  2015 10049
  2016 10049
  2017 10049
  2018 10049
  2019 10049
  2020 10049
  2021 10049
  2022 10049
  2025 10141
  2029 10029
  2030 10029
  2031 10029
  2032 10029
  2033 10029
