   690 10044
   691 10044
   692 10044
   693 10044
   694 10044
   695 10044
   696 10044
   697 10044
   698 10044
   699 10044
   700 10044
   701 10044
   702 10044
   703 10044
   704 10044
   705 10044
   706 10044
   707 10044
   708 10044
   709 10044
   710 10044
   711 10044
   712 10044
   713 10044
   714 10044
   715 10044
   716 10044
   717 10044
   718 10044
   719 10044
   720 10044
   721 10044
   722 10044
   723 10044
   724 10044
   725 10044
   726 10044
   727 10044
   728 10044
   729 10044
   730 10044
   731 10044
   732 10044
   733 10044
   734 10044
   735 10044
   736 10044
   737 10044
   738 10044
   739 10044
   740 10044
   741 10044
   742 10044
   743 10044
   744 10044
   745 10044
   746 10044
   747 10044
   748 10044
   749 10044
   750 10044
   751 10044
   752 10044
   753 10044
   754 10044
   755 10044
   756 10044
   757 10044
   758 10044
   759 10044
   760 10044
   761 10044
   762 10044
   763 10044
   764 10044
   765 10044
   766 10044
   767 10044
   768 10044
   769 10044
   770 10044
   771 10044
   772 10044
   773 10044
   774 10044
   775 10044
   776 10044
   777 10044
   778 10044
   779 10044
   780 10044
   781 10108
   782 10108
   783 10108
   784 10108
   785 10108
   786 10108
   787 10108
   788 10108
   789 10108
   790 10108
   791 10101
   792 10101
   793 10101
   794 10101
   795 10108
   796 10108
   797 10108
   798 10108
   799 10108
   800 10108
   801 10108
   802 10108
   803 10108
   804 10108
   805 10108
   806 10108
   807 10108
   808 10108
   809 10108
   810 10108
   811 10108
   812 10108
   813 10108
   814 10108
   815 10108
   816 10108
   817 10108
   818 10108
   819 10108
   820 10108
   821 10108
   822 10108
   823 10108
   824 10108
   825 10108
   826 10108
   827 10108
   828 10108
   829 10108
   830 10108
   831 10108
   832 10108
   833 10108
   834 10108
   835 10108
   836 10108
   837 10108
   838 10108
   839 10108
   840 10108
   841 10108
   842 10108
   843 10108
   844 10108
   845 10108
   846 10108
   847 10108
   848 10108
   849 10108
   850 10108
   851 10108
   852 10108
   853 10108
   854 10108
   855 10108
   856 10108
   857 10108
   858 10108
   859 10108
   860 10108
   861 10108
   862 10108
   863 10108
   864 10108
   865 10108
   866 10108
   867 10108
   868 10108
   869 10108
   870 10108
   871 10108
   872 10108
   873 10108
   874 10108
   875 10108
   876 10108
   877 10108
   878 10108
   879 10108
   880 10108
   881 10108
   882 10108
   883 10108
   884 10108
   885 10108
   886 10108
   887 10108
   888 10108
   889 10108
   890 10108
   891 10108
   892 10108
   893 10108
   894 10108
   895 10108
   896 10108
   897 10108
   898 10108
   899 10108
   900 10108
   901 10108
   902 10108
   903 10108
   904 10108
   905 10108
   906 10108
   907 10108
   908 10108
   909 10108
   910 10108
   911 10108
   912 10108
   913 10108
   914 10108
   915 10108
   916 10108
   917 10108
   918 10108
   919 10108
   920 10108
   921 10108
   922 10108
   923 10108
   924 10108
   925 10108
   926 10108
   927 10108
   928 10108
   929 10108
   930 10108
   931 10108
   932 10108
   933 10108
   934 10108
   935 10108
   936 10108
   937 10108
   938 10108
   939 10108
   940 10108
   941 10108
   942 10108
   943 10108
   944 10108
   945 10108
   946 10108
   947 10108
   948 10108
   949 10108
   950 10108
   951 10108
   952 10108
   953 10108
   954 10108
   955 10108
   956 10108
   957 10108
   958 10108
   959 10108
   960 10108
   961 10108
   962 10108
   963 10108
   964 10108
   965 10108
   966 10108
   967 10108
   968 10108
   969 10108
   970 10108
   971 10108
   972 10108
   973 10108
   974 10108
   975 10108
   976 10108
   977 10108
   978 10108
   979 10108
   980 10108
   981 10108
   982 10108
   983 10108
   984 10108
   985 10108
   986 10108
   987 10108
   988 10108
   989 10108
   990 10108
   991 10108
   992 10108
   993 10108
   994 10108
   995 10108
   996 10108
   997 10108
   998 10108
   999 10108
  1000 10108
  1001 10108
  1002 10108
  1003 10108
  1004 10108
  1005 10108
  1006 10108
  1007 10108
  1008 10108
  1009 10108
  1010 10108
  1011 10108
  1012 10108
  1013 10108
  1014 10108
  1015 10108
  1016 10108
  1017 10108
  1018 10108
  1019 10108
  1020 10108
  1021 10108
  1022 10122
  1029 10017
  1030 10017
  1031 10017
  1032 10017
  1033 10017
  1034 10017
  1035 10017
  1036 10017
  1037 10017
  1038 10017
  1039 10017
  1040 10017
  1041 10017
  1042 10017
  1043 10017
  1044 10017
  1045 10017
  1046 10017
  1047 10017
  1048 10017
  1049 10017
  1050 10017
  1051 10017
  1052 10017
  1053 10017
  1054 10017
  1055 10017
  1056 10017
  1057 10017
  1058 10017
  1059 10017
  1060 10017
  1061 10017
  1062 10017
  1063 10017
  1064 10017
  1065 10017
  1066 10017
  1067 10017
  1068 10017
  1069 10017
  1070 10017
  1071 10017
  1072 10017
  1073 10017
  1074 10017
  1075 10017
  1076 10017
  1077 10017
  1078 10017
  1079 10017
  1080 10017
  1081 10017
  1082 10017
  1083 10017
  1084 10017
  1085 10017
  1086 10017
  1087 10017
  1088 10017
  1089 10017
  1090 10017
  1091 10017
  1092 10017
  1093 10017
  1094 10017
  1095 10017
  1096 10017
  1097 10017
  1098 10017
  1099 10017
  1100 10017
  1101 10017
  1102 10017
  1103 10017
  1104 10017
  1105 10017
  1106 10017
  1107 10017
  1108 10017
  1109 10017
  1110 10017
  1111 10017
  1112 10017
  1113 10017
  1114 10017
  1115 10017
  1116 10017
  1117 10017
  1118 10017
  1119 10017
  1120 10017
  1121 10017
  1122 10017
  1123 10017
  1124 10017
  1125 10017
  1126 10017
  1127 10017
  1128 10017
  1129 10017
  1130 10017
  1131 10017
  1132 10017
  1133 10017
  1134 10017
  1135 10017
  1136 10017
  1137 10017
  1138 10017
  1139 10017
  1140 10017
  1141 10017
  1142 10017
  1143 10017
  1144 10017
  1145 10017
  1146 10017
  1147 10017
  1148 10017
  1149 10017
  1150 10017
  1151 10017
  1152 10017
  1153 10017
  1154 10017
  1155 10017
  1156 10017
  1157 10017
  1158 10017
  1159 10017
  1160 10017
  1161 10017
  1162 10017
  1163 10017
  1164 10017
  1165 10017
  1166 10017
  1167 10017
  1168 10017
  1169 10017
  1170 10017
  1171 10017
  1172 10017
  1173 10017
  1174 10017
  1175 10017
  1176 10017
  1177 10017
  1178 10017
  1179 10017
  1180 10017
  1181 10017
  1182 10017
  1183 10017
  1184 10017
  1185 10017
  1186 10017
  1187 10017
  1188 10017
  1189 10017
  1190 10017
  1191 10017
  1192 10017
  1193 10017
  1194 10017
  1195 10017
  1196 10017
  1197 10017
  1198 10017
  1199 10017
  1200 10017
  1201 10017
  1202 10017
  1203 10017
  1204 10017
  1205 10017
  1206 10017
  1207 10017
  1208 10017
  1209 10017
  1210 10017
  1211 10017
  1212 10017
  1213 10017
  1214 10017
  1215 10017
  1216 10017
  1217 10017
  1218 10017
  1219 10017
  1220 10017
  1221 10017
  1222 10017
  1223 10017
  1224 10017
  1225 10017
  1226 10017
  1227 10017
  1228 10017
  1229 10017
  1230 10017
  1231 10017
  1232 10017
  1233 10017
  1234 10017
  1235 10017
  1236 10017
  1237 10017
  1238 10017
  1239 10017
  1240 10017
  1241 10017
  1242 10017
  1243 10017
  1244 10017
  1245 10017
  1246 10017
  1247 10017
  1248 10017
  1249 10017
  1250 10017
  1251 10017
  1252 10017
  1253 10017
  1254 10017
  1255 10017
  1256 10017
  1257 10017
  1258 10017
  1259 10072
  1263 10101
  1264 10101
  1265 10101
  1266 10101
  1267 10055
  1268 10055
  1269 10018
  1270 10018
  1271 10018
  1272 10018
  1273 10018
  1274 10018
  1275 10018
  1276 10018
  1277 10018
  1278 10040
  1279 10040
  1280 10040
  1281 10040
  1282 10040
  1283 10040
  1284 10040
  1285 10040
  1286 10040
  1287 10040
  1288 10040
  1289 10040
  1290 10040
  1291 10040
  1292 10040
  1293 10040
  1294 10040
  1295 10040
  1296 10040
  1297 10040
  1298 10040
  1299 10040
  1300 10040
  1301 10040
  1302 10040
  1303 10040
  1305 10040
  1306 10040
  1307 10040
  1308 10040
  1309 10040
  1310 10040
  1311 10040
  1312 10040
  1313 10040
  1314 10040
  1315 10040
  1316 10040
  1317 10040
  1318 10040
  1319 10040
  1320 10106
  1321 10040
  1322 10040
  1323 10040
  1324 10106
  1325 10018
  1326 10018
  1327 10018
  1328 10018
  1329 10018
  1330 10055
  1331 10018
  1332 10055
  1335 10141
  1343 10028
  1344 10028
  1373 10028
  1386 10016
  1387 10016
  1388 10016
  1389 10016
  1390 10016
  1391 10016
  1392 10016
  1393 10016
  1394 10016
  1395 10022
  1396 10022
  1397 10022
  1398 10022
  1399 10022
  1400 10022
  1401 10022
  1402 10022
  1403 10022
  1404 10022
  1405 10022
  1406 10022
  1407 10022
  1408 10022
  1409 10022
  1410 10022
  1411 10022
  1412 10022
  1413 10022
  1414 10022
  1415 10022
  1416 10022
  1417 10022
  1418 10022
  1419 10022
  1420 10022
  1421 10022
  1422 10022
  1423 10022
  1424 10022
  1425 10022
  1426 10022
  1427 10022
  1428 10022
  1429 10022
  1430 10022
  1431 10022
  1432 10022
  1433 10022
  1434 10022
  1435 10022
  1436 10022
  1437 10022
  1438 10022
  1439 10022
  1440 10022
  1441 10022
  1442 10022
  1443 10022
  1444 10022
  1445 10022
  1446 10022
  1447 10022
  1448 10022
  1449 10022
  1450 10022
  1451 10022
  1452 10022
  1453 10022
  1454 10022
  1455 10022
  1456 10022
  1457 10022
  1458 10022
  1459 10022
  1460 10022
  1461 10022
  1462 10022
  1463 10022
  1464 10022
  1465 10022
  1466 10022
  1467 10022
  1468 10022
  1469 10022
  1470 10022
  1471 10022
  1472 10022
  1473 10022
  1474 10022
  1475 10022
  1476 10022
  1477 10022
  1478 10022
  1479 10022
  1480 10022
  1481 10022
  1482 10022
  1483 10022
  1484 10022
  1485 10022
  1486 10022
  1487 10022
  1488 10022
  1489 10022
  1490 10022
  1491 10022
  1492 10022
  1493 10022
  1494 10022
  1495 10022
  1496 10022
  1497 10022
  1498 10022
  1499 10022
  1500 10022
  1501 10022
  1502 10022
  1503 10022
  1504 10022
  1505 10022
  1506 10022
  1507 10022
  1508 10022
  1509 10022
  1510 10022
  1511 10022
  1512 10022
  1513 10022
  1514 10022
  1515 10022
  1516 10022
  1517 10022
  1518 10022
  1519 10022
  1520 10022
  1521 10022
  1522 10022
  1523 10022
  1524 10022
  1525 10022
  1526 10022
  1527 10022
  1528 10022
  1529 10022
  1530 10022
  1531 10022
  1532 10022
  1533 10022
  1534 10022
  1535 10022
  1536 10022
  1537 10022
  1538 10022
  1539 10022
  1540 10022
  1541 10022
  1542 10022
  1543 10022
  1544 10022
  1545 10022
  1546 10022
  1547 10022
  1548 10022
  1549 10022
  1550 10022
  1551 10022
  1552 10022
  1553 10022
  1554 10022
  1555 10022
  1556 10022
  1557 10022
  1558 10022
  1559 10022
  1560 10022
  1561 10022
  1562 10022
  1563 10022
  1564 10022
  1565 10022
  1566 10022
  1567 10022
  1568 10022
  1569 10022
  1570 10022
  1571 10022
  1572 10022
  1573 10022
  1574 10022
  1575 10022
  1576 10022
  1577 10022
  1578 10022
  1579 10022
  1580 10022
  1581 10022
  1582 10022
  1583 10022
  1584 10022
  1585 10022
  1586 10022
  1587 10022
  1588 10022
  1589 10022
  1590 10022
  1591 10022
  1592 10022
  1593 10022
  1594 10022
  1595 10022
  1596 10022
  1597 10022
  1598 10022
  1599 10022
  1600 10022
  1601 10022
  1602 10022
  1603 10022
  1604 10022
  1605 10022
  1606 10022
  1607 10022
  1608 10022
  1609 10022
  1610 10022
  1611 10022
  1612 10022
  1613 10022
  1614 10022
  1615 10022
  1616 10022
  1617 10022
  1618 10022
  1619 10022
  1620 10022
  1621 10043
  1622 10101
  1623 10101
  1624 10101
  1625 10101
  1627 10031
  1628 10031
  1629 10031
  1630 10031
  1631 10031
  1632 10031
  1633 10031
  1634 10031
  1635 10031
  1636 10031
  1637 10031
  1638 10031
  1639 10031
  1640 10031
  1641 10031
  1642 10031
  1643 10031
  1644 10031
  1645 10031
  1646 10031
  1647 10031
  1648 10031
  1649 10031
  1650 10031
  1651 10031
  1652 10031
  1653 10031
  1654 10031
  1655 10031
  1656 10031
  1657 10031
  1658 10031
  1659 10031
  1660 10031
  1661 10031
  1662 10031
  1663 10031
  1664 10031
  1665 10031
  1666 10031
  1667 10031
  1668 10031
  1669 10031
  1670 10031
  1671 10031
  1672 10031
  1673 10031
  1674 10031
  1675 10031
  1676 10031
  1677 10031
  1678 10031
  1679 10031
  1680 10031
  1681 10031
  1682 10031
  1683 10031
  1684 10031
  1685 10031
  1686 10031
  1687 10031
  1688 10031
  1689 10031
  1690 10031
  1691 10031
  1692 10031
  1693 10031
  1694 10031
  1695 10031
  1696 10031
  1697 10031
  1698 10031
  1699 10031
  1700 10031
  1701 10031
  1702 10031
  1703 10031
  1704 10031
  1705 10031
  1706 10031
  1707 10031
  1708 10031
  1709 10031
  1710 10031
  1711 10031
  1712 10031
  1713 10031
  1714 10031
  1715 10031
  1716 10031
  1717 10031
  1718 10031
  1719 10031
  1720 10031
  1721 10031
  1722 10031
  1723 10031
  1724 10031
  1725 10031
  1726 10031
  1727 10031
  1728 10031
  1729 10031
  1730 10031
  1731 10031
  1732 10031
  1733 10031
  1734 10031
  1735 10031
  1736 10031
  1737 10031
  1738 10031
  1739 10031
  1740 10031
  1741 10031
  1742 10031
  1743 10031
  1744 10031
  1745 10031
  1746 10031
  1747 10031
  1748 10031
  1749 10031
  1750 10031
  1751 10031
  1752 10031
  1753 10031
  1754 10031
  1755 10031
  1756 10031
  1757 10031
  1758 10031
  1759 10031
  1760 10031
  1761 10031
  1762 10031
  1763 10031
  1764 10031
  1765 10031
  1766 10031
  1767 10031
  1768 10031
  1769 10031
  1770 10031
  1771 10031
  1772 10031
  1773 10031
  1774 10031
  1775 10031
  1776 10031
  1777 10031
  1778 10031
  1779 10031
  1780 10031
  1781 10031
  1782 10031
  1783 10031
  1784 10031
  1785 10031
  1786 10031
  1787 10031
  1788 10031
  1789 10031
  1790 10031
  1791 10031
  1792 10031
  1793 10031
  1794 10031
  1795 10031
  1796 10031
  1797 10031
  1798 10031
  1799 10031
  1800 10031
  1801 10031
  1802 10031
  1803 10031
  1804 10031
  1805 10031
  1806 10031
  1807 10031
  1808 10031
  1809 10031
  1810 10031
  1811 10031
  1812 10031
  1813 10031
  1814 10031
  1815 10031
  1816 10031
  1817 10031
  1818 10031
  1819 10031
  1820 10031
  1821 10031
  1822 10031
  1823 10031
  1824 10031
  1825 10031
  1826 10031
  1827 10031
  1828 10031
  1829 10031
  1830 10031
  1831 10031
  1832 10031
  1833 10031
  1834 10031
  1835 10031
  1836 10031
  1837 10031
  1838 10031
  1839 10031
  1840 10031
  1841 10031
  1842 10031
  1843 10031
  1844 10031
  1845 10031
  1846 10031
  1847 10031
  1848 10031
  1849 10031
  1850 10031
  1851 10031
  1852 10031
  1853 10031
  1854 10031
  1855 10031
  1856 10031
  1857 10031
  1858 10031
  1859 10154
  1860 10031
  1864 10128
  1865 10128
  1866 10128
  1867 10061
  1868 10061
  1869 10061
  1870 10064
  1871 10064
  1872 10064
  1873 10094
  1874 10064
  1875 10064
  1876 10064
  1877 10064
  1878 10064
  1879 10064
  1880 10064
  1881 10094
  1882 10094
  1883 10094
  1884 10094
  1885 10094
  1886 10094
  1887 10094
  1888 10094
  1889 10094
  1890 10094
  1891 10094
  1892 10094
  1893 10094
  1894 10094
  1895 10094
  1896 10094
  1897 10094
  1898 10094
  1899 10094
  1901 10094
  1904 10094
  1905 10094
  1906 10094
  1907 10094
  1908 10094
  1909 10094
  1910 10094
  1911 10094
  1912 10064
  1913 10064
  1914 10064
  1915 10064
  1916 10064
  1917 10064
