   690 10049
   691 10049
   692 10049
   693 10049
   694 10049
   695 10049
   696 10049
   697 10049
   698 10049
   699 10049
   700 10049
   701 10049
   702 10049
   703 10049
   704 10049
   705 10049
   706 10049
   707 10049
   708 10049
   709 10049
   710 10049
   711 10049
   712 10049
   713 10049
   714 10049
   715 10049
   716 10049
   717 10049
   718 10049
   719 10049
   720 10049
   721 10049
   722 10049
   723 10049
   724 10049
   725 10049
   726 10049
   727 10049
   728 10049
   729 10049
   730 10049
   731 10049
   732 10049
   733 10049
   734 10049
   735 10049
   736 10049
   737 10049
   738 10049
   739 10049
   740 10049
   741 10049
   742 10049
   743 10049
   744 10049
   745 10049
   746 10049
   747 10049
   748 10049
   749 10049
   750 10049
   751 10049
   752 10049
   753 10049
   754 10049
   755 10049
   756 10049
   757 10049
   758 10049
   759 10049
   760 10049
   761 10049
   762 10049
   763 10049
   764 10049
   765 10049
   766 10049
   767 10049
   768 10049
   769 10049
   770 10049
   771 10049
   772 10049
   773 10049
   774 10049
   775 10049
   776 10049
   777 10049
   778 10049
   779 10049
   780 10049
   784 10138
   785 10050
   786 10065
   787 10065
   788 10065
   789 10065
   790 10065
   791 10065
   792 10065
   793 10065
   794 10065
   795 10065
   796 10065
   797 10065
   798 10065
   799 10065
   800 10065
   801 10065
   802 10065
   803 10065
   804 10065
   805 10065
   806 10065
   807 10065
   808 10065
   809 10065
   810 10065
   811 10065
   812 10065
   813 10065
   814 10065
   815 10065
   816 10065
   817 10065
   818 10065
   819 10065
   820 10065
   821 10065
   822 10065
   823 10065
   824 10065
   825 10065
   826 10065
   827 10065
   828 10065
   829 10065
   830 10065
   831 10065
   832 10065
   833 10065
   834 10065
   835 10065
   836 10065
   837 10065
   838 10065
   839 10065
   840 10065
   841 10065
   842 10065
   843 10065
   844 10065
   845 10065
   846 10065
   847 10065
   848 10065
   849 10065
   850 10065
   851 10065
   852 10065
   853 10065
   854 10065
   855 10065
   856 10065
   857 10065
   858 10065
   859 10065
   860 10065
   861 10065
   862 10065
   863 10065
   864 10065
   865 10065
   866 10065
   867 10065
   868 10065
   869 10065
   870 10065
   871 10065
   872 10065
   873 10065
   874 10065
   875 10065
   876 10065
   877 10065
   878 10065
   879 10065
   880 10065
   881 10065
   882 10065
   883 10065
   884 10065
   885 10065
   886 10065
   887 10065
   888 10065
   889 10065
   890 10065
   891 10065
   892 10065
   893 10065
   894 10065
   895 10065
   896 10065
   897 10065
   898 10065
   899 10065
   900 10065
   901 10065
   902 10065
   903 10065
   904 10065
   905 10065
   906 10065
   907 10065
   908 10065
   909 10065
   910 10065
   911 10065
   912 10065
   913 10065
   914 10065
   915 10065
   916 10065
   917 10065
   918 10065
   919 10065
   920 10065
   921 10065
   922 10065
   923 10065
   924 10065
   925 10065
   926 10065
   927 10065
   928 10065
   929 10065
   930 10065
   931 10065
   932 10065
   933 10065
   934 10065
   935 10065
   936 10065
   937 10065
   938 10065
   939 10065
   940 10065
   941 10065
   942 10065
   943 10065
   944 10065
   945 10065
   946 10065
   947 10065
   948 10065
   949 10065
   950 10065
   951 10065
   952 10065
   953 10065
   954 10065
   955 10065
   956 10065
   957 10065
   958 10065
   959 10065
   960 10065
   961 10065
   962 10065
   963 10065
   964 10065
   965 10065
   966 10065
   967 10065
   968 10065
   969 10065
   970 10065
   971 10065
   972 10065
   973 10065
   974 10065
   975 10065
   976 10065
   977 10065
   978 10065
   979 10065
   980 10065
   981 10065
   982 10065
   983 10065
   984 10065
   985 10065
   986 10065
   987 10065
   988 10065
   989 10065
   990 10065
   991 10065
   992 10065
   993 10065
   994 10065
   995 10065
   996 10065
   997 10065
   998 10065
   999 10065
  1000 10065
  1001 10065
  1002 10065
  1003 10065
  1004 10065
  1005 10065
  1006 10065
  1007 10065
  1008 10065
  1009 10065
  1010 10065
  1011 10065
  1012 10065
  1013 10065
  1014 10065
  1015 10065
  1016 10065
  1017 10065
  1018 10065
  1019 10065
  1020 10065
  1021 10061
  1022 10101
  1023 10101
  1025 10043
  1028 10072
  1029 10072
  1030 10011
  1031 10011
  1032 10011
  1033 10011
  1034 10011
  1035 10011
  1036 10011
  1037 10011
  1038 10011
  1039 10011
  1040 10011
  1041 10011
  1042 10011
  1043 10011
  1044 10011
  1045 10011
  1046 10011
  1047 10011
  1048 10011
  1049 10011
  1050 10011
  1051 10011
  1052 10011
  1053 10011
  1054 10011
  1055 10011
  1056 10011
  1057 10011
  1058 10011
  1059 10011
  1060 10011
  1061 10011
  1062 10011
  1063 10011
  1064 10011
  1065 10011
  1066 10011
  1067 10011
  1068 10011
  1069 10011
  1070 10011
  1071 10011
  1072 10011
  1073 10011
  1074 10011
  1075 10011
  1076 10011
  1077 10011
  1078 10011
  1079 10011
  1080 10011
  1081 10011
  1082 10011
  1083 10011
  1084 10011
  1085 10011
  1086 10011
  1087 10011
  1088 10011
  1089 10011
  1090 10011
  1091 10011
  1092 10011
  1093 10011
  1094 10011
  1095 10011
  1096 10011
  1097 10011
  1098 10011
  1099 10011
  1100 10011
  1101 10011
  1102 10011
  1103 10011
  1104 10011
  1105 10011
  1106 10011
  1107 10011
  1108 10011
  1109 10011
  1110 10011
  1111 10011
  1112 10011
  1113 10011
  1114 10011
  1115 10011
  1116 10011
  1117 10011
  1118 10011
  1119 10011
  1120 10011
  1121 10011
  1122 10011
  1123 10011
  1124 10011
  1125 10011
  1126 10011
  1127 10011
  1128 10011
  1129 10011
  1130 10011
  1131 10011
  1132 10011
  1133 10011
  1134 10011
  1135 10011
  1136 10011
  1137 10011
  1138 10011
  1139 10011
  1140 10011
  1141 10011
  1142 10011
  1143 10011
  1144 10011
  1145 10011
  1146 10011
  1147 10011
  1148 10011
  1149 10011
  1150 10011
  1151 10011
  1152 10011
  1153 10011
  1154 10011
  1155 10011
  1156 10011
  1157 10011
  1158 10011
  1159 10011
  1160 10011
  1161 10011
  1162 10011
  1163 10011
  1164 10011
  1165 10011
  1166 10011
  1167 10011
  1168 10011
  1169 10011
  1170 10011
  1171 10011
  1172 10011
  1173 10011
  1174 10011
  1175 10011
  1176 10011
  1177 10011
  1178 10011
  1179 10011
  1180 10011
  1181 10011
  1182 10011
  1183 10011
  1184 10011
  1185 10011
  1186 10011
  1187 10011
  1188 10011
  1189 10011
  1190 10011
  1191 10011
  1192 10011
  1193 10011
  1194 10011
  1195 10011
  1196 10011
  1197 10011
  1198 10011
  1199 10011
  1200 10011
  1201 10011
  1202 10011
  1203 10011
  1204 10011
  1205 10011
  1206 10011
  1207 10011
  1208 10011
  1209 10011
  1210 10011
  1211 10011
  1212 10011
  1213 10011
  1214 10011
  1215 10011
  1216 10011
  1217 10011
  1218 10011
  1219 10011
  1220 10011
  1221 10011
  1222 10011
  1223 10011
  1224 10011
  1225 10011
  1226 10011
  1227 10011
  1228 10011
  1229 10011
  1230 10011
  1231 10011
  1232 10011
  1233 10011
  1234 10011
  1235 10011
  1236 10011
  1237 10011
  1238 10011
  1239 10011
  1240 10011
  1241 10011
  1242 10011
  1243 10011
  1244 10011
  1245 10011
  1246 10011
  1247 10011
  1248 10011
  1249 10011
  1250 10011
  1251 10011
  1252 10011
  1253 10011
  1254 10011
  1255 10011
  1256 10011
  1257 10011
  1268 10005
  1269 10005
  1270 10005
  1271 10005
  1272 10005
  1273 10005
  1274 10005
  1275 10005
  1276 10005
  1277 10005
  1278 10005
  1279 10005
  1280 10005
  1281 10005
  1282 10005
  1283 10005
  1284 10005
  1285 10005
  1286 10005
  1287 10005
  1288 10005
  1289 10005
  1290 10005
  1291 10005
  1292 10005
  1293 10005
  1294 10005
  1295 10005
  1296 10005
  1297 10005
  1298 10005
  1299 10005
  1300 10005
  1301 10005
  1302 10005
  1303 10005
  1304 10005
  1305 10005
  1306 10005
  1307 10005
  1308 10005
  1309 10005
  1310 10005
  1311 10005
  1312 10005
  1313 10005
  1314 10005
  1315 10005
  1316 10005
  1317 10005
  1318 10005
  1319 10005
  1320 10005
  1321 10005
  1322 10005
  1323 10005
  1324 10005
  1325 10005
  1326 10005
  1327 10005
  1328 10005
  1329 10005
  1330 10005
  1331 10005
  1332 10005
  1333 10005
  1334 10005
  1335 10005
  1336 10005
  1337 10005
  1338 10005
  1339 10005
  1340 10005
  1341 10005
  1342 10005
  1343 10005
  1344 10005
  1345 10005
  1346 10005
  1347 10005
  1348 10005
  1349 10005
  1350 10005
  1351 10005
  1352 10005
  1353 10005
  1354 10005
  1355 10005
  1356 10005
  1357 10005
  1358 10005
  1359 10005
  1360 10005
  1361 10005
  1362 10005
  1363 10005
  1364 10005
  1365 10005
  1366 10005
  1367 10005
  1368 10005
  1369 10005
  1370 10005
  1371 10005
  1372 10005
  1373 10005
  1374 10005
  1375 10005
  1376 10005
  1377 10005
  1378 10005
  1379 10005
  1380 10005
  1381 10005
  1382 10005
  1383 10005
  1384 10005
  1385 10005
  1386 10005
  1387 10005
  1388 10005
  1389 10005
  1390 10005
  1391 10005
  1392 10005
  1393 10005
  1394 10005
  1395 10005
  1396 10005
  1397 10005
  1398 10005
  1399 10005
  1400 10005
  1401 10005
  1402 10005
  1403 10005
  1404 10005
  1405 10005
  1406 10005
  1407 10005
  1408 10005
  1409 10005
  1410 10005
  1411 10005
  1412 10005
  1413 10005
  1414 10005
  1415 10005
  1416 10005
  1417 10005
  1418 10005
  1419 10005
  1420 10005
  1421 10005
  1422 10005
  1423 10005
  1424 10005
  1425 10005
  1426 10005
  1427 10005
  1428 10005
  1429 10005
  1430 10005
  1431 10005
  1432 10005
  1433 10005
  1434 10005
  1435 10005
  1436 10005
  1437 10005
  1438 10005
  1439 10005
  1440 10005
  1441 10005
  1442 10005
  1443 10005
  1444 10005
  1445 10005
  1446 10005
  1447 10005
  1448 10005
  1449 10005
  1450 10005
  1451 10005
  1452 10005
  1453 10005
  1454 10005
  1455 10005
  1456 10005
  1457 10005
  1458 10005
  1459 10005
  1460 10005
  1461 10005
  1462 10005
  1463 10005
  1464 10005
  1465 10005
  1466 10005
  1467 10005
  1468 10005
  1469 10005
  1470 10005
  1471 10005
  1472 10005
  1473 10005
  1474 10005
  1475 10005
  1476 10005
  1477 10005
  1478 10005
  1479 10005
  1480 10005
  1481 10005
  1482 10005
  1483 10005
  1484 10005
  1485 10005
  1486 10005
  1487 10005
  1488 10005
  1489 10005
  1490 10005
  1491 10005
  1492 10005
  1493 10005
  1494 10005
  1495 10005
  1496 10005
  1497 10005
  1498 10005
  1499 10005
  1500 10005
  1510 10023
  1511 10023
  1512 10023
  1520 10055
  1521 10018
  1522 10055
  1523 10018
  1524 10018
  1525 10018
  1526 10055
  1527 10055
  1528 10018
  1529 10055
  1530 10055
  1531 10055
  1532 10055
  1533 10055
  1534 10018
  1535 10055
  1536 10018
  1537 10018
  1538 10018
  1539 10018
  1540 10055
  1541 10018
  1542 10018
  1543 10018
  1544 10055
  1545 10018
  1546 10055
  1550 10036
  1551 10016
  1552 10016
  1553 10016
  1559 10055
  1560 10055
  1561 10055
  1562 10055
  1563 10055
  1567 10016
  1568 10016
  1569 10016
  1570 10016
  1571 10016
  1572 10016
  1573 10016
  1574 10016
  1575 10016
  1576 10016
  1577 10154
  1578 10154
  1579 10154
  1580 10154
  1581 10154
  1621 10097
  1622 10097
  1623 10097
  1624 10077
  1626 10077
  1629 10097
  1630 10077
  1631 10077
  1632 10077
  1633 10077
  1634 10077
  1635 10077
  1636 10077
  1637 10077
  1638 10077
  1639 10077
  1640 10077
  1641 10077
  1642 10077
  1643 10077
  1644 10077
  1645 10077
  1646 10077
  1647 10077
  1648 10077
  1649 10077
  1650 10077
  1651 10077
  1652 10077
  1653 10077
  1654 10077
  1655 10077
  1656 10077
  1657 10077
  1658 10077
  1659 10077
  1660 10077
  1661 10077
  1662 10077
  1663 10077
  1664 10077
  1665 10077
  1666 10077
  1667 10077
  1668 10077
  1669 10077
  1670 10077
  1671 10077
  1672 10077
  1673 10077
  1674 10077
  1675 10077
  1676 10077
  1677 10077
  1678 10077
  1679 10077
  1680 10077
  1681 10077
  1682 10077
  1683 10077
  1684 10077
  1685 10077
  1686 10077
  1687 10077
  1688 10077
  1689 10077
  1690 10077
  1691 10077
  1692 10077
  1693 10077
  1694 10077
  1695 10077
  1696 10077
  1697 10077
  1698 10077
  1699 10077
  1700 10077
  1701 10077
  1702 10077
  1703 10077
  1704 10077
  1705 10077
  1706 10077
  1707 10077
  1708 10077
  1709 10077
  1710 10077
  1711 10077
  1712 10077
  1713 10077
  1714 10077
  1715 10077
  1716 10077
  1717 10077
  1718 10077
  1719 10077
  1720 10077
  1721 10077
  1722 10077
  1723 10077
  1724 10077
  1725 10077
  1726 10077
  1727 10077
  1728 10077
  1729 10077
  1730 10077
  1731 10077
  1732 10077
  1733 10077
  1734 10077
  1735 10077
  1736 10077
  1737 10077
  1738 10077
  1739 10077
  1740 10077
  1741 10077
  1742 10077
  1743 10077
  1744 10077
  1745 10077
  1746 10077
  1747 10077
  1748 10077
  1749 10077
  1750 10077
  1751 10077
  1752 10077
  1753 10077
  1754 10077
  1755 10077
  1756 10077
  1757 10077
  1758 10077
  1759 10077
  1760 10077
  1761 10077
  1762 10077
  1763 10077
  1764 10077
  1765 10077
  1766 10077
  1767 10077
  1768 10077
  1769 10077
  1770 10077
  1771 10077
  1772 10077
  1773 10077
  1774 10077
  1775 10077
  1776 10077
  1777 10077
  1778 10077
  1779 10077
  1780 10077
  1781 10077
  1782 10077
  1783 10077
  1784 10077
  1785 10077
  1786 10077
  1787 10077
  1788 10077
  1789 10077
  1790 10077
  1791 10077
  1792 10077
  1793 10077
  1794 10077
  1795 10077
  1796 10077
  1797 10077
  1798 10077
  1799 10077
  1800 10077
  1801 10077
  1802 10077
  1803 10077
  1804 10077
  1805 10077
  1806 10077
  1807 10077
  1808 10077
  1809 10077
  1810 10077
  1811 10077
  1812 10077
  1813 10077
  1814 10077
  1815 10077
  1816 10077
  1817 10077
  1818 10077
  1819 10077
  1820 10077
  1821 10077
  1822 10077
  1823 10077
  1824 10077
  1825 10077
  1826 10077
  1827 10077
  1828 10077
  1829 10077
  1830 10077
  1831 10077
  1832 10077
  1833 10077
  1834 10077
  1835 10077
  1836 10077
  1837 10077
  1838 10077
  1839 10077
  1840 10077
  1841 10077
  1842 10077
  1843 10077
  1844 10077
  1845 10077
  1846 10077
  1847 10077
  1848 10077
  1849 10077
  1850 10077
  1851 10077
  1852 10077
  1853 10077
  1854 10077
  1855 10077
  1856 10097
  1857 10097
  1858 10097
  1859 10097
  1860 10130
  1861 10130
  1862 10130
  1863 10130
  1864 10143
  1865 10143
  1866 10143
  1867 10143
  1868 10095
  1869 10095
  1870 10095
  1871 10095
  1872 10095
  1873 10095
  1874 10095
  1875 10095
  1876 10095
  1877 10095
  1878 10095
  1879 10095
  1880 10095
  1881 10095
  1882 10095
  1883 10095
  1884 10095
  1885 10095
  1886 10095
  1887 10095
  1888 10095
  1889 10095
  1890 10095
  1891 10095
  1892 10095
  1893 10095
  1894 10095
  1895 10095
  1896 10095
  1897 10095
  1898 10095
  1899 10095
  1900 10095
  1901 10095
  1902 10095
  1903 10095
  1904 10095
  1905 10095
  1906 10095
  1907 10095
  1908 10095
  1909 10095
  1910 10095
  1911 10095
  1912 10095
  1913 10095
  1914 10095
  1915 10095
  1916 10095
  1917 10095
  1918 10095
  1919 10095
  1920 10095
  1921 10095
  1922 10095
  1923 10095
  1924 10095
  1925 10095
  1926 10095
  1927 10095
  1928 10095
  1929 10095
  1930 10095
  1931 10095
  1932 10095
  1933 10095
  1934 10095
  1935 10095
  1936 10095
  1937 10095
  1938 10095
  1939 10095
  1940 10095
  1941 10095
  1942 10095
  1943 10095
  1944 10095
  1945 10095
  1946 10095
  1947 10095
  1948 10095
  1949 10095
  1950 10095
  1951 10095
  1952 10095
  1953 10095
  1954 10095
  1955 10095
  1956 10095
  1957 10095
  1958 10095
  1959 10095
  1960 10095
  1961 10095
  1962 10095
  1963 10095
  1964 10095
  1965 10095
  1966 10095
  1967 10095
  1968 10095
  1969 10095
  1970 10095
  1971 10095
  1972 10095
  1973 10095
  1974 10095
  1975 10095
  1976 10095
  1977 10095
  1978 10095
  1979 10095
  1980 10095
  1981 10095
  1982 10095
  1983 10095
  1984 10095
  1985 10095
  1986 10095
  1987 10095
  1988 10095
  1989 10095
  1990 10095
  1991 10095
  1992 10095
  1993 10095
  1994 10095
  1995 10095
  1996 10095
  1997 10095
  1998 10095
  1999 10095
  2000 10095
  2001 10095
  2002 10095
  2003 10095
  2004 10095
  2005 10095
  2006 10095
  2007 10095
  2008 10095
  2009 10095
  2010 10095
  2011 10095
  2012 10095
  2013 10095
  2014 10095
  2015 10095
  2016 10095
  2017 10095
  2018 10095
  2019 10095
  2020 10095
  2021 10095
  2022 10095
  2023 10095
  2024 10143
  2025 10016
  2026 10143
  2027 10154
  2028 10154
  2029 10154
  2030 10154
