   697 10162
   698 10162
   699 10162
   700 10162
   701 10162
   702 10162
   703 10162
   704 10162
   705 10162
   706 10162
   707 10162
   708 10162
   709 10162
   710 10162
   711 10162
   712 10162
   713 10162
   714 10162
   715 10162
   716 10162
   717 10162
   718 10162
   719 10162
   720 10162
   721 10162
   722 10162
   723 10162
   724 10162
   725 10162
   726 10162
   727 10162
   728 10162
   729 10162
   730 10162
   731 10162
   732 10162
   733 10162
   734 10162
   735 10162
   736 10162
   737 10162
   738 10162
   739 10162
   740 10162
   741 10162
   742 10162
   743 10162
   744 10162
   745 10162
   746 10162
   747 10162
   748 10162
   749 10162
   750 10162
   751 10162
   752 10162
   753 10162
   754 10162
   755 10162
   756 10162
   757 10162
   758 10162
   759 10162
   760 10162
   761 10162
   762 10162
   763 10162
   764 10162
   765 10162
   766 10162
   767 10162
   768 10162
   769 10162
   770 10162
   771 10162
   772 10162
   773 10162
   774 10162
   775 10162
   776 10162
   777 10162
   781 10164
   782 10101
   783 10164
   784 10164
   785 10164
   786 10164
   787 10164
   788 10164
   789 10164
   790 10164
   791 10164
   792 10164
   793 10164
   794 10164
   795 10164
   796 10164
   797 10164
   798 10164
   799 10164
   800 10164
   801 10164
   802 10164
   803 10164
   804 10164
   805 10164
   806 10164
   807 10164
   808 10164
   809 10164
   810 10164
   811 10164
   812 10164
   813 10164
   814 10164
   815 10164
   816 10164
   817 10164
   818 10164
   819 10164
   820 10164
   821 10164
   822 10164
   823 10164
   824 10164
   825 10164
   826 10164
   827 10164
   828 10164
   829 10164
   830 10164
   831 10164
   832 10164
   833 10164
   834 10164
   835 10164
   836 10164
   837 10164
   838 10164
   839 10164
   840 10164
   841 10164
   842 10164
   843 10164
   844 10164
   845 10164
   846 10164
   847 10164
   848 10164
   849 10164
   850 10164
   851 10164
   852 10164
   853 10164
   854 10164
   855 10164
   856 10164
   857 10164
   858 10164
   859 10164
   860 10164
   861 10164
   862 10164
   863 10164
   864 10164
   865 10164
   866 10164
   867 10164
   868 10164
   869 10164
   870 10164
   871 10164
   872 10164
   873 10164
   874 10164
   875 10164
   876 10164
   877 10164
   878 10164
   879 10164
   880 10164
   881 10164
   882 10164
   883 10164
   884 10164
   885 10164
   886 10164
   887 10164
   888 10164
   889 10164
   890 10164
   891 10164
   892 10164
   893 10164
   894 10164
   895 10164
   896 10164
   897 10164
   898 10164
   899 10164
   900 10164
   901 10164
   902 10164
   903 10164
   904 10164
   905 10164
   906 10164
   907 10164
   908 10164
   909 10164
   910 10164
   911 10164
   912 10164
   913 10164
   914 10164
   915 10164
   916 10164
   917 10164
   918 10164
   919 10164
   920 10164
   921 10164
   922 10164
   923 10164
   924 10164
   925 10164
   926 10164
   927 10164
   928 10164
   929 10164
   930 10164
   931 10164
   932 10164
   933 10164
   934 10164
   935 10164
   936 10164
   937 10164
   938 10164
   939 10164
   940 10164
   941 10164
   942 10164
   943 10164
   944 10164
   945 10164
   946 10164
   947 10164
   948 10164
   949 10164
   950 10164
   951 10164
   952 10164
   953 10164
   954 10164
   955 10164
   956 10164
   957 10164
   958 10164
   959 10164
   960 10164
   961 10164
   962 10164
   963 10164
   964 10164
   965 10164
   966 10164
   967 10164
   968 10164
   969 10164
   970 10164
   971 10164
   972 10164
   973 10164
   974 10164
   975 10164
   976 10164
   977 10164
   978 10164
   979 10164
   980 10164
   981 10164
   982 10164
   983 10164
   984 10164
   985 10164
   986 10164
   987 10164
   988 10164
   989 10164
   990 10164
   991 10164
   992 10164
   993 10164
   994 10164
   995 10164
   996 10164
   997 10164
   998 10164
   999 10164
  1000 10164
  1001 10164
  1002 10164
  1003 10164
  1004 10164
  1005 10164
  1006 10164
  1007 10164
  1008 10164
  1009 10164
  1010 10164
  1011 10164
  1012 10164
  1013 10164
  1014 10164
  1015 10164
  1016 10164
  1017 10164
  1018 10164
  1019 10164
  1020 10164
  1021 10039
  1022 10039
  1023 10039
  1024 10039
  1025 10039
  1026 10039
  1027 10039
  1028 10039
  1029 10039
  1030 10039
  1031 10039
  1032 10039
  1033 10039
  1034 10039
  1035 10039
  1036 10039
  1037 10039
  1038 10039
  1039 10039
  1040 10039
  1041 10039
  1042 10039
  1043 10039
  1044 10039
  1045 10039
  1046 10039
  1047 10039
  1048 10039
  1049 10039
  1050 10039
  1051 10039
  1052 10039
  1053 10039
  1054 10039
  1055 10039
  1056 10039
  1057 10039
  1058 10039
  1059 10039
  1060 10039
  1061 10039
  1062 10039
  1063 10039
  1064 10039
  1065 10039
  1066 10039
  1067 10039
  1068 10039
  1069 10039
  1070 10039
  1071 10039
  1072 10039
  1073 10039
  1074 10039
  1075 10039
  1076 10039
  1077 10039
  1078 10039
  1079 10039
  1080 10039
  1081 10039
  1082 10039
  1083 10039
  1084 10039
  1085 10039
  1086 10039
  1087 10039
  1088 10039
  1089 10039
  1090 10039
  1091 10039
  1092 10039
  1093 10039
  1094 10039
  1095 10039
  1096 10039
  1097 10039
  1098 10039
  1099 10039
  1100 10039
  1101 10039
  1102 10039
  1103 10039
  1104 10039
  1105 10039
  1106 10039
  1107 10039
  1108 10039
  1109 10039
  1110 10039
  1111 10039
  1112 10039
  1113 10039
  1114 10039
  1115 10039
  1116 10039
  1117 10039
  1118 10039
  1119 10039
  1120 10039
  1121 10039
  1122 10039
  1123 10039
  1124 10039
  1125 10039
  1126 10039
  1127 10039
  1128 10039
  1129 10039
  1130 10039
  1131 10039
  1132 10039
  1133 10039
  1134 10039
  1135 10039
  1136 10039
  1137 10039
  1138 10039
  1139 10039
  1140 10039
  1141 10039
  1142 10039
  1143 10039
  1144 10039
  1145 10039
  1146 10039
  1147 10039
  1148 10039
  1149 10039
  1150 10039
  1151 10039
  1152 10039
  1153 10039
  1154 10039
  1155 10039
  1156 10039
  1157 10039
  1158 10039
  1159 10039
  1160 10039
  1161 10039
  1162 10039
  1163 10039
  1164 10039
  1165 10039
  1166 10039
  1167 10039
  1168 10039
  1169 10039
  1170 10039
  1171 10039
  1172 10039
  1173 10039
  1174 10039
  1175 10039
  1176 10039
  1177 10039
  1178 10039
  1179 10039
  1180 10039
  1181 10039
  1182 10039
  1183 10039
  1184 10039
  1185 10039
  1186 10039
  1187 10039
  1188 10039
  1189 10039
  1190 10039
  1191 10039
  1192 10039
  1193 10039
  1194 10039
  1195 10039
  1196 10039
  1197 10039
  1198 10039
  1199 10039
  1200 10039
  1201 10039
  1202 10039
  1203 10039
  1204 10039
  1205 10039
  1206 10039
  1207 10039
  1208 10039
  1209 10039
  1210 10039
  1211 10039
  1212 10039
  1213 10039
  1214 10039
  1215 10039
  1216 10039
  1217 10039
  1218 10039
  1219 10039
  1220 10039
  1221 10039
  1222 10039
  1223 10039
  1224 10039
  1225 10039
  1226 10039
  1227 10039
  1228 10039
  1229 10039
  1230 10039
  1231 10039
  1232 10039
  1233 10039
  1234 10039
  1235 10039
  1236 10039
  1237 10039
  1238 10039
  1239 10039
  1240 10039
  1241 10039
  1242 10039
  1243 10039
  1244 10039
  1245 10039
  1246 10039
  1247 10039
  1248 10039
  1249 10039
  1250 10039
  1251 10039
  1252 10039
  1253 10039
  1254 10039
  1255 10039
  1256 10039
  1257 10039
  1258 10071
  1259 10071
  1260 10071
  1261 10071
  1262 10071
  1263 10071
  1265 10047
  1266 10047
  1267 10047
  1268 10047
  1269 10047
  1270 10047
  1271 10047
  1272 10047
  1273 10047
  1274 10047
  1275 10047
  1276 10047
  1277 10047
  1278 10047
  1279 10047
  1280 10047
  1281 10047
  1282 10047
  1283 10047
  1284 10047
  1285 10047
  1286 10047
  1287 10047
  1288 10047
  1289 10047
  1290 10047
  1291 10047
  1292 10047
  1293 10047
  1294 10047
  1295 10047
  1296 10047
  1297 10047
  1298 10047
  1299 10047
  1300 10047
  1301 10047
  1302 10047
  1303 10047
  1304 10047
  1305 10047
  1306 10047
  1307 10047
  1308 10047
  1309 10047
  1310 10047
  1311 10047
  1312 10047
  1313 10047
  1314 10047
  1315 10047
  1316 10047
  1317 10047
  1318 10047
  1319 10047
  1320 10047
  1321 10047
  1322 10047
  1323 10047
  1324 10047
  1325 10047
  1326 10047
  1327 10047
  1328 10047
  1329 10047
  1330 10047
  1331 10047
  1332 10047
  1333 10047
  1334 10047
  1335 10047
  1336 10047
  1337 10047
  1338 10047
  1339 10047
  1340 10047
  1341 10047
  1342 10047
  1343 10047
  1344 10047
  1345 10047
  1346 10047
  1347 10047
  1348 10047
  1349 10047
  1350 10047
  1351 10047
  1352 10047
  1353 10047
  1354 10047
  1355 10047
  1356 10047
  1357 10047
  1358 10047
  1359 10047
  1360 10047
  1361 10047
  1362 10047
  1363 10047
  1364 10047
  1365 10047
  1366 10047
  1367 10047
  1368 10047
  1369 10047
  1370 10047
  1371 10047
  1372 10047
  1373 10047
  1374 10047
  1375 10047
  1376 10047
  1377 10047
  1378 10047
  1379 10047
  1380 10047
  1381 10047
  1382 10047
  1383 10047
  1384 10047
  1385 10047
  1386 10047
  1387 10047
  1388 10047
  1389 10047
  1390 10047
  1391 10047
  1392 10047
  1393 10047
  1394 10047
  1395 10047
  1396 10047
  1397 10047
  1398 10047
  1399 10047
  1400 10047
  1401 10047
  1402 10047
  1403 10047
  1404 10047
  1405 10047
  1406 10047
  1407 10047
  1408 10047
  1409 10047
  1410 10047
  1411 10047
  1412 10047
  1413 10047
  1414 10047
  1415 10047
  1416 10047
  1417 10047
  1418 10047
  1419 10047
  1420 10047
  1421 10047
  1422 10047
  1423 10047
  1424 10047
  1425 10047
  1426 10047
  1427 10047
  1428 10047
  1429 10047
  1430 10047
  1431 10047
  1432 10047
  1433 10047
  1434 10047
  1435 10047
  1436 10047
  1437 10047
  1438 10047
  1439 10047
  1440 10047
  1441 10047
  1442 10047
  1443 10047
  1444 10047
  1445 10047
  1446 10047
  1447 10047
  1448 10047
  1449 10047
  1450 10047
  1451 10047
  1452 10047
  1453 10047
  1454 10047
  1455 10047
  1456 10047
  1457 10047
  1458 10047
  1459 10047
  1460 10047
  1461 10047
  1462 10047
  1463 10047
  1464 10047
  1465 10047
  1466 10047
  1467 10047
  1468 10047
  1469 10047
  1470 10047
  1471 10047
  1472 10047
  1473 10047
  1474 10047
  1475 10047
  1476 10047
  1477 10047
  1478 10047
  1479 10047
  1480 10047
  1481 10047
  1482 10047
  1483 10047
  1484 10047
  1485 10047
  1486 10047
  1487 10047
  1488 10047
  1489 10047
  1490 10047
  1491 10047
  1492 10047
  1493 10047
  1494 10047
  1495 10047
  1496 10047
  1497 10047
  1498 10047
  1499 10047
  1500 10047
  1501 10047
  1502 10047
  1503 10047
  1504 10047
  1505 10047
  1506 10047
  1507 10047
  1508 10047
  1509 10047
  1510 10047
  1511 10047
  1512 10047
  1513 10039
  1514 10039
  1515 10039
  1518 10071
  1519 10071
  1520 10071
  1521 10071
  1522 10071
  1523 10071
  1524 10071
  1525 10071
  1526 10071
  1527 10071
  1528 10071
  1529 10071
  1530 10071
  1531 10071
  1532 10071
  1533 10071
  1534 10071
  1535 10071
  1536 10071
  1537 10071
  1538 10071
  1539 10071
  1540 10071
  1541 10071
  1542 10071
  1543 10071
  1544 10071
  1545 10071
  1546 10071
  1547 10071
  1548 10071
  1549 10071
  1550 10071
  1551 10071
  1552 10071
  1553 10071
  1554 10071
  1556 10138
  1557 10138
  1561 10016
  1562 10016
  1563 10016
  1564 10016
  1565 10016
  1566 10016
  1567 10016
  1568 10016
  1569 10143
  1570 10016
  1571 10016
  1572 10016
  1573 10016
  1574 10016
  1575 10016
  1576 10016
  1577 10154
  1578 10106
  1579 10055
  1580 10055
  1581 10040
  1582 10055
  1589 10085
  1590 10085
  1591 10085
  1592 10085
  1593 10085
  1594 10085
  1595 10085
  1596 10085
  1597 10085
  1617 10016
  1618 10016
  1619 10016
  1622 10031
  1623 10031
  1624 10031
  1625 10031
  1626 10031
  1627 10031
  1628 10031
  1629 10031
  1630 10031
  1631 10031
  1632 10031
  1633 10031
  1634 10031
  1635 10031
  1636 10031
  1637 10031
  1638 10031
  1639 10031
  1640 10031
  1641 10031
  1642 10031
  1643 10031
  1644 10031
  1645 10031
  1646 10031
  1647 10031
  1648 10031
  1649 10031
  1650 10031
  1651 10031
  1652 10031
  1653 10031
  1654 10031
  1655 10031
  1656 10031
  1657 10031
  1658 10031
  1659 10031
  1660 10031
  1661 10031
  1662 10031
  1663 10031
  1664 10031
  1665 10031
  1666 10031
  1667 10031
  1668 10031
  1669 10031
  1670 10031
  1671 10031
  1672 10031
  1673 10031
  1674 10031
  1675 10031
  1676 10031
  1677 10031
  1678 10031
  1679 10031
  1680 10031
  1681 10031
  1682 10031
  1683 10031
  1684 10031
  1685 10031
  1686 10031
  1687 10031
  1688 10031
  1689 10031
  1690 10031
  1691 10031
  1692 10031
  1693 10031
  1694 10031
  1695 10031
  1696 10031
  1697 10031
  1698 10031
  1699 10031
  1700 10031
  1701 10031
  1702 10031
  1703 10031
  1704 10031
  1705 10031
  1706 10031
  1707 10031
  1708 10031
  1709 10031
  1710 10031
  1711 10031
  1712 10031
  1713 10031
  1714 10031
  1715 10031
  1716 10031
  1717 10031
  1718 10031
  1719 10031
  1720 10031
  1721 10031
  1722 10031
  1723 10031
  1724 10031
  1725 10031
  1726 10031
  1727 10031
  1728 10031
  1729 10031
  1730 10031
  1731 10031
  1732 10031
  1733 10031
  1734 10031
  1735 10031
  1736 10031
  1737 10031
  1738 10031
  1739 10031
  1740 10031
  1741 10031
  1742 10031
  1743 10031
  1744 10031
  1745 10031
  1746 10031
  1747 10031
  1748 10031
  1749 10031
  1750 10031
  1751 10031
  1752 10031
  1753 10031
  1754 10031
  1755 10031
  1756 10031
  1757 10031
  1758 10031
  1759 10031
  1760 10031
  1761 10031
  1762 10031
  1763 10031
  1764 10031
  1765 10031
  1766 10031
  1767 10031
  1768 10031
  1769 10031
  1770 10031
  1771 10031
  1772 10031
  1773 10031
  1774 10031
  1775 10031
  1776 10031
  1777 10031
  1778 10031
  1779 10031
  1780 10031
  1781 10031
  1782 10031
  1783 10031
  1784 10031
  1785 10031
  1786 10031
  1787 10031
  1788 10031
  1789 10031
  1790 10031
  1791 10031
  1792 10031
  1793 10031
  1794 10031
  1795 10031
  1796 10031
  1797 10031
  1798 10031
  1799 10031
  1800 10031
  1801 10031
  1802 10031
  1803 10031
  1804 10031
  1805 10031
  1806 10031
  1807 10031
  1808 10031
  1809 10031
  1810 10031
  1811 10031
  1812 10031
  1813 10031
  1814 10031
  1815 10031
  1816 10031
  1817 10031
  1818 10031
  1819 10031
  1820 10031
  1821 10031
  1822 10031
  1823 10031
  1824 10031
  1825 10031
  1826 10031
  1827 10031
  1828 10031
  1829 10031
  1830 10031
  1831 10031
  1832 10031
  1833 10031
  1834 10031
  1835 10031
  1836 10031
  1837 10031
  1838 10031
  1839 10031
  1840 10031
  1841 10031
  1842 10031
  1843 10031
  1844 10031
  1845 10031
  1846 10031
  1847 10031
  1848 10031
  1849 10031
  1850 10031
  1851 10031
  1852 10031
  1853 10031
  1854 10031
  1855 10031
  1856 10031
  1857 10031
  1858 10031
  1863 10122
  1864 10122
  1865 10122
  1866 10122
  1867 10122
  1868 10122
  1869 10122
  1870 10122
  1871 10122
  1872 10122
  1873 10122
  1874 10122
  1875 10122
  1876 10122
  1877 10122
  1878 10122
  1879 10122
  1880 10122
  1881 10122
  1882 10122
  1883 10122
  1884 10122
  1885 10122
  1886 10122
  1887 10122
  1888 10122
  1889 10122
  1890 10122
  1891 10122
  1892 10122
  1893 10122
  1894 10122
  1895 10122
  1896 10122
  1897 10122
  1898 10122
  1899 10122
  1900 10122
  1901 10122
  1902 10122
  1903 10122
  1904 10122
  1905 10122
  1906 10122
  1907 10122
  1908 10122
  1909 10122
  1910 10122
  1911 10122
  1912 10122
  1913 10122
  1914 10122
  1915 10122
  1916 10122
  1917 10122
  1918 10122
  1919 10122
  1920 10122
  1921 10122
  1922 10122
  1923 10122
  1924 10122
  1925 10122
  1926 10122
  1927 10122
  1928 10122
  1929 10122
  1930 10122
  1931 10122
  1932 10122
  1933 10122
  1934 10122
  1935 10122
  1936 10122
  1937 10122
  1938 10122
  1939 10122
  1940 10122
  1941 10122
  1942 10122
  1943 10122
  1944 10122
  1945 10122
  1946 10122
  1947 10122
  1948 10122
  1949 10122
  1950 10122
  1951 10122
  1952 10122
  1953 10122
  1954 10122
  1955 10122
  1956 10122
  1957 10122
  1958 10122
  1959 10122
  1960 10122
  1961 10122
  1962 10122
  1963 10122
  1964 10122
  1965 10122
  1966 10122
  1967 10122
  1968 10122
  1969 10122
  1970 10122
  1971 10122
  1972 10122
  1973 10122
  1974 10122
  1975 10122
  1976 10122
  1977 10122
  1978 10122
  1979 10122
  1980 10122
  1981 10122
  1982 10122
  1983 10122
  1984 10122
  1985 10122
  1986 10122
  1987 10122
  1988 10122
  1989 10122
  1990 10122
  1991 10122
  1992 10122
  1993 10122
  1994 10122
  1995 10122
  1996 10122
  1997 10122
  1998 10122
  1999 10122
  2000 10122
  2001 10122
  2002 10122
  2003 10122
  2004 10122
  2005 10122
  2006 10122
  2007 10122
  2008 10122
  2009 10122
  2010 10122
  2011 10122
  2012 10122
  2013 10122
  2014 10122
  2015 10122
  2016 10122
  2017 10122
  2018 10122
  2019 10122
  2020 10122
  2021 10122
  2022 10122
  2023 10122
  2024 10122
  2025 10096
  2026 10096
  2027 10096
  2028 10096
  2029 10096
  2030 10096
  2031 10096
  2032 10096
