   687 10034
   688 10034
   689 10034
   789 10156
   790 10156
   791 10156
   792 10156
   793 10156
   794 10156
   795 10156
   796 10156
   797 10156
   798 10156
   799 10156
   800 10156
   801 10156
   802 10156
   803 10156
   804 10156
   805 10156
   806 10156
   807 10156
   808 10156
   809 10156
   810 10156
   811 10156
   812 10156
   813 10156
   814 10156
   815 10156
   816 10156
   817 10156
   818 10156
   819 10156
   820 10156
   821 10156
   822 10156
   823 10156
   824 10156
   825 10156
   826 10156
   827 10156
   828 10156
   829 10156
   830 10156
   831 10156
   832 10156
   833 10156
   834 10156
   835 10156
   836 10156
   837 10156
   838 10156
   839 10156
   840 10156
   841 10156
   842 10156
   843 10156
   844 10156
   845 10156
   846 10156
   847 10156
   848 10156
   849 10156
   850 10156
   851 10156
   852 10156
   853 10156
   854 10156
   855 10156
   856 10156
   857 10156
   858 10156
   859 10156
   860 10156
   861 10156
   862 10156
   863 10156
   864 10156
   865 10156
   866 10156
   867 10156
   868 10156
   869 10156
   870 10156
   871 10156
   872 10156
   873 10156
   874 10156
   875 10156
   876 10156
   877 10156
   878 10156
   879 10156
   880 10156
   881 10156
   882 10156
   883 10156
   884 10156
   885 10156
   886 10156
   887 10156
   888 10156
   889 10156
   890 10156
   891 10156
   892 10156
   893 10156
   894 10156
   895 10156
   896 10156
   897 10156
   898 10156
   899 10156
   900 10156
   901 10156
   902 10156
   903 10156
   904 10156
   905 10156
   906 10156
   907 10156
   908 10156
   909 10156
   910 10156
   911 10156
   912 10156
   913 10156
   914 10156
   915 10156
   916 10156
   917 10156
   918 10156
   919 10156
   920 10156
   921 10156
   922 10156
   923 10156
   924 10156
   925 10156
   926 10156
   927 10156
   928 10156
   929 10156
   930 10156
   931 10156
   932 10156
   933 10156
   934 10156
   935 10156
   936 10156
   937 10156
   938 10156
   939 10156
   940 10156
   941 10156
   942 10156
   943 10156
   944 10156
   945 10156
   946 10156
   947 10156
   948 10156
   949 10156
   950 10156
   951 10156
   952 10156
   953 10156
   954 10156
   955 10156
   956 10156
   957 10156
   958 10156
   959 10156
   960 10156
   961 10156
   962 10156
   963 10156
   964 10156
   965 10156
   966 10156
   967 10156
   968 10156
   969 10156
   970 10156
   971 10156
   972 10156
   973 10156
   974 10156
   975 10156
   976 10156
   977 10156
   978 10156
   979 10156
   980 10156
   981 10156
   982 10156
   983 10156
   984 10156
   985 10156
   986 10156
   987 10156
   988 10156
   989 10156
   990 10156
   991 10156
   992 10156
   993 10156
   994 10156
   995 10156
   996 10156
   997 10156
   998 10156
   999 10156
  1000 10156
  1001 10156
  1002 10156
  1003 10156
  1004 10156
  1005 10156
  1006 10156
  1007 10156
  1008 10156
  1009 10156
  1010 10156
  1011 10156
  1012 10156
  1013 10156
  1014 10156
  1015 10156
  1016 10156
  1017 10156
  1018 10156
  1019 10156
  1020 10156
  1022 10101
  1023 10169
  1024 10169
  1025 10169
  1026 10169
  1027 10169
  1028 10169
  1029 10169
  1030 10169
  1031 10169
  1032 10169
  1033 10169
  1034 10169
  1035 10169
  1036 10169
  1037 10169
  1038 10169
  1039 10169
  1040 10169
  1041 10169
  1042 10169
  1043 10169
  1044 10169
  1045 10169
  1046 10169
  1047 10169
  1048 10169
  1049 10169
  1050 10169
  1051 10169
  1052 10169
  1053 10169
  1054 10169
  1055 10169
  1056 10169
  1057 10169
  1058 10169
  1059 10169
  1060 10169
  1061 10169
  1062 10169
  1063 10169
  1064 10169
  1065 10169
  1066 10169
  1067 10169
  1068 10169
  1069 10169
  1070 10169
  1071 10169
  1072 10169
  1073 10169
  1074 10169
  1075 10169
  1076 10169
  1077 10169
  1078 10169
  1079 10169
  1080 10169
  1081 10169
  1082 10169
  1083 10169
  1084 10169
  1085 10169
  1086 10169
  1087 10169
  1088 10169
  1089 10169
  1090 10169
  1091 10169
  1092 10169
  1093 10169
  1094 10169
  1095 10169
  1096 10169
  1097 10169
  1098 10169
  1099 10169
  1100 10169
  1101 10169
  1102 10169
  1103 10169
  1104 10169
  1105 10169
  1106 10169
  1107 10169
  1108 10169
  1109 10169
  1110 10169
  1111 10169
  1112 10169
  1113 10169
  1114 10169
  1115 10169
  1116 10169
  1117 10169
  1118 10169
  1119 10169
  1120 10169
  1121 10169
  1122 10169
  1123 10169
  1124 10169
  1125 10169
  1126 10169
  1127 10169
  1128 10169
  1129 10169
  1130 10169
  1131 10169
  1132 10169
  1133 10169
  1134 10169
  1135 10169
  1136 10169
  1137 10169
  1138 10169
  1139 10169
  1140 10169
  1141 10169
  1142 10169
  1143 10169
  1144 10169
  1145 10169
  1146 10169
  1147 10169
  1148 10169
  1149 10169
  1150 10169
  1151 10169
  1152 10169
  1153 10169
  1154 10169
  1155 10169
  1156 10169
  1157 10169
  1158 10169
  1159 10169
  1160 10169
  1161 10169
  1162 10169
  1163 10169
  1164 10169
  1165 10169
  1166 10169
  1167 10169
  1168 10169
  1169 10169
  1170 10169
  1171 10169
  1172 10169
  1173 10169
  1174 10169
  1175 10169
  1176 10169
  1177 10169
  1178 10169
  1179 10169
  1180 10169
  1181 10169
  1182 10169
  1183 10169
  1184 10169
  1185 10169
  1186 10169
  1187 10169
  1188 10169
  1189 10169
  1190 10169
  1191 10169
  1192 10169
  1193 10169
  1194 10169
  1195 10169
  1196 10169
  1197 10169
  1198 10169
  1199 10169
  1200 10169
  1201 10169
  1202 10169
  1203 10169
  1204 10169
  1205 10169
  1206 10169
  1207 10169
  1208 10169
  1209 10169
  1210 10169
  1211 10169
  1212 10169
  1213 10169
  1214 10169
  1215 10169
  1216 10169
  1217 10169
  1218 10169
  1219 10169
  1220 10169
  1221 10169
  1222 10169
  1223 10169
  1224 10169
  1225 10169
  1226 10169
  1227 10169
  1228 10169
  1229 10169
  1230 10169
  1231 10169
  1232 10169
  1233 10169
  1234 10169
  1235 10169
  1236 10169
  1237 10169
  1238 10169
  1239 10169
  1240 10169
  1241 10169
  1242 10169
  1243 10169
  1244 10169
  1245 10169
  1246 10169
  1247 10169
  1248 10169
  1249 10169
  1250 10169
  1251 10169
  1252 10169
  1253 10169
  1254 10169
  1255 10169
  1256 10169
  1257 10169
  1258 10169
  1259 10169
  1260 10169
  1261 10169
  1262 10169
  1267 10096
  1269 10118
  1270 10118
  1271 10036
  1272 10036
  1273 10036
  1274 10036
  1275 10118
  1276 10118
  1277 10118
  1278 10118
  1279 10118
  1280 10118
  1281 10118
  1282 10118
  1283 10118
  1284 10118
  1285 10118
  1286 10118
  1287 10118
  1288 10118
  1289 10118
  1290 10118
  1291 10118
  1292 10118
  1293 10118
  1294 10118
  1295 10118
  1296 10118
  1297 10118
  1298 10118
  1299 10118
  1300 10118
  1301 10118
  1302 10118
  1303 10118
  1304 10118
  1305 10118
  1306 10118
  1307 10118
  1308 10118
  1309 10118
  1310 10118
  1311 10118
  1312 10118
  1313 10118
  1314 10118
  1315 10118
  1316 10118
  1317 10118
  1318 10118
  1319 10118
  1320 10118
  1321 10118
  1322 10118
  1323 10118
  1324 10118
  1325 10118
  1326 10118
  1327 10118
  1328 10118
  1329 10118
  1330 10118
  1331 10118
  1332 10118
  1333 10118
  1334 10118
  1335 10118
  1336 10118
  1337 10118
  1338 10118
  1339 10118
  1340 10118
  1341 10118
  1342 10118
  1343 10118
  1344 10118
  1345 10118
  1346 10118
  1347 10118
  1348 10118
  1349 10118
  1350 10118
  1351 10118
  1352 10118
  1353 10118
  1354 10118
  1355 10118
  1356 10118
  1357 10118
  1358 10118
  1359 10118
  1360 10118
  1361 10118
  1362 10118
  1363 10118
  1364 10118
  1365 10118
  1366 10118
  1367 10118
  1368 10118
  1369 10118
  1370 10118
  1371 10118
  1372 10118
  1373 10118
  1374 10118
  1375 10118
  1376 10118
  1377 10118
  1378 10118
  1379 10118
  1380 10118
  1381 10118
  1382 10118
  1383 10118
  1384 10118
  1385 10118
  1386 10118
  1387 10118
  1388 10118
  1389 10118
  1390 10118
  1391 10118
  1392 10118
  1393 10118
  1394 10118
  1395 10118
  1396 10118
  1397 10118
  1398 10118
  1399 10118
  1400 10118
  1401 10118
  1402 10118
  1403 10118
  1404 10118
  1405 10118
  1406 10118
  1407 10118
  1408 10118
  1409 10118
  1410 10118
  1411 10118
  1412 10118
  1413 10118
  1414 10118
  1415 10118
  1416 10118
  1417 10118
  1418 10118
  1419 10118
  1420 10118
  1421 10118
  1422 10118
  1423 10118
  1424 10118
  1425 10118
  1426 10118
  1427 10118
  1428 10118
  1429 10118
  1430 10118
  1431 10118
  1432 10118
  1433 10118
  1434 10118
  1435 10118
  1436 10118
  1437 10118
  1438 10118
  1439 10118
  1440 10118
  1441 10118
  1442 10118
  1443 10118
  1444 10118
  1445 10118
  1446 10118
  1447 10118
  1448 10118
  1449 10118
  1450 10118
  1451 10118
  1452 10118
  1453 10118
  1454 10118
  1455 10118
  1456 10118
  1457 10118
  1458 10118
  1459 10118
  1460 10118
  1461 10118
  1462 10118
  1463 10118
  1464 10118
  1465 10118
  1466 10118
  1467 10118
  1468 10118
  1469 10118
  1470 10118
  1471 10118
  1472 10118
  1473 10118
  1474 10118
  1475 10118
  1476 10118
  1477 10118
  1478 10118
  1479 10118
  1480 10118
  1481 10118
  1482 10118
  1483 10118
  1484 10118
  1485 10118
  1486 10118
  1487 10118
  1488 10118
  1489 10118
  1490 10118
  1491 10118
  1492 10118
  1493 10118
  1494 10118
  1495 10118
  1496 10118
  1497 10118
  1498 10118
  1499 10118
  1500 10118
  1501 10011
  1502 10011
  1503 10011
  1504 10011
  1505 10011
  1506 10011
  1507 10011
  1508 10011
  1509 10011
  1510 10011
  1511 10011
  1512 10011
  1513 10011
  1514 10011
  1515 10011
  1516 10011
  1517 10011
  1518 10011
  1519 10011
  1520 10011
  1521 10011
  1522 10011
  1523 10011
  1524 10011
  1525 10011
  1526 10011
  1527 10011
  1528 10011
  1529 10011
  1530 10011
  1531 10011
  1532 10011
  1533 10011
  1534 10011
  1535 10011
  1536 10011
  1537 10011
  1538 10011
  1539 10011
  1540 10011
  1541 10011
  1542 10011
  1543 10011
  1544 10011
  1545 10011
  1546 10011
  1547 10011
  1548 10011
  1549 10011
  1550 10011
  1551 10011
  1552 10011
  1553 10011
  1554 10011
  1555 10011
  1556 10011
  1557 10011
  1558 10011
  1559 10011
  1560 10011
  1561 10011
  1562 10011
  1563 10011
  1564 10011
  1565 10011
  1566 10011
  1567 10011
  1568 10011
  1569 10011
  1570 10011
  1571 10011
  1572 10011
  1573 10011
  1574 10011
  1575 10011
  1576 10011
  1577 10011
  1578 10011
  1579 10011
  1580 10011
  1581 10011
  1582 10011
  1583 10011
  1584 10011
  1585 10011
  1586 10011
  1587 10011
  1588 10011
  1589 10011
  1590 10011
  1591 10011
  1592 10011
  1593 10011
  1594 10011
  1595 10011
  1596 10011
  1597 10011
  1598 10011
  1599 10011
  1600 10011
  1601 10011
  1602 10011
  1603 10011
  1604 10011
  1605 10011
  1606 10011
  1607 10011
  1608 10011
  1609 10011
  1610 10011
  1611 10011
  1612 10011
  1613 10011
  1614 10011
  1615 10011
  1616 10011
  1617 10011
  1618 10011
  1619 10011
  1620 10011
  1621 10094
  1630 10059
  1631 10059
  1632 10059
  1633 10059
  1634 10059
  1635 10059
  1636 10059
  1637 10059
  1638 10059
  1639 10059
  1640 10059
  1641 10059
  1642 10059
  1643 10059
  1644 10059
  1645 10059
  1646 10059
  1647 10059
  1648 10059
  1649 10059
  1650 10059
  1651 10059
  1652 10059
  1653 10059
  1654 10059
  1655 10059
  1656 10059
  1657 10059
  1658 10059
  1659 10059
  1660 10059
  1661 10059
  1662 10059
  1663 10059
  1664 10059
  1665 10059
  1666 10059
  1667 10059
  1668 10059
  1669 10059
  1670 10059
  1671 10059
  1672 10059
  1673 10059
  1674 10059
  1675 10059
  1676 10059
  1677 10059
  1678 10059
  1679 10059
  1680 10059
  1681 10059
  1682 10059
  1683 10059
  1684 10059
  1685 10059
  1686 10059
  1687 10059
  1688 10059
  1689 10059
  1690 10059
  1691 10059
  1692 10059
  1693 10059
  1694 10059
  1695 10059
  1696 10059
  1697 10059
  1698 10059
  1699 10059
  1700 10059
  1701 10059
  1702 10059
  1703 10059
  1704 10059
  1705 10059
  1706 10059
  1707 10059
  1708 10059
  1709 10059
  1710 10059
  1711 10059
  1712 10059
  1713 10059
  1714 10059
  1715 10059
  1716 10059
  1717 10059
  1718 10059
  1719 10059
  1720 10059
  1721 10059
  1722 10059
  1723 10059
  1724 10059
  1725 10059
  1726 10059
  1727 10059
  1728 10059
  1729 10059
  1730 10059
  1731 10059
  1732 10059
  1733 10059
  1734 10059
  1735 10059
  1736 10059
  1737 10059
  1738 10059
  1739 10059
  1740 10059
  1741 10059
  1742 10059
  1743 10059
  1744 10059
  1745 10059
  1746 10059
  1747 10059
  1748 10059
  1749 10059
  1750 10059
  1751 10059
  1752 10059
  1753 10059
  1754 10059
  1755 10059
  1756 10059
  1757 10059
  1758 10059
  1759 10059
  1760 10059
  1761 10059
  1762 10059
  1763 10059
  1764 10059
  1765 10059
  1766 10059
  1767 10059
  1768 10059
  1769 10059
  1770 10059
  1771 10059
  1772 10059
  1773 10059
  1774 10059
  1775 10059
  1776 10059
  1777 10059
  1778 10059
  1779 10059
  1780 10059
  1781 10059
  1782 10059
  1783 10059
  1784 10059
  1785 10059
  1786 10059
  1787 10059
  1788 10059
  1789 10059
  1790 10059
  1791 10059
  1792 10059
  1793 10059
  1794 10059
  1795 10059
  1796 10059
  1797 10059
  1798 10059
  1799 10059
  1800 10059
  1801 10059
  1802 10059
  1803 10059
  1804 10059
  1805 10059
  1806 10059
  1807 10059
  1808 10059
  1809 10059
  1810 10059
  1811 10059
  1812 10059
  1813 10059
  1814 10059
  1815 10059
  1816 10059
  1817 10059
  1818 10059
  1819 10059
  1820 10059
  1821 10059
  1822 10059
  1823 10059
  1824 10059
  1825 10059
  1826 10059
  1827 10059
  1828 10059
  1829 10059
  1830 10059
  1831 10059
  1832 10059
  1833 10059
  1834 10059
  1835 10059
  1836 10059
  1837 10059
  1838 10059
  1839 10059
  1840 10059
  1841 10059
  1842 10059
  1843 10059
  1844 10059
  1845 10059
  1846 10059
  1847 10059
  1848 10059
  1849 10059
  1850 10059
  1851 10059
  1852 10059
  1853 10059
  1854 10059
  1855 10059
  1867 10090
  1881 10043
  1882 10043
  1883 10043
  1884 10043
  1885 10043
  1886 10043
  1887 10043
  1888 10043
  1889 10043
  1890 10043
  1891 10043
  1892 10043
  1893 10043
  1894 10043
  1896 10043
  1899 10043
  1900 10043
  1901 10043
  1906 10043
  1907 10043
  1908 10043
  1909 10043
  1910 10043
  1911 10043
  1912 10043
  1920 10043
  1935 10043
  1936 10043
  1937 10043
  1938 10043
  1939 10043
  1940 10043
  1972 10043
  1973 10043
  1974 10043
  1991 10043
  1992 10043
  2020 10043
  2029 10066
  2030 10066
  2032 10082
  2033 10151
  2034 10151
  2035 10151
  2036 10151
  2037 10151
  2038 10151
  2039 10151
  2040 10151
  2041 10151
  2042 10028
  2043 10041
  2044 10028
