   690 10011
   691 10011
   692 10011
   693 10011
   694 10011
   695 10011
   696 10011
   697 10011
   698 10011
   699 10011
   700 10011
   701 10011
   702 10011
   703 10011
   704 10011
   705 10011
   706 10011
   707 10011
   708 10011
   709 10011
   710 10011
   711 10011
   712 10011
   713 10011
   714 10011
   715 10011
   716 10011
   717 10011
   718 10011
   719 10011
   720 10011
   721 10011
   722 10011
   723 10011
   724 10011
   725 10011
   726 10011
   727 10011
   728 10011
   729 10011
   730 10011
   731 10011
   732 10011
   733 10011
   734 10011
   735 10011
   736 10011
   737 10011
   738 10011
   739 10011
   740 10011
   741 10011
   742 10011
   743 10011
   744 10011
   745 10011
   746 10011
   747 10011
   748 10011
   749 10011
   750 10011
   751 10011
   752 10011
   753 10011
   754 10011
   755 10011
   756 10011
   757 10011
   758 10011
   759 10011
   760 10011
   761 10011
   762 10011
   763 10011
   764 10011
   765 10011
   766 10011
   767 10011
   768 10011
   769 10011
   770 10011
   771 10011
   772 10011
   773 10011
   774 10011
   775 10011
   776 10011
   777 10011
   778 10011
   779 10011
   780 10011
   782 10043
   783 10101
   784 10101
   785 10138
   786 10138
   787 10138
   788 10138
   789 10138
   790 10138
   791 10138
   792 10138
   793 10138
   794 10138
   795 10138
   796 10138
   797 10138
   798 10138
   799 10138
   800 10138
   801 10138
   802 10138
   803 10138
   804 10138
   805 10138
   806 10138
   807 10138
   808 10138
   809 10138
   810 10138
   811 10138
   812 10138
   813 10138
   814 10138
   815 10138
   816 10138
   817 10138
   818 10138
   819 10138
   820 10138
   821 10138
   822 10138
   823 10138
   824 10138
   825 10138
   826 10138
   827 10138
   828 10138
   829 10138
   830 10138
   831 10138
   832 10138
   833 10138
   834 10138
   835 10138
   836 10138
   837 10138
   838 10138
   839 10138
   840 10138
   841 10138
   842 10138
   843 10138
   844 10138
   845 10138
   846 10138
   847 10138
   848 10138
   849 10138
   850 10138
   851 10138
   852 10138
   853 10138
   854 10138
   855 10138
   856 10138
   857 10138
   858 10138
   859 10138
   860 10138
   861 10138
   862 10138
   863 10138
   864 10138
   865 10138
   866 10138
   867 10138
   868 10138
   869 10138
   870 10138
   871 10138
   872 10138
   873 10138
   874 10138
   875 10138
   876 10138
   877 10138
   878 10138
   879 10138
   880 10138
   881 10138
   882 10138
   883 10138
   884 10138
   885 10138
   886 10138
   887 10138
   888 10138
   889 10138
   890 10138
   891 10138
   892 10138
   893 10138
   894 10138
   895 10138
   896 10138
   897 10138
   898 10138
   899 10138
   900 10138
   901 10138
   902 10138
   903 10138
   904 10138
   905 10138
   906 10138
   907 10138
   908 10138
   909 10138
   910 10138
   911 10138
   912 10138
   913 10138
   914 10138
   915 10138
   916 10138
   917 10138
   918 10138
   919 10138
   920 10138
   921 10138
   922 10138
   923 10138
   924 10138
   925 10138
   926 10138
   927 10138
   928 10138
   929 10138
   930 10138
   931 10138
   932 10138
   933 10138
   934 10138
   935 10138
   936 10138
   937 10138
   938 10138
   939 10138
   940 10138
   941 10138
   942 10138
   943 10138
   944 10138
   945 10138
   946 10138
   947 10138
   948 10138
   949 10138
   950 10138
   951 10138
   952 10138
   953 10138
   954 10138
   955 10138
   956 10138
   957 10138
   958 10138
   959 10138
   960 10138
   961 10138
   962 10138
   963 10138
   964 10138
   965 10138
   966 10138
   967 10138
   968 10138
   969 10138
   970 10138
   971 10138
   972 10138
   973 10138
   974 10138
   975 10138
   976 10138
   977 10138
   978 10138
   979 10138
   980 10138
   981 10138
   982 10138
   983 10138
   984 10138
   985 10138
   986 10138
   987 10138
   988 10138
   989 10138
   990 10138
   991 10138
   992 10138
   993 10138
   994 10138
   995 10138
   996 10138
   997 10138
   998 10138
   999 10138
  1000 10138
  1001 10138
  1002 10138
  1003 10138
  1004 10138
  1005 10138
  1006 10138
  1007 10138
  1008 10138
  1009 10138
  1010 10138
  1011 10138
  1012 10138
  1013 10138
  1014 10138
  1015 10138
  1016 10138
  1017 10138
  1018 10138
  1019 10138
  1020 10138
  1021 10080
  1022 10149
  1023 10149
  1024 10149
  1025 10149
  1026 10149
  1027 10149
  1028 10149
  1029 10149
  1030 10149
  1031 10149
  1032 10149
  1033 10149
  1034 10149
  1035 10149
  1036 10149
  1037 10071
  1038 10149
  1039 10149
  1040 10149
  1041 10149
  1042 10149
  1043 10149
  1044 10149
  1045 10149
  1046 10149
  1047 10149
  1048 10149
  1049 10149
  1050 10149
  1051 10149
  1052 10149
  1053 10149
  1054 10149
  1055 10149
  1056 10149
  1057 10149
  1058 10149
  1059 10149
  1060 10149
  1061 10149
  1062 10149
  1063 10149
  1064 10149
  1065 10149
  1066 10149
  1067 10149
  1068 10149
  1069 10071
  1070 10149
  1071 10071
  1072 10149
  1073 10149
  1074 10149
  1075 10149
  1076 10149
  1077 10149
  1078 10149
  1079 10149
  1080 10149
  1081 10149
  1082 10149
  1083 10149
  1084 10149
  1085 10149
  1086 10149
  1087 10149
  1088 10149
  1089 10149
  1090 10149
  1091 10149
  1092 10149
  1093 10149
  1094 10149
  1095 10149
  1096 10149
  1097 10149
  1098 10149
  1099 10149
  1100 10149
  1101 10149
  1102 10149
  1103 10149
  1104 10149
  1105 10149
  1106 10149
  1107 10149
  1108 10149
  1109 10149
  1110 10149
  1111 10149
  1112 10149
  1113 10149
  1114 10080
  1115 10080
  1116 10149
  1117 10080
  1118 10149
  1119 10149
  1120 10149
  1121 10149
  1122 10149
  1123 10149
  1124 10149
  1125 10149
  1126 10149
  1127 10149
  1128 10149
  1129 10149
  1130 10149
  1131 10149
  1132 10149
  1133 10149
  1134 10149
  1135 10149
  1136 10149
  1137 10149
  1138 10149
  1139 10071
  1140 10071
  1141 10149
  1142 10149
  1143 10149
  1144 10149
  1145 10149
  1146 10149
  1147 10149
  1148 10149
  1149 10149
  1150 10149
  1151 10149
  1152 10149
  1153 10149
  1154 10149
  1155 10149
  1156 10149
  1157 10149
  1158 10149
  1159 10149
  1160 10149
  1161 10149
  1162 10149
  1163 10149
  1164 10149
  1165 10149
  1166 10149
  1167 10149
  1168 10149
  1169 10149
  1170 10149
  1171 10149
  1172 10149
  1173 10149
  1174 10149
  1175 10149
  1176 10149
  1177 10149
  1178 10149
  1179 10149
  1180 10149
  1181 10149
  1182 10149
  1183 10149
  1184 10149
  1185 10149
  1186 10149
  1187 10149
  1188 10149
  1189 10149
  1190 10149
  1191 10149
  1192 10149
  1193 10149
  1194 10149
  1195 10149
  1196 10149
  1197 10071
  1198 10149
  1199 10149
  1200 10149
  1201 10149
  1202 10149
  1203 10149
  1204 10149
  1205 10149
  1206 10149
  1207 10149
  1208 10149
  1209 10149
  1210 10149
  1211 10149
  1212 10149
  1213 10149
  1214 10149
  1215 10149
  1216 10149
  1217 10149
  1218 10149
  1219 10149
  1220 10149
  1221 10149
  1222 10149
  1223 10149
  1224 10149
  1225 10149
  1226 10149
  1227 10149
  1228 10149
  1229 10149
  1230 10149
  1231 10149
  1232 10149
  1233 10149
  1234 10149
  1235 10149
  1236 10149
  1237 10149
  1238 10149
  1239 10149
  1240 10149
  1241 10149
  1244 10055
  1245 10055
  1246 10055
  1247 10018
  1248 10018
  1249 10018
  1250 10018
  1251 10158
  1252 10158
  1253 10158
  1254 10158
  1255 10158
  1256 10018
  1257 10018
  1264 10118
  1265 10118
  1266 10118
  1267 10118
  1268 10118
  1269 10118
  1270 10118
  1271 10036
  1272 10036
  1273 10036
  1274 10036
  1275 10118
  1276 10118
  1277 10118
  1278 10118
  1279 10118
  1280 10118
  1281 10118
  1282 10118
  1283 10118
  1284 10118
  1285 10118
  1286 10118
  1287 10118
  1288 10118
  1289 10118
  1290 10118
  1291 10118
  1292 10118
  1293 10118
  1294 10118
  1295 10118
  1296 10118
  1297 10118
  1298 10118
  1299 10118
  1300 10118
  1301 10118
  1302 10118
  1303 10118
  1304 10118
  1305 10118
  1306 10118
  1307 10118
  1308 10118
  1309 10118
  1310 10118
  1311 10118
  1312 10118
  1313 10118
  1314 10118
  1315 10118
  1316 10118
  1317 10118
  1318 10118
  1319 10118
  1320 10118
  1321 10118
  1322 10118
  1323 10118
  1324 10118
  1325 10118
  1326 10118
  1327 10118
  1328 10118
  1329 10118
  1330 10118
  1331 10118
  1332 10118
  1333 10118
  1334 10118
  1335 10118
  1336 10118
  1337 10118
  1338 10118
  1339 10118
  1340 10118
  1341 10118
  1342 10118
  1343 10118
  1344 10118
  1345 10118
  1346 10118
  1347 10118
  1348 10118
  1349 10118
  1350 10118
  1351 10118
  1352 10118
  1353 10118
  1354 10118
  1355 10118
  1356 10118
  1357 10118
  1358 10118
  1359 10118
  1360 10118
  1361 10118
  1362 10118
  1363 10118
  1364 10118
  1365 10118
  1366 10118
  1367 10118
  1368 10118
  1369 10118
  1370 10118
  1371 10118
  1372 10118
  1373 10118
  1374 10118
  1375 10118
  1376 10118
  1377 10118
  1378 10118
  1379 10118
  1380 10118
  1381 10118
  1382 10118
  1383 10118
  1384 10118
  1385 10118
  1386 10118
  1387 10118
  1388 10118
  1389 10118
  1390 10118
  1391 10118
  1392 10118
  1393 10118
  1394 10118
  1395 10118
  1396 10118
  1397 10118
  1398 10118
  1399 10118
  1400 10118
  1401 10118
  1402 10118
  1403 10118
  1404 10118
  1405 10118
  1406 10118
  1407 10118
  1408 10118
  1409 10118
  1410 10118
  1411 10118
  1412 10118
  1413 10118
  1414 10118
  1415 10118
  1416 10118
  1417 10118
  1418 10118
  1419 10118
  1420 10118
  1421 10118
  1422 10118
  1423 10118
  1424 10118
  1425 10118
  1426 10118
  1427 10118
  1428 10118
  1429 10118
  1430 10118
  1431 10118
  1432 10118
  1433 10118
  1434 10118
  1435 10118
  1436 10118
  1437 10118
  1438 10118
  1439 10118
  1440 10118
  1441 10118
  1442 10118
  1443 10118
  1444 10118
  1445 10118
  1446 10118
  1447 10118
  1448 10118
  1449 10118
  1450 10118
  1451 10118
  1452 10118
  1453 10118
  1454 10118
  1455 10118
  1456 10118
  1457 10118
  1458 10118
  1459 10118
  1460 10118
  1461 10118
  1462 10118
  1463 10118
  1464 10118
  1465 10118
  1466 10118
  1467 10118
  1468 10118
  1469 10118
  1470 10118
  1471 10118
  1472 10118
  1473 10118
  1474 10118
  1475 10118
  1476 10118
  1477 10118
  1478 10118
  1479 10118
  1480 10118
  1481 10118
  1482 10118
  1483 10118
  1484 10118
  1485 10118
  1486 10118
  1487 10118
  1488 10118
  1489 10118
  1490 10118
  1491 10118
  1492 10118
  1493 10118
  1494 10118
  1495 10118
  1496 10118
  1497 10118
  1498 10118
  1499 10118
  1500 10118
  1501 10033
  1502 10033
  1503 10033
  1504 10033
  1505 10033
  1506 10033
  1507 10033
  1508 10033
  1509 10033
  1510 10033
  1511 10033
  1512 10033
  1513 10033
  1514 10033
  1515 10033
  1516 10033
  1517 10033
  1518 10033
  1519 10033
  1520 10033
  1521 10033
  1522 10033
  1523 10033
  1524 10033
  1525 10033
  1526 10033
  1527 10033
  1528 10033
  1529 10033
  1530 10033
  1531 10033
  1532 10033
  1533 10033
  1534 10033
  1535 10033
  1536 10033
  1537 10033
  1538 10033
  1539 10033
  1540 10033
  1541 10033
  1542 10033
  1543 10033
  1544 10033
  1545 10033
  1546 10033
  1547 10033
  1548 10033
  1549 10033
  1550 10033
  1551 10033
  1552 10033
  1553 10033
  1554 10033
  1555 10033
  1556 10033
  1557 10033
  1558 10033
  1559 10033
  1560 10033
  1561 10033
  1562 10033
  1563 10033
  1564 10033
  1565 10033
  1566 10033
  1567 10033
  1568 10033
  1569 10033
  1570 10033
  1571 10033
  1572 10033
  1573 10033
  1574 10033
  1575 10033
  1576 10033
  1577 10033
  1578 10033
  1579 10033
  1580 10033
  1581 10033
  1582 10033
  1583 10033
  1584 10033
  1585 10033
  1586 10033
  1587 10033
  1588 10033
  1589 10033
  1590 10033
  1591 10033
  1592 10033
  1593 10033
  1594 10033
  1595 10033
  1596 10033
  1597 10033
  1598 10033
  1599 10033
  1600 10033
  1601 10033
  1602 10033
  1603 10033
  1604 10033
  1605 10033
  1606 10033
  1607 10033
  1608 10033
  1609 10033
  1610 10033
  1611 10033
  1612 10033
  1613 10033
  1614 10033
  1615 10033
  1616 10033
  1617 10033
  1618 10033
  1619 10033
  1620 10033
  1621 10033
  1622 10033
  1623 10033
  1624 10033
  1625 10033
  1626 10033
  1627 10033
  1628 10033
  1629 10033
  1630 10033
  1631 10033
  1632 10033
  1633 10033
  1634 10033
  1635 10033
  1636 10033
  1637 10033
  1638 10033
  1639 10033
  1640 10033
  1641 10033
  1642 10033
  1643 10033
  1644 10033
  1645 10033
  1646 10033
  1647 10033
  1648 10033
  1649 10033
  1650 10033
  1651 10033
  1652 10033
  1653 10033
  1654 10033
  1655 10033
  1656 10033
  1657 10033
  1658 10033
  1659 10033
  1660 10033
  1661 10033
  1662 10033
  1663 10033
  1664 10033
  1665 10033
  1666 10033
  1667 10033
  1668 10033
  1669 10033
  1670 10033
  1671 10033
  1672 10033
  1673 10033
  1674 10033
  1675 10033
  1676 10033
  1677 10033
  1678 10033
  1679 10033
  1680 10033
  1681 10033
  1682 10033
  1683 10033
  1684 10033
  1685 10033
  1686 10033
  1687 10033
  1688 10033
  1689 10033
  1690 10033
  1691 10033
  1692 10033
  1693 10033
  1694 10033
  1695 10033
  1696 10033
  1697 10033
  1698 10033
  1699 10033
  1700 10033
  1701 10033
  1702 10033
  1703 10033
  1704 10033
  1705 10033
  1706 10033
  1707 10033
  1708 10033
  1709 10033
  1710 10033
  1711 10033
  1712 10033
  1713 10033
  1714 10033
  1715 10033
  1716 10033
  1717 10033
  1718 10033
  1719 10033
  1720 10033
  1721 10033
  1722 10033
  1723 10033
  1724 10033
  1725 10033
  1726 10033
  1727 10033
  1728 10033
  1729 10033
  1730 10033
  1731 10033
  1732 10033
  1733 10033
  1734 10033
  1735 10033
  1736 10033
  1737 10033
  1738 10033
  1739 10033
  1740 10033
  1741 10033
  1742 10033
  1743 10033
  1744 10033
  1745 10033
  1746 10033
  1747 10033
  1748 10033
  1749 10033
  1750 10033
  1751 10033
  1752 10033
  1753 10033
  1754 10033
  1755 10033
  1756 10033
  1757 10033
  1758 10033
  1759 10033
  1760 10033
  1761 10033
  1762 10033
  1763 10033
  1764 10033
  1765 10033
  1766 10033
  1767 10033
  1768 10033
  1769 10033
  1770 10033
  1771 10033
  1772 10033
  1773 10033
  1774 10033
  1775 10033
  1776 10033
  1777 10033
  1778 10033
  1779 10033
  1780 10033
  1781 10033
  1782 10033
  1783 10033
  1784 10033
  1785 10033
  1786 10033
  1787 10033
  1788 10033
  1789 10033
  1790 10033
  1791 10033
  1792 10033
  1793 10033
  1794 10033
  1795 10033
  1796 10033
  1797 10033
  1798 10033
  1799 10033
  1800 10033
  1801 10033
  1802 10033
  1803 10033
  1804 10033
  1805 10033
  1806 10033
  1807 10033
  1808 10033
  1809 10033
  1810 10033
  1811 10033
  1812 10033
  1813 10033
  1814 10033
  1815 10033
  1816 10033
  1817 10033
  1818 10033
  1819 10033
  1820 10033
  1821 10033
  1822 10033
  1823 10033
  1824 10033
  1825 10033
  1826 10033
  1827 10033
  1828 10033
  1829 10033
  1830 10033
  1831 10033
  1832 10033
  1833 10033
  1834 10033
  1835 10033
  1836 10033
  1837 10033
  1838 10033
  1839 10033
  1840 10033
  1841 10033
  1842 10033
  1843 10033
  1844 10033
  1845 10033
  1847 10033
  1850 10033
  1851 10028
  1852 10033
  1853 10028
