   690 10034
   691 10034
   692 10034
   693 10034
   694 10034
   695 10034
   696 10034
   697 10034
   698 10034
   699 10034
   700 10034
   701 10034
   702 10034
   703 10034
   704 10034
   705 10034
   706 10034
   707 10034
   708 10034
   709 10034
   710 10034
   711 10034
   712 10034
   713 10034
   714 10034
   715 10034
   716 10034
   717 10034
   718 10034
   719 10034
   720 10034
   721 10034
   722 10034
   723 10034
   724 10034
   725 10034
   726 10034
   727 10034
   728 10034
   729 10034
   730 10034
   731 10034
   732 10034
   733 10034
   734 10034
   735 10034
   736 10034
   737 10034
   738 10034
   739 10034
   740 10034
   741 10034
   742 10034
   743 10034
   744 10034
   745 10034
   746 10034
   747 10034
   748 10034
   749 10034
   750 10034
   751 10034
   752 10034
   753 10034
   754 10034
   755 10034
   756 10034
   757 10034
   758 10034
   759 10034
   760 10034
   761 10034
   762 10034
   763 10034
   764 10034
   765 10034
   766 10034
   767 10034
   768 10034
   769 10034
   770 10034
   771 10034
   772 10034
   773 10034
   774 10034
   775 10034
   776 10034
   777 10034
   778 10034
   779 10034
   780 10034
   781 10152
   782 10152
   783 10152
   784 10152
   785 10152
   786 10152
   787 10152
   788 10152
   789 10152
   790 10034
   791 10034
   792 10152
   793 10034
   794 10034
   795 10034
   796 10034
   797 10034
   798 10034
   799 10034
   800 10034
   801 10034
   802 10034
   803 10034
   804 10034
   805 10034
   806 10034
   807 10034
   808 10034
   809 10034
   810 10034
   811 10034
   812 10034
   813 10034
   814 10034
   815 10034
   816 10034
   817 10034
   818 10034
   819 10034
   820 10034
   821 10034
   822 10034
   823 10034
   824 10034
   825 10034
   826 10034
   827 10034
   828 10034
   829 10034
   830 10034
   831 10034
   832 10034
   833 10034
   834 10034
   835 10034
   836 10034
   837 10034
   838 10034
   839 10034
   840 10034
   841 10034
   842 10034
   843 10034
   844 10034
   845 10034
   846 10034
   847 10034
   848 10034
   849 10034
   850 10034
   851 10034
   852 10034
   853 10034
   854 10034
   855 10034
   856 10034
   857 10034
   858 10034
   859 10034
   860 10034
   861 10034
   862 10034
   863 10034
   864 10034
   865 10034
   866 10034
   867 10034
   868 10034
   869 10034
   870 10034
   871 10034
   872 10034
   873 10034
   874 10034
   875 10034
   876 10034
   877 10034
   878 10034
   879 10034
   880 10034
   881 10034
   882 10034
   883 10034
   884 10034
   885 10034
   886 10034
   887 10034
   888 10034
   889 10034
   890 10034
   891 10034
   892 10034
   893 10034
   894 10034
   895 10034
   896 10034
   897 10034
   898 10034
   899 10034
   900 10034
   901 10034
   902 10034
   903 10034
   904 10034
   905 10034
   906 10034
   907 10034
   908 10034
   909 10034
   910 10034
   911 10034
   912 10034
   913 10034
   914 10034
   915 10034
   916 10034
   917 10034
   918 10034
   919 10034
   920 10034
   921 10034
   922 10034
   923 10034
   924 10034
   925 10034
   926 10034
   927 10034
   928 10034
   929 10034
   930 10034
   931 10034
   932 10034
   933 10034
   934 10034
   935 10034
   936 10034
   937 10034
   938 10034
   939 10034
   940 10034
   941 10034
   942 10034
   943 10034
   944 10034
   945 10034
   946 10034
   947 10034
   948 10034
   949 10034
   950 10034
   951 10034
   952 10034
   953 10034
   954 10034
   955 10034
   956 10034
   957 10034
   958 10034
   959 10034
   960 10034
   961 10034
   962 10034
   963 10034
   964 10034
   965 10034
   966 10034
   967 10034
   968 10034
   969 10034
   970 10034
   971 10034
   972 10034
   973 10034
   974 10034
   975 10034
   976 10034
   977 10034
   978 10034
   979 10034
   980 10034
   981 10034
   982 10034
   983 10034
   984 10034
   985 10034
   986 10034
   987 10034
   988 10034
   989 10034
   990 10034
   991 10034
   992 10034
   993 10034
   994 10034
   995 10034
   996 10034
   997 10034
   998 10034
   999 10034
  1000 10034
  1001 10034
  1002 10034
  1003 10034
  1004 10034
  1005 10034
  1006 10034
  1007 10034
  1008 10034
  1009 10034
  1010 10034
  1011 10034
  1012 10034
  1013 10034
  1014 10034
  1015 10034
  1016 10034
  1017 10034
  1018 10034
  1019 10034
  1020 10034
  1021 10041
  1022 10041
  1023 10041
  1024 10041
  1025 10072
  1026 10041
  1027 10041
  1028 10041
  1029 10041
  1030 10041
  1031 10041
  1032 10041
  1033 10041
  1034 10041
  1035 10041
  1036 10041
  1037 10041
  1038 10041
  1039 10041
  1040 10041
  1041 10041
  1042 10041
  1043 10041
  1044 10041
  1045 10041
  1046 10041
  1047 10041
  1048 10041
  1049 10041
  1050 10041
  1051 10041
  1052 10041
  1053 10041
  1054 10041
  1055 10041
  1056 10041
  1057 10041
  1058 10041
  1059 10041
  1060 10041
  1061 10041
  1062 10041
  1063 10041
  1064 10041
  1065 10041
  1066 10041
  1067 10041
  1068 10041
  1069 10041
  1070 10041
  1071 10041
  1072 10041
  1073 10041
  1074 10041
  1075 10041
  1076 10041
  1077 10041
  1078 10041
  1079 10041
  1080 10041
  1081 10041
  1082 10041
  1083 10041
  1084 10041
  1085 10041
  1086 10041
  1087 10041
  1088 10041
  1089 10041
  1090 10041
  1091 10041
  1092 10041
  1093 10041
  1094 10041
  1095 10041
  1096 10041
  1097 10041
  1098 10041
  1099 10041
  1100 10041
  1101 10041
  1102 10041
  1103 10041
  1104 10041
  1105 10041
  1106 10041
  1107 10041
  1108 10041
  1109 10041
  1110 10041
  1111 10041
  1112 10041
  1113 10041
  1114 10041
  1115 10041
  1116 10041
  1117 10041
  1118 10041
  1119 10041
  1120 10041
  1121 10041
  1122 10041
  1123 10041
  1124 10041
  1125 10041
  1126 10041
  1127 10041
  1128 10041
  1129 10041
  1130 10041
  1131 10041
  1132 10041
  1133 10041
  1134 10041
  1135 10041
  1136 10041
  1137 10041
  1138 10041
  1139 10041
  1140 10041
  1141 10041
  1142 10041
  1143 10041
  1144 10041
  1145 10041
  1146 10041
  1147 10041
  1148 10041
  1149 10041
  1150 10041
  1151 10041
  1152 10041
  1153 10041
  1154 10041
  1155 10041
  1156 10041
  1157 10041
  1158 10041
  1159 10041
  1160 10041
  1161 10041
  1162 10041
  1163 10041
  1164 10041
  1165 10041
  1166 10041
  1167 10041
  1168 10041
  1169 10041
  1170 10041
  1171 10041
  1172 10041
  1173 10041
  1174 10041
  1175 10041
  1176 10041
  1177 10041
  1178 10041
  1179 10041
  1180 10041
  1181 10041
  1182 10041
  1183 10041
  1184 10041
  1185 10041
  1186 10041
  1187 10041
  1188 10041
  1189 10041
  1190 10041
  1191 10041
  1192 10041
  1193 10041
  1194 10041
  1195 10041
  1196 10041
  1197 10041
  1198 10041
  1199 10041
  1200 10041
  1201 10041
  1202 10041
  1203 10041
  1204 10041
  1205 10041
  1206 10041
  1207 10041
  1208 10041
  1209 10041
  1210 10041
  1211 10041
  1212 10041
  1213 10041
  1214 10041
  1215 10041
  1216 10041
  1217 10041
  1218 10041
  1219 10041
  1220 10041
  1221 10041
  1222 10041
  1223 10041
  1224 10041
  1225 10041
  1226 10041
  1227 10041
  1228 10041
  1229 10041
  1230 10041
  1231 10041
  1232 10041
  1233 10041
  1234 10041
  1235 10041
  1236 10041
  1237 10041
  1238 10041
  1239 10041
  1240 10041
  1241 10041
  1242 10041
  1243 10041
  1244 10041
  1245 10041
  1246 10041
  1247 10041
  1248 10041
  1249 10041
  1250 10041
  1251 10041
  1252 10041
  1253 10041
  1254 10041
  1255 10041
  1256 10041
  1257 10041
  1258 10041
  1259 10041
  1260 10041
  1261 10028
  1270 10061
  1271 10065
  1275 10018
  1276 10018
  1277 10018
  1278 10018
  1279 10018
  1280 10018
  1281 10158
  1282 10158
  1283 10158
  1284 10158
  1285 10158
  1286 10018
  1287 10158
  1288 10158
  1289 10055
  1290 10055
  1291 10055
  1292 10055
  1293 10098
  1294 10018
  1295 10018
  1296 10018
  1297 10140
  1298 10140
  1299 10018
  1300 10018
  1301 10018
  1302 10018
  1303 10018
  1304 10158
  1305 10018
  1306 10158
  1307 10140
  1308 10018
  1309 10018
  1310 10158
  1311 10158
  1312 10158
  1313 10158
  1314 10158
  1315 10158
  1316 10055
  1317 10055
  1318 10055
  1319 10158
  1320 10018
  1321 10018
  1322 10018
  1323 10018
  1324 10018
  1325 10018
  1326 10018
  1327 10018
  1328 10018
  1329 10055
  1330 10055
  1331 10055
  1333 10055
  1334 10055
  1335 10055
  1338 10061
  1339 10169
  1340 10169
  1341 10169
  1342 10169
  1345 10061
  1346 10101
  1348 10050
  1349 10101
  1350 10101
  1351 10101
  1352 10101
  1353 10101
  1354 10169
  1355 10169
  1356 10101
  1357 10101
  1358 10101
  1359 10101
  1360 10101
  1361 10101
  1362 10101
  1363 10101
  1364 10138
  1365 10138
  1366 10138
  1367 10101
  1368 10061
  1369 10061
  1370 10169
  1371 10169
  1372 10169
  1373 10169
  1374 10128
  1375 10101
  1376 10101
  1377 10101
  1378 10101
  1379 10101
  1380 10061
  1381 10101
  1382 10101
  1383 10101
  1501 10090
  1502 10090
  1503 10090
  1504 10090
  1505 10090
  1506 10090
  1507 10090
  1508 10090
  1509 10090
  1510 10090
  1511 10090
  1512 10090
  1513 10090
  1514 10090
  1515 10090
  1516 10090
  1517 10090
  1518 10090
  1519 10090
  1520 10090
  1521 10090
  1522 10090
  1523 10090
  1524 10090
  1525 10090
  1526 10090
  1527 10090
  1528 10090
  1529 10090
  1530 10090
  1531 10090
  1532 10090
  1533 10090
  1534 10090
  1535 10090
  1536 10090
  1537 10090
  1538 10090
  1539 10090
  1540 10090
  1541 10090
  1542 10090
  1543 10090
  1544 10090
  1545 10090
  1546 10090
  1547 10090
  1548 10090
  1549 10090
  1550 10090
  1551 10090
  1552 10090
  1553 10090
  1554 10090
  1555 10090
  1556 10090
  1557 10090
  1558 10090
  1559 10090
  1560 10090
  1561 10090
  1562 10090
  1563 10090
  1564 10090
  1565 10090
  1566 10090
  1567 10090
  1568 10090
  1569 10090
  1570 10090
  1571 10090
  1572 10090
  1573 10090
  1574 10090
  1575 10090
  1576 10090
  1577 10090
  1578 10090
  1579 10090
  1580 10090
  1581 10090
  1582 10090
  1583 10090
  1584 10090
  1585 10090
  1586 10090
  1587 10090
  1588 10090
  1589 10090
  1590 10090
  1591 10090
  1592 10090
  1593 10090
  1594 10090
  1595 10090
  1596 10090
  1597 10090
  1598 10090
  1599 10090
  1600 10090
  1601 10090
  1602 10090
  1603 10090
  1604 10090
  1605 10090
  1606 10090
  1607 10090
  1608 10090
  1609 10090
  1610 10090
  1611 10090
  1612 10090
  1613 10090
  1616 10090
  1617 10090
  1618 10090
  1619 10090
  1620 10149
  1621 10149
  1622 10149
  1623 10149
  1624 10149
  1625 10071
  1626 10149
  1627 10163
  1628 10163
  1629 10163
  1630 10031
  1631 10031
  1632 10031
  1633 10031
  1634 10031
  1635 10031
  1636 10031
  1637 10031
  1638 10031
  1639 10031
  1640 10031
  1641 10031
  1642 10031
  1643 10031
  1644 10031
  1645 10031
  1646 10031
  1647 10031
  1648 10031
  1649 10031
  1650 10031
  1651 10031
  1652 10031
  1653 10031
  1654 10031
  1655 10031
  1656 10031
  1657 10031
  1658 10031
  1659 10031
  1660 10031
  1661 10031
  1662 10031
  1663 10031
  1664 10031
  1665 10031
  1666 10031
  1667 10031
  1668 10031
  1669 10031
  1670 10031
  1671 10031
  1672 10031
  1673 10031
  1674 10031
  1675 10031
  1676 10031
  1677 10031
  1678 10031
  1679 10031
  1680 10031
  1681 10031
  1682 10031
  1683 10031
  1684 10031
  1685 10031
  1686 10031
  1687 10031
  1688 10031
  1689 10031
  1690 10031
  1691 10031
  1692 10031
  1693 10031
  1694 10031
  1695 10031
  1696 10031
  1697 10031
  1698 10031
  1699 10031
  1700 10031
  1701 10031
  1702 10031
  1703 10031
  1704 10031
  1705 10031
  1706 10031
  1707 10031
  1708 10031
  1709 10031
  1710 10031
  1711 10031
  1712 10031
  1713 10031
  1714 10031
  1715 10031
  1716 10031
  1717 10031
  1718 10031
  1719 10031
  1720 10031
  1721 10031
  1722 10031
  1723 10031
  1724 10031
  1725 10031
  1726 10031
  1727 10031
  1728 10031
  1729 10031
  1730 10031
  1731 10031
  1732 10031
  1733 10031
  1734 10031
  1735 10031
  1736 10031
  1737 10031
  1738 10031
  1739 10031
  1740 10031
  1741 10031
  1742 10031
  1743 10031
  1744 10031
  1745 10031
  1746 10031
  1747 10031
  1748 10031
  1749 10031
  1750 10031
  1751 10031
  1752 10031
  1753 10031
  1754 10031
  1755 10031
  1756 10031
  1757 10031
  1758 10031
  1759 10031
  1760 10031
  1761 10031
  1762 10031
  1763 10031
  1764 10031
  1765 10031
  1766 10031
  1767 10031
  1768 10031
  1769 10031
  1770 10031
  1771 10031
  1772 10031
  1773 10031
  1774 10031
  1775 10031
  1776 10031
  1777 10031
  1778 10031
  1779 10031
  1780 10031
  1781 10031
  1782 10031
  1783 10031
  1784 10031
  1785 10031
  1786 10031
  1787 10031
  1788 10031
  1789 10031
  1790 10031
  1791 10031
  1792 10031
  1793 10031
  1794 10031
  1795 10031
  1796 10031
  1797 10031
  1798 10031
  1799 10031
  1800 10031
  1801 10031
  1802 10031
  1803 10031
  1804 10031
  1805 10031
  1806 10031
  1807 10031
  1808 10031
  1809 10031
  1810 10031
  1811 10031
  1812 10031
  1813 10031
  1814 10031
  1815 10031
  1816 10031
  1817 10031
  1818 10031
  1819 10031
  1820 10031
  1821 10031
  1822 10031
  1823 10031
  1824 10031
  1825 10031
  1826 10031
  1827 10031
  1828 10031
  1829 10031
  1830 10031
  1831 10031
  1832 10031
  1833 10031
  1834 10031
  1835 10031
  1836 10031
  1837 10031
  1838 10031
  1839 10031
  1840 10031
  1841 10031
  1842 10031
  1843 10031
  1844 10031
  1845 10031
  1846 10031
  1847 10031
  1848 10031
  1849 10031
  1850 10031
  1851 10031
  1852 10031
  1853 10031
  1854 10031
  1855 10031
  1856 10031
  1857 10031
  1858 10036
  1859 10016
  1860 10074
  1861 10074
  1862 10074
  1863 10074
  1864 10074
  1865 10074
  1866 10074
  1867 10074
  1868 10074
  1869 10074
  1870 10074
  1871 10074
  1872 10074
  1873 10074
  1874 10074
  1875 10074
  1876 10074
  1877 10074
  1878 10074
  1879 10074
  1880 10074
  1881 10074
  1882 10074
  1883 10074
  1884 10074
  1885 10074
  1886 10074
  1887 10074
  1888 10074
  1889 10074
  1890 10074
  1891 10074
  1892 10074
  1893 10074
  1894 10074
  1895 10074
  1896 10074
  1897 10074
  1898 10074
  1899 10074
  1900 10074
  1901 10074
  1902 10074
  1903 10074
  1904 10074
  1905 10074
  1906 10074
  1907 10074
  1908 10074
  1909 10074
  1910 10074
  1911 10074
  1912 10074
  1913 10074
  1914 10074
  1915 10074
  1916 10074
  1917 10074
  1918 10074
  1919 10074
  1920 10074
  1921 10074
  1922 10074
  1923 10074
  1924 10074
  1925 10074
  1926 10074
  1927 10074
  1928 10074
  1929 10074
  1930 10074
  1931 10074
  1932 10074
  1933 10074
  1934 10074
  1935 10074
  1936 10074
  1937 10074
  1938 10074
  1939 10074
  1940 10074
  1941 10074
  1942 10074
  1943 10074
  1944 10074
  1945 10074
  1946 10074
  1947 10074
  1948 10074
  1949 10074
  1950 10074
  1951 10074
  1952 10074
  1953 10074
  1954 10074
  1955 10074
  1956 10074
  1957 10074
  1958 10074
  1959 10074
  1960 10074
  1961 10074
  1962 10074
  1963 10074
  1964 10074
  1965 10074
  1966 10074
  1967 10074
  1968 10074
  1969 10074
  1970 10074
  1971 10074
  1972 10074
  1973 10074
  1974 10074
  1975 10074
  1976 10074
  1977 10074
  1978 10074
  1979 10074
  1980 10074
  1981 10074
  1982 10074
  1983 10074
  1984 10074
  1985 10074
  1986 10074
  1987 10074
  1988 10074
  1989 10074
  1990 10074
  1991 10074
  1992 10074
  1993 10074
  1994 10074
  1995 10074
  1996 10074
  1997 10074
  1998 10074
  1999 10074
  2000 10074
  2001 10074
  2002 10074
  2003 10074
  2004 10074
  2005 10074
  2006 10074
  2007 10074
  2008 10074
  2009 10074
  2010 10074
  2011 10074
  2012 10074
  2013 10074
  2014 10074
  2015 10074
  2016 10074
  2017 10074
  2018 10074
  2019 10074
  2020 10074
  2021 10074
  2022 10074
  2023 10074
  2024 10074
  2025 10074
  2026 10074
  2036 10151
  2037 10152
  2038 10152
  2039 10152
  2040 10034
  2041 10034
  2042 10034
