   686 10050
   687 10050
   688 10050
   689 10050
   690 10050
   691 10050
   692 10050
   693 10050
   694 10050
   695 10050
   696 10050
   697 10050
   698 10050
   699 10050
   700 10050
   701 10050
   702 10050
   703 10050
   704 10050
   705 10050
   706 10050
   707 10050
   708 10050
   709 10050
   710 10050
   711 10050
   712 10050
   713 10050
   714 10050
   715 10050
   716 10050
   717 10050
   718 10050
   719 10050
   720 10050
   721 10050
   722 10050
   723 10050
   724 10050
   725 10050
   726 10050
   727 10050
   728 10050
   729 10050
   730 10050
   731 10050
   732 10050
   733 10050
   734 10050
   735 10050
   736 10050
   737 10050
   738 10050
   739 10050
   740 10050
   741 10050
   742 10050
   743 10050
   744 10050
   745 10050
   746 10050
   747 10050
   748 10050
   749 10050
   750 10050
   751 10050
   752 10050
   753 10050
   754 10050
   755 10050
   756 10050
   757 10050
   758 10050
   759 10050
   760 10050
   761 10050
   762 10050
   763 10050
   764 10050
   765 10050
   766 10050
   767 10050
   768 10050
   769 10050
   770 10050
   771 10050
   772 10050
   773 10050
   774 10050
   775 10050
   776 10050
   777 10050
   778 10050
   779 10050
   780 10050
   786 10112
   787 10112
   788 10112
   789 10112
   790 10112
   791 10112
   792 10112
   793 10112
   794 10112
   795 10112
   796 10112
   797 10112
   798 10112
   799 10112
   800 10112
   801 10112
   802 10112
   803 10112
   804 10112
   805 10112
   806 10112
   807 10112
   808 10112
   809 10112
   810 10112
   811 10112
   812 10112
   813 10112
   814 10112
   815 10112
   816 10112
   817 10112
   818 10112
   819 10112
   820 10112
   821 10112
   822 10112
   823 10112
   824 10112
   825 10112
   826 10112
   827 10112
   828 10112
   829 10112
   830 10112
   831 10112
   832 10112
   833 10112
   834 10112
   835 10112
   836 10112
   837 10112
   838 10112
   839 10112
   840 10112
   841 10112
   842 10112
   843 10112
   844 10112
   845 10112
   846 10112
   847 10112
   848 10112
   849 10112
   850 10112
   851 10112
   852 10112
   853 10112
   854 10112
   855 10112
   856 10112
   857 10112
   858 10112
   859 10112
   860 10112
   861 10112
   862 10112
   863 10112
   864 10112
   865 10112
   866 10112
   867 10112
   868 10112
   869 10112
   870 10112
   871 10112
   872 10112
   873 10112
   874 10112
   875 10112
   876 10112
   877 10112
   878 10112
   879 10112
   880 10112
   881 10112
   882 10112
   883 10112
   884 10112
   885 10112
   886 10112
   887 10112
   888 10112
   889 10112
   890 10112
   891 10112
   892 10112
   893 10112
   894 10112
   895 10112
   896 10112
   897 10112
   898 10112
   899 10112
   900 10112
   901 10112
   902 10112
   903 10112
   904 10112
   905 10112
   906 10112
   907 10112
   908 10112
   909 10112
   910 10112
   911 10112
   912 10112
   913 10112
   914 10112
   915 10112
   916 10112
   917 10112
   918 10112
   919 10112
   920 10112
   921 10112
   922 10112
   923 10112
   924 10112
   925 10112
   926 10112
   927 10112
   928 10112
   929 10112
   930 10112
   931 10112
   932 10112
   933 10112
   934 10112
   935 10112
   936 10112
   937 10112
   938 10112
   939 10112
   940 10112
   941 10112
   942 10112
   943 10112
   944 10112
   945 10112
   946 10112
   947 10112
   948 10112
   949 10112
   950 10112
   951 10112
   952 10112
   953 10112
   954 10112
   955 10112
   956 10112
   957 10112
   958 10112
   959 10112
   960 10112
   961 10112
   962 10112
   963 10112
   964 10112
   965 10112
   966 10112
   967 10112
   968 10112
   969 10112
   970 10112
   971 10112
   972 10112
   973 10112
   974 10112
   975 10112
   976 10112
   977 10112
   978 10112
   979 10112
   980 10112
   981 10112
   982 10112
   983 10112
   984 10112
   985 10112
   986 10112
   987 10112
   988 10112
   989 10112
   990 10112
   991 10112
   992 10112
   993 10112
   994 10112
   995 10112
   996 10112
   997 10112
   998 10112
   999 10112
  1000 10112
  1001 10112
  1002 10112
  1003 10112
  1004 10112
  1005 10112
  1006 10112
  1007 10112
  1008 10112
  1009 10112
  1010 10112
  1011 10112
  1012 10112
  1013 10112
  1014 10112
  1015 10112
  1016 10112
  1017 10112
  1018 10112
  1019 10112
  1020 10112
  1021 10036
  1022 10036
  1023 10153
  1024 10153
  1025 10153
  1026 10049
  1027 10049
  1028 10049
  1029 10049
  1030 10049
  1031 10049
  1032 10049
  1033 10049
  1034 10049
  1035 10049
  1036 10010
  1037 10010
  1038 10158
  1039 10158
  1040 10158
  1041 10158
  1042 10158
  1043 10049
  1044 10049
  1045 10049
  1046 10049
  1047 10049
  1048 10049
  1049 10049
  1050 10049
  1051 10049
  1052 10049
  1053 10049
  1054 10049
  1055 10049
  1056 10049
  1057 10049
  1058 10049
  1059 10049
  1060 10049
  1061 10049
  1062 10049
  1063 10049
  1064 10049
  1065 10049
  1066 10049
  1067 10049
  1068 10049
  1069 10049
  1070 10049
  1071 10049
  1072 10049
  1073 10049
  1074 10049
  1075 10049
  1076 10049
  1077 10049
  1078 10049
  1079 10049
  1080 10049
  1081 10049
  1082 10049
  1083 10049
  1084 10049
  1085 10049
  1086 10049
  1087 10049
  1088 10049
  1089 10049
  1090 10049
  1091 10049
  1092 10049
  1093 10049
  1094 10049
  1095 10049
  1096 10049
  1097 10049
  1098 10049
  1099 10049
  1100 10049
  1101 10049
  1102 10049
  1103 10049
  1104 10049
  1105 10049
  1106 10049
  1107 10049
  1108 10049
  1109 10049
  1110 10049
  1111 10049
  1112 10049
  1113 10049
  1114 10049
  1115 10049
  1116 10049
  1117 10049
  1118 10049
  1119 10049
  1120 10049
  1121 10049
  1122 10049
  1123 10049
  1124 10049
  1125 10049
  1126 10049
  1127 10049
  1128 10049
  1129 10049
  1130 10049
  1131 10049
  1132 10049
  1133 10049
  1134 10049
  1135 10049
  1136 10049
  1137 10049
  1138 10049
  1139 10049
  1140 10049
  1141 10049
  1142 10049
  1143 10049
  1144 10049
  1145 10049
  1146 10049
  1147 10049
  1148 10049
  1149 10049
  1150 10049
  1151 10049
  1152 10049
  1153 10049
  1154 10049
  1155 10049
  1156 10049
  1157 10049
  1158 10049
  1159 10049
  1160 10049
  1161 10049
  1162 10049
  1163 10049
  1164 10049
  1165 10049
  1166 10049
  1167 10049
  1168 10049
  1169 10049
  1170 10049
  1171 10049
  1172 10049
  1173 10049
  1174 10049
  1175 10049
  1176 10049
  1177 10049
  1178 10049
  1179 10049
  1180 10049
  1181 10049
  1182 10049
  1183 10049
  1184 10049
  1185 10049
  1186 10049
  1187 10049
  1188 10049
  1189 10049
  1190 10049
  1191 10049
  1192 10049
  1193 10049
  1194 10049
  1195 10049
  1196 10049
  1197 10049
  1198 10049
  1199 10049
  1200 10049
  1201 10049
  1202 10049
  1203 10049
  1204 10049
  1205 10049
  1206 10049
  1207 10049
  1208 10049
  1209 10049
  1210 10049
  1211 10049
  1212 10049
  1213 10049
  1214 10049
  1215 10049
  1216 10049
  1217 10049
  1218 10049
  1219 10049
  1220 10049
  1221 10049
  1222 10049
  1223 10049
  1224 10049
  1225 10049
  1226 10049
  1227 10049
  1228 10049
  1229 10049
  1230 10049
  1231 10049
  1232 10049
  1233 10049
  1234 10049
  1235 10049
  1236 10049
  1237 10049
  1238 10049
  1239 10049
  1240 10049
  1241 10049
  1242 10049
  1243 10049
  1244 10049
  1245 10049
  1246 10049
  1247 10049
  1248 10049
  1249 10049
  1250 10049
  1251 10049
  1252 10049
  1253 10049
  1254 10049
  1255 10049
  1256 10049
  1257 10016
  1258 10014
  1261 10098
  1262 10098
  1263 10018
  1264 10018
  1265 10018
  1266 10018
  1267 10018
  1268 10158
  1269 10018
  1297 10018
  1298 10018
  1299 10018
  1300 10018
  1301 10018
  1302 10018
  1303 10018
  1304 10018
  1305 10018
  1314 10035
  1315 10035
  1316 10035
  1317 10035
  1318 10035
  1319 10035
  1320 10035
  1321 10035
  1322 10035
  1323 10035
  1324 10035
  1325 10035
  1326 10035
  1327 10035
  1328 10035
  1329 10035
  1330 10035
  1331 10035
  1332 10035
  1333 10035
  1334 10035
  1335 10035
  1336 10035
  1337 10035
  1338 10035
  1339 10035
  1340 10035
  1341 10035
  1342 10035
  1343 10035
  1344 10035
  1345 10035
  1346 10035
  1347 10035
  1348 10035
  1349 10035
  1351 10035
  1352 10035
  1353 10035
  1354 10035
  1355 10035
  1356 10035
  1357 10035
  1358 10035
  1359 10035
  1360 10035
  1361 10035
  1362 10035
  1363 10035
  1364 10035
  1365 10035
  1366 10035
  1367 10035
  1368 10035
  1369 10035
  1370 10035
  1371 10035
  1372 10035
  1373 10035
  1374 10035
  1375 10035
  1376 10035
  1377 10035
  1378 10035
  1379 10035
  1380 10035
  1381 10035
  1382 10035
  1383 10035
  1384 10035
  1385 10035
  1386 10035
  1387 10035
  1388 10035
  1389 10016
  1390 10016
  1391 10016
  1392 10016
  1393 10016
  1394 10016
  1395 10022
  1396 10022
  1397 10022
  1398 10022
  1399 10022
  1400 10022
  1401 10022
  1402 10022
  1403 10022
  1404 10022
  1405 10022
  1406 10022
  1407 10022
  1408 10022
  1409 10022
  1410 10022
  1411 10022
  1412 10022
  1413 10022
  1414 10022
  1415 10022
  1416 10022
  1417 10022
  1418 10022
  1419 10022
  1420 10022
  1421 10022
  1422 10022
  1423 10022
  1424 10022
  1425 10022
  1426 10022
  1427 10022
  1428 10022
  1429 10022
  1430 10022
  1431 10022
  1432 10022
  1433 10022
  1434 10022
  1435 10022
  1436 10022
  1437 10022
  1438 10022
  1439 10022
  1440 10022
  1441 10022
  1442 10022
  1443 10022
  1444 10022
  1445 10022
  1446 10022
  1447 10022
  1448 10022
  1449 10022
  1450 10022
  1451 10022
  1452 10022
  1453 10022
  1454 10022
  1455 10022
  1456 10022
  1457 10022
  1458 10022
  1459 10022
  1460 10022
  1461 10022
  1462 10022
  1463 10022
  1464 10022
  1465 10022
  1466 10022
  1467 10022
  1468 10022
  1469 10022
  1470 10022
  1471 10022
  1472 10022
  1473 10022
  1474 10022
  1475 10022
  1476 10022
  1477 10022
  1478 10022
  1479 10022
  1480 10022
  1481 10022
  1482 10022
  1483 10022
  1484 10022
  1485 10022
  1486 10022
  1487 10022
  1488 10022
  1489 10022
  1490 10022
  1491 10022
  1492 10022
  1493 10022
  1494 10022
  1495 10022
  1496 10022
  1497 10022
  1498 10022
  1499 10022
  1500 10022
  1501 10022
  1502 10022
  1503 10022
  1504 10022
  1505 10022
  1506 10022
  1507 10022
  1508 10022
  1509 10022
  1510 10022
  1511 10022
  1512 10022
  1513 10022
  1514 10022
  1515 10022
  1516 10022
  1517 10022
  1518 10022
  1519 10022
  1520 10022
  1521 10022
  1522 10022
  1523 10022
  1524 10022
  1525 10022
  1526 10022
  1527 10022
  1528 10022
  1529 10022
  1530 10022
  1531 10022
  1532 10022
  1533 10022
  1534 10022
  1535 10022
  1536 10022
  1537 10022
  1538 10022
  1539 10022
  1540 10022
  1541 10022
  1542 10022
  1543 10022
  1544 10022
  1545 10022
  1546 10022
  1547 10022
  1548 10022
  1549 10022
  1550 10022
  1551 10022
  1552 10022
  1553 10022
  1554 10022
  1555 10022
  1556 10022
  1557 10022
  1558 10022
  1559 10022
  1560 10022
  1561 10022
  1562 10022
  1563 10022
  1564 10022
  1565 10022
  1566 10022
  1567 10022
  1568 10022
  1569 10022
  1570 10022
  1571 10022
  1572 10022
  1573 10022
  1574 10022
  1575 10022
  1576 10022
  1577 10022
  1578 10022
  1579 10022
  1580 10022
  1581 10022
  1582 10022
  1583 10022
  1584 10022
  1585 10022
  1586 10022
  1587 10022
  1588 10022
  1589 10022
  1590 10022
  1591 10022
  1592 10022
  1593 10022
  1594 10022
  1595 10022
  1596 10022
  1597 10022
  1598 10022
  1599 10022
  1600 10022
  1601 10022
  1602 10022
  1603 10022
  1604 10022
  1605 10022
  1606 10022
  1607 10022
  1608 10022
  1609 10022
  1610 10022
  1611 10022
  1612 10022
  1613 10022
  1614 10022
  1615 10022
  1616 10022
  1617 10022
  1618 10022
  1619 10022
  1620 10022
  1629 10131
  1630 10131
  1631 10131
  1632 10131
  1633 10131
  1634 10131
  1635 10131
  1636 10131
  1637 10131
  1638 10131
  1639 10131
  1640 10131
  1641 10131
  1642 10131
  1643 10131
  1644 10131
  1645 10131
  1646 10131
  1647 10131
  1648 10131
  1649 10131
  1650 10131
  1651 10131
  1652 10131
  1653 10131
  1654 10131
  1655 10131
  1656 10131
  1657 10131
  1658 10131
  1659 10131
  1660 10131
  1661 10131
  1662 10131
  1663 10131
  1664 10131
  1665 10131
  1666 10131
  1667 10131
  1668 10131
  1669 10131
  1670 10131
  1671 10131
  1672 10131
  1673 10131
  1674 10131
  1675 10131
  1676 10131
  1677 10131
  1678 10131
  1679 10131
  1680 10131
  1681 10131
  1682 10131
  1683 10131
  1684 10131
  1685 10131
  1686 10131
  1687 10131
  1688 10131
  1689 10131
  1690 10131
  1691 10131
  1692 10131
  1693 10131
  1694 10131
  1695 10131
  1696 10131
  1697 10131
  1698 10131
  1699 10131
  1700 10131
  1701 10131
  1702 10131
  1703 10131
  1704 10131
  1705 10131
  1706 10131
  1707 10131
  1708 10131
  1709 10131
  1710 10131
  1711 10131
  1712 10131
  1713 10131
  1714 10131
  1715 10131
  1716 10131
  1717 10131
  1718 10131
  1719 10131
  1720 10131
  1721 10131
  1722 10131
  1723 10131
  1724 10131
  1725 10131
  1726 10131
  1727 10131
  1728 10131
  1729 10131
  1730 10131
  1731 10131
  1732 10131
  1733 10131
  1734 10131
  1735 10131
  1736 10131
  1737 10131
  1738 10131
  1739 10131
  1740 10131
  1741 10131
  1742 10131
  1743 10131
  1744 10131
  1745 10131
  1746 10131
  1747 10131
  1748 10131
  1749 10131
  1750 10131
  1751 10131
  1752 10131
  1753 10131
  1754 10131
  1755 10131
  1756 10131
  1757 10131
  1758 10131
  1759 10131
  1760 10131
  1761 10131
  1762 10131
  1763 10131
  1764 10131
  1765 10131
  1766 10131
  1767 10131
  1768 10131
  1769 10131
  1770 10131
  1771 10131
  1772 10131
  1773 10131
  1774 10131
  1775 10131
  1776 10131
  1777 10131
  1778 10131
  1779 10131
  1780 10131
  1781 10131
  1782 10131
  1783 10131
  1784 10131
  1785 10131
  1786 10131
  1787 10131
  1788 10131
  1789 10131
  1790 10131
  1791 10131
  1792 10131
  1793 10131
  1794 10131
  1795 10131
  1796 10131
  1797 10131
  1798 10131
  1799 10131
  1800 10131
  1801 10131
  1802 10131
  1803 10131
  1804 10131
  1805 10131
  1806 10131
  1807 10131
  1808 10131
  1809 10131
  1810 10131
  1811 10131
  1812 10131
  1813 10131
  1814 10131
  1815 10131
  1816 10131
  1817 10131
  1818 10131
  1819 10131
  1820 10131
  1821 10131
  1822 10131
  1823 10131
  1824 10131
  1825 10131
  1826 10131
  1827 10131
  1828 10131
  1829 10131
  1830 10131
  1831 10131
  1832 10131
  1833 10131
  1834 10131
  1835 10131
  1836 10131
  1837 10131
  1838 10131
  1839 10131
  1840 10131
  1841 10131
  1842 10131
  1843 10131
  1844 10131
  1845 10131
  1846 10131
  1847 10131
  1848 10131
  1849 10131
  1850 10131
  1851 10131
  1852 10131
  1853 10131
  1854 10131
  1855 10131
  1859 10043
  1861 10043
  1862 10138
  1866 10090
  1867 10090
  1868 10090
  1869 10090
  1870 10090
  1871 10090
  1872 10090
  1873 10090
  1874 10090
  1875 10090
  1876 10090
  1877 10090
  1878 10090
  1879 10090
  1880 10090
  1881 10090
  1882 10090
  1883 10090
  1884 10090
  1885 10090
  1886 10090
  1887 10090
  1888 10090
  1889 10090
  1890 10090
  1891 10090
  1892 10090
  1893 10090
  1894 10090
  1895 10090
  1896 10090
  1897 10090
  1898 10090
  1899 10090
  1900 10090
  1901 10090
  1902 10090
  1903 10090
  1904 10090
  1905 10090
  1906 10090
  1907 10090
  1908 10090
  1909 10090
  1910 10090
  1911 10090
  1912 10090
  1913 10090
  1914 10090
  1915 10090
  1916 10090
  1917 10090
  1918 10090
  1919 10090
  1920 10090
  1921 10090
  1922 10090
  1923 10090
  1924 10090
  1925 10090
  1926 10090
  1927 10090
  1928 10090
  1929 10090
  1930 10090
  1931 10090
  1932 10090
  1933 10090
  1934 10090
  1935 10090
  1936 10090
  1937 10090
  1938 10090
  1939 10090
  1940 10090
  1941 10090
  1942 10090
  1943 10090
  1944 10090
  1945 10090
  1946 10090
  1947 10090
  1948 10090
  1949 10090
  1950 10090
  1951 10090
  1952 10090
  1953 10090
  1954 10090
  1955 10090
  1956 10090
  1957 10090
  1958 10090
  1959 10090
  1960 10090
  1961 10090
  1962 10090
  1963 10090
  1964 10090
  1965 10090
  1966 10090
  1967 10090
  1968 10090
  1969 10090
  1970 10090
  1971 10090
  1972 10090
  1973 10090
  1974 10090
  1975 10090
  1976 10090
  1977 10090
  1978 10090
  1979 10090
  1980 10090
  1981 10090
  1982 10090
  1983 10090
  1984 10090
  1985 10090
  1986 10090
  1987 10090
  1988 10090
  1989 10090
  1990 10090
  1991 10090
  1992 10090
  1993 10090
  1994 10090
  1995 10090
  1996 10090
  1997 10090
  1998 10090
  1999 10090
  2000 10090
  2001 10090
  2002 10090
  2003 10090
  2004 10090
  2005 10090
  2006 10090
  2007 10090
  2008 10090
  2009 10090
  2010 10090
  2011 10090
  2012 10090
  2013 10090
  2014 10090
  2015 10090
  2016 10090
  2017 10090
  2018 10090
  2019 10090
  2020 10090
  2021 10090
  2022 10090
  2023 10090
  2024 10090
  2025 10090
  2026 10138
  2027 10090
  2028 10101
  2029 10050
  2030 10050
  2031 10050
