   689 10100
   690 10100
   691 10100
   692 10100
   693 10100
   694 10100
   695 10100
   696 10100
   697 10100
   698 10100
   699 10100
   700 10100
   701 10100
   702 10100
   703 10100
   704 10100
   705 10100
   706 10100
   707 10100
   708 10100
   709 10100
   710 10100
   711 10100
   712 10100
   713 10100
   714 10100
   715 10100
   716 10100
   717 10100
   718 10100
   719 10100
   720 10100
   721 10100
   722 10100
   723 10100
   724 10100
   725 10100
   726 10100
   727 10100
   728 10100
   729 10100
   730 10100
   731 10100
   732 10100
   733 10100
   734 10100
   735 10100
   736 10100
   737 10100
   738 10100
   739 10100
   740 10100
   741 10100
   742 10100
   743 10100
   744 10100
   745 10100
   746 10100
   747 10100
   748 10100
   749 10100
   750 10100
   751 10100
   752 10100
   753 10100
   754 10100
   755 10100
   756 10100
   757 10100
   758 10100
   759 10100
   760 10100
   761 10100
   762 10100
   763 10100
   764 10100
   765 10100
   766 10100
   767 10100
   768 10100
   769 10100
   770 10100
   771 10100
   772 10100
   773 10100
   774 10100
   775 10100
   776 10100
   777 10100
   778 10100
   779 10100
   780 10100
   784 10075
   785 10075
   786 10075
   787 10075
   788 10075
   789 10075
   790 10075
   791 10075
   792 10075
   793 10075
   794 10075
   795 10075
   796 10075
   797 10075
   798 10075
   799 10075
   800 10075
   801 10075
   802 10075
   803 10075
   804 10075
   805 10075
   806 10075
   807 10075
   808 10075
   809 10075
   810 10075
   811 10075
   812 10075
   813 10075
   814 10075
   815 10075
   816 10075
   817 10075
   818 10075
   819 10075
   820 10075
   821 10075
   822 10075
   823 10075
   824 10075
   825 10075
   826 10075
   827 10075
   828 10075
   829 10075
   830 10075
   831 10075
   832 10075
   833 10075
   834 10075
   835 10075
   836 10075
   837 10075
   838 10075
   839 10075
   840 10075
   841 10075
   842 10075
   843 10075
   844 10075
   845 10075
   846 10075
   847 10075
   848 10075
   849 10075
   850 10075
   851 10075
   852 10075
   853 10075
   854 10075
   855 10075
   856 10075
   857 10075
   858 10075
   859 10075
   860 10075
   861 10075
   862 10075
   863 10075
   864 10075
   865 10075
   866 10075
   867 10075
   868 10075
   869 10075
   870 10075
   871 10075
   872 10075
   873 10075
   874 10075
   875 10075
   876 10075
   877 10075
   878 10075
   879 10075
   880 10075
   881 10075
   882 10075
   883 10075
   884 10075
   885 10075
   886 10075
   887 10075
   888 10075
   889 10075
   890 10075
   891 10075
   892 10075
   893 10075
   894 10075
   895 10075
   896 10075
   897 10075
   898 10075
   899 10075
   900 10075
   901 10075
   902 10075
   903 10075
   904 10075
   905 10075
   906 10075
   907 10075
   908 10075
   909 10075
   910 10075
   911 10075
   912 10075
   913 10075
   914 10075
   915 10075
   916 10075
   917 10075
   918 10075
   919 10075
   920 10075
   921 10075
   922 10075
   923 10075
   924 10075
   925 10075
   926 10075
   927 10075
   928 10075
   929 10075
   930 10075
   931 10075
   932 10075
   933 10075
   934 10075
   935 10075
   936 10075
   937 10075
   938 10075
   939 10075
   940 10075
   941 10075
   942 10075
   943 10075
   944 10075
   945 10075
   946 10075
   947 10075
   948 10075
   949 10075
   950 10075
   951 10075
   952 10075
   953 10075
   954 10075
   955 10075
   956 10075
   957 10075
   958 10075
   959 10075
   960 10075
   961 10075
   962 10075
   963 10075
   964 10075
   965 10075
   966 10075
   967 10075
   968 10075
   969 10075
   970 10075
   971 10075
   972 10075
   973 10075
   974 10075
   975 10075
   976 10075
   977 10075
   978 10075
   979 10075
   980 10075
   981 10075
   982 10075
   983 10075
   984 10075
   985 10075
   986 10075
   987 10075
   988 10075
   989 10075
   990 10075
   991 10075
   992 10075
   993 10075
   994 10075
   995 10075
   996 10075
   997 10075
   998 10075
   999 10075
  1000 10075
  1001 10075
  1002 10075
  1003 10075
  1004 10075
  1005 10075
  1006 10075
  1007 10075
  1008 10075
  1009 10075
  1010 10075
  1011 10075
  1012 10075
  1013 10075
  1014 10075
  1015 10075
  1016 10075
  1017 10075
  1018 10075
  1019 10075
  1020 10075
  1026 10021
  1028 10021
  1030 10021
  1031 10021
  1032 10021
  1033 10021
  1034 10021
  1035 10021
  1036 10021
  1037 10021
  1038 10021
  1039 10021
  1040 10021
  1041 10021
  1042 10021
  1043 10021
  1044 10021
  1045 10021
  1046 10021
  1047 10021
  1048 10021
  1049 10021
  1050 10021
  1051 10021
  1052 10021
  1053 10021
  1054 10021
  1055 10021
  1056 10021
  1057 10021
  1058 10021
  1059 10021
  1060 10021
  1061 10021
  1062 10021
  1063 10021
  1064 10021
  1065 10021
  1066 10021
  1067 10021
  1068 10021
  1069 10021
  1070 10021
  1071 10021
  1072 10021
  1073 10021
  1074 10021
  1075 10021
  1076 10021
  1077 10021
  1078 10021
  1079 10021
  1080 10021
  1081 10021
  1082 10021
  1083 10021
  1084 10021
  1085 10021
  1086 10021
  1087 10021
  1088 10021
  1089 10021
  1090 10021
  1091 10021
  1092 10021
  1093 10021
  1094 10021
  1095 10021
  1096 10021
  1097 10021
  1098 10021
  1099 10021
  1100 10021
  1101 10021
  1102 10021
  1103 10021
  1104 10021
  1105 10021
  1106 10021
  1107 10021
  1108 10021
  1109 10021
  1110 10021
  1111 10021
  1112 10021
  1113 10021
  1114 10021
  1115 10021
  1116 10021
  1117 10021
  1118 10021
  1119 10021
  1120 10021
  1121 10021
  1122 10021
  1123 10021
  1124 10021
  1125 10021
  1126 10021
  1127 10021
  1128 10021
  1129 10021
  1130 10021
  1131 10021
  1132 10021
  1133 10021
  1134 10021
  1135 10021
  1136 10021
  1137 10021
  1138 10021
  1139 10021
  1140 10021
  1141 10021
  1142 10021
  1143 10021
  1144 10021
  1145 10021
  1146 10021
  1147 10021
  1148 10021
  1149 10021
  1150 10021
  1151 10021
  1152 10021
  1153 10021
  1154 10021
  1155 10021
  1156 10021
  1157 10021
  1158 10021
  1159 10021
  1160 10021
  1161 10021
  1162 10021
  1163 10021
  1164 10021
  1165 10021
  1166 10021
  1167 10021
  1168 10021
  1169 10021
  1170 10021
  1171 10021
  1172 10021
  1173 10021
  1174 10021
  1175 10021
  1176 10021
  1177 10021
  1178 10021
  1179 10021
  1180 10021
  1181 10021
  1182 10021
  1183 10021
  1184 10021
  1185 10021
  1186 10021
  1187 10021
  1188 10021
  1189 10021
  1190 10021
  1191 10021
  1192 10021
  1193 10021
  1194 10021
  1195 10021
  1196 10021
  1197 10021
  1198 10021
  1199 10021
  1200 10021
  1201 10021
  1202 10021
  1203 10021
  1204 10021
  1205 10021
  1206 10021
  1207 10021
  1208 10021
  1209 10021
  1210 10021
  1211 10021
  1212 10021
  1213 10021
  1214 10021
  1215 10021
  1216 10021
  1217 10021
  1218 10021
  1219 10021
  1220 10021
  1221 10021
  1222 10021
  1223 10021
  1224 10021
  1225 10021
  1226 10021
  1227 10021
  1228 10021
  1229 10021
  1230 10021
  1231 10021
  1232 10021
  1233 10021
  1234 10021
  1235 10021
  1236 10021
  1237 10021
  1238 10021
  1239 10021
  1240 10021
  1241 10021
  1242 10021
  1243 10021
  1244 10021
  1245 10021
  1246 10021
  1247 10021
  1248 10021
  1249 10021
  1250 10021
  1251 10021
  1252 10021
  1253 10021
  1254 10021
  1255 10021
  1256 10021
  1257 10021
  1262 10083
  1264 10083
  1266 10021
  1269 10061
  1270 10061
  1271 10101
  1272 10101
  1273 10101
  1274 10101
  1275 10061
  1276 10061
  1277 10061
  1278 10061
  1279 10061
  1280 10061
  1281 10061
  1283 10031
  1284 10031
  1285 10055
  1286 10055
  1287 10106
  1288 10040
  1289 10040
  1290 10040
  1291 10040
  1292 10040
  1295 10106
  1296 10040
  1297 10018
  1298 10018
  1299 10018
  1300 10018
  1301 10018
  1302 10018
  1303 10018
  1304 10140
  1305 10140
  1306 10158
  1307 10158
  1308 10158
  1309 10158
  1310 10158
  1311 10158
  1312 10158
  1313 10158
  1314 10158
  1315 10158
  1316 10158
  1317 10158
  1318 10158
  1319 10140
  1320 10140
  1321 10140
  1322 10158
  1323 10158
  1324 10158
  1325 10158
  1326 10158
  1327 10158
  1328 10158
  1329 10158
  1330 10158
  1331 10158
  1332 10158
  1333 10158
  1334 10158
  1335 10158
  1336 10140
  1337 10158
  1338 10140
  1339 10140
  1340 10140
  1341 10018
  1342 10018
  1343 10031
  1344 10055
  1375 10055
  1376 10055
  1377 10055
  1378 10055
  1379 10097
  1380 10097
  1381 10097
  1382 10097
  1383 10097
  1384 10097
  1385 10097
  1386 10097
  1387 10097
  1388 10097
  1389 10097
  1390 10097
  1391 10097
  1392 10097
  1393 10097
  1394 10097
  1395 10154
  1396 10097
  1397 10097
  1398 10097
  1399 10097
  1400 10097
  1401 10097
  1402 10154
  1403 10097
  1404 10154
  1405 10154
  1406 10154
  1407 10154
  1408 10154
  1409 10154
  1410 10154
  1411 10154
  1412 10154
  1413 10154
  1414 10154
  1415 10154
  1416 10154
  1417 10154
  1418 10154
  1419 10154
  1420 10154
  1421 10154
  1422 10154
  1423 10154
  1424 10154
  1425 10154
  1426 10154
  1427 10154
  1428 10154
  1429 10097
  1430 10154
  1431 10154
  1432 10154
  1433 10154
  1434 10154
  1435 10154
  1436 10154
  1437 10154
  1438 10154
  1439 10097
  1440 10097
  1441 10154
  1442 10154
  1443 10154
  1444 10154
  1445 10154
  1446 10154
  1447 10154
  1448 10154
  1449 10154
  1450 10154
  1451 10154
  1452 10154
  1453 10097
  1454 10097
  1455 10097
  1456 10097
  1457 10097
  1458 10097
  1459 10154
  1460 10154
  1461 10154
  1462 10154
  1463 10154
  1464 10154
  1465 10154
  1466 10154
  1467 10154
  1468 10154
  1469 10154
  1470 10154
  1471 10154
  1472 10154
  1473 10154
  1474 10154
  1475 10154
  1476 10154
  1477 10154
  1478 10154
  1479 10154
  1480 10154
  1481 10154
  1482 10154
  1483 10154
  1484 10154
  1485 10154
  1486 10154
  1487 10154
  1488 10154
  1489 10154
  1490 10154
  1491 10097
  1492 10097
  1505 10097
  1506 10097
  1508 10097
  1509 10097
  1510 10097
  1511 10097
  1512 10097
  1513 10097
  1514 10097
  1515 10097
  1523 10097
  1524 10097
  1525 10097
  1526 10097
  1527 10097
  1540 10097
  1541 10097
  1542 10097
  1543 10097
  1544 10097
  1545 10097
  1546 10097
  1547 10097
  1548 10097
  1549 10097
  1550 10097
  1551 10097
  1552 10097
  1553 10097
  1554 10097
  1555 10097
  1556 10097
  1557 10097
  1558 10097
  1559 10097
  1560 10097
  1561 10097
  1562 10097
  1563 10097
  1564 10097
  1565 10097
  1566 10097
  1567 10097
  1568 10097
  1569 10097
  1570 10097
  1571 10097
  1572 10097
  1573 10097
  1574 10097
  1575 10097
  1614 10097
  1615 10097
  1616 10097
  1620 10097
  1621 10097
  1622 10097
  1623 10097
  1624 10097
  1625 10097
  1626 10097
  1627 10097
  1628 10145
  1629 10145
  1630 10145
  1631 10145
  1632 10145
  1633 10145
  1634 10145
  1635 10145
  1636 10145
  1637 10145
  1638 10145
  1639 10145
  1640 10145
  1641 10145
  1642 10145
  1643 10145
  1644 10145
  1645 10145
  1646 10145
  1647 10145
  1648 10145
  1649 10145
  1650 10145
  1651 10145
  1652 10145
  1653 10145
  1654 10145
  1655 10145
  1656 10145
  1657 10145
  1658 10145
  1659 10145
  1660 10145
  1661 10145
  1662 10145
  1663 10145
  1664 10145
  1665 10145
  1666 10145
  1667 10145
  1668 10145
  1669 10145
  1670 10145
  1671 10145
  1672 10145
  1673 10145
  1674 10145
  1675 10145
  1676 10145
  1677 10145
  1678 10145
  1679 10145
  1680 10145
  1681 10145
  1682 10145
  1683 10145
  1684 10145
  1685 10145
  1686 10145
  1687 10145
  1688 10145
  1689 10145
  1690 10145
  1691 10145
  1692 10145
  1693 10145
  1694 10145
  1695 10145
  1696 10145
  1697 10145
  1698 10145
  1699 10145
  1700 10145
  1701 10145
  1702 10145
  1703 10145
  1704 10145
  1705 10145
  1706 10145
  1707 10145
  1708 10145
  1709 10145
  1710 10145
  1711 10145
  1712 10145
  1713 10145
  1714 10145
  1715 10145
  1716 10145
  1717 10145
  1718 10145
  1719 10145
  1720 10145
  1721 10145
  1722 10145
  1723 10145
  1724 10145
  1725 10145
  1726 10145
  1727 10145
  1728 10145
  1729 10145
  1730 10145
  1731 10145
  1732 10145
  1733 10145
  1734 10145
  1735 10145
  1736 10145
  1737 10145
  1738 10145
  1739 10145
  1740 10145
  1741 10145
  1742 10145
  1743 10145
  1744 10145
  1745 10145
  1746 10145
  1747 10145
  1748 10145
  1749 10145
  1750 10145
  1751 10145
  1752 10145
  1753 10145
  1754 10145
  1755 10145
  1756 10145
  1757 10145
  1758 10145
  1759 10145
  1760 10145
  1761 10145
  1762 10145
  1763 10145
  1764 10145
  1765 10145
  1766 10145
  1767 10145
  1768 10145
  1769 10145
  1770 10145
  1771 10145
  1772 10145
  1773 10145
  1774 10145
  1775 10145
  1776 10145
  1777 10145
  1778 10145
  1779 10145
  1780 10145
  1781 10145
  1782 10145
  1783 10145
  1784 10145
  1785 10145
  1786 10145
  1787 10145
  1788 10145
  1789 10145
  1790 10145
  1791 10145
  1792 10145
  1793 10145
  1794 10145
  1795 10145
  1796 10145
  1797 10145
  1798 10145
  1799 10145
  1800 10145
  1801 10145
  1802 10145
  1803 10145
  1804 10145
  1805 10145
  1806 10145
  1807 10145
  1808 10145
  1809 10145
  1810 10145
  1811 10145
  1812 10145
  1813 10145
  1814 10145
  1815 10145
  1816 10145
  1817 10145
  1818 10145
  1819 10145
  1820 10145
  1821 10145
  1822 10145
  1823 10145
  1824 10145
  1825 10145
  1826 10145
  1827 10145
  1828 10145
  1829 10145
  1830 10145
  1831 10145
  1832 10145
  1833 10145
  1834 10145
  1835 10145
  1836 10145
  1837 10145
  1838 10145
  1839 10145
  1840 10145
  1841 10145
  1842 10145
  1843 10145
  1844 10145
  1845 10145
  1846 10145
  1847 10145
  1848 10145
  1849 10145
  1850 10145
  1851 10145
  1852 10145
  1853 10145
  1854 10145
  1855 10145
  1856 10145
  1857 10145
  1858 10016
  1859 10036
  1860 10036
  1861 10036
  1862 10036
  1866 10007
  1867 10007
  1868 10007
  1869 10007
  1870 10007
  1871 10007
  1872 10007
  1873 10007
  1874 10007
  1875 10007
  1876 10007
  1877 10007
  1878 10007
  1879 10007
  1880 10007
  1881 10007
  1882 10007
  1883 10007
  1884 10007
  1885 10007
  1886 10007
  1887 10007
  1888 10007
  1889 10007
  1890 10007
  1891 10007
  1892 10007
  1893 10007
  1894 10007
  1895 10007
  1896 10007
  1897 10007
  1898 10007
  1899 10007
  1900 10007
  1901 10007
  1902 10007
  1903 10007
  1904 10007
  1905 10007
  1906 10007
  1907 10007
  1908 10007
  1909 10007
  1910 10007
  1911 10007
  1912 10007
  1913 10007
  1914 10007
  1915 10007
  1916 10007
  1917 10007
  1918 10007
  1919 10007
  1920 10007
  1921 10007
  1922 10007
  1923 10007
  1924 10007
  1925 10007
  1926 10007
  1927 10007
  1928 10007
  1929 10007
  1930 10007
  1931 10007
  1932 10007
  1933 10007
  1934 10007
  1935 10007
  1936 10007
  1937 10007
  1938 10007
  1939 10007
  1940 10007
  1941 10007
  1942 10007
  1943 10007
  1944 10007
  1945 10007
  1946 10007
  1947 10007
  1948 10007
  1949 10007
  1950 10007
  1951 10007
  1952 10007
  1953 10007
  1954 10007
  1955 10007
  1956 10007
  1957 10007
  1958 10007
  1959 10007
  1960 10007
  1961 10007
  1962 10007
  1963 10007
  1964 10007
  1965 10007
  1966 10007
  1967 10007
  1968 10007
  1969 10007
  1970 10007
  1971 10007
  1972 10007
  1973 10007
  1974 10007
  1975 10007
  1976 10007
  1977 10007
  1978 10007
  1979 10007
  1980 10007
  1981 10007
  1982 10007
  1983 10007
  1984 10007
  1985 10007
  1986 10007
  1987 10007
  1988 10007
  1989 10007
  1990 10007
  1991 10007
  1992 10007
  1993 10007
  1994 10007
  1995 10007
  1996 10007
  1997 10007
  1998 10007
  1999 10007
  2000 10007
  2001 10007
  2002 10007
  2003 10007
  2004 10007
  2005 10007
  2006 10007
  2007 10007
  2008 10007
  2009 10007
  2010 10007
  2011 10007
  2012 10007
  2013 10007
  2014 10007
  2015 10007
  2016 10007
  2017 10007
  2018 10007
  2019 10007
  2020 10007
  2021 10007
  2022 10007
  2023 10007
  2024 10007
  2025 10007
  2026 10007
  2027 10007
  2028 10007
  2029 10007
  2030 10007
  2031 10007
