   941 10140
   942 10140
   943 10004
   944 10140
   945 10140
  1019 10158
  1020 10158
  1021 10158
  1022 10158
  1029 10140
  1030 10140
  1092 10140
  1093 10140
  1094 10140
  1095 10140
  1096 10140
  1097 10140
  1098 10140
  1099 10158
  1264 10004
  1265 10004
  1295 10093
  1296 10093
  1297 10093
  1358 10004
  1359 10004
  1360 10004
  1372 10004
  1373 10004
  1374 10004
  1375 10004
  1376 10004
  1377 10173
  1486 10140
  1487 10140
  1709 10140
  1710 10140
  1711 10004
  1712 10004
  1713 10004
  1714 10004
  1715 10004
  1716 10004
  1717 10004
  1718 10004
  1719 10004
  1720 10004
  1721 10004
  1722 10004
  1723 10004
  1724 10004
  1725 10004
  1726 10004
  1774 10093
  1775 10093
  1776 10093
  1777 10093
  1778 10093
  1779 10093
  1780 10093
  1781 10093
  1782 10093
  1783 10093
  1784 10093
  1785 10093
  1826 10004
  1829 10004
  1830 10158
  1831 10158
  1923 10004
  1992 10004
  1993 10004
  1994 10004
  1995 10004
  1996 10004
  1997 10004
  1998 10085
  1999 10085
  2002 10036
  2003 10130
  2004 10130
  2005 10130
  2006 10130
  2007 10130
  2008 10130
