   690 10163
   691 10163
   692 10163
   693 10163
   694 10163
   695 10163
   696 10163
   697 10163
   698 10163
   699 10163
   700 10163
   701 10163
   702 10163
   703 10163
   704 10163
   705 10163
   706 10163
   707 10163
   708 10163
   709 10163
   710 10163
   711 10163
   712 10163
   713 10163
   714 10163
   715 10163
   716 10163
   717 10163
   718 10163
   719 10163
   720 10163
   721 10163
   722 10163
   723 10163
   724 10163
   725 10163
   726 10163
   727 10163
   728 10163
   729 10163
   730 10163
   731 10163
   732 10163
   733 10163
   734 10163
   735 10163
   736 10163
   737 10163
   738 10163
   739 10163
   740 10163
   741 10163
   742 10163
   743 10163
   744 10163
   745 10163
   746 10163
   747 10163
   748 10163
   749 10163
   750 10163
   751 10163
   752 10163
   753 10163
   754 10163
   755 10163
   756 10163
   757 10163
   758 10163
   759 10163
   760 10163
   761 10163
   762 10163
   763 10163
   764 10163
   765 10163
   766 10163
   767 10163
   768 10163
   769 10163
   770 10163
   771 10163
   772 10163
   773 10163
   774 10163
   775 10163
   776 10163
   777 10163
   778 10163
   779 10163
   780 10163
   781 10163
   782 10163
   785 10108
   789 10016
   790 10016
   791 10016
   792 10143
   793 10143
   794 10059
   795 10059
   796 10059
   797 10059
   798 10059
   799 10059
   800 10059
   801 10059
   802 10059
   803 10059
   804 10059
   805 10059
   806 10059
   807 10059
   808 10059
   809 10059
   810 10059
   811 10059
   812 10059
   813 10059
   814 10059
   815 10059
   816 10059
   817 10059
   818 10059
   819 10059
   820 10059
   821 10059
   822 10059
   823 10059
   824 10059
   825 10059
   826 10059
   827 10059
   828 10059
   829 10059
   830 10059
   831 10059
   832 10059
   833 10059
   834 10059
   835 10059
   836 10059
   837 10059
   838 10059
   839 10059
   840 10059
   841 10059
   842 10059
   843 10059
   844 10059
   845 10059
   846 10059
   847 10059
   848 10059
   849 10059
   850 10059
   851 10059
   852 10059
   853 10059
   854 10059
   855 10059
   856 10059
   857 10059
   858 10059
   859 10059
   860 10059
   861 10059
   862 10059
   863 10059
   864 10059
   865 10059
   866 10059
   867 10059
   868 10059
   869 10059
   870 10059
   871 10059
   872 10059
   873 10059
   874 10059
   875 10059
   876 10059
   877 10059
   878 10059
   879 10059
   880 10059
   881 10059
   882 10059
   883 10059
   884 10059
   885 10059
   886 10059
   887 10059
   888 10059
   889 10059
   890 10059
   891 10059
   892 10059
   893 10059
   894 10059
   895 10059
   896 10059
   897 10059
   898 10059
   899 10059
   900 10059
   901 10059
   902 10059
   903 10059
   904 10059
   905 10059
   906 10059
   907 10059
   908 10059
   909 10059
   910 10059
   911 10059
   912 10059
   913 10059
   914 10059
   915 10059
   916 10059
   917 10059
   918 10059
   919 10059
   920 10059
   921 10059
   922 10059
   923 10059
   924 10059
   925 10059
   926 10059
   927 10059
   928 10059
   929 10059
   930 10059
   931 10059
   932 10059
   933 10059
   934 10059
   935 10059
   936 10059
   937 10059
   938 10059
   939 10059
   940 10059
   941 10059
   942 10059
   943 10059
   944 10059
   945 10059
   946 10059
   947 10059
   948 10059
   949 10059
   950 10059
   951 10059
   952 10059
   953 10059
   954 10059
   955 10059
   956 10059
   957 10059
   958 10059
   959 10059
   960 10059
   961 10059
   962 10059
   963 10059
   964 10059
   965 10059
   966 10059
   967 10059
   968 10059
   969 10059
   970 10059
   971 10059
   972 10059
   973 10059
   974 10059
   975 10059
   976 10059
   977 10059
   978 10059
   979 10059
   980 10059
   981 10059
   982 10059
   983 10059
   984 10059
   985 10059
   986 10059
   987 10059
   988 10059
   989 10059
   990 10059
   991 10059
   992 10059
   993 10059
   994 10059
   995 10059
   996 10059
   997 10059
   998 10059
   999 10059
  1000 10059
  1001 10059
  1002 10059
  1003 10059
  1004 10059
  1005 10059
  1006 10059
  1007 10059
  1008 10059
  1009 10059
  1010 10059
  1011 10059
  1012 10059
  1013 10059
  1014 10059
  1015 10059
  1016 10059
  1017 10059
  1018 10059
  1019 10059
  1020 10059
  1023 10131
  1024 10131
  1025 10131
  1026 10131
  1027 10131
  1028 10131
  1029 10131
  1030 10131
  1031 10131
  1032 10131
  1033 10131
  1034 10131
  1035 10131
  1036 10131
  1037 10131
  1038 10131
  1039 10131
  1040 10131
  1041 10131
  1042 10131
  1043 10131
  1044 10131
  1045 10131
  1046 10131
  1047 10131
  1048 10131
  1049 10131
  1050 10131
  1051 10131
  1052 10131
  1053 10131
  1054 10131
  1055 10131
  1056 10131
  1057 10131
  1058 10131
  1059 10131
  1060 10131
  1061 10131
  1062 10131
  1063 10131
  1064 10131
  1065 10131
  1066 10131
  1067 10131
  1068 10131
  1069 10131
  1070 10131
  1071 10131
  1072 10131
  1073 10131
  1074 10131
  1075 10131
  1076 10131
  1077 10131
  1078 10131
  1079 10131
  1080 10131
  1081 10131
  1082 10131
  1083 10131
  1084 10131
  1085 10131
  1086 10131
  1087 10131
  1088 10131
  1089 10131
  1090 10131
  1091 10131
  1092 10131
  1093 10131
  1094 10131
  1095 10131
  1096 10131
  1097 10131
  1098 10131
  1099 10131
  1100 10131
  1101 10131
  1102 10131
  1103 10131
  1104 10131
  1105 10131
  1106 10131
  1107 10131
  1108 10131
  1109 10131
  1110 10131
  1111 10131
  1112 10131
  1113 10131
  1114 10131
  1115 10131
  1116 10131
  1117 10131
  1118 10131
  1119 10131
  1120 10131
  1121 10131
  1122 10131
  1123 10131
  1124 10131
  1125 10131
  1126 10131
  1127 10131
  1128 10131
  1129 10131
  1130 10131
  1131 10131
  1132 10131
  1133 10131
  1134 10131
  1135 10131
  1136 10131
  1137 10131
  1138 10131
  1139 10131
  1140 10131
  1141 10131
  1142 10131
  1143 10131
  1144 10131
  1145 10131
  1146 10131
  1147 10131
  1148 10131
  1149 10131
  1150 10131
  1151 10131
  1152 10131
  1153 10131
  1154 10131
  1155 10131
  1156 10131
  1157 10131
  1158 10131
  1159 10131
  1160 10131
  1161 10131
  1162 10131
  1163 10131
  1164 10131
  1165 10131
  1166 10131
  1167 10131
  1168 10131
  1169 10131
  1170 10131
  1171 10131
  1172 10131
  1173 10131
  1174 10131
  1175 10131
  1176 10131
  1177 10131
  1178 10131
  1179 10131
  1180 10131
  1181 10131
  1182 10131
  1183 10131
  1184 10131
  1185 10131
  1186 10131
  1187 10131
  1188 10131
  1189 10131
  1190 10131
  1191 10131
  1192 10131
  1193 10131
  1194 10131
  1195 10131
  1196 10131
  1197 10131
  1198 10131
  1199 10131
  1200 10131
  1201 10131
  1202 10131
  1203 10131
  1204 10131
  1205 10131
  1206 10131
  1207 10131
  1208 10131
  1209 10131
  1210 10131
  1211 10131
  1212 10131
  1213 10131
  1214 10131
  1215 10131
  1216 10131
  1217 10131
  1218 10131
  1219 10131
  1220 10131
  1221 10131
  1222 10131
  1223 10131
  1224 10131
  1225 10131
  1226 10131
  1227 10131
  1228 10131
  1229 10131
  1230 10131
  1231 10131
  1232 10131
  1233 10131
  1234 10131
  1235 10131
  1236 10131
  1237 10131
  1238 10131
  1239 10131
  1240 10131
  1241 10131
  1242 10131
  1243 10131
  1244 10131
  1245 10131
  1246 10131
  1247 10131
  1248 10131
  1249 10131
  1250 10131
  1251 10131
  1252 10131
  1253 10131
  1254 10131
  1255 10131
  1256 10131
  1257 10131
  1258 10130
  1259 10154
  1260 10154
  1261 10154
  1262 10154
  1263 10095
  1264 10095
  1265 10095
  1266 10156
  1267 10095
  1268 10156
  1269 10156
  1270 10156
  1271 10156
  1272 10156
  1273 10156
  1274 10156
  1275 10156
  1276 10156
  1277 10156
  1278 10156
  1279 10156
  1280 10156
  1281 10156
  1282 10156
  1283 10156
  1284 10156
  1285 10156
  1286 10156
  1287 10156
  1288 10156
  1289 10156
  1290 10156
  1291 10156
  1292 10156
  1293 10156
  1294 10156
  1295 10156
  1296 10156
  1297 10156
  1298 10156
  1299 10156
  1300 10156
  1301 10156
  1302 10156
  1303 10156
  1304 10156
  1305 10156
  1306 10156
  1307 10156
  1308 10156
  1309 10156
  1310 10156
  1311 10156
  1312 10156
  1313 10156
  1314 10156
  1315 10156
  1316 10156
  1317 10156
  1318 10156
  1319 10156
  1320 10156
  1321 10156
  1322 10156
  1323 10156
  1324 10156
  1325 10156
  1326 10156
  1327 10156
  1328 10156
  1329 10156
  1330 10156
  1331 10156
  1332 10156
  1333 10156
  1334 10156
  1335 10156
  1336 10156
  1337 10156
  1338 10156
  1339 10156
  1340 10156
  1341 10156
  1342 10156
  1343 10156
  1344 10156
  1345 10156
  1346 10156
  1347 10156
  1348 10156
  1349 10156
  1350 10156
  1351 10156
  1352 10156
  1353 10156
  1354 10156
  1355 10156
  1356 10156
  1357 10156
  1358 10156
  1359 10156
  1360 10156
  1361 10156
  1362 10156
  1363 10156
  1364 10156
  1365 10156
  1366 10156
  1367 10156
  1368 10156
  1369 10156
  1370 10156
  1371 10156
  1372 10156
  1373 10156
  1374 10156
  1375 10156
  1376 10156
  1377 10156
  1378 10156
  1379 10156
  1380 10156
  1381 10156
  1382 10156
  1383 10156
  1384 10156
  1385 10156
  1386 10156
  1387 10156
  1388 10156
  1389 10156
  1390 10156
  1391 10156
  1392 10156
  1393 10156
  1394 10156
  1395 10156
  1396 10156
  1397 10156
  1398 10156
  1399 10156
  1400 10156
  1401 10156
  1402 10156
  1403 10156
  1404 10156
  1405 10156
  1406 10156
  1407 10156
  1408 10156
  1409 10156
  1410 10156
  1411 10156
  1412 10156
  1413 10156
  1414 10156
  1415 10156
  1416 10156
  1417 10156
  1418 10156
  1419 10156
  1420 10156
  1421 10156
  1422 10156
  1423 10156
  1424 10156
  1425 10156
  1426 10156
  1427 10156
  1428 10156
  1429 10156
  1430 10156
  1431 10156
  1432 10156
  1433 10156
  1434 10156
  1435 10156
  1436 10156
  1437 10156
  1438 10156
  1439 10156
  1440 10156
  1441 10156
  1442 10156
  1443 10156
  1444 10156
  1445 10156
  1446 10156
  1447 10156
  1448 10156
  1449 10156
  1450 10156
  1451 10156
  1452 10156
  1453 10156
  1454 10156
  1455 10156
  1456 10156
  1457 10156
  1458 10156
  1459 10156
  1460 10156
  1461 10156
  1462 10156
  1463 10156
  1464 10156
  1465 10156
  1466 10156
  1467 10156
  1468 10156
  1469 10156
  1470 10156
  1471 10156
  1472 10156
  1473 10156
  1474 10156
  1475 10156
  1476 10156
  1477 10156
  1478 10156
  1479 10156
  1480 10156
  1481 10156
  1482 10156
  1483 10156
  1484 10156
  1485 10156
  1486 10156
  1487 10156
  1488 10156
  1489 10156
  1490 10156
  1491 10156
  1492 10156
  1493 10156
  1494 10156
  1495 10156
  1496 10156
  1497 10156
  1498 10156
  1499 10156
  1500 10156
  1502 10018
  1503 10018
  1504 10018
  1505 10055
  1506 10055
  1507 10055
  1555 10055
  1556 10055
  1557 10055
  1558 10018
  1559 10098
  1560 10055
  1561 10055
  1562 10055
  1563 10055
  1564 10055
  1565 10055
  1566 10055
  1567 10055
  1603 10031
  1604 10031
  1605 10031
  1606 10031
  1607 10031
  1612 10154
  1620 10083
  1621 10083
  1622 10083
  1623 10083
  1628 10083
  1629 10083
  1630 10083
  1631 10083
  1632 10083
  1633 10083
  1634 10083
  1635 10083
  1636 10083
  1637 10083
  1638 10083
  1639 10083
  1640 10083
  1641 10083
  1642 10083
  1643 10083
  1644 10083
  1645 10083
  1646 10083
  1647 10083
  1648 10083
  1649 10083
  1650 10083
  1651 10083
  1652 10083
  1653 10083
  1654 10083
  1655 10083
  1656 10083
  1657 10083
  1658 10083
  1659 10083
  1660 10083
  1661 10083
  1662 10083
  1663 10083
  1664 10083
  1665 10083
  1666 10083
  1667 10083
  1668 10083
  1669 10083
  1670 10083
  1671 10083
  1672 10083
  1673 10083
  1674 10083
  1675 10083
  1676 10083
  1677 10083
  1678 10083
  1679 10083
  1680 10083
  1681 10083
  1682 10083
  1683 10083
  1684 10083
  1685 10083
  1686 10083
  1687 10083
  1688 10083
  1689 10083
  1690 10083
  1691 10083
  1692 10083
  1693 10083
  1694 10083
  1695 10083
  1696 10083
  1697 10083
  1698 10083
  1699 10083
  1700 10083
  1701 10083
  1702 10083
  1703 10083
  1704 10083
  1705 10083
  1706 10083
  1707 10083
  1708 10083
  1709 10083
  1710 10083
  1711 10083
  1712 10083
  1713 10083
  1714 10083
  1715 10083
  1716 10083
  1717 10083
  1718 10083
  1719 10083
  1720 10083
  1721 10083
  1722 10083
  1723 10083
  1724 10083
  1725 10083
  1726 10083
  1727 10083
  1728 10083
  1729 10083
  1730 10083
  1731 10083
  1732 10083
  1733 10083
  1734 10083
  1735 10083
  1736 10083
  1737 10083
  1738 10083
  1739 10083
  1740 10083
  1741 10083
  1742 10083
  1743 10083
  1744 10083
  1745 10083
  1746 10083
  1747 10083
  1748 10083
  1749 10083
  1750 10083
  1751 10083
  1752 10083
  1753 10083
  1754 10083
  1755 10083
  1756 10083
  1757 10083
  1758 10083
  1759 10083
  1760 10083
  1761 10083
  1762 10083
  1763 10083
  1764 10083
  1765 10083
  1766 10083
  1767 10083
  1768 10083
  1769 10083
  1770 10083
  1771 10083
  1772 10083
  1773 10083
  1774 10083
  1775 10083
  1776 10083
  1777 10083
  1778 10083
  1779 10083
  1780 10083
  1781 10083
  1782 10083
  1783 10083
  1784 10083
  1785 10083
  1786 10083
  1787 10083
  1788 10083
  1789 10083
  1790 10083
  1791 10083
  1792 10083
  1793 10083
  1794 10083
  1795 10083
  1796 10083
  1797 10083
  1798 10083
  1799 10083
  1800 10083
  1801 10083
  1802 10083
  1803 10083
  1804 10083
  1805 10083
  1806 10083
  1807 10083
  1808 10083
  1809 10083
  1810 10083
  1811 10083
  1812 10083
  1813 10083
  1814 10083
  1815 10083
  1816 10083
  1817 10083
  1818 10083
  1819 10083
  1820 10083
  1821 10083
  1822 10083
  1823 10083
  1824 10083
  1825 10083
  1826 10083
  1827 10083
  1828 10083
  1829 10083
  1830 10083
  1831 10083
  1832 10083
  1833 10083
  1834 10083
  1835 10083
  1836 10083
  1837 10083
  1838 10083
  1839 10083
  1840 10083
  1841 10083
  1842 10083
  1843 10083
  1844 10083
  1845 10083
  1846 10083
  1847 10083
  1848 10083
  1849 10083
  1850 10083
  1851 10083
  1852 10083
  1853 10083
  1854 10083
  1855 10083
  1856 10083
  1857 10083
  1858 10164
  1859 10164
  1860 10164
  1861 10164
  1862 10164
  1863 10164
  1864 10164
  1865 10164
  1866 10164
  1867 10164
  1868 10164
  1869 10164
  1870 10164
  1871 10164
  1872 10164
  1873 10164
  1874 10164
  1875 10164
  1876 10164
  1877 10164
  1878 10164
  1879 10164
  1880 10164
  1881 10164
  1882 10164
  1883 10164
  1884 10164
  1885 10164
  1886 10164
  1887 10164
  1888 10164
  1889 10164
  1890 10164
  1891 10164
  1892 10164
  1893 10164
  1894 10164
  1895 10164
  1896 10164
  1897 10164
  1898 10164
  1899 10164
  1900 10164
  1901 10164
  1902 10164
  1903 10164
  1904 10164
  1905 10164
  1906 10164
  1907 10164
  1908 10164
  1909 10164
  1910 10164
  1911 10164
  1912 10164
  1913 10164
  1914 10164
  1915 10164
  1916 10164
  1917 10164
  1918 10164
  1919 10164
  1920 10164
  1921 10164
  1922 10164
  1923 10164
  1924 10164
  1925 10164
  1926 10164
  1927 10164
  1928 10164
  1929 10164
  1930 10164
  1931 10164
  1932 10164
  1933 10164
  1934 10164
  1935 10164
  1936 10164
  1937 10164
  1938 10164
  1939 10164
  1940 10164
  1941 10164
  1942 10164
  1943 10164
  1944 10164
  1945 10164
  1946 10164
  1947 10164
  1948 10164
  1949 10164
  1950 10164
  1951 10164
  1952 10164
  1953 10164
  1954 10164
  1955 10164
  1956 10164
  1957 10164
  1958 10164
  1959 10164
  1960 10164
  1961 10164
  1962 10164
  1963 10164
  1964 10164
  1965 10164
  1966 10164
  1967 10164
  1968 10164
  1969 10164
  1970 10164
  1971 10164
  1972 10164
  1973 10164
  1974 10164
  1975 10164
  1976 10164
  1977 10164
  1978 10164
  1979 10164
  1980 10164
  1981 10164
  1982 10164
  1983 10164
  1984 10164
  1985 10164
  1986 10164
  1987 10164
  1988 10164
  1989 10164
  1990 10164
  1991 10164
  1992 10164
  1993 10164
  1994 10164
  1995 10164
  1996 10164
  1997 10164
  1998 10164
  1999 10164
  2000 10164
  2001 10164
  2002 10164
  2003 10164
  2004 10164
  2005 10164
  2006 10164
  2007 10164
  2008 10164
  2009 10164
  2010 10164
  2011 10164
  2012 10164
  2013 10164
  2014 10164
  2015 10164
  2016 10164
  2017 10164
  2018 10164
  2019 10164
  2020 10164
  2021 10164
  2022 10164
  2023 10164
  2026 10062
  2029 10138
  2030 10138
  2031 10138
