   683 10090
   684 10090
   685 10090
   686 10090
   687 10090
   688 10090
   689 10090
   690 10090
   691 10090
   692 10090
   693 10090
   694 10090
   695 10090
   696 10090
   697 10090
   698 10090
   699 10090
   700 10090
   701 10090
   702 10090
   703 10090
   704 10090
   705 10090
   706 10090
   707 10090
   708 10090
   709 10090
   710 10090
   711 10090
   712 10090
   713 10090
   714 10090
   715 10090
   716 10090
   717 10090
   718 10090
   719 10090
   720 10090
   721 10090
   722 10090
   723 10090
   724 10090
   725 10090
   726 10090
   727 10090
   728 10090
   729 10090
   730 10090
   731 10090
   732 10090
   733 10090
   734 10090
   735 10090
   736 10090
   737 10090
   738 10090
   739 10090
   740 10090
   741 10090
   742 10090
   743 10090
   744 10090
   745 10090
   746 10090
   747 10090
   748 10090
   749 10090
   750 10090
   751 10090
   752 10090
   753 10090
   754 10090
   755 10090
   756 10090
   757 10090
   758 10090
   759 10090
   760 10090
   761 10090
   762 10090
   763 10090
   764 10090
   765 10090
   766 10090
   767 10090
   768 10090
   769 10090
   770 10090
   771 10090
   772 10090
   773 10090
   774 10090
   775 10090
   776 10090
   777 10090
   778 10090
   779 10090
   780 10090
   781 10120
   782 10120
   783 10120
   784 10118
   785 10118
   786 10118
   787 10118
   788 10118
   789 10118
   790 10118
   791 10118
   792 10118
   793 10118
   794 10118
   795 10118
   796 10118
   797 10118
   798 10118
   799 10118
   800 10118
   801 10118
   802 10118
   803 10118
   804 10118
   805 10118
   806 10118
   807 10118
   808 10118
   809 10118
   810 10118
   811 10118
   812 10118
   813 10118
   814 10118
   815 10118
   816 10118
   817 10118
   818 10118
   819 10118
   820 10118
   821 10118
   822 10118
   823 10118
   824 10118
   825 10118
   826 10118
   827 10118
   828 10118
   829 10118
   830 10118
   831 10118
   832 10118
   833 10118
   834 10118
   835 10118
   836 10118
   837 10118
   838 10118
   839 10118
   840 10118
   841 10118
   842 10118
   843 10118
   844 10118
   845 10118
   846 10118
   847 10118
   848 10118
   849 10118
   850 10118
   851 10118
   852 10118
   853 10118
   854 10118
   855 10118
   856 10118
   857 10118
   858 10118
   859 10118
   860 10118
   861 10118
   862 10118
   863 10118
   864 10118
   865 10118
   866 10118
   867 10118
   868 10118
   869 10118
   870 10118
   871 10118
   872 10118
   873 10118
   874 10118
   875 10118
   876 10118
   877 10118
   878 10118
   879 10118
   880 10118
   881 10118
   882 10118
   883 10118
   884 10118
   885 10118
   886 10118
   887 10118
   888 10118
   889 10118
   890 10118
   891 10118
   892 10118
   893 10118
   894 10118
   895 10118
   896 10118
   897 10118
   898 10118
   899 10118
   900 10118
   901 10118
   902 10118
   903 10118
   904 10118
   905 10118
   906 10118
   907 10118
   908 10118
   909 10118
   910 10118
   911 10118
   912 10118
   913 10118
   914 10118
   915 10118
   916 10118
   917 10118
   918 10118
   919 10118
   920 10118
   921 10118
   922 10118
   923 10118
   924 10118
   925 10118
   926 10118
   927 10118
   928 10118
   929 10118
   930 10118
   931 10118
   932 10118
   933 10118
   934 10118
   935 10118
   936 10118
   937 10118
   938 10118
   939 10118
   940 10118
   941 10118
   942 10118
   943 10118
   944 10118
   945 10118
   946 10118
   947 10118
   948 10118
   949 10118
   950 10118
   951 10118
   952 10118
   953 10118
   954 10118
   955 10118
   956 10118
   957 10118
   958 10118
   959 10118
   960 10118
   961 10118
   962 10118
   963 10118
   964 10118
   965 10118
   966 10118
   967 10118
   968 10118
   969 10118
   970 10118
   971 10118
   972 10118
   973 10118
   974 10118
   975 10118
   976 10118
   977 10118
   978 10118
   979 10118
   980 10118
   981 10118
   982 10118
   983 10118
   984 10118
   985 10118
   986 10118
   987 10118
   988 10118
   989 10118
   990 10118
   991 10118
   992 10118
   993 10118
   994 10118
   995 10118
   996 10118
   997 10118
   998 10118
   999 10118
  1000 10118
  1001 10118
  1002 10118
  1003 10118
  1004 10118
  1005 10118
  1006 10118
  1007 10118
  1008 10118
  1009 10118
  1010 10118
  1011 10118
  1012 10118
  1013 10118
  1014 10118
  1015 10118
  1016 10118
  1017 10118
  1018 10118
  1019 10118
  1020 10118
  1026 10022
  1027 10011
  1028 10011
  1029 10011
  1030 10082
  1031 10082
  1032 10082
  1033 10082
  1034 10082
  1035 10082
  1036 10082
  1037 10082
  1038 10082
  1039 10082
  1040 10082
  1041 10082
  1042 10082
  1043 10082
  1044 10082
  1045 10082
  1046 10082
  1047 10082
  1048 10082
  1049 10082
  1050 10082
  1051 10082
  1052 10082
  1053 10082
  1054 10082
  1055 10082
  1056 10082
  1057 10082
  1058 10082
  1059 10082
  1060 10082
  1061 10082
  1062 10082
  1063 10082
  1064 10082
  1065 10082
  1066 10082
  1067 10082
  1068 10082
  1069 10082
  1070 10082
  1071 10082
  1072 10082
  1073 10082
  1074 10082
  1075 10082
  1076 10082
  1077 10082
  1078 10082
  1079 10082
  1080 10082
  1081 10082
  1082 10082
  1083 10082
  1084 10082
  1085 10082
  1086 10082
  1087 10082
  1088 10082
  1089 10082
  1090 10082
  1091 10082
  1092 10082
  1093 10082
  1094 10082
  1095 10082
  1096 10082
  1097 10082
  1098 10082
  1099 10082
  1100 10082
  1101 10082
  1102 10082
  1103 10082
  1104 10082
  1105 10082
  1106 10082
  1107 10082
  1108 10082
  1109 10082
  1110 10082
  1111 10082
  1112 10082
  1113 10082
  1114 10082
  1115 10082
  1116 10082
  1117 10082
  1118 10082
  1119 10082
  1120 10082
  1121 10082
  1122 10082
  1123 10082
  1124 10082
  1125 10082
  1126 10082
  1127 10082
  1128 10082
  1129 10082
  1130 10082
  1131 10082
  1132 10082
  1133 10082
  1134 10082
  1135 10082
  1136 10082
  1137 10082
  1138 10082
  1139 10082
  1140 10082
  1141 10082
  1142 10082
  1143 10082
  1144 10082
  1145 10082
  1146 10082
  1147 10082
  1148 10082
  1149 10082
  1150 10082
  1151 10082
  1152 10082
  1153 10082
  1154 10082
  1155 10082
  1156 10082
  1157 10082
  1158 10082
  1159 10082
  1160 10082
  1161 10082
  1162 10082
  1163 10082
  1164 10082
  1165 10082
  1166 10082
  1167 10082
  1168 10082
  1169 10082
  1170 10082
  1171 10082
  1172 10082
  1173 10082
  1174 10082
  1175 10082
  1176 10082
  1177 10082
  1178 10082
  1179 10082
  1180 10082
  1181 10082
  1182 10082
  1183 10082
  1184 10082
  1185 10082
  1186 10082
  1187 10082
  1188 10082
  1189 10082
  1190 10082
  1191 10082
  1192 10082
  1193 10082
  1194 10082
  1195 10082
  1196 10082
  1197 10082
  1198 10082
  1199 10082
  1200 10082
  1201 10082
  1202 10082
  1203 10082
  1204 10082
  1205 10082
  1206 10082
  1207 10082
  1208 10082
  1209 10082
  1210 10082
  1211 10082
  1212 10082
  1213 10082
  1214 10082
  1215 10082
  1216 10082
  1217 10082
  1218 10082
  1219 10082
  1220 10082
  1221 10082
  1222 10082
  1223 10082
  1224 10082
  1225 10082
  1226 10082
  1227 10082
  1228 10082
  1229 10082
  1230 10082
  1231 10082
  1232 10082
  1233 10082
  1234 10082
  1235 10082
  1236 10082
  1237 10082
  1238 10082
  1239 10082
  1240 10082
  1241 10082
  1242 10082
  1243 10082
  1244 10082
  1245 10082
  1246 10082
  1247 10082
  1248 10082
  1249 10082
  1250 10082
  1251 10082
  1252 10082
  1253 10082
  1254 10082
  1255 10082
  1256 10082
  1257 10082
  1268 10112
  1269 10112
  1270 10112
  1271 10112
  1272 10112
  1273 10112
  1274 10112
  1275 10112
  1276 10112
  1277 10112
  1278 10112
  1279 10112
  1280 10112
  1281 10112
  1282 10112
  1283 10112
  1284 10112
  1285 10112
  1286 10112
  1287 10112
  1288 10112
  1289 10112
  1290 10112
  1291 10112
  1292 10112
  1293 10112
  1294 10112
  1295 10112
  1296 10112
  1297 10112
  1298 10112
  1299 10112
  1300 10112
  1301 10112
  1302 10112
  1303 10112
  1304 10112
  1305 10112
  1306 10112
  1307 10112
  1308 10112
  1309 10112
  1310 10112
  1311 10112
  1312 10112
  1313 10112
  1314 10112
  1315 10112
  1316 10112
  1317 10112
  1318 10112
  1319 10112
  1320 10112
  1321 10112
  1322 10112
  1323 10112
  1324 10112
  1325 10112
  1326 10112
  1327 10112
  1328 10112
  1329 10112
  1330 10112
  1331 10112
  1332 10112
  1333 10112
  1334 10112
  1335 10112
  1336 10112
  1337 10112
  1338 10112
  1339 10112
  1340 10112
  1341 10112
  1342 10112
  1343 10112
  1344 10112
  1345 10112
  1346 10112
  1347 10112
  1348 10112
  1349 10112
  1350 10112
  1351 10112
  1352 10112
  1353 10112
  1354 10112
  1355 10112
  1356 10112
  1357 10112
  1358 10112
  1359 10112
  1360 10112
  1361 10112
  1362 10112
  1363 10112
  1364 10112
  1365 10112
  1366 10112
  1367 10112
  1368 10112
  1369 10112
  1370 10112
  1371 10112
  1372 10112
  1373 10112
  1374 10112
  1375 10112
  1376 10112
  1377 10112
  1378 10112
  1379 10112
  1380 10112
  1381 10112
  1382 10112
  1383 10112
  1384 10112
  1385 10112
  1386 10112
  1387 10112
  1388 10112
  1389 10112
  1390 10112
  1391 10112
  1392 10112
  1393 10112
  1394 10112
  1395 10112
  1396 10112
  1397 10112
  1398 10112
  1399 10112
  1400 10112
  1401 10112
  1402 10112
  1403 10112
  1404 10112
  1405 10112
  1406 10112
  1407 10112
  1408 10112
  1409 10112
  1410 10112
  1411 10112
  1412 10112
  1413 10112
  1414 10112
  1415 10112
  1416 10112
  1417 10112
  1418 10112
  1419 10112
  1420 10112
  1421 10112
  1422 10112
  1423 10112
  1424 10112
  1425 10112
  1426 10112
  1427 10112
  1428 10112
  1429 10112
  1430 10112
  1431 10112
  1432 10112
  1433 10112
  1434 10112
  1435 10112
  1436 10112
  1437 10112
  1438 10112
  1439 10112
  1440 10112
  1441 10112
  1442 10112
  1443 10112
  1444 10112
  1445 10112
  1446 10112
  1447 10112
  1448 10112
  1449 10112
  1450 10112
  1451 10112
  1452 10112
  1453 10112
  1454 10112
  1455 10112
  1456 10112
  1457 10112
  1458 10112
  1459 10112
  1460 10112
  1461 10112
  1462 10112
  1463 10112
  1464 10112
  1465 10112
  1466 10112
  1467 10112
  1468 10112
  1469 10112
  1470 10112
  1471 10112
  1472 10112
  1473 10112
  1474 10112
  1475 10112
  1476 10112
  1477 10112
  1478 10112
  1479 10112
  1480 10112
  1481 10112
  1482 10112
  1483 10112
  1484 10112
  1485 10112
  1486 10112
  1487 10112
  1488 10112
  1489 10112
  1490 10112
  1491 10112
  1492 10112
  1493 10112
  1494 10112
  1495 10112
  1496 10112
  1497 10112
  1498 10112
  1499 10112
  1500 10112
  1501 10018
  1502 10112
  1503 10112
  1504 10112
  1505 10100
  1508 10080
  1510 10094
  1511 10094
  1512 10094
  1513 10094
  1514 10064
  1515 10094
  1516 10064
  1519 10028
  1520 10028
  1522 10028
  1523 10028
  1535 10101
  1536 10101
  1537 10141
  1538 10141
  1539 10141
  1540 10141
  1541 10141
  1542 10141
  1543 10141
  1544 10141
  1545 10101
  1546 10101
  1547 10101
  1548 10101
  1549 10061
  1550 10061
  1551 10141
  1552 10141
  1553 10141
  1554 10141
  1555 10141
  1556 10141
  1557 10061
  1558 10141
  1559 10101
  1560 10101
  1561 10141
  1562 10141
  1563 10141
  1564 10050
  1565 10050
  1573 10134
  1577 10055
  1578 10055
  1579 10040
  1590 10040
  1591 10040
  1592 10040
  1593 10040
  1594 10040
  1595 10040
  1596 10040
  1597 10040
  1600 10040
  1601 10040
  1602 10040
  1603 10040
  1618 10112
  1621 10086
  1622 10128
  1623 10128
  1624 10128
  1626 10085
  1627 10143
  1628 10143
  1629 10143
  1630 10143
  1631 10143
  1632 10143
  1633 10130
  1634 10115
  1635 10130
  1638 10106
  1639 10106
  1640 10018
  1641 10018
  1642 10018
  1651 10028
  1652 10028
  1653 10028
  1664 10072
  1849 10028
  1850 10028
  1852 10028
  1855 10047
  1858 10101
  1859 10101
  1860 10101
  1861 10101
  1862 10101
  1863 10101
  1864 10134
  1865 10134
  1866 10134
  1867 10134
  1868 10134
  1869 10134
  1870 10134
  1871 10134
  1872 10134
  1873 10134
  1874 10134
  1875 10134
  1876 10134
  1877 10134
  1878 10134
  1879 10134
  1880 10134
  1881 10134
  1882 10134
  1883 10134
  1884 10134
  1885 10134
  1886 10134
  1887 10134
  1888 10134
  1889 10134
  1890 10134
  1891 10134
  1892 10134
  1893 10134
  1894 10134
  1895 10134
  1896 10134
  1897 10134
  1898 10134
  1899 10134
  1900 10134
  1901 10134
  1902 10134
  1903 10134
  1904 10134
  1905 10134
  1906 10134
  1907 10134
  1908 10134
  1909 10134
  1910 10134
  1911 10134
  1912 10134
  1913 10134
  1914 10134
  1915 10134
  1916 10134
  1917 10134
  1918 10134
  1919 10134
  1920 10134
  1921 10134
  1922 10134
  1923 10134
  1924 10134
  1925 10134
  1926 10134
  1927 10134
  1928 10134
  1929 10134
  1930 10134
  1931 10134
  1932 10134
  1933 10134
  1934 10134
  1935 10134
  1936 10134
  1937 10134
  1938 10134
  1939 10134
  1940 10134
  1941 10134
  1942 10134
  1943 10134
  1944 10134
  1945 10134
  1946 10134
  1947 10134
  1948 10134
  1949 10134
  1950 10134
  1951 10134
  1952 10134
  1953 10134
  1954 10134
  1955 10134
  1956 10134
  1957 10134
  1958 10134
  1959 10134
  1960 10134
  1961 10134
  1962 10134
  1963 10134
  1964 10134
  1965 10134
  1966 10134
  1967 10134
  1968 10134
  1969 10134
  1970 10134
  1971 10134
  1972 10134
  1973 10134
  1974 10134
  1975 10134
  1976 10134
  1977 10134
  1978 10134
  1979 10134
  1980 10134
  1981 10134
  1982 10134
  1983 10134
  1984 10134
  1985 10134
  1986 10134
  1987 10134
  1988 10134
  1989 10134
  1990 10134
  1991 10134
  1992 10134
  1993 10134
  1994 10134
  1995 10134
  1996 10134
  1997 10134
  1998 10134
  1999 10134
  2000 10134
  2001 10134
  2002 10134
  2003 10134
  2004 10134
  2005 10134
  2006 10134
  2007 10134
  2008 10134
  2009 10134
  2010 10134
  2011 10134
  2012 10134
  2013 10134
  2014 10134
  2015 10134
  2016 10134
  2017 10134
  2018 10134
  2019 10134
  2020 10134
  2021 10134
  2022 10134
  2023 10134
  2025 10141
  2026 10101
  2027 10101
  2028 10101
  2030 10101
