   673 10156
   674 10156
   675 10156
   676 10156
   677 10156
   680 10124
   681 10156
   682 10156
   683 10156
   684 10156
   685 10156
   686 10156
   687 10156
   688 10156
   689 10156
   690 10156
   691 10156
   692 10156
   693 10156
   694 10156
   695 10156
   696 10156
   697 10156
   698 10156
   699 10156
   700 10156
   701 10156
   702 10156
   703 10156
   704 10156
   705 10156
   706 10156
   707 10156
   708 10156
   709 10156
   710 10156
   711 10156
   712 10156
   713 10156
   714 10156
   715 10156
   716 10156
   717 10156
   718 10156
   719 10156
   720 10156
   721 10156
   722 10156
   723 10156
   724 10156
   725 10156
   726 10156
   727 10156
   728 10156
   729 10156
   730 10156
   731 10156
   732 10156
   733 10156
   734 10156
   735 10156
   736 10156
   737 10156
   738 10156
   739 10156
   740 10156
   741 10156
   742 10156
   743 10156
   744 10156
   745 10156
   746 10156
   747 10156
   748 10156
   749 10156
   750 10156
   751 10156
   752 10156
   753 10156
   754 10156
   755 10156
   756 10156
   757 10156
   758 10156
   759 10156
   760 10156
   761 10156
   762 10156
   763 10156
   764 10156
   765 10156
   766 10156
   767 10156
   768 10156
   769 10156
   770 10156
   771 10156
   772 10156
   773 10156
   774 10156
   775 10156
   776 10156
   777 10156
   778 10156
   779 10156
   780 10156
   781 10043
   782 10101
   783 10101
   784 10101
   785 10101
   786 10043
   787 10043
   788 10043
   789 10043
   791 10054
   794 10095
   795 10095
   796 10095
   797 10095
   798 10095
   799 10095
   800 10095
   801 10095
   802 10095
   803 10095
   804 10095
   805 10095
   806 10095
   807 10095
   808 10095
   809 10095
   810 10095
   811 10095
   812 10095
   813 10095
   814 10095
   815 10095
   816 10095
   817 10095
   818 10095
   819 10095
   820 10095
   821 10095
   822 10095
   823 10095
   824 10095
   825 10095
   826 10095
   827 10095
   828 10095
   829 10095
   830 10095
   831 10095
   832 10095
   833 10095
   834 10095
   835 10095
   836 10095
   837 10095
   838 10095
   839 10095
   840 10095
   841 10095
   842 10095
   843 10095
   844 10095
   845 10095
   846 10095
   847 10095
   848 10095
   849 10095
   850 10095
   851 10095
   852 10095
   853 10095
   854 10095
   855 10095
   856 10095
   857 10095
   858 10095
   859 10095
   860 10095
   861 10095
   862 10095
   863 10095
   864 10095
   865 10095
   866 10095
   867 10095
   868 10095
   869 10095
   870 10095
   871 10095
   872 10095
   873 10095
   874 10095
   875 10095
   876 10095
   877 10095
   878 10095
   879 10095
   880 10095
   881 10095
   882 10095
   883 10095
   884 10095
   885 10095
   886 10095
   887 10095
   888 10095
   889 10095
   890 10095
   891 10095
   892 10095
   893 10095
   894 10095
   895 10095
   896 10095
   897 10095
   898 10095
   899 10095
   900 10095
   901 10095
   902 10095
   903 10095
   904 10095
   905 10095
   906 10095
   907 10095
   908 10095
   909 10095
   910 10095
   911 10095
   912 10095
   913 10095
   914 10095
   915 10095
   916 10095
   917 10095
   918 10095
   919 10095
   920 10095
   921 10095
   922 10095
   923 10095
   924 10095
   925 10095
   926 10095
   927 10095
   928 10095
   929 10095
   930 10095
   931 10095
   932 10095
   933 10095
   934 10095
   935 10095
   936 10095
   937 10095
   938 10095
   939 10095
   940 10095
   941 10095
   942 10095
   943 10095
   944 10095
   945 10095
   946 10095
   947 10095
   948 10095
   949 10095
   950 10095
   951 10095
   952 10095
   953 10095
   954 10095
   955 10095
   956 10095
   957 10095
   958 10095
   959 10095
   960 10095
   961 10095
   962 10095
   963 10095
   964 10095
   965 10095
   966 10095
   967 10095
   968 10095
   969 10095
   970 10095
   971 10095
   972 10095
   973 10095
   974 10095
   975 10095
   976 10095
   977 10095
   978 10095
   979 10095
   980 10095
   981 10095
   982 10095
   983 10095
   984 10095
   985 10095
   986 10095
   987 10095
   988 10095
   989 10095
   990 10095
   991 10095
   992 10095
   993 10095
   994 10095
   995 10095
   996 10095
   997 10095
   998 10095
   999 10095
  1000 10095
  1001 10095
  1002 10095
  1003 10095
  1004 10095
  1005 10095
  1006 10095
  1007 10095
  1008 10095
  1009 10095
  1010 10095
  1011 10095
  1012 10095
  1013 10095
  1014 10095
  1015 10095
  1016 10095
  1017 10095
  1018 10095
  1019 10095
  1020 10095
  1021 10130
  1022 10014
  1023 10156
  1024 10156
  1025 10156
  1026 10156
  1027 10156
  1028 10156
  1029 10156
  1030 10156
  1031 10156
  1032 10156
  1033 10156
  1034 10156
  1035 10156
  1036 10156
  1037 10156
  1038 10156
  1039 10156
  1040 10156
  1041 10156
  1042 10156
  1043 10156
  1044 10156
  1045 10156
  1046 10156
  1047 10156
  1048 10156
  1049 10156
  1050 10156
  1051 10156
  1052 10156
  1053 10156
  1054 10156
  1055 10156
  1056 10156
  1057 10156
  1058 10156
  1059 10156
  1060 10156
  1061 10156
  1062 10156
  1063 10156
  1064 10156
  1065 10156
  1066 10156
  1067 10156
  1068 10156
  1069 10156
  1070 10156
  1071 10156
  1072 10156
  1073 10156
  1074 10156
  1075 10156
  1076 10156
  1077 10156
  1078 10156
  1079 10156
  1080 10156
  1081 10156
  1082 10156
  1083 10156
  1084 10156
  1085 10156
  1086 10156
  1087 10156
  1088 10156
  1089 10156
  1090 10156
  1091 10156
  1092 10156
  1093 10156
  1094 10156
  1095 10156
  1096 10156
  1097 10156
  1098 10156
  1099 10156
  1100 10156
  1101 10156
  1102 10156
  1103 10156
  1104 10156
  1105 10156
  1106 10156
  1107 10156
  1108 10156
  1109 10156
  1110 10156
  1111 10156
  1112 10156
  1113 10156
  1114 10156
  1115 10156
  1116 10156
  1117 10156
  1118 10156
  1119 10156
  1120 10156
  1121 10156
  1122 10156
  1123 10156
  1124 10156
  1125 10156
  1126 10156
  1127 10156
  1128 10156
  1129 10156
  1130 10156
  1131 10156
  1132 10156
  1133 10156
  1134 10156
  1135 10156
  1136 10156
  1137 10156
  1138 10156
  1139 10156
  1140 10156
  1141 10156
  1142 10156
  1143 10156
  1144 10156
  1145 10156
  1146 10156
  1147 10156
  1148 10156
  1149 10156
  1150 10156
  1151 10156
  1152 10156
  1153 10156
  1154 10156
  1155 10156
  1156 10156
  1157 10156
  1158 10156
  1159 10156
  1160 10156
  1161 10156
  1162 10156
  1163 10156
  1164 10156
  1165 10156
  1166 10156
  1167 10156
  1168 10156
  1169 10156
  1170 10156
  1171 10156
  1172 10156
  1173 10156
  1174 10156
  1175 10156
  1176 10156
  1177 10156
  1178 10156
  1179 10156
  1180 10156
  1181 10156
  1182 10156
  1183 10156
  1184 10156
  1185 10156
  1186 10156
  1187 10156
  1188 10156
  1189 10156
  1190 10156
  1191 10156
  1192 10156
  1193 10156
  1194 10156
  1195 10156
  1196 10156
  1197 10156
  1198 10156
  1199 10156
  1200 10156
  1201 10156
  1202 10156
  1203 10156
  1204 10156
  1205 10156
  1206 10156
  1207 10156
  1208 10156
  1209 10156
  1210 10156
  1211 10156
  1212 10156
  1213 10156
  1214 10156
  1215 10156
  1216 10156
  1217 10156
  1218 10156
  1219 10156
  1220 10156
  1221 10156
  1222 10156
  1223 10156
  1224 10156
  1225 10156
  1226 10156
  1227 10156
  1228 10156
  1229 10156
  1230 10156
  1231 10156
  1232 10156
  1233 10156
  1234 10156
  1235 10156
  1236 10156
  1237 10156
  1238 10156
  1239 10156
  1240 10156
  1241 10156
  1242 10156
  1243 10156
  1244 10156
  1245 10156
  1246 10156
  1247 10156
  1248 10156
  1249 10156
  1250 10156
  1251 10156
  1252 10156
  1253 10156
  1254 10156
  1255 10156
  1256 10156
  1257 10156
  1258 10095
  1259 10154
  1260 10095
  1261 10055
  1262 10055
  1263 10018
  1264 10040
  1265 10040
  1266 10018
  1267 10018
  1268 10018
  1269 10018
  1270 10018
  1271 10055
  1272 10158
  1273 10158
  1274 10173
  1275 10173
  1276 10173
  1277 10140
  1278 10140
  1279 10140
  1280 10140
  1281 10140
  1282 10140
  1283 10140
  1284 10140
  1285 10140
  1286 10140
  1287 10140
  1288 10158
  1289 10055
  1290 10055
  1291 10055
  1292 10055
  1293 10055
  1294 10140
  1295 10055
  1296 10055
  1297 10140
  1298 10140
  1299 10140
  1300 10140
  1301 10140
  1302 10140
  1303 10140
  1304 10140
  1305 10140
  1306 10140
  1307 10140
  1308 10140
  1309 10055
  1310 10055
  1311 10055
  1312 10055
  1313 10055
  1314 10055
  1315 10055
  1316 10055
  1317 10055
  1318 10055
  1319 10055
  1320 10055
  1321 10055
  1322 10018
  1323 10140
  1324 10140
  1325 10140
  1326 10140
  1327 10140
  1328 10140
  1329 10140
  1330 10158
  1331 10158
  1332 10140
  1333 10140
  1334 10140
  1335 10140
  1336 10140
  1337 10140
  1338 10140
  1339 10140
  1340 10140
  1341 10158
  1342 10140
  1343 10140
  1344 10140
  1345 10140
  1346 10140
  1347 10140
  1348 10140
  1349 10140
  1350 10140
  1351 10140
  1352 10140
  1353 10140
  1354 10140
  1355 10140
  1356 10140
  1357 10055
  1358 10055
  1359 10055
  1360 10018
  1361 10018
  1362 10018
  1365 10101
  1366 10138
  1367 10138
  1368 10138
  1370 10138
  1371 10138
  1372 10138
  1376 10072
  1377 10072
  1378 10072
  1379 10072
  1380 10072
  1381 10072
  1382 10072
  1383 10072
  1384 10072
  1385 10072
  1386 10072
  1387 10072
  1388 10072
  1389 10072
  1390 10072
  1391 10072
  1392 10072
  1393 10072
  1394 10072
  1395 10020
  1396 10020
  1397 10020
  1398 10020
  1399 10020
  1400 10020
  1401 10020
  1402 10020
  1403 10020
  1404 10020
  1405 10020
  1406 10020
  1407 10020
  1408 10020
  1409 10020
  1410 10020
  1411 10020
  1412 10020
  1413 10020
  1414 10020
  1415 10020
  1416 10020
  1417 10020
  1418 10020
  1419 10020
  1420 10020
  1421 10020
  1422 10020
  1423 10020
  1424 10020
  1425 10020
  1426 10020
  1427 10020
  1428 10020
  1429 10020
  1430 10020
  1431 10020
  1432 10020
  1433 10020
  1434 10020
  1435 10020
  1436 10020
  1437 10020
  1438 10020
  1439 10020
  1440 10020
  1441 10020
  1442 10020
  1443 10020
  1444 10020
  1445 10020
  1446 10020
  1447 10020
  1448 10020
  1449 10020
  1450 10020
  1451 10020
  1452 10020
  1453 10020
  1454 10020
  1455 10020
  1456 10020
  1457 10020
  1458 10020
  1459 10020
  1460 10020
  1461 10020
  1462 10020
  1463 10020
  1464 10020
  1465 10020
  1466 10020
  1467 10020
  1468 10020
  1469 10020
  1470 10020
  1471 10020
  1472 10020
  1473 10020
  1474 10020
  1475 10020
  1476 10020
  1477 10020
  1478 10020
  1479 10020
  1480 10020
  1481 10020
  1482 10020
  1483 10020
  1484 10020
  1485 10020
  1486 10020
  1487 10020
  1488 10020
  1489 10020
  1490 10020
  1491 10020
  1492 10020
  1493 10020
  1494 10020
  1495 10020
  1496 10020
  1497 10020
  1498 10020
  1499 10020
  1500 10020
  1501 10020
  1502 10020
  1503 10020
  1504 10020
  1505 10020
  1506 10020
  1507 10020
  1508 10020
  1509 10020
  1510 10020
  1511 10020
  1512 10020
  1513 10020
  1514 10020
  1515 10020
  1516 10020
  1517 10020
  1518 10020
  1519 10020
  1520 10020
  1521 10020
  1522 10020
  1523 10020
  1524 10020
  1525 10020
  1526 10020
  1527 10020
  1528 10020
  1529 10020
  1530 10020
  1531 10020
  1532 10020
  1533 10020
  1534 10020
  1535 10020
  1536 10020
  1537 10020
  1538 10020
  1539 10020
  1540 10020
  1541 10020
  1542 10020
  1543 10020
  1544 10020
  1545 10020
  1546 10020
  1547 10020
  1548 10020
  1549 10020
  1550 10020
  1551 10020
  1552 10020
  1553 10020
  1554 10020
  1555 10020
  1556 10020
  1557 10020
  1558 10020
  1559 10020
  1560 10020
  1561 10020
  1562 10020
  1563 10020
  1564 10020
  1565 10020
  1566 10020
  1567 10020
  1568 10020
  1569 10020
  1570 10020
  1571 10020
  1572 10020
  1573 10020
  1574 10020
  1575 10020
  1576 10020
  1577 10020
  1578 10020
  1579 10020
  1580 10020
  1581 10020
  1582 10020
  1583 10020
  1584 10020
  1585 10020
  1586 10020
  1587 10020
  1588 10020
  1589 10020
  1590 10020
  1591 10020
  1592 10020
  1593 10020
  1594 10020
  1595 10020
  1596 10020
  1597 10020
  1598 10020
  1599 10020
  1600 10020
  1601 10020
  1602 10020
  1603 10020
  1604 10020
  1605 10020
  1606 10020
  1607 10020
  1608 10020
  1609 10020
  1610 10020
  1611 10020
  1612 10020
  1613 10020
  1614 10020
  1615 10020
  1616 10020
  1617 10020
  1618 10020
  1619 10020
  1620 10020
  1622 10043
  1623 10043
  1624 10033
  1626 10062
  1628 10062
  1629 10067
  1630 10101
  1631 10101
  1632 10101
  1633 10101
  1634 10101
  1635 10101
  1636 10101
  1637 10101
  1638 10101
  1639 10101
  1640 10101
  1641 10101
  1642 10101
  1643 10101
  1644 10101
  1645 10101
  1646 10101
  1647 10101
  1648 10101
  1649 10101
  1650 10101
  1651 10101
  1652 10101
  1653 10101
  1654 10101
  1655 10101
  1656 10101
  1657 10101
  1658 10101
  1659 10101
  1660 10101
  1661 10101
  1662 10101
  1663 10101
  1664 10101
  1665 10101
  1666 10101
  1667 10101
  1668 10101
  1669 10101
  1670 10101
  1671 10101
  1672 10101
  1673 10101
  1674 10101
  1675 10101
  1676 10101
  1677 10101
  1678 10101
  1679 10101
  1680 10101
  1681 10101
  1682 10101
  1683 10101
  1684 10101
  1685 10101
  1686 10101
  1687 10101
  1688 10101
  1689 10101
  1690 10101
  1691 10101
  1692 10101
  1693 10101
  1694 10101
  1695 10101
  1696 10101
  1697 10101
  1698 10101
  1699 10101
  1700 10101
  1701 10101
  1702 10101
  1703 10101
  1704 10101
  1705 10101
  1706 10101
  1707 10101
  1708 10101
  1709 10101
  1710 10101
  1711 10101
  1712 10101
  1713 10101
  1714 10101
  1715 10101
  1716 10101
  1717 10101
  1718 10101
  1719 10101
  1720 10101
  1721 10101
  1722 10101
  1723 10101
  1724 10101
  1725 10101
  1726 10101
  1727 10101
  1728 10101
  1729 10101
  1730 10101
  1731 10101
  1732 10101
  1733 10101
  1734 10101
  1735 10101
  1736 10101
  1737 10101
  1738 10101
  1739 10101
  1740 10101
  1741 10101
  1742 10101
  1743 10101
  1744 10101
  1745 10101
  1746 10101
  1747 10101
  1748 10101
  1749 10101
  1750 10101
  1751 10101
  1752 10101
  1753 10101
  1754 10101
  1755 10101
  1756 10101
  1757 10101
  1758 10101
  1759 10101
  1760 10101
  1761 10101
  1762 10101
  1763 10101
  1764 10101
  1765 10101
  1766 10101
  1767 10101
  1768 10101
  1769 10101
  1770 10101
  1771 10101
  1772 10101
  1773 10101
  1774 10101
  1775 10101
  1776 10101
  1777 10101
  1778 10101
  1779 10101
  1780 10101
  1781 10101
  1782 10101
  1783 10101
  1784 10101
  1785 10101
  1786 10101
  1787 10101
  1788 10101
  1789 10101
  1790 10101
  1791 10101
  1792 10101
  1793 10101
  1794 10101
  1795 10101
  1796 10101
  1797 10101
  1798 10101
  1799 10101
  1800 10101
  1801 10101
  1802 10101
  1803 10101
  1804 10101
  1805 10101
  1806 10101
  1807 10101
  1808 10101
  1809 10101
  1810 10101
  1811 10101
  1812 10101
  1813 10101
  1814 10101
  1815 10101
  1816 10101
  1817 10101
  1818 10101
  1819 10101
  1820 10101
  1821 10101
  1822 10101
  1823 10101
  1824 10101
  1825 10101
  1826 10101
  1827 10101
  1828 10101
  1829 10101
  1830 10101
  1831 10101
  1832 10101
  1833 10101
  1834 10101
  1835 10101
  1836 10101
  1837 10101
  1838 10101
  1839 10101
  1840 10101
  1841 10101
  1842 10101
  1843 10101
  1844 10101
  1845 10101
  1846 10101
  1847 10101
  1848 10101
  1849 10101
  1850 10101
  1851 10101
  1852 10101
  1853 10101
  1854 10101
  1855 10101
  1859 10154
  1860 10101
  1861 10101
  1862 10101
  1863 10101
  1864 10101
  1865 10050
  1866 10138
  1868 10033
  1869 10033
  1870 10033
  1871 10033
  1872 10033
  1873 10033
  1874 10033
  1875 10033
  1876 10033
  1877 10033
  1878 10033
  1879 10033
  1880 10033
  1881 10033
  1882 10033
  1883 10033
  1884 10033
  1885 10033
  1886 10033
  1887 10033
  1888 10033
  1889 10033
  1890 10033
  1891 10033
  1892 10033
  1893 10033
  1894 10033
  1895 10033
  1896 10033
  1897 10033
  1898 10033
  1899 10033
  1900 10033
  1901 10033
  1902 10033
  1903 10033
  1904 10033
  1905 10033
  1906 10033
  1907 10033
  1908 10033
  1909 10033
  1910 10033
  1911 10033
  1912 10033
  1913 10033
  1914 10033
  1915 10033
  1916 10033
  1917 10033
  1918 10033
  1919 10033
  1920 10033
  1921 10033
  1922 10033
  1923 10033
  1924 10033
  1925 10033
  1926 10033
  1927 10033
  1928 10033
  1929 10033
  1930 10033
  1931 10033
  1932 10033
  1933 10033
  1934 10033
  1935 10033
  1936 10033
  1937 10033
  1938 10033
  1939 10033
  1940 10033
  1941 10033
  1942 10033
  1943 10033
  1944 10033
  1945 10033
  1946 10033
  1947 10033
  1948 10033
  1949 10033
  1950 10033
  1951 10033
  1952 10033
  1953 10033
  1954 10033
  1955 10033
  1956 10033
  1957 10033
  1958 10033
  1959 10033
  1960 10033
  1961 10033
  1962 10033
  1963 10033
  1964 10033
  1965 10033
  1966 10033
  1967 10033
  1968 10033
  1969 10033
  1970 10033
  1971 10033
  1972 10033
  1973 10033
  1974 10033
  1975 10033
  1976 10033
  1977 10033
  1978 10033
  1979 10033
  1980 10033
  1981 10033
  1982 10033
  1983 10033
  1984 10033
  1985 10033
  1986 10033
  1987 10033
  1988 10033
  1989 10033
  1990 10033
  1991 10033
  1992 10033
  1993 10033
  1994 10033
  1995 10033
  1996 10033
  1997 10033
  1998 10033
  1999 10033
  2000 10033
  2001 10033
  2002 10033
  2003 10033
  2004 10033
  2005 10033
  2006 10033
  2007 10033
  2008 10033
  2009 10033
  2010 10033
  2011 10033
  2012 10033
  2013 10033
  2014 10033
  2015 10033
  2016 10033
  2017 10033
  2018 10033
  2019 10033
  2020 10033
  2021 10033
  2024 10033
  2034 10152
  2035 10152
  2036 10152
  2037 10151
  2038 10152
  2039 10151
  2044 10152
  2045 10152
  2046 10152
  2047 10152
  2048 10152
  2049 10152
  2050 10152
