   690 10122
   691 10122
   692 10122
   693 10122
   694 10122
   695 10122
   696 10122
   697 10122
   698 10122
   699 10122
   700 10122
   701 10122
   702 10122
   703 10122
   704 10122
   705 10122
   706 10122
   707 10122
   708 10122
   709 10122
   710 10122
   711 10122
   712 10122
   713 10122
   714 10122
   715 10122
   716 10122
   717 10122
   718 10122
   719 10122
   720 10122
   721 10122
   722 10122
   723 10122
   724 10122
   725 10122
   726 10122
   727 10122
   728 10122
   729 10122
   730 10122
   731 10122
   732 10122
   733 10122
   734 10122
   735 10122
   736 10122
   737 10122
   738 10122
   739 10122
   740 10122
   741 10122
   742 10122
   743 10122
   744 10122
   745 10122
   746 10122
   747 10122
   748 10122
   749 10122
   750 10122
   751 10122
   752 10122
   753 10122
   754 10122
   755 10122
   756 10122
   757 10122
   758 10122
   759 10122
   760 10122
   761 10122
   762 10122
   763 10122
   764 10122
   765 10122
   766 10122
   767 10122
   768 10122
   769 10122
   770 10122
   771 10122
   772 10122
   773 10122
   774 10122
   775 10122
   776 10122
   777 10122
   778 10122
   779 10122
   780 10122
   781 10122
   782 10136
   783 10136
   784 10136
   785 10136
   786 10136
   787 10122
   788 10122
   789 10005
   790 10122
   791 10005
   792 10122
   793 10122
   794 10005
   795 10122
   796 10122
   797 10122
   798 10122
   799 10122
   800 10122
   801 10122
   802 10122
   803 10122
   804 10122
   805 10122
   806 10122
   807 10122
   808 10122
   809 10122
   810 10122
   811 10122
   812 10005
   813 10122
   814 10122
   815 10122
   816 10122
   817 10122
   818 10122
   819 10122
   820 10122
   821 10122
   822 10122
   823 10122
   824 10122
   825 10122
   826 10122
   827 10122
   828 10122
   829 10122
   830 10005
   831 10005
   832 10005
   833 10122
   834 10122
   835 10122
   836 10122
   837 10122
   838 10122
   839 10122
   840 10122
   841 10122
   842 10122
   843 10122
   844 10122
   845 10122
   846 10122
   847 10122
   848 10122
   849 10122
   850 10122
   851 10122
   852 10122
   853 10122
   854 10122
   855 10122
   856 10122
   857 10122
   860 10122
   861 10122
   862 10122
   863 10122
   864 10122
   865 10122
   866 10122
   867 10122
   868 10122
   869 10122
   879 10122
   880 10122
   881 10122
   882 10122
   883 10122
   884 10122
   885 10122
   886 10122
   887 10122
   888 10122
   889 10122
   890 10122
   891 10122
   892 10122
   893 10122
   894 10122
   895 10122
   896 10122
   897 10122
   898 10122
   899 10122
   900 10122
   901 10122
   902 10122
   903 10122
   904 10122
   905 10122
   906 10122
   907 10122
   908 10122
   909 10122
   910 10122
   911 10122
   912 10122
   913 10122
   914 10122
   915 10122
   916 10122
   917 10122
   918 10122
   919 10122
   920 10122
   923 10122
   924 10122
   925 10122
   926 10122
   927 10122
   928 10122
   929 10122
   930 10122
   931 10122
   932 10122
   933 10122
   934 10122
   935 10122
   936 10122
   937 10122
   938 10122
   939 10122
   940 10122
   941 10122
   942 10122
   943 10122
   944 10122
   945 10122
   946 10122
   947 10122
   948 10122
   949 10122
   950 10122
   951 10122
   952 10122
   953 10122
   954 10147
   955 10147
   956 10122
   957 10122
   958 10122
   959 10122
   960 10005
   961 10005
   962 10122
   963 10005
   964 10122
   965 10122
   966 10122
   967 10122
   968 10122
   969 10122
   970 10122
   974 10005
   975 10122
   976 10122
   977 10122
   978 10122
   979 10122
   980 10005
   981 10122
   982 10122
   983 10005
   984 10122
   985 10005
   986 10005
   987 10005
   988 10122
   989 10122
   990 10122
   991 10122
   992 10122
   993 10122
   994 10122
   995 10122
   996 10122
   997 10122
   998 10122
   999 10122
  1000 10005
  1001 10005
  1002 10005
  1003 10122
  1004 10122
  1005 10122
  1006 10122
  1007 10122
  1008 10122
  1009 10122
  1010 10122
  1011 10122
  1012 10122
  1013 10122
  1014 10122
  1015 10122
  1016 10122
  1017 10122
  1018 10122
  1019 10122
  1020 10122
  1021 10122
  1022 10122
  1023 10122
  1024 10122
  1025 10122
  1026 10122
  1027 10122
  1028 10122
  1029 10122
  1030 10122
  1031 10122
  1032 10122
  1033 10122
  1034 10122
  1035 10122
  1036 10122
  1037 10122
  1038 10122
  1039 10122
  1040 10122
  1041 10122
  1042 10122
  1043 10122
  1044 10122
  1045 10122
  1046 10122
  1047 10122
  1048 10122
  1049 10122
  1050 10122
  1051 10122
  1052 10122
  1053 10122
  1054 10122
  1055 10122
  1056 10122
  1057 10122
  1058 10122
  1059 10122
  1060 10122
  1061 10122
  1062 10122
  1063 10122
  1064 10122
  1065 10122
  1066 10122
  1067 10122
  1068 10122
  1069 10122
  1070 10122
  1071 10122
  1072 10122
  1073 10122
  1074 10122
  1075 10122
  1076 10122
  1077 10122
  1078 10122
  1079 10122
  1080 10122
  1081 10122
  1082 10122
  1083 10122
  1084 10122
  1085 10122
  1086 10122
  1087 10122
  1088 10122
  1089 10122
  1090 10122
  1091 10122
  1092 10122
  1093 10122
  1094 10122
  1095 10122
  1096 10122
  1097 10122
  1098 10122
  1099 10122
  1100 10122
  1101 10122
  1102 10122
  1103 10122
  1104 10122
  1105 10122
  1106 10122
  1107 10122
  1108 10122
  1109 10122
  1110 10122
  1111 10122
  1112 10122
  1113 10122
  1114 10122
  1115 10122
  1116 10122
  1117 10122
  1118 10122
  1119 10122
  1120 10122
  1121 10122
  1122 10122
  1123 10122
  1124 10122
  1125 10122
  1126 10122
  1127 10122
  1128 10122
  1129 10122
  1130 10122
  1131 10122
  1132 10122
  1133 10122
  1134 10122
  1135 10122
  1136 10122
  1137 10122
  1138 10122
  1139 10122
  1140 10122
  1141 10122
  1142 10122
  1143 10122
  1144 10122
  1145 10122
  1146 10122
  1147 10122
  1148 10122
  1149 10122
  1150 10122
  1151 10122
  1152 10122
  1153 10122
  1154 10122
  1155 10122
  1156 10122
  1157 10122
  1158 10122
  1159 10122
  1160 10122
  1161 10122
  1162 10122
  1163 10122
  1164 10122
  1165 10122
  1166 10122
  1167 10122
  1168 10122
  1169 10122
  1170 10122
  1171 10122
  1172 10122
  1173 10122
  1174 10122
  1175 10122
  1176 10122
  1177 10122
  1178 10122
  1179 10122
  1180 10122
  1181 10122
  1182 10122
  1183 10122
  1184 10122
  1185 10122
  1186 10122
  1187 10122
  1188 10122
  1189 10122
  1190 10122
  1191 10122
  1192 10122
  1193 10122
  1194 10122
  1195 10122
  1196 10122
  1197 10122
  1198 10122
  1199 10122
  1200 10122
  1201 10122
  1202 10122
  1203 10122
  1204 10122
  1205 10122
  1206 10122
  1207 10122
  1208 10122
  1209 10122
  1210 10122
  1211 10122
  1212 10122
  1213 10122
  1214 10122
  1215 10122
  1216 10122
  1217 10122
  1218 10122
  1219 10122
  1220 10122
  1221 10122
  1222 10122
  1223 10122
  1224 10122
  1225 10122
  1226 10122
  1227 10122
  1228 10122
  1229 10122
  1230 10122
  1231 10122
  1232 10122
  1233 10122
  1234 10122
  1235 10122
  1236 10122
  1237 10122
  1238 10122
  1239 10122
  1240 10122
  1241 10122
  1242 10122
  1243 10122
  1244 10122
  1245 10122
  1246 10122
  1247 10122
  1248 10122
  1249 10122
  1250 10122
  1251 10122
  1252 10122
  1253 10122
  1254 10122
  1255 10122
  1256 10122
  1257 10122
  1258 10122
  1259 10122
  1260 10122
  1261 10122
  1262 10122
  1263 10122
  1268 10136
  1385 10122
  1386 10122
  1387 10122
  1388 10122
  1389 10122
  1390 10122
  1391 10122
  1392 10122
  1393 10122
  1394 10122
  1395 10122
  1396 10122
  1397 10122
  1398 10122
  1399 10122
  1400 10122
  1401 10122
  1402 10122
  1403 10122
  1404 10122
  1405 10122
  1406 10122
  1407 10122
  1408 10122
  1409 10122
  1410 10122
  1411 10122
  1412 10122
  1413 10122
  1414 10122
  1415 10122
  1416 10122
  1417 10122
  1418 10122
  1419 10122
  1420 10122
  1421 10122
  1422 10122
  1423 10122
  1424 10122
  1425 10122
  1426 10122
  1427 10122
  1428 10122
  1429 10122
  1430 10122
  1431 10122
  1432 10122
  1433 10122
  1434 10122
  1435 10122
  1436 10122
  1437 10122
  1438 10122
  1439 10122
  1440 10122
  1441 10122
  1442 10122
  1443 10122
  1444 10122
  1445 10122
  1446 10122
  1447 10122
  1448 10122
  1449 10122
  1450 10122
  1451 10122
  1452 10122
  1453 10122
  1454 10122
  1455 10122
  1456 10122
  1457 10122
  1458 10122
  1459 10122
  1460 10122
  1461 10122
  1462 10122
  1463 10122
  1464 10122
  1465 10122
  1466 10122
  1467 10122
  1468 10122
  1469 10122
  1470 10122
  1471 10122
  1472 10122
  1473 10122
  1474 10122
  1475 10122
  1476 10122
  1477 10122
  1478 10122
  1479 10122
  1480 10122
  1481 10122
  1482 10122
  1483 10122
  1484 10122
  1485 10122
  1486 10122
  1487 10005
  1488 10122
  1490 10112
  1491 10173
  1492 10098
  1493 10098
  1494 10098
  1495 10098
  1496 10018
  1497 10018
  1498 10018
  1499 10018
  1500 10018
  1501 10018
  1502 10018
  1503 10106
  1504 10106
  1505 10106
  1506 10106
  1507 10018
  1508 10106
  1509 10018
  1510 10018
  1511 10106
  1512 10106
  1513 10106
  1514 10106
  1515 10106
  1516 10106
  1517 10106
  1518 10106
  1519 10106
  1520 10106
  1521 10106
  1522 10106
  1523 10106
  1524 10106
  1525 10106
  1526 10106
  1527 10106
  1528 10106
  1529 10106
  1530 10106
  1531 10106
  1532 10106
  1533 10106
  1534 10106
  1535 10106
  1536 10106
  1537 10106
  1538 10106
  1539 10106
  1540 10106
  1541 10106
  1542 10106
  1543 10106
  1544 10106
  1545 10106
  1546 10106
  1547 10106
  1548 10106
  1549 10106
  1550 10106
  1551 10106
  1552 10106
  1553 10106
  1554 10106
  1555 10106
  1556 10106
  1557 10106
  1558 10106
  1559 10106
  1560 10106
  1561 10106
  1562 10106
  1563 10106
  1564 10106
  1565 10106
  1566 10106
  1567 10106
  1568 10106
  1569 10106
  1570 10106
  1571 10106
  1572 10106
  1573 10106
  1574 10106
  1575 10106
  1576 10106
  1577 10106
  1578 10106
  1579 10106
  1580 10106
  1581 10106
  1582 10106
  1583 10106
  1584 10106
  1585 10106
  1586 10106
  1587 10106
  1588 10106
  1589 10106
  1590 10106
  1591 10106
  1592 10106
  1593 10106
  1594 10106
  1595 10040
  1596 10158
  1602 10102
  1603 10103
  1604 10103
  1605 10103
  1606 10103
  1607 10103
  1608 10103
  1609 10103
  1610 10103
  1611 10103
  1612 10103
  1613 10103
  1614 10103
  1615 10103
  1616 10103
  1617 10103
  1618 10122
  1619 10122
  1620 10122
  1623 10106
  1624 10106
  1625 10122
  1626 10122
  1627 10122
  1628 10122
  1629 10122
  1630 10122
  1631 10122
  1632 10122
  1633 10122
  1634 10122
  1635 10122
  1636 10122
  1637 10122
  1638 10122
  1639 10122
  1640 10122
  1641 10122
  1642 10122
  1643 10122
  1644 10122
  1645 10122
  1646 10122
  1647 10122
  1648 10122
  1649 10122
  1650 10122
  1651 10122
  1652 10122
  1653 10122
  1654 10122
  1655 10122
  1656 10122
  1657 10122
  1658 10122
  1659 10122
  1660 10122
  1661 10122
  1662 10122
  1663 10122
  1664 10122
  1665 10122
  1666 10122
  1667 10122
  1668 10122
  1669 10122
  1670 10122
  1671 10122
  1672 10122
  1673 10122
  1674 10122
  1675 10122
  1676 10122
  1677 10122
  1678 10122
  1679 10122
  1680 10122
  1681 10122
  1682 10122
  1683 10122
  1684 10122
  1685 10122
  1686 10122
  1687 10122
  1688 10122
  1689 10122
  1690 10122
  1691 10122
  1692 10122
  1693 10122
  1694 10122
  1695 10122
  1696 10122
  1697 10122
  1698 10122
  1699 10122
  1700 10122
  1701 10122
  1702 10122
  1703 10122
  1704 10122
  1705 10122
  1706 10122
  1707 10122
  1708 10122
  1709 10122
  1710 10122
  1711 10122
  1712 10122
  1713 10122
  1714 10122
  1715 10122
  1716 10122
  1717 10122
  1718 10122
  1719 10122
  1720 10122
  1721 10122
  1722 10122
  1723 10122
  1724 10122
  1725 10122
  1726 10122
  1727 10122
  1728 10122
  1729 10122
  1730 10122
  1731 10122
  1732 10122
  1733 10122
  1734 10122
  1735 10122
  1736 10122
  1737 10122
  1738 10122
  1739 10122
  1740 10122
  1741 10122
  1742 10122
  1743 10122
  1744 10122
  1745 10122
  1746 10122
  1747 10122
  1748 10122
  1749 10122
  1750 10122
  1751 10122
  1752 10122
  1753 10122
  1754 10122
  1755 10122
  1756 10122
  1757 10122
  1758 10122
  1759 10122
  1760 10122
  1761 10122
  1762 10122
  1763 10122
  1764 10122
  1765 10122
  1766 10122
  1767 10122
  1768 10122
  1769 10122
  1770 10122
  1771 10122
  1772 10122
  1773 10122
  1774 10122
  1775 10122
  1776 10122
  1777 10122
  1778 10122
  1779 10122
  1780 10122
  1781 10122
  1782 10122
  1783 10122
  1784 10122
  1785 10122
  1786 10122
  1787 10122
  1788 10122
  1789 10122
  1790 10122
  1791 10122
  1792 10122
  1793 10122
  1794 10122
  1795 10122
  1796 10122
  1797 10122
  1798 10122
  1799 10122
  1800 10122
  1801 10122
  1802 10122
  1803 10122
  1804 10122
  1805 10122
  1806 10122
  1807 10122
  1808 10122
  1809 10122
  1810 10122
  1811 10122
  1812 10122
  1813 10122
  1814 10122
  1815 10122
  1816 10122
  1817 10122
  1818 10122
  1819 10122
  1820 10122
  1821 10122
  1822 10122
  1823 10122
  1824 10122
  1825 10122
  1826 10122
  1827 10122
  1828 10122
  1829 10122
  1830 10122
  1831 10122
  1832 10122
  1833 10122
  1834 10122
  1835 10122
  1836 10122
  1837 10122
  1838 10122
  1839 10122
  1840 10122
  1841 10122
  1842 10122
  1843 10122
  1844 10122
  1845 10122
  1846 10122
  1847 10122
  1848 10122
  1849 10122
  1850 10122
  1851 10122
  1852 10122
  1853 10122
  1854 10122
  1855 10122
  1856 10122
  1857 10122
  1858 10122
  1859 10122
  1860 10122
  1861 10122
  1862 10122
  1863 10122
  1864 10122
  1865 10122
  1866 10122
  1867 10122
  1868 10122
  1869 10122
  1870 10122
  1871 10122
  1872 10122
  1873 10122
  1874 10122
  1875 10122
  1876 10122
  1877 10122
  1878 10122
  1879 10122
  1880 10122
  1881 10122
  1882 10122
  1883 10122
  1884 10122
  1885 10122
  1886 10122
  1887 10122
  1888 10122
  1889 10122
  1890 10122
  1891 10122
  1892 10122
  1893 10122
  1894 10122
  1895 10122
  1896 10122
  1897 10122
  1898 10122
  1899 10122
  1900 10122
  1901 10122
  1902 10122
  1903 10122
  1904 10122
  1905 10122
  1906 10122
  1907 10122
  1908 10122
  1909 10122
  1910 10122
  1911 10122
  1912 10122
  1913 10122
  1914 10122
  1915 10122
  1916 10122
  1917 10122
  1918 10122
  1919 10122
  1920 10122
  1921 10122
  1922 10122
  1923 10122
  1924 10122
  1925 10122
  1926 10122
  1927 10122
  1928 10122
  1929 10122
  1930 10122
  1931 10122
  1932 10122
  1933 10122
  1934 10122
  1935 10122
  1936 10122
  1937 10122
  1938 10122
  1939 10122
  1940 10122
  1941 10122
  1942 10122
  1943 10122
  1944 10122
  1945 10122
  1946 10122
  1947 10122
  1948 10122
  1949 10122
  1950 10122
  1951 10122
  1952 10122
  1953 10122
  1954 10122
  1955 10122
  1956 10122
  1957 10122
  1958 10122
  1959 10122
  1960 10122
  1961 10122
  1962 10122
  1963 10122
  1964 10122
  1965 10122
  1966 10122
  1967 10122
  1968 10122
  1969 10122
  1970 10122
  1971 10122
  1972 10122
  1973 10122
  1974 10122
  1975 10122
  1976 10122
  1977 10122
  1978 10122
  1979 10122
  1980 10122
  1981 10122
  1982 10122
  1983 10122
  1984 10122
  1985 10122
  1986 10122
  1987 10122
  1988 10122
  1989 10122
  1990 10122
  1991 10122
  1992 10122
  1993 10122
  1994 10122
  1995 10122
  1996 10122
  1997 10122
  1998 10122
  1999 10122
  2000 10122
  2001 10122
  2002 10122
  2003 10122
  2004 10122
  2005 10122
  2006 10122
  2007 10122
  2008 10122
  2009 10122
  2010 10122
  2011 10122
  2012 10122
  2013 10122
  2014 10122
  2015 10122
  2016 10122
  2017 10122
  2018 10122
  2019 10122
  2020 10122
  2021 10122
  2022 10122
  2023 10122
  2024 10122
  2025 10122
  2026 10122
  2027 10122
  2028 10122
  2029 10122
  2030 10122
  2031 10005
  2032 10122
  2033 10122
  2034 10136
  2035 10136
  2036 10136
  2037 10122
  2038 10122
  2039 10122
  2040 10122
