   690 10115
   691 10115
   692 10115
   693 10115
   694 10115
   695 10115
   696 10115
   697 10115
   698 10115
   699 10115
   700 10115
   701 10115
   702 10115
   703 10115
   704 10115
   705 10115
   706 10115
   707 10115
   708 10115
   709 10115
   710 10115
   711 10115
   712 10115
   713 10115
   714 10115
   715 10115
   716 10115
   717 10115
   718 10115
   719 10115
   720 10115
   721 10115
   722 10115
   723 10115
   724 10115
   725 10115
   726 10115
   727 10115
   728 10115
   729 10115
   730 10115
   731 10115
   732 10115
   733 10115
   734 10115
   735 10115
   736 10115
   737 10115
   738 10115
   739 10115
   740 10115
   741 10115
   742 10115
   743 10115
   744 10115
   745 10115
   746 10115
   747 10115
   748 10115
   749 10115
   750 10115
   751 10115
   752 10115
   753 10115
   754 10115
   755 10115
   756 10115
   757 10115
   758 10115
   759 10115
   760 10115
   761 10115
   762 10115
   763 10115
   764 10115
   765 10115
   766 10115
   767 10115
   768 10115
   769 10115
   770 10115
   771 10115
   772 10115
   773 10115
   774 10115
   775 10115
   776 10115
   777 10115
   778 10115
   779 10115
   780 10115
   781 10154
   782 10115
   783 10154
   784 10167
   785 10153
   786 10153
   787 10153
   788 10153
   789 10153
   790 10153
   791 10153
   792 10153
   793 10153
   794 10153
   795 10153
   796 10153
   797 10153
   798 10153
   799 10153
   800 10153
   801 10153
   802 10153
   803 10153
   804 10153
   805 10153
   806 10153
   807 10153
   808 10153
   809 10153
   810 10153
   811 10153
   812 10153
   813 10153
   814 10153
   815 10153
   816 10153
   817 10153
   818 10153
   819 10153
   820 10153
   821 10153
   822 10153
   823 10153
   824 10153
   825 10153
   826 10153
   827 10153
   828 10153
   829 10153
   830 10153
   831 10153
   832 10153
   833 10153
   834 10153
   835 10153
   836 10153
   837 10153
   838 10153
   839 10153
   840 10153
   841 10153
   842 10153
   843 10153
   844 10153
   845 10153
   846 10153
   847 10153
   848 10153
   849 10153
   850 10153
   851 10153
   852 10153
   853 10153
   854 10153
   855 10153
   856 10153
   857 10153
   858 10153
   859 10153
   860 10153
   861 10153
   862 10153
   863 10153
   864 10153
   865 10153
   866 10153
   867 10153
   868 10153
   869 10153
   870 10153
   871 10153
   872 10153
   873 10153
   874 10153
   875 10153
   876 10153
   877 10153
   878 10153
   879 10153
   880 10153
   881 10153
   882 10153
   883 10153
   884 10153
   885 10153
   886 10153
   887 10153
   888 10153
   889 10153
   890 10153
   891 10153
   892 10153
   893 10153
   894 10153
   895 10153
   896 10153
   897 10153
   898 10153
   899 10153
   900 10153
   901 10153
   902 10153
   903 10153
   904 10153
   905 10153
   906 10153
   907 10153
   908 10153
   909 10153
   910 10153
   911 10153
   912 10153
   913 10153
   914 10153
   915 10153
   916 10153
   917 10153
   918 10153
   919 10153
   920 10153
   921 10153
   922 10153
   923 10153
   924 10153
   925 10153
   926 10153
   927 10153
   928 10153
   929 10153
   930 10153
   931 10153
   932 10153
   933 10153
   934 10153
   935 10153
   936 10153
   937 10153
   938 10153
   939 10153
   940 10153
   941 10153
   942 10153
   943 10153
   944 10153
   945 10153
   946 10153
   947 10153
   948 10153
   949 10153
   950 10153
   951 10153
   952 10153
   953 10153
   954 10153
   955 10153
   956 10153
   957 10153
   958 10153
   959 10153
   960 10153
   961 10153
   962 10153
   963 10153
   964 10153
   965 10153
   966 10153
   967 10153
   968 10153
   969 10153
   970 10153
   971 10153
   972 10153
   973 10153
   974 10153
   975 10153
   976 10153
   977 10153
   978 10153
   979 10153
   980 10153
   981 10153
   982 10153
   983 10153
   984 10153
   985 10153
   986 10153
   987 10153
   988 10153
   989 10153
   990 10153
   991 10153
   992 10153
   993 10153
   994 10153
   995 10153
   996 10153
   997 10153
   998 10153
   999 10153
  1000 10153
  1001 10153
  1002 10153
  1003 10153
  1004 10153
  1005 10153
  1006 10153
  1007 10153
  1008 10153
  1009 10153
  1010 10153
  1011 10153
  1012 10153
  1013 10153
  1014 10153
  1015 10153
  1016 10153
  1017 10153
  1018 10153
  1019 10153
  1020 10153
  1021 10154
  1023 10120
  1024 10120
  1025 10120
  1026 10120
  1027 10120
  1028 10120
  1029 10120
  1030 10120
  1031 10120
  1032 10120
  1033 10120
  1034 10120
  1035 10120
  1036 10120
  1037 10120
  1038 10120
  1039 10120
  1040 10120
  1041 10120
  1042 10120
  1043 10120
  1044 10120
  1045 10120
  1046 10120
  1047 10120
  1048 10120
  1049 10120
  1050 10120
  1051 10120
  1052 10120
  1053 10120
  1054 10120
  1055 10120
  1056 10120
  1057 10120
  1058 10120
  1059 10120
  1060 10120
  1061 10120
  1062 10120
  1063 10120
  1064 10120
  1065 10120
  1066 10120
  1067 10120
  1068 10120
  1069 10120
  1070 10120
  1071 10120
  1072 10120
  1073 10120
  1074 10120
  1075 10120
  1076 10120
  1077 10120
  1078 10120
  1079 10120
  1080 10120
  1081 10120
  1082 10120
  1083 10120
  1084 10120
  1085 10120
  1086 10120
  1087 10120
  1088 10120
  1089 10120
  1090 10120
  1091 10120
  1092 10120
  1093 10120
  1094 10120
  1095 10120
  1096 10120
  1097 10120
  1098 10120
  1099 10120
  1100 10120
  1101 10120
  1102 10120
  1103 10120
  1104 10120
  1105 10120
  1106 10120
  1107 10120
  1108 10120
  1109 10120
  1110 10120
  1111 10120
  1112 10120
  1113 10120
  1114 10120
  1115 10120
  1116 10120
  1117 10120
  1118 10120
  1119 10120
  1120 10120
  1121 10120
  1122 10120
  1123 10120
  1124 10120
  1125 10120
  1126 10120
  1127 10120
  1128 10120
  1129 10120
  1130 10120
  1131 10120
  1132 10120
  1133 10120
  1134 10120
  1135 10120
  1136 10120
  1137 10120
  1138 10120
  1139 10120
  1140 10120
  1141 10120
  1142 10120
  1143 10120
  1144 10120
  1145 10120
  1146 10120
  1147 10120
  1148 10120
  1149 10120
  1150 10120
  1151 10120
  1152 10120
  1153 10120
  1154 10120
  1155 10120
  1156 10120
  1157 10120
  1158 10120
  1159 10120
  1160 10120
  1161 10120
  1162 10120
  1163 10120
  1164 10120
  1165 10120
  1166 10120
  1167 10120
  1168 10120
  1169 10120
  1170 10120
  1171 10120
  1172 10120
  1173 10120
  1174 10120
  1175 10120
  1176 10120
  1177 10120
  1178 10120
  1179 10120
  1180 10120
  1181 10120
  1182 10120
  1183 10120
  1184 10120
  1185 10120
  1186 10120
  1187 10120
  1188 10120
  1189 10120
  1190 10120
  1191 10120
  1192 10120
  1193 10120
  1194 10120
  1195 10120
  1196 10120
  1197 10120
  1198 10120
  1199 10120
  1200 10120
  1201 10120
  1202 10120
  1203 10120
  1204 10120
  1205 10120
  1206 10120
  1207 10120
  1208 10120
  1209 10120
  1210 10120
  1211 10120
  1212 10120
  1213 10120
  1214 10120
  1215 10120
  1216 10120
  1217 10120
  1218 10120
  1219 10120
  1220 10120
  1221 10120
  1222 10120
  1223 10120
  1224 10120
  1225 10120
  1226 10120
  1227 10120
  1228 10120
  1229 10120
  1230 10120
  1231 10120
  1232 10120
  1233 10120
  1234 10120
  1235 10120
  1236 10120
  1237 10120
  1238 10120
  1239 10120
  1240 10120
  1241 10120
  1242 10120
  1243 10120
  1244 10120
  1245 10120
  1246 10120
  1247 10120
  1248 10120
  1249 10120
  1250 10120
  1251 10120
  1252 10120
  1253 10120
  1254 10120
  1255 10120
  1256 10120
  1257 10120
  1258 10120
  1263 10018
  1264 10018
  1265 10018
  1266 10018
  1267 10010
  1268 10010
  1269 10010
  1270 10010
  1271 10010
  1272 10010
  1273 10010
  1274 10010
  1275 10010
  1276 10010
  1277 10010
  1278 10010
  1279 10010
  1280 10010
  1281 10010
  1282 10010
  1283 10010
  1284 10010
  1285 10010
  1286 10010
  1287 10010
  1288 10010
  1289 10010
  1290 10010
  1291 10010
  1292 10010
  1293 10010
  1294 10010
  1295 10010
  1296 10010
  1302 10010
  1304 10010
  1305 10010
  1306 10010
  1307 10010
  1308 10010
  1309 10010
  1310 10010
  1311 10010
  1312 10010
  1313 10010
  1314 10010
  1315 10010
  1316 10010
  1317 10010
  1318 10010
  1319 10010
  1320 10010
  1321 10010
  1322 10010
  1323 10010
  1324 10010
  1325 10010
  1326 10010
  1327 10010
  1328 10010
  1329 10010
  1330 10010
  1331 10010
  1332 10010
  1333 10010
  1334 10010
  1335 10010
  1336 10010
  1338 10098
  1339 10055
  1341 10031
  1347 10164
  1348 10071
  1349 10071
  1350 10071
  1351 10149
  1352 10149
  1353 10149
  1354 10149
  1355 10149
  1356 10149
  1357 10149
  1358 10149
  1359 10149
  1360 10149
  1361 10149
  1362 10149
  1363 10149
  1364 10149
  1365 10149
  1366 10149
  1367 10149
  1368 10149
  1369 10149
  1370 10149
  1371 10149
  1372 10149
  1373 10071
  1374 10149
  1375 10149
  1376 10149
  1377 10149
  1378 10149
  1379 10149
  1380 10149
  1381 10149
  1382 10067
  1383 10071
  1384 10071
  1388 10082
  1389 10021
  1390 10072
  1391 10072
  1392 10072
  1393 10072
  1394 10072
  1395 10072
  1406 10066
  1407 10066
  1408 10066
  1409 10066
  1410 10066
  1411 10066
  1412 10066
  1413 10066
  1427 10066
  1430 10066
  1433 10066
  1434 10066
  1435 10066
  1437 10066
  1438 10066
  1439 10066
  1440 10066
  1441 10066
  1442 10066
  1443 10066
  1444 10066
  1445 10066
  1447 10066
  1448 10066
  1473 10066
  1474 10066
  1477 10066
  1478 10066
  1479 10066
  1480 10066
  1481 10066
  1482 10066
  1483 10066
  1484 10066
  1485 10066
  1486 10066
  1487 10066
  1488 10066
  1489 10066
  1490 10066
  1491 10066
  1492 10066
  1493 10066
  1494 10066
  1495 10066
  1496 10066
  1497 10066
  1500 10066
  1501 10066
  1502 10066
  1503 10066
  1504 10066
  1596 10066
  1597 10066
  1598 10066
  1601 10066
  1604 10066
  1605 10066
  1606 10066
  1608 10066
  1628 10154
  1629 10154
  1630 10154
  1631 10014
  1632 10154
  1633 10074
  1634 10074
  1635 10074
  1636 10074
  1637 10074
  1638 10074
  1639 10074
  1640 10074
  1641 10074
  1644 10074
  1645 10074
  1646 10074
  1647 10074
  1648 10074
  1649 10074
  1650 10074
  1651 10074
  1652 10074
  1653 10074
  1654 10074
  1655 10074
  1656 10074
  1657 10074
  1658 10074
  1659 10074
  1660 10074
  1661 10074
  1662 10074
  1663 10074
  1664 10074
  1665 10074
  1666 10074
  1667 10074
  1668 10074
  1669 10074
  1670 10074
  1671 10074
  1672 10074
  1673 10074
  1674 10074
  1675 10074
  1676 10074
  1677 10074
  1678 10074
  1683 10074
  1684 10074
  1685 10074
  1686 10074
  1687 10074
  1688 10074
  1689 10074
  1690 10074
  1691 10074
  1692 10074
  1693 10074
  1694 10074
  1695 10074
  1696 10074
  1697 10074
  1698 10074
  1699 10074
  1700 10074
  1701 10074
  1702 10074
  1703 10074
  1704 10074
  1705 10074
  1706 10074
  1707 10074
  1708 10074
  1709 10074
  1710 10074
  1711 10074
  1712 10074
  1713 10074
  1714 10074
  1715 10074
  1716 10074
  1717 10074
  1718 10074
  1719 10074
  1720 10074
  1721 10074
  1722 10074
  1723 10074
  1724 10074
  1725 10074
  1726 10074
  1727 10074
  1728 10074
  1729 10074
  1730 10074
  1731 10074
  1732 10074
  1733 10074
  1734 10074
  1735 10074
  1736 10074
  1737 10074
  1738 10074
  1739 10074
  1740 10074
  1741 10074
  1742 10074
  1743 10074
  1744 10074
  1745 10074
  1746 10074
  1747 10074
  1748 10074
  1749 10074
  1750 10074
  1751 10074
  1752 10074
  1753 10074
  1754 10074
  1755 10074
  1756 10074
  1757 10074
  1758 10074
  1759 10074
  1760 10074
  1761 10074
  1762 10074
  1763 10074
  1768 10074
  1769 10074
  1770 10074
  1771 10074
  1772 10074
  1773 10074
  1774 10074
  1775 10074
  1776 10074
  1777 10074
  1778 10074
  1779 10074
  1780 10074
  1781 10074
  1782 10074
  1783 10074
  1784 10074
  1785 10074
  1786 10074
  1787 10074
  1788 10074
  1789 10074
  1790 10074
  1791 10074
  1792 10074
  1793 10074
  1794 10074
  1795 10074
  1796 10074
  1797 10074
  1798 10074
  1799 10074
  1800 10074
  1801 10074
  1802 10074
  1803 10074
  1804 10074
  1812 10074
  1813 10074
  1814 10074
  1815 10074
  1816 10124
  1817 10124
  1818 10124
  1820 10124
  1821 10124
  1822 10124
  1823 10156
  1824 10156
  1825 10156
  1826 10156
  1827 10156
  1828 10156
  1829 10156
  1830 10156
  1831 10156
  1832 10156
  1833 10156
  1834 10074
  1835 10074
  1836 10074
  1837 10074
  1838 10124
  1839 10074
  1840 10124
  1841 10124
  1842 10156
  1843 10156
  1844 10156
  1845 10124
  1846 10124
  1847 10124
  1848 10074
  1849 10074
  1850 10074
  1851 10074
  1852 10074
  1853 10074
  1854 10124
  1855 10156
  1856 10124
  1863 10134
  1891 10010
  1892 10010
  1894 10010
  1895 10010
  1898 10158
  1899 10158
  1900 10158
  1901 10052
  1902 10052
  1903 10052
  1904 10052
  1905 10052
  1906 10052
  1907 10052
  1908 10052
  1909 10052
  1910 10052
  1911 10052
  1912 10052
  1913 10052
  1914 10052
  1915 10052
  1916 10052
  1917 10052
  1918 10052
  1919 10052
  1920 10052
  1921 10052
  1922 10052
  1923 10052
  1924 10052
  1925 10052
  1926 10052
  1927 10052
  1928 10052
  1929 10052
  1930 10052
  1931 10052
  1932 10052
  1933 10052
  1934 10052
  1935 10052
  1936 10052
  1937 10052
  1938 10052
  1939 10052
  1940 10052
  1941 10052
  1942 10052
  1943 10052
  1944 10052
  1945 10052
  1946 10052
  1947 10052
  1948 10052
  1949 10052
  1950 10052
  1951 10052
  1952 10052
  1953 10052
  1954 10052
  1955 10052
  1956 10052
  1957 10052
  1958 10052
  1959 10052
  1960 10052
  1961 10052
  1962 10052
  1963 10052
  1964 10052
  1965 10052
  1966 10052
  1967 10052
  1968 10052
  1969 10052
  1970 10052
  1971 10052
  1972 10052
  1973 10052
  1974 10052
  1975 10052
  1976 10052
  1977 10052
  1978 10052
  1979 10052
  1980 10052
  1981 10052
  1982 10052
  1983 10052
  1984 10052
  1985 10052
  1986 10052
  1987 10052
  1988 10052
  1989 10052
  1990 10052
  1991 10052
  1992 10052
  1993 10052
  1994 10052
  1995 10052
  1996 10052
  1997 10052
  1998 10052
  1999 10052
  2000 10052
  2001 10052
  2002 10052
  2003 10052
  2004 10052
  2005 10052
  2006 10052
  2007 10052
  2008 10052
  2009 10052
  2010 10052
  2011 10052
  2012 10052
  2013 10052
  2014 10052
  2015 10052
  2016 10052
  2017 10052
  2018 10052
  2019 10052
  2020 10052
  2021 10018
  2022 10173
  2028 10111
  2030 10055
  2032 10101
  2034 10130
  2035 10130
  2036 10130
