   600 10078
   601 10078
   602 10078
   603 10040
   604 10040
   605 10040
   606 10040
   607 10040
   608 10040
   609 10040
   610 10040
   611 10040
   612 10078
   613 10078
   614 10078
   615 10078
   616 10040
   617 10040
   618 10040
   619 10040
   620 10158
   621 10158
   622 10040
   623 10040
   624 10040
   625 10040
   626 10040
   627 10040
   628 10040
   629 10040
   630 10040
   631 10040
   632 10084
   633 10084
   634 10084
   635 10084
   636 10084
   637 10084
   638 10084
   639 10084
   640 10084
   641 10084
   642 10084
   643 10084
   644 10084
   645 10158
   646 10158
   647 10084
   648 10084
   649 10084
   650 10084
   651 10084
   652 10040
   653 10040
   654 10040
   655 10040
   656 10040
   657 10040
   658 10040
   659 10040
   660 10040
   661 10040
   662 10040
   663 10040
   664 10078
   665 10078
   666 10040
   667 10040
   668 10040
   669 10040
   670 10040
   671 10040
   672 10040
   673 10040
   674 10040
   675 10040
   676 10040
   677 10040
   678 10040
   679 10040
   680 10078
   681 10078
   682 10078
   683 10078
   684 10078
   685 10040
   686 10040
   687 10040
   688 10040
   689 10078
   690 10078
   691 10078
   692 10040
   693 10040
   694 10040
   695 10040
   696 10040
   697 10040
   698 10040
   699 10040
   700 10040
   701 10040
   702 10040
   703 10040
   704 10040
   705 10040
   706 10040
   707 10078
   708 10078
   709 10040
   710 10040
   711 10040
   712 10078
   713 10078
   714 10040
   715 10040
   716 10078
   717 10078
   718 10078
   719 10078
   720 10078
   721 10078
   722 10078
   723 10078
   724 10078
   725 10078
   726 10078
   727 10078
   728 10040
   729 10040
   730 10040
   731 10040
   732 10040
   733 10040
   734 10040
   735 10040
   736 10040
   737 10040
   738 10078
   739 10040
   740 10040
   741 10040
   742 10040
   743 10040
   744 10040
   745 10040
   746 10040
   747 10040
   748 10040
   749 10040
   750 10040
   751 10040
   752 10040
   753 10040
   754 10040
   755 10040
   756 10040
   757 10040
   758 10040
   759 10078
   760 10078
   761 10040
   762 10040
   763 10040
   764 10078
   765 10078
   766 10078
   767 10078
   768 10078
   769 10078
   770 10078
   771 10078
   772 10040
   773 10040
   774 10040
   775 10078
   776 10078
   777 10078
   778 10018
   779 10018
   780 10018
   781 10040
   782 10040
   783 10040
   784 10040
   785 10040
   786 10040
   787 10040
   788 10078
   789 10078
   790 10078
   791 10040
   792 10040
   793 10040
   794 10040
   795 10040
   796 10040
   797 10040
   798 10040
   799 10040
   800 10040
   801 10078
   802 10078
   803 10078
   804 10040
   805 10040
   806 10040
   807 10084
   808 10084
   809 10084
   810 10084
   811 10078
   812 10078
   813 10078
   814 10078
   817 10040
   818 10078
   819 10078
   821 10078
   822 10078
   840 10084
   841 10084
   842 10084
   843 10098
   844 10098
   845 10098
   846 10040
   847 10040
   848 10040
   852 10106
   853 10078
   854 10078
   855 10078
   856 10078
   857 10078
   858 10078
   859 10078
   860 10078
   861 10040
   862 10040
   863 10040
   864 10078
   865 10078
   866 10078
   867 10040
   868 10040
   869 10040
   870 10040
   871 10040
   872 10040
   873 10040
   874 10040
   875 10078
   876 10078
   877 10078
   878 10078
   879 10078
   880 10078
   881 10040
   882 10040
   883 10040
   884 10040
   885 10040
   886 10040
   887 10040
   888 10040
   889 10040
   890 10040
   891 10040
   892 10040
   893 10040
   894 10040
   895 10040
   896 10040
   897 10040
   898 10040
   899 10040
   900 10040
   901 10040
   902 10040
   903 10078
   904 10078
   905 10078
   906 10078
   907 10078
   908 10078
   909 10078
   910 10078
   911 10084
   912 10084
   913 10040
   914 10078
   915 10078
   916 10078
   917 10078
   918 10078
   919 10078
   920 10078
   921 10078
   922 10078
   923 10078
   924 10078
   925 10078
   926 10078
   927 10078
   928 10078
   929 10078
   930 10078
   931 10078
   932 10078
   933 10078
   934 10078
   935 10078
   936 10078
   937 10078
   938 10078
   939 10040
   940 10040
   941 10078
   942 10078
   943 10078
   944 10078
   945 10078
   946 10078
   947 10078
   948 10078
   949 10078
   950 10078
   951 10078
   952 10078
   953 10078
   954 10078
   955 10078
   956 10078
   957 10040
   958 10040
   959 10040
   960 10040
   961 10040
   962 10098
   963 10040
   964 10040
   965 10040
   966 10078
   967 10078
   968 10078
   969 10078
   970 10078
   971 10078
   972 10078
   973 10078
   974 10078
   975 10078
   976 10078
   977 10078
   978 10078
   979 10078
   980 10040
   981 10078
   982 10078
   983 10078
   984 10078
   985 10078
   986 10078
   987 10078
   988 10040
   989 10040
   990 10040
   991 10040
   992 10040
   993 10040
   994 10040
   995 10040
   996 10040
   997 10040
   998 10040
   999 10040
  1000 10084
  1001 10040
  1002 10040
  1003 10040
  1004 10040
  1005 10040
  1006 10040
  1007 10040
  1008 10040
  1009 10040
  1010 10040
  1011 10040
  1012 10040
  1013 10084
  1014 10084
  1015 10084
  1016 10084
  1017 10084
  1018 10040
  1019 10040
  1020 10078
  1021 10078
  1022 10078
  1023 10078
  1024 10078
  1025 10040
  1026 10078
  1027 10084
  1028 10084
  1029 10084
  1030 10084
  1031 10106
  1032 10098
  1033 10098
  1034 10098
  1035 10098
  1036 10098
  1037 10098
  1038 10098
  1039 10098
  1040 10084
  1041 10084
  1042 10084
  1043 10084
  1044 10084
  1046 10078
  1047 10078
  1048 10040
  1049 10040
  1050 10040
  1051 10040
  1052 10040
  1053 10040
  1054 10040
  1055 10040
  1056 10040
  1057 10040
  1058 10078
  1059 10078
  1060 10078
  1061 10078
  1062 10040
  1063 10040
  1064 10040
  1065 10040
  1066 10040
  1067 10040
  1068 10040
  1069 10040
  1070 10078
  1071 10078
  1072 10078
  1073 10078
  1074 10078
  1075 10078
  1076 10078
  1077 10040
  1078 10078
  1079 10078
  1080 10078
  1081 10078
  1082 10078
  1083 10078
  1084 10078
  1085 10078
  1086 10078
  1087 10078
  1088 10078
  1089 10078
  1090 10078
  1091 10078
  1092 10078
  1093 10078
  1094 10078
  1095 10078
  1096 10078
  1097 10078
  1098 10078
  1099 10040
  1100 10040
  1101 10040
  1102 10040
  1103 10040
  1104 10040
  1105 10040
  1106 10040
  1107 10040
  1108 10040
  1109 10040
  1110 10040
  1111 10040
  1112 10040
  1113 10040
  1114 10078
  1115 10078
  1116 10078
  1117 10078
  1118 10078
  1119 10078
  1120 10078
  1121 10078
  1122 10040
  1123 10040
  1124 10040
  1125 10040
  1126 10040
  1127 10040
  1128 10040
  1129 10040
  1130 10040
  1131 10098
  1132 10098
  1133 10106
  1134 10078
  1135 10078
  1136 10040
  1137 10040
  1138 10040
  1139 10040
  1140 10040
  1141 10040
  1142 10040
  1143 10040
  1144 10040
  1145 10040
  1146 10040
  1147 10040
  1148 10040
  1149 10040
  1150 10040
  1151 10040
  1152 10040
  1153 10040
  1154 10040
  1155 10040
  1156 10040
  1157 10040
  1158 10040
  1159 10040
  1160 10040
  1161 10040
  1162 10040
  1163 10040
  1164 10040
  1165 10040
  1166 10040
  1167 10040
  1168 10040
  1169 10040
  1170 10040
  1171 10040
  1172 10040
  1173 10040
  1174 10040
  1175 10084
  1176 10084
  1177 10084
  1178 10084
  1179 10084
  1180 10078
  1181 10078
  1182 10078
  1183 10040
  1184 10040
  1185 10040
  1186 10040
  1187 10040
  1188 10040
  1189 10040
  1190 10040
  1191 10040
  1192 10040
  1193 10040
  1194 10040
  1195 10040
  1196 10040
  1197 10040
  1198 10106
  1199 10106
  1200 10106
  1201 10106
  1202 10106
  1203 10040
  1204 10040
  1205 10040
  1206 10040
  1207 10018
  1208 10084
  1209 10084
  1210 10084
  1211 10084
  1212 10084
  1213 10084
  1214 10084
  1215 10084
  1216 10040
  1217 10040
  1218 10040
  1219 10040
  1220 10040
  1221 10040
  1222 10098
  1223 10098
  1224 10106
  1225 10098
  1226 10078
  1227 10040
  1228 10040
  1229 10040
  1230 10040
  1231 10098
  1232 10098
  1233 10098
  1234 10098
  1235 10098
  1236 10040
  1237 10040
  1238 10040
  1239 10040
  1240 10040
  1241 10040
  1242 10084
  1243 10106
  1244 10106
  1245 10106
  1246 10106
  1247 10018
  1248 10018
  1249 10084
  1250 10084
  1251 10084
  1252 10084
  1253 10018
  1254 10018
  1255 10018
  1256 10098
  1257 10018
  1258 10018
  1259 10018
  1260 10055
  1261 10106
  1262 10040
  1263 10018
  1264 10018
  1265 10010
  1266 10040
  1267 10040
  1268 10040
  1269 10158
  1270 10158
  1271 10018
  1272 10106
  1273 10106
  1274 10106
  1275 10106
  1276 10018
  1277 10018
  1278 10018
  1279 10018
  1280 10106
  1281 10040
  1282 10018
  1283 10098
  1284 10106
  1285 10018
  1286 10018
  1287 10018
  1288 10018
  1289 10106
  1290 10018
  1291 10106
  1292 10158
  1293 10158
  1294 10106
  1295 10106
  1296 10106
  1297 10040
  1298 10040
  1299 10040
  1300 10040
  1301 10040
  1302 10040
  1303 10040
  1304 10040
  1305 10040
  1306 10040
  1307 10040
  1308 10040
  1309 10040
  1310 10040
  1311 10040
  1312 10040
  1313 10040
  1314 10040
  1315 10040
  1316 10106
  1317 10106
  1318 10106
  1319 10106
  1320 10055
  1321 10106
  1322 10106
  1323 10140
  1324 10106
  1325 10055
  1326 10106
  1327 10106
  1328 10106
  1329 10106
  1330 10106
  1331 10106
  1332 10106
  1333 10106
  1334 10055
  1335 10084
  1336 10084
  1337 10084
  1338 10040
  1343 10040
  1344 10040
  1345 10040
  1346 10040
  1347 10040
  1348 10040
  1349 10040
  1350 10040
  1351 10040
  1352 10040
  1353 10040
  1354 10040
  1355 10040
  1356 10040
  1357 10040
  1358 10040
  1359 10040
  1360 10040
  1361 10040
  1362 10040
  1363 10040
  1364 10040
  1365 10040
  1366 10173
  1367 10173
  1368 10173
  1370 10106
  1379 10098
  1380 10040
  1381 10040
  1383 10040
  1384 10040
  1387 10040
  1388 10040
  1400 10040
  1401 10040
  1419 10040
  1420 10040
  1421 10040
  1422 10040
  1423 10040
  1424 10040
  1425 10040
  1426 10040
  1427 10040
  1428 10040
  1429 10040
  1430 10040
  1431 10040
  1432 10106
  1433 10106
  1434 10040
  1435 10040
  1436 10040
  1437 10040
  1438 10018
  1439 10018
  1440 10040
  1441 10018
  1442 10040
  1443 10040
  1444 10040
  1445 10106
  1446 10040
  1447 10040
  1448 10040
  1449 10040
  1450 10098
  1451 10098
  1452 10098
  1453 10098
  1454 10098
  1455 10084
  1456 10040
  1457 10040
  1458 10040
  1459 10040
  1460 10040
  1461 10040
  1462 10040
  1463 10106
  1464 10106
  1465 10106
  1466 10106
  1467 10173
  1470 10173
  1471 10173
  1474 10040
  1475 10040
  1476 10040
  1477 10040
  1478 10040
  1479 10040
  1480 10040
  1481 10040
  1482 10040
  1483 10040
  1484 10040
  1485 10040
  1486 10040
  1489 10040
  1490 10040
  1493 10055
  1494 10106
  1495 10055
  1496 10106
  1497 10106
  1498 10106
  1499 10018
  1500 10106
  1501 10018
  1502 10106
  1503 10106
  1504 10106
  1505 10106
  1506 10018
  1507 10040
  1508 10018
  1509 10018
  1510 10018
  1511 10023
  1512 10023
  1513 10023
  1514 10106
  1515 10106
  1516 10106
  1517 10106
  1518 10106
  1519 10106
  1520 10106
  1521 10106
  1522 10106
  1523 10106
  1524 10106
  1525 10106
  1526 10106
  1527 10106
  1528 10106
  1529 10106
  1530 10106
  1531 10106
  1532 10106
  1533 10106
  1534 10106
  1535 10040
  1536 10106
  1537 10106
  1538 10040
  1539 10106
  1540 10040
  1541 10106
  1542 10040
  1543 10040
  1544 10040
  1545 10040
  1546 10040
  1547 10040
  1548 10040
  1549 10040
  1550 10040
  1551 10040
  1552 10040
  1553 10040
  1554 10040
  1555 10040
  1556 10106
  1557 10098
  1558 10098
  1559 10098
  1560 10098
  1561 10098
  1562 10084
  1563 10084
  1564 10158
  1565 10018
  1566 10018
  1567 10018
  1568 10018
  1569 10040
  1570 10040
  1571 10040
  1572 10040
  1573 10040
  1574 10040
  1575 10040
  1576 10040
  1577 10040
  1578 10040
  1579 10078
  1580 10078
  1581 10078
  1582 10078
  1583 10078
  1584 10078
  1585 10078
  1586 10040
  1587 10040
  1591 10040
  1592 10040
  1593 10040
  1594 10040
  1595 10040
  1596 10040
  1597 10040
  1598 10040
  1599 10106
  1600 10106
  1601 10106
  1602 10106
  1603 10106
  1604 10106
  1605 10106
  1608 10106
  1609 10040
  1610 10040
  1611 10040
  1612 10040
  1613 10084
  1614 10084
  1615 10084
  1616 10084
  1617 10084
  1618 10084
  1619 10084
  1620 10084
  1621 10084
  1622 10084
  1623 10084
  1624 10084
  1625 10084
  1626 10084
  1627 10084
  1628 10084
  1629 10084
  1630 10084
  1631 10084
  1632 10084
  1633 10084
  1634 10084
  1635 10084
  1636 10084
  1637 10084
  1638 10084
  1639 10084
  1640 10084
  1641 10084
  1642 10084
  1643 10084
  1644 10084
  1645 10084
  1646 10084
  1647 10084
  1648 10084
  1649 10084
  1650 10084
  1651 10084
  1652 10084
  1653 10084
  1654 10084
  1655 10084
  1660 10084
  1661 10084
  1662 10098
  1665 10084
  1666 10084
  1667 10084
  1668 10084
  1669 10084
  1670 10084
  1671 10084
  1672 10084
  1673 10084
  1674 10084
  1675 10084
  1676 10084
  1677 10084
  1678 10084
  1679 10084
  1680 10040
  1681 10040
  1682 10040
  1683 10040
  1684 10040
  1685 10040
  1686 10040
  1687 10040
  1688 10040
  1689 10040
  1690 10078
  1691 10078
  1692 10078
  1693 10078
  1694 10040
  1695 10040
  1696 10040
  1697 10040
  1698 10040
  1699 10040
  1700 10040
  1701 10040
  1702 10040
  1703 10040
  1704 10040
  1705 10040
  1706 10040
  1707 10040
  1708 10040
  1709 10040
  1710 10040
  1711 10040
  1712 10018
  1713 10078
  1714 10098
  1715 10098
  1716 10098
  1717 10098
  1718 10098
  1719 10078
  1720 10078
  1721 10078
  1722 10078
  1723 10078
  1724 10078
  1725 10078
  1726 10078
  1727 10078
  1728 10078
  1729 10078
  1730 10078
  1731 10078
  1732 10078
  1733 10078
  1734 10078
  1735 10078
  1736 10078
  1737 10078
  1738 10040
  1739 10040
  1740 10040
  1741 10078
  1742 10078
  1743 10078
  1744 10078
  1745 10078
  1746 10040
  1747 10040
  1748 10040
  1749 10040
  1750 10040
  1751 10040
  1752 10040
  1753 10040
  1754 10040
  1755 10040
  1756 10040
  1757 10040
  1758 10040
  1759 10040
  1760 10040
  1761 10098
  1762 10040
  1763 10018
  1764 10018
  1765 10018
  1766 10018
  1767 10018
  1768 10040
  1769 10040
  1770 10040
  1771 10040
  1772 10098
  1773 10084
  1774 10084
  1775 10084
  1776 10084
  1777 10084
  1778 10040
  1779 10084
  1780 10084
  1781 10098
  1782 10084
  1783 10084
  1784 10040
  1785 10040
  1786 10040
  1787 10040
  1788 10040
  1789 10040
  1790 10040
  1791 10040
  1792 10040
  1793 10040
  1794 10040
  1795 10040
  1796 10040
  1797 10040
  1798 10040
  1799 10040
  1800 10040
  1804 10040
  1805 10040
  1806 10040
  1807 10040
  1808 10040
  1809 10040
  1810 10040
  1811 10040
  1812 10040
  1813 10040
  1814 10040
  1815 10040
  1816 10040
  1817 10040
  1818 10040
  1819 10040
  1820 10040
  1821 10040
  1822 10040
  1823 10040
  1824 10040
  1825 10040
  1826 10040
  1827 10040
  1828 10040
  1829 10040
  1830 10040
  1831 10040
  1832 10040
  1833 10040
  1834 10040
  1835 10040
  1836 10040
  1837 10040
  1838 10040
  1839 10040
  1840 10040
  1841 10040
  1842 10040
  1843 10040
  1846 10040
  1847 10040
  1848 10040
  1849 10040
  1850 10040
  1852 10040
  1853 10040
  1854 10040
  1855 10040
  1856 10040
  1857 10040
  1858 10040
  1859 10040
  1860 10040
  1861 10040
  1862 10040
  1863 10040
  1864 10040
  1865 10040
  1866 10018
  1867 10018
  1868 10018
  1869 10084
  1870 10084
  1871 10084
  1872 10084
  1873 10084
  1874 10084
  1875 10084
  1876 10084
  1877 10040
  1878 10040
  1879 10040
  1880 10040
  1881 10040
  1882 10040
  1883 10040
  1884 10040
  1885 10040
  1886 10040
  1887 10040
  1888 10040
  1889 10040
  1890 10040
  1891 10040
  1892 10078
  1893 10078
  1894 10078
  1895 10040
  1896 10040
  1897 10098
  1898 10098
  1899 10098
  1900 10098
  1901 10098
  1902 10040
  1904 10078
  1905 10078
  1906 10078
  1907 10078
  1908 10078
  1909 10078
  1910 10078
  1911 10078
  1912 10078
  1913 10078
  1914 10078
  1915 10078
  1916 10078
  1917 10078
  1923 10092
  1924 10092
  1925 10092
  1926 10092
  1927 10092
  1929 10078
  1930 10078
  1931 10078
  1932 10078
  1933 10078
  1934 10078
  1935 10078
  1936 10078
  1937 10078
  1938 10078
  1939 10078
  1940 10078
  1941 10078
  1942 10078
  1943 10078
  1944 10078
  1945 10078
  1946 10078
  1947 10078
  1951 10040
  1952 10040
  1955 10040
  1956 10040
  1957 10078
  1958 10078
  1959 10078
  1960 10078
  1961 10078
  1962 10078
  1963 10078
  1964 10078
  1965 10040
  1966 10040
  1967 10040
  1968 10040
  1969 10040
  1970 10040
  1971 10040
  1972 10040
  1973 10040
  1974 10040
  1975 10040
  1976 10040
  1977 10040
  1978 10040
  1979 10098
  1980 10098
  1981 10040
  1982 10040
  1983 10040
  1984 10040
  1985 10040
  1986 10040
  1987 10040
  1988 10040
  1989 10040
  1990 10040
  1991 10040
  1992 10078
  1993 10040
  1994 10078
  1995 10078
  1996 10078
  1997 10078
  1998 10078
  1999 10078
  2000 10078
  2001 10040
  2002 10040
  2003 10040
  2004 10040
  2005 10040
  2006 10040
  2007 10040
  2008 10040
  2009 10040
  2010 10040
  2011 10040
  2012 10040
  2013 10040
  2014 10040
  2015 10040
  2016 10040
  2017 10040
  2018 10040
  2019 10040
  2020 10040
  2021 10040
  2022 10084
  2023 10084
  2024 10084
  2025 10084
  2026 10084
  2030 10040
  2031 10078
  2032 10078
  2033 10078
  2034 10078
  2035 10040
  2036 10040
  2037 10040
  2038 10040
  2039 10040
  2040 10040
  2041 10040
  2042 10040
  2043 10040
  2044 10040
  2045 10040
  2046 10040
  2047 10040
  2048 10040
  2049 10040
  2050 10040
  2051 10040
  2052 10040
  2053 10040
  2054 10040
  2055 10040
  2056 10040
  2057 10040
  2058 10040
  2059 10040
  2060 10106
  2061 10018
  2062 10018
  2063 10018
  2064 10084
  2065 10084
  2066 10084
  2067 10084
  2068 10084
  2069 10084
  2070 10040
  2071 10040
  2072 10040
  2073 10040
  2074 10040
