  1032 10039
  1033 10039
  1034 10039
  1035 10039
  1036 10039
  1037 10039
  1038 10039
  1039 10039
  1040 10039
  1041 10039
  1042 10039
  1043 10039
  1044 10039
  1045 10039
  1046 10039
  1047 10039
  1048 10039
  1049 10039
  1050 10039
  1051 10039
  1052 10039
  1053 10039
  1054 10039
  1055 10039
  1056 10039
  1057 10039
  1058 10039
  1059 10039
  1060 10039
  1061 10039
  1062 10039
  1063 10039
  1064 10039
  1065 10039
  1066 10039
  1067 10039
  1068 10039
  1069 10039
  1070 10039
  1071 10039
  1072 10039
  1073 10039
  1074 10039
  1075 10039
  1076 10039
  1077 10039
  1078 10039
  1079 10039
  1080 10039
  1081 10039
  1082 10039
  1083 10039
  1084 10039
  1085 10039
  1086 10039
  1087 10039
  1088 10039
  1089 10039
  1090 10039
  1091 10039
  1092 10039
  1093 10039
  1094 10039
  1095 10039
  1096 10039
  1097 10039
  1098 10039
  1099 10039
  1100 10039
  1101 10039
  1102 10039
  1103 10039
  1104 10039
  1105 10039
  1106 10039
  1107 10039
  1108 10039
  1109 10039
  1110 10039
  1111 10039
  1112 10039
  1113 10039
  1114 10039
  1115 10039
  1116 10039
  1117 10039
  1118 10039
  1119 10039
  1120 10039
  1121 10039
  1122 10039
  1123 10039
  1124 10039
  1125 10039
  1126 10039
  1127 10039
  1128 10039
  1129 10039
  1130 10039
  1131 10039
  1132 10039
  1133 10039
  1134 10039
  1135 10039
  1136 10039
  1137 10039
  1138 10039
  1139 10039
  1140 10039
  1141 10039
  1142 10039
  1143 10039
  1144 10039
  1145 10039
  1146 10039
  1147 10039
  1148 10039
  1149 10039
  1150 10039
  1151 10039
  1152 10039
  1153 10039
  1154 10039
  1155 10039
  1156 10039
  1157 10039
  1158 10039
  1159 10039
  1160 10039
  1161 10039
  1162 10039
  1163 10039
  1164 10039
  1165 10039
  1166 10039
  1167 10039
  1168 10039
  1169 10039
  1170 10039
  1171 10039
  1172 10039
  1173 10039
  1174 10039
  1175 10039
  1176 10039
  1177 10039
  1178 10039
  1179 10039
  1180 10039
  1181 10039
  1182 10039
  1183 10039
  1184 10039
  1185 10039
  1186 10039
  1187 10039
  1188 10039
  1189 10039
  1190 10039
  1191 10039
  1192 10039
  1193 10039
  1194 10039
  1195 10039
  1196 10039
  1197 10039
  1198 10039
  1199 10039
  1200 10039
  1201 10039
  1202 10039
  1203 10039
  1204 10039
  1205 10039
  1206 10039
  1207 10039
  1208 10039
  1209 10039
  1210 10039
  1211 10039
  1212 10039
  1213 10039
  1214 10039
  1215 10039
  1216 10039
  1217 10039
  1218 10039
  1219 10039
  1220 10039
  1221 10039
  1222 10039
  1223 10039
  1224 10039
  1225 10039
  1226 10039
  1227 10039
  1228 10039
  1229 10039
  1230 10039
  1231 10039
  1232 10039
  1233 10039
  1234 10039
  1235 10039
  1236 10039
  1237 10039
  1238 10039
  1239 10039
  1240 10039
  1241 10039
  1242 10039
  1243 10039
  1244 10039
  1245 10039
  1246 10039
  1247 10039
  1248 10039
  1249 10039
  1250 10039
  1251 10039
  1252 10039
  1253 10039
  1254 10039
  1255 10039
  1256 10039
  1257 10039
  1258 10090
  1259 10071
  1260 10071
  1261 10071
  1262 10071
  1263 10071
  1265 10047
  1266 10047
  1267 10047
  1268 10047
  1269 10047
  1270 10047
  1271 10047
  1272 10047
  1273 10047
  1274 10047
  1275 10047
  1276 10047
  1277 10047
  1278 10047
  1279 10047
  1280 10047
  1281 10047
  1282 10047
  1283 10047
  1284 10047
  1285 10047
  1286 10047
  1287 10047
  1288 10047
  1289 10047
  1290 10047
  1291 10047
  1292 10047
  1293 10047
  1294 10047
  1295 10047
  1296 10047
  1297 10047
  1298 10047
  1299 10047
  1300 10047
  1301 10047
  1302 10047
  1303 10047
  1304 10047
  1305 10047
  1306 10047
  1307 10047
  1308 10047
  1309 10047
  1310 10047
  1311 10047
  1312 10047
  1313 10047
  1314 10047
  1315 10047
  1316 10047
  1317 10047
  1318 10047
  1319 10047
  1320 10047
  1321 10047
  1322 10047
  1323 10047
  1324 10047
  1325 10047
  1326 10047
  1327 10047
  1328 10047
  1329 10047
  1330 10047
  1331 10047
  1332 10047
  1333 10047
  1334 10047
  1335 10047
  1336 10047
  1337 10047
  1338 10047
  1339 10047
  1340 10047
  1341 10047
  1342 10047
  1343 10047
  1344 10047
  1345 10047
  1346 10047
  1347 10047
  1348 10047
  1349 10047
  1350 10047
  1351 10047
  1352 10047
  1353 10047
  1354 10047
  1355 10047
  1356 10047
  1357 10047
  1358 10047
  1359 10047
  1360 10047
  1361 10047
  1362 10047
  1363 10047
  1364 10047
  1365 10047
  1366 10047
  1367 10047
  1368 10047
  1369 10047
  1370 10047
  1371 10047
  1372 10047
  1373 10047
  1374 10047
  1375 10047
  1376 10047
  1377 10047
  1378 10047
  1379 10047
  1380 10047
  1381 10047
  1382 10047
  1383 10047
  1384 10047
  1385 10047
  1386 10047
  1387 10047
  1388 10047
  1389 10047
  1390 10047
  1391 10047
  1392 10047
  1393 10047
  1394 10047
  1395 10047
  1396 10047
  1397 10047
  1398 10047
  1399 10047
  1400 10047
  1401 10047
  1402 10047
  1403 10047
  1404 10047
  1405 10047
  1406 10047
  1407 10047
  1408 10047
  1409 10047
  1410 10047
  1411 10047
  1412 10047
  1413 10047
  1414 10047
  1415 10047
  1416 10047
  1417 10047
  1418 10047
  1419 10047
  1420 10047
  1421 10047
  1422 10047
  1423 10047
  1424 10047
  1425 10047
  1426 10047
  1427 10047
  1428 10047
  1429 10047
  1430 10047
  1431 10047
  1432 10047
  1433 10047
  1434 10047
  1435 10047
  1436 10047
  1437 10047
  1438 10047
  1439 10047
  1440 10047
  1441 10047
  1442 10047
  1443 10047
  1444 10047
  1445 10047
  1446 10047
  1447 10047
  1448 10047
  1449 10047
  1450 10047
  1451 10047
  1452 10047
  1453 10047
  1454 10047
  1455 10047
  1456 10047
  1457 10047
  1458 10047
  1459 10047
  1460 10047
  1461 10047
  1462 10047
  1463 10047
  1464 10047
  1465 10047
  1466 10047
  1467 10047
  1468 10047
  1469 10047
  1470 10047
  1471 10047
  1472 10047
  1473 10047
  1474 10047
  1475 10047
  1476 10047
  1477 10047
  1478 10047
  1479 10047
  1480 10047
  1481 10047
  1482 10047
  1483 10047
  1484 10047
  1485 10047
  1486 10047
  1487 10047
  1488 10047
  1489 10047
  1490 10047
  1491 10047
  1492 10047
  1493 10047
  1494 10047
  1495 10047
  1496 10047
  1497 10047
  1498 10047
  1499 10047
  1500 10047
  1501 10047
  1502 10047
  1503 10047
  1504 10047
  1505 10047
  1506 10047
  1507 10047
  1508 10047
  1509 10047
  1510 10047
  1511 10047
  1512 10047
  1513 10039
  1514 10039
  1515 10039
  1518 10071
  1519 10071
  1520 10071
  1521 10071
  1522 10071
  1523 10071
  1524 10071
  1525 10071
  1526 10071
  1527 10071
  1528 10071
  1529 10071
  1530 10071
  1531 10071
  1532 10071
  1533 10071
  1534 10071
  1535 10071
  1536 10071
  1537 10071
  1538 10071
  1539 10071
  1540 10071
  1541 10071
  1542 10071
  1543 10071
  1544 10071
  1545 10071
  1546 10071
  1547 10071
  1548 10071
  1549 10071
  1550 10071
  1551 10071
  1552 10071
  1553 10071
  1554 10071
  1563 10055
  1564 10143
  1567 10016
  1568 10016
  1569 10143
  1570 10036
  1571 10154
  1572 10036
  1573 10014
  1574 10016
  1575 10016
  1576 10016
  1577 10154
  1579 10055
  1580 10055
  1582 10055
  1583 10055
  1589 10085
  1590 10085
  1591 10085
  1592 10085
  1593 10085
  1594 10085
  1595 10085
  1596 10085
  1597 10085
  1616 10122
  1617 10122
  1618 10122
  1625 10055
  1626 10098
  1627 10098
  1628 10040
  1629 10040
  1630 10055
  1631 10055
  1632 10055
  1633 10154
  1637 10106
  1638 10106
  1639 10106
  1640 10106
  1641 10106
  1642 10055
  1716 10154
  1719 10154
  1726 10154
  1727 10154
  1729 10154
  1730 10154
  1740 10154
  1741 10036
  1742 10036
  1743 10036
  1744 10036
  1745 10036
  1746 10016
  1747 10036
  1748 10036
  1749 10036
  1750 10036
  1751 10036
  1752 10036
  1753 10036
  1754 10036
  1755 10036
  1757 10036
  1758 10036
  1759 10036
  1761 10036
  1762 10130
  1763 10129
  1764 10130
  1765 10154
  1766 10154
  1768 10153
  1769 10016
  1770 10016
  1771 10016
  1772 10016
  1773 10016
  1774 10016
  1775 10016
  1776 10016
  1777 10016
  1778 10016
  1779 10016
  1780 10016
  1781 10016
  1782 10016
  1783 10016
  1784 10016
  1785 10016
  1786 10016
  1787 10016
  1788 10016
  1789 10143
  1790 10016
  1791 10016
  1792 10016
  1793 10016
  1799 10130
  1800 10130
  1801 10130
  1802 10130
  1803 10016
  1804 10016
  1805 10016
  1806 10016
  1807 10016
  1808 10016
  1809 10016
  1810 10143
  1811 10016
  1812 10016
  1813 10016
  1814 10016
  1815 10016
  1816 10016
  1817 10016
  1818 10016
  1819 10036
  1820 10036
  1821 10036
  1822 10036
  1833 10143
  1834 10016
  1835 10016
  1836 10016
  1837 10016
  1838 10016
  1839 10016
  1840 10016
  1841 10016
  1842 10016
  1843 10016
  1844 10016
  1845 10016
  1846 10016
  1847 10036
  1848 10036
  1849 10036
  1850 10036
