   619 10029
   620 10029
   621 10029
   622 10029
   623 10029
   626 10029
   627 10029
   628 10029
   629 10029
   630 10029
   631 10029
   648 10029
   649 10029
   650 10029
   651 10029
   652 10029
   655 10029
   656 10029
   657 10029
   658 10029
   659 10029
   660 10029
   661 10029
   662 10029
   663 10029
   664 10029
   665 10029
   666 10029
   667 10029
   668 10029
   678 10147
   679 10147
   680 10147
   681 10147
   682 10147
   690 10033
   691 10033
   692 10033
   693 10033
   694 10033
   695 10033
   696 10033
   697 10033
   698 10033
   699 10033
   700 10033
   701 10033
   702 10033
   703 10033
   704 10033
   705 10033
   706 10033
   707 10033
   708 10033
   709 10033
   710 10033
   711 10033
   712 10033
   713 10033
   714 10033
   715 10033
   716 10033
   717 10033
   718 10033
   719 10033
   720 10033
   721 10033
   722 10033
   723 10033
   724 10033
   725 10033
   726 10033
   727 10033
   728 10033
   729 10033
   730 10033
   731 10033
   732 10033
   733 10033
   734 10033
   735 10033
   736 10033
   737 10033
   738 10033
   739 10033
   740 10033
   741 10033
   742 10033
   743 10033
   744 10033
   745 10033
   746 10033
   747 10033
   748 10033
   749 10033
   750 10033
   751 10033
   752 10033
   753 10033
   754 10033
   755 10033
   756 10033
   757 10033
   758 10033
   759 10033
   760 10033
   761 10033
   762 10033
   763 10033
   764 10033
   765 10033
   766 10033
   767 10033
   768 10033
   769 10033
   770 10033
   771 10033
   772 10033
   773 10033
   774 10033
   775 10033
   776 10033
   777 10033
   778 10033
   779 10033
   780 10033
   782 10120
   783 10029
   784 10117
   785 10117
   786 10117
   787 10029
   788 10029
   789 10029
   790 10029
   791 10029
   792 10029
   793 10029
   794 10029
   795 10029
   796 10029
   797 10029
   798 10029
   799 10029
   800 10029
   801 10029
   802 10029
   803 10029
   804 10029
   805 10029
   806 10029
   807 10029
   808 10029
   809 10029
   810 10029
   811 10029
   812 10029
   813 10029
   814 10029
   815 10029
   816 10029
   817 10029
   818 10029
   819 10029
   820 10029
   821 10029
   822 10029
   823 10029
   824 10029
   825 10029
   826 10029
   827 10029
   828 10029
   829 10029
   830 10029
   831 10029
   832 10029
   833 10029
   834 10029
   835 10029
   836 10029
   837 10029
   838 10029
   839 10029
   840 10029
   841 10029
   842 10029
   843 10029
   844 10029
   845 10029
   846 10029
   847 10029
   848 10029
   849 10029
   850 10029
   851 10029
   852 10029
   853 10029
   854 10029
   855 10029
   856 10029
   857 10029
   858 10029
   859 10029
   860 10029
   861 10029
   862 10029
   863 10029
   864 10029
   865 10029
   866 10029
   867 10029
   868 10029
   869 10029
   870 10029
   871 10029
   872 10029
   873 10029
   874 10029
   875 10029
   876 10029
   877 10029
   878 10029
   879 10029
   880 10029
   881 10029
   882 10029
   883 10029
   884 10029
   885 10029
   886 10029
   887 10029
   888 10029
   889 10029
   890 10029
   891 10029
   892 10029
   893 10029
   894 10029
   895 10029
   896 10029
   897 10029
   898 10029
   899 10029
   900 10029
   901 10029
   902 10029
   903 10029
   904 10029
   905 10029
   906 10029
   907 10029
   908 10029
   909 10029
   910 10029
   911 10029
   912 10029
   913 10029
   914 10029
   915 10029
   916 10029
   917 10029
   918 10029
   919 10029
   920 10029
   921 10029
   922 10029
   923 10029
   924 10029
   925 10029
   926 10029
   927 10029
   928 10029
   929 10029
   930 10029
   931 10029
   932 10029
   933 10029
   934 10029
   935 10029
   936 10029
   937 10029
   938 10029
   939 10029
   940 10029
   941 10029
   942 10029
   943 10029
   944 10029
   945 10029
   946 10029
   947 10029
   948 10029
   949 10029
   950 10029
   951 10029
   952 10029
   953 10029
   954 10029
   955 10029
   956 10029
   957 10029
   958 10029
   959 10029
   960 10029
   961 10029
   962 10029
   963 10029
   964 10029
   965 10029
   966 10029
   967 10029
   968 10029
   969 10029
   970 10029
   971 10029
   972 10029
   973 10029
   974 10029
   975 10029
   976 10029
   977 10029
   978 10029
   979 10029
   980 10029
   981 10029
   982 10029
   983 10029
   984 10029
   985 10029
   986 10029
   987 10029
   988 10029
   989 10029
   990 10029
   991 10029
   992 10029
   993 10029
   994 10029
   995 10029
   996 10029
   997 10029
   998 10029
   999 10029
  1000 10029
  1001 10029
  1002 10029
  1003 10029
  1004 10029
  1005 10029
  1006 10029
  1007 10029
  1008 10029
  1009 10029
  1010 10029
  1011 10029
  1012 10029
  1013 10029
  1014 10029
  1015 10029
  1016 10029
  1017 10029
  1018 10029
  1019 10029
  1020 10029
  1021 10143
  1024 10143
  1025 10128
  1026 10101
  1027 10007
  1028 10007
  1029 10007
  1030 10007
  1031 10007
  1032 10128
  1033 10128
  1034 10128
  1035 10128
  1036 10128
  1037 10128
  1038 10128
  1039 10128
  1040 10128
  1041 10128
  1042 10128
  1043 10128
  1044 10128
  1045 10128
  1046 10128
  1047 10128
  1048 10128
  1049 10128
  1050 10128
  1051 10128
  1052 10128
  1053 10128
  1054 10128
  1055 10128
  1056 10128
  1057 10128
  1058 10128
  1059 10128
  1060 10128
  1061 10128
  1062 10128
  1063 10128
  1064 10128
  1065 10128
  1066 10128
  1067 10128
  1068 10128
  1069 10128
  1070 10128
  1071 10128
  1072 10128
  1073 10128
  1074 10128
  1075 10128
  1076 10128
  1077 10128
  1078 10128
  1079 10128
  1080 10128
  1081 10128
  1082 10128
  1083 10128
  1084 10128
  1085 10128
  1086 10128
  1087 10128
  1088 10128
  1089 10128
  1090 10128
  1091 10128
  1092 10128
  1093 10128
  1094 10128
  1095 10128
  1096 10128
  1097 10128
  1098 10128
  1099 10128
  1100 10128
  1101 10128
  1102 10128
  1103 10128
  1104 10128
  1105 10128
  1106 10128
  1107 10128
  1108 10128
  1109 10128
  1110 10128
  1111 10128
  1112 10128
  1113 10128
  1114 10128
  1115 10128
  1116 10128
  1117 10128
  1118 10128
  1119 10128
  1120 10128
  1121 10128
  1122 10128
  1123 10128
  1124 10128
  1125 10128
  1126 10128
  1127 10128
  1128 10128
  1129 10128
  1130 10128
  1131 10128
  1132 10128
  1133 10128
  1134 10128
  1135 10128
  1136 10128
  1137 10128
  1138 10128
  1139 10128
  1140 10128
  1141 10128
  1142 10128
  1143 10128
  1144 10128
  1145 10128
  1146 10128
  1147 10128
  1148 10128
  1149 10128
  1150 10128
  1151 10128
  1152 10128
  1153 10128
  1154 10128
  1155 10128
  1156 10128
  1157 10128
  1158 10128
  1159 10128
  1160 10128
  1161 10128
  1162 10128
  1163 10128
  1164 10128
  1165 10128
  1166 10128
  1167 10128
  1168 10128
  1169 10128
  1170 10128
  1171 10128
  1172 10128
  1173 10128
  1174 10128
  1175 10128
  1176 10128
  1177 10128
  1178 10128
  1179 10128
  1180 10128
  1181 10128
  1182 10128
  1183 10128
  1184 10128
  1185 10128
  1186 10128
  1187 10128
  1188 10128
  1189 10128
  1190 10128
  1191 10128
  1192 10128
  1193 10128
  1194 10128
  1195 10128
  1196 10128
  1197 10128
  1198 10128
  1199 10128
  1200 10128
  1201 10128
  1202 10128
  1203 10128
  1204 10128
  1205 10128
  1206 10128
  1207 10128
  1208 10128
  1209 10128
  1210 10128
  1211 10128
  1212 10128
  1213 10128
  1214 10128
  1215 10128
  1216 10128
  1217 10128
  1218 10128
  1219 10128
  1220 10128
  1221 10128
  1222 10128
  1223 10128
  1224 10128
  1225 10128
  1226 10128
  1227 10128
  1228 10128
  1229 10128
  1230 10128
  1231 10128
  1232 10128
  1233 10128
  1234 10128
  1235 10128
  1236 10128
  1237 10128
  1238 10128
  1239 10128
  1240 10128
  1241 10128
  1242 10128
  1243 10128
  1244 10128
  1245 10128
  1246 10128
  1247 10128
  1248 10128
  1249 10128
  1250 10128
  1251 10128
  1252 10128
  1253 10128
  1254 10128
  1255 10128
  1256 10128
  1257 10128
  1258 10007
  1259 10007
  1260 10007
  1261 10007
  1262 10007
  1263 10101
  1268 10007
  1269 10007
  1270 10007
  1271 10007
  1272 10007
  1273 10007
  1274 10007
  1275 10007
  1276 10007
  1277 10007
  1278 10007
  1279 10007
  1280 10007
  1281 10007
  1282 10007
  1283 10007
  1284 10007
  1285 10007
  1286 10007
  1287 10007
  1288 10007
  1289 10007
  1290 10007
  1291 10007
  1292 10007
  1293 10007
  1294 10007
  1295 10007
  1296 10007
  1297 10007
  1298 10007
  1299 10007
  1300 10007
  1301 10007
  1302 10007
  1303 10007
  1304 10007
  1305 10007
  1306 10007
  1307 10007
  1308 10007
  1309 10007
  1310 10007
  1311 10007
  1312 10007
  1313 10007
  1314 10007
  1315 10007
  1316 10007
  1317 10007
  1318 10007
  1319 10007
  1320 10007
  1321 10007
  1322 10007
  1323 10007
  1324 10007
  1325 10007
  1326 10007
  1327 10007
  1328 10007
  1329 10007
  1330 10007
  1331 10007
  1332 10007
  1333 10007
  1334 10007
  1335 10007
  1336 10007
  1337 10007
  1338 10007
  1339 10007
  1340 10007
  1341 10007
  1342 10007
  1343 10007
  1344 10007
  1345 10007
  1346 10007
  1347 10007
  1348 10007
  1349 10007
  1350 10007
  1351 10007
  1352 10007
  1353 10007
  1354 10007
  1355 10007
  1356 10007
  1357 10007
  1358 10007
  1359 10007
  1360 10007
  1361 10007
  1362 10007
  1363 10007
  1364 10007
  1365 10007
  1366 10007
  1367 10007
  1368 10007
  1369 10007
  1370 10007
  1371 10007
  1372 10007
  1373 10007
  1374 10007
  1375 10007
  1376 10007
  1377 10007
  1378 10007
  1379 10007
  1380 10007
  1381 10007
  1382 10007
  1383 10007
  1384 10007
  1385 10007
  1386 10007
  1387 10007
  1388 10007
  1389 10007
  1390 10007
  1391 10007
  1392 10007
  1393 10007
  1394 10007
  1395 10007
  1396 10007
  1397 10007
  1398 10007
  1399 10007
  1400 10007
  1401 10007
  1402 10007
  1403 10007
  1404 10007
  1405 10007
  1406 10007
  1407 10007
  1408 10007
  1409 10007
  1410 10007
  1411 10007
  1412 10007
  1413 10007
  1414 10007
  1415 10007
  1416 10007
  1417 10007
  1418 10007
  1419 10007
  1420 10007
  1421 10007
  1422 10007
  1423 10007
  1424 10007
  1425 10007
  1426 10007
  1427 10007
  1428 10007
  1429 10007
  1430 10007
  1431 10007
  1432 10007
  1433 10007
  1434 10007
  1435 10007
  1436 10007
  1437 10007
  1438 10007
  1439 10007
  1440 10007
  1441 10007
  1442 10007
  1443 10007
  1444 10007
  1445 10007
  1446 10007
  1447 10007
  1448 10007
  1449 10007
  1450 10007
  1451 10007
  1452 10007
  1453 10007
  1454 10007
  1455 10007
  1456 10007
  1457 10007
  1458 10007
  1459 10007
  1460 10007
  1461 10007
  1462 10007
  1463 10007
  1464 10007
  1465 10007
  1466 10007
  1467 10007
  1468 10007
  1469 10007
  1470 10007
  1471 10007
  1472 10007
  1473 10007
  1474 10007
  1475 10007
  1476 10007
  1477 10007
  1478 10007
  1479 10007
  1480 10007
  1481 10007
  1482 10007
  1483 10007
  1484 10007
  1485 10007
  1486 10007
  1487 10007
  1488 10007
  1489 10007
  1490 10007
  1491 10007
  1492 10007
  1493 10007
  1494 10007
  1495 10007
  1496 10007
  1497 10007
  1498 10007
  1499 10007
  1500 10007
  1501 10082
  1502 10082
  1503 10082
  1504 10082
  1505 10082
  1506 10082
  1507 10082
  1508 10082
  1509 10082
  1510 10082
  1511 10082
  1512 10082
  1513 10082
  1514 10082
  1515 10082
  1516 10082
  1517 10082
  1518 10082
  1519 10082
  1520 10082
  1521 10082
  1522 10082
  1523 10082
  1524 10082
  1525 10082
  1526 10082
  1527 10082
  1528 10082
  1529 10082
  1530 10082
  1531 10082
  1532 10082
  1533 10082
  1534 10082
  1535 10082
  1536 10082
  1537 10082
  1538 10082
  1539 10082
  1540 10082
  1541 10082
  1542 10082
  1543 10082
  1544 10082
  1545 10082
  1546 10082
  1547 10082
  1548 10082
  1549 10082
  1550 10082
  1551 10082
  1552 10082
  1553 10082
  1554 10082
  1555 10082
  1556 10082
  1557 10082
  1558 10082
  1559 10082
  1560 10082
  1561 10082
  1562 10082
  1563 10082
  1564 10082
  1565 10082
  1566 10082
  1567 10082
  1568 10082
  1569 10082
  1570 10082
  1571 10082
  1572 10082
  1573 10082
  1574 10082
  1575 10082
  1576 10082
  1577 10082
  1578 10082
  1579 10082
  1580 10082
  1581 10082
  1582 10082
  1583 10082
  1584 10082
  1585 10082
  1586 10082
  1587 10082
  1588 10082
  1589 10082
  1590 10082
  1591 10082
  1592 10082
  1593 10082
  1594 10082
  1595 10082
  1596 10082
  1597 10082
  1598 10082
  1599 10082
  1600 10082
  1601 10082
  1602 10082
  1603 10082
  1604 10082
  1605 10082
  1606 10082
  1607 10082
  1608 10082
  1609 10082
  1610 10082
  1611 10082
  1612 10082
  1613 10082
  1614 10082
  1615 10082
  1616 10082
  1617 10082
  1618 10082
  1619 10082
  1620 10082
  1621 10021
  1622 10045
  1623 10045
  1624 10049
  1625 10021
  1626 10021
  1627 10021
  1628 10021
  1629 10021
  1630 10021
  1631 10021
  1632 10021
  1633 10021
  1634 10021
  1635 10021
  1636 10021
  1637 10021
  1638 10021
  1639 10021
  1640 10021
  1641 10021
  1642 10021
  1643 10021
  1644 10021
  1645 10021
  1646 10021
  1647 10021
  1648 10021
  1649 10021
  1650 10021
  1651 10021
  1652 10021
  1653 10021
  1654 10021
  1655 10021
  1656 10021
  1657 10021
  1658 10021
  1659 10021
  1660 10021
  1661 10021
  1662 10021
  1663 10021
  1664 10021
  1665 10021
  1666 10021
  1667 10021
  1668 10021
  1669 10021
  1670 10021
  1671 10021
  1672 10021
  1673 10021
  1674 10021
  1675 10021
  1676 10021
  1677 10021
  1678 10021
  1679 10021
  1680 10021
  1681 10021
  1682 10021
  1683 10021
  1684 10021
  1685 10021
  1686 10021
  1687 10021
  1688 10021
  1689 10021
  1690 10021
  1691 10021
  1692 10021
  1693 10021
  1694 10021
  1695 10021
  1696 10021
  1697 10021
  1698 10021
  1699 10021
  1700 10021
  1701 10021
  1702 10021
  1703 10021
  1704 10021
  1705 10021
  1706 10021
  1707 10021
  1708 10021
  1709 10021
  1710 10021
  1711 10021
  1712 10021
  1713 10021
  1714 10021
  1715 10021
  1716 10021
  1717 10021
  1718 10021
  1719 10021
  1720 10021
  1721 10021
  1722 10021
  1723 10021
  1724 10021
  1725 10021
  1726 10021
  1727 10021
  1728 10021
  1729 10021
  1730 10021
  1731 10021
  1732 10021
  1733 10021
  1734 10021
  1735 10021
  1736 10021
  1737 10021
  1738 10021
  1739 10021
  1740 10021
  1741 10021
  1742 10021
  1743 10021
  1744 10021
  1745 10021
  1746 10021
  1747 10021
  1748 10021
  1749 10021
  1750 10021
  1751 10021
  1752 10021
  1753 10021
  1754 10021
  1755 10021
  1756 10021
  1757 10021
  1758 10021
  1759 10021
  1760 10021
  1761 10021
  1762 10021
  1763 10021
  1764 10021
  1765 10021
  1766 10021
  1767 10021
  1768 10021
  1769 10021
  1770 10021
  1771 10021
  1772 10021
  1773 10021
  1774 10021
  1775 10021
  1776 10021
  1777 10021
  1778 10021
  1779 10021
  1780 10021
  1781 10021
  1782 10021
  1783 10021
  1784 10021
  1785 10021
  1786 10021
  1787 10021
  1788 10021
  1789 10021
  1790 10021
  1791 10021
  1792 10021
  1793 10021
  1794 10021
  1795 10021
  1796 10021
  1797 10021
  1798 10021
  1799 10021
  1800 10021
  1801 10021
  1802 10021
  1803 10021
  1804 10021
  1805 10021
  1806 10021
  1807 10021
  1808 10021
  1809 10021
  1810 10021
  1811 10021
  1812 10021
  1813 10021
  1814 10021
  1815 10021
  1816 10021
  1817 10021
  1818 10021
  1819 10021
  1820 10021
  1821 10021
  1822 10021
  1823 10021
  1824 10021
  1825 10021
  1826 10021
  1827 10021
  1828 10021
  1829 10021
  1830 10021
  1831 10021
  1832 10021
  1833 10021
  1834 10021
  1835 10021
  1836 10021
  1837 10021
  1838 10021
  1839 10021
  1840 10021
  1841 10021
  1842 10021
  1843 10021
  1844 10021
  1845 10021
  1846 10021
  1847 10021
  1848 10021
  1849 10021
  1850 10021
  1851 10021
  1852 10021
  1853 10021
  1854 10021
  1855 10021
  1856 10021
  1857 10045
  1858 10045
  1860 10039
  1861 10039
  1862 10039
  1867 10039
  1868 10039
  1869 10039
  1870 10039
  1871 10039
  1872 10039
  1873 10039
  1874 10039
  1875 10039
  1876 10039
  1877 10039
  1878 10039
  1879 10039
  1880 10039
  1881 10039
  1882 10039
  1883 10039
  1884 10039
  1885 10039
  1886 10039
  1887 10039
  1888 10039
  1889 10039
  1890 10039
  1891 10039
  1892 10039
  1893 10039
  1894 10039
  1895 10039
  1896 10039
  1897 10039
  1898 10039
  1899 10039
  1900 10039
  1901 10039
  1902 10039
  1903 10039
  1904 10039
  1905 10039
  1906 10039
  1907 10039
  1908 10039
  1909 10039
  1910 10039
  1911 10039
  1912 10039
  1913 10039
  1914 10039
  1915 10039
  1916 10039
  1917 10039
  1918 10039
  1919 10039
  1920 10039
  1921 10039
  1922 10039
  1923 10039
  1924 10039
  1925 10039
  1926 10039
  1927 10039
  1928 10039
  1929 10039
  1930 10039
  1931 10039
  1932 10039
  1933 10039
  1934 10039
  1935 10039
  1936 10039
  1937 10039
  1938 10039
  1939 10039
  1940 10039
  1941 10039
  1942 10039
  1943 10039
  1944 10039
  1945 10039
  1946 10039
  1947 10039
  1948 10039
  1949 10039
  1950 10039
  1951 10039
  1952 10039
  1953 10039
  1954 10039
  1955 10039
  1956 10039
  1957 10039
  1958 10039
  1959 10039
  1960 10039
  1961 10039
  1962 10039
  1963 10039
  1964 10039
  1965 10039
  1966 10039
  1967 10039
  1968 10039
  1969 10039
  1970 10039
  1971 10039
  1972 10039
  1973 10039
  1974 10039
  1975 10039
  1976 10039
  1977 10039
  1978 10039
  1979 10039
  1980 10039
  1981 10039
  1982 10039
  1983 10039
  1984 10039
  1985 10039
  1986 10039
  1987 10039
  1988 10039
  1989 10039
  1990 10039
  1991 10039
  1992 10039
  1993 10039
  1994 10039
  1995 10039
  1996 10039
  1997 10039
  1998 10039
  1999 10039
  2000 10039
  2001 10039
  2002 10039
  2003 10039
  2004 10039
  2005 10039
  2006 10039
  2007 10039
  2008 10039
  2009 10039
  2010 10039
  2011 10039
  2012 10039
  2013 10039
  2014 10039
  2015 10039
  2016 10039
  2017 10039
  2018 10039
  2019 10039
  2020 10039
  2021 10039
  2022 10039
  2023 10039
  2024 10039
  2025 10039
  2028 10033
