   615 10021
   616 10021
   617 10021
   618 10021
   619 10021
   620 10072
   621 10021
   622 10021
   623 10021
   624 10021
   625 10021
   626 10021
   627 10021
   628 10021
   629 10021
   630 10021
   631 10021
   632 10021
   633 10021
   634 10082
   635 10082
   636 10082
   637 10082
   647 10082
   648 10082
   649 10021
   650 10082
   651 10082
   652 10082
   653 10082
   654 10082
   655 10082
   690 10021
   691 10021
   692 10021
   693 10021
   694 10021
   695 10021
   696 10021
   697 10021
   698 10021
   699 10021
   700 10021
   701 10021
   702 10021
   703 10021
   704 10021
   705 10021
   706 10021
   707 10021
   708 10021
   709 10021
   710 10021
   711 10021
   712 10021
   713 10021
   714 10021
   715 10021
   716 10021
   717 10021
   718 10021
   719 10021
   720 10021
   721 10021
   722 10021
   723 10021
   724 10021
   725 10021
   726 10021
   727 10021
   728 10021
   729 10021
   730 10021
   731 10021
   732 10021
   733 10021
   734 10021
   735 10021
   736 10021
   737 10021
   738 10021
   739 10021
   740 10021
   741 10021
   742 10021
   743 10021
   744 10021
   745 10021
   746 10021
   747 10021
   748 10021
   749 10021
   750 10021
   751 10021
   752 10021
   753 10021
   754 10021
   755 10021
   756 10021
   757 10021
   758 10021
   759 10021
   760 10021
   761 10021
   762 10021
   763 10021
   764 10021
   765 10021
   766 10021
   767 10021
   768 10021
   769 10021
   770 10021
   771 10021
   772 10021
   773 10021
   774 10021
   775 10021
   776 10021
   777 10021
   778 10021
   779 10021
   780 10021
   785 10002
   792 10044
   793 10120
   794 10120
   795 10120
   796 10120
   797 10120
   798 10120
   799 10120
   800 10120
   801 10120
   802 10120
   803 10120
   804 10120
   805 10120
   806 10120
   807 10120
   808 10120
   809 10120
   810 10120
   811 10120
   812 10120
   813 10120
   814 10120
   815 10120
   816 10120
   817 10120
   818 10120
   819 10120
   820 10120
   821 10120
   822 10120
   823 10120
   824 10120
   825 10120
   826 10120
   827 10120
   828 10120
   829 10120
   830 10120
   831 10120
   832 10120
   833 10120
   834 10120
   835 10120
   836 10120
   837 10120
   838 10120
   839 10120
   840 10120
   841 10120
   842 10120
   843 10120
   844 10120
   845 10120
   846 10120
   847 10120
   848 10120
   849 10120
   850 10120
   851 10120
   852 10120
   853 10120
   854 10120
   855 10120
   856 10120
   857 10120
   858 10120
   859 10120
   860 10120
   861 10120
   862 10120
   863 10120
   864 10120
   865 10120
   866 10120
   867 10120
   868 10120
   869 10120
   870 10120
   871 10120
   872 10120
   873 10120
   874 10120
   875 10120
   876 10120
   877 10120
   878 10120
   879 10120
   880 10120
   881 10120
   882 10120
   883 10120
   884 10120
   885 10120
   886 10120
   887 10120
   888 10120
   889 10120
   890 10120
   891 10120
   892 10120
   893 10120
   894 10120
   895 10120
   896 10120
   897 10120
   898 10120
   899 10120
   900 10120
   901 10120
   902 10120
   903 10120
   904 10120
   905 10120
   906 10120
   907 10120
   908 10120
   909 10120
   910 10120
   911 10120
   912 10120
   913 10120
   914 10120
   915 10120
   916 10120
   917 10120
   918 10120
   919 10120
   920 10120
   921 10120
   922 10120
   923 10120
   924 10120
   925 10120
   926 10120
   927 10120
   928 10120
   929 10120
   930 10120
   931 10120
   932 10120
   933 10120
   934 10120
   935 10120
   936 10120
   937 10120
   938 10120
   939 10120
   940 10120
   941 10120
   942 10120
   943 10120
   944 10120
   945 10120
   946 10120
   947 10120
   948 10120
   949 10120
   950 10120
   951 10120
   952 10120
   953 10120
   954 10120
   955 10120
   956 10120
   957 10120
   958 10120
   959 10120
   960 10120
   961 10120
   962 10120
   963 10120
   964 10120
   965 10120
   966 10120
   967 10120
   968 10120
   969 10120
   970 10120
   971 10120
   972 10120
   973 10120
   974 10120
   975 10120
   976 10120
   977 10120
   978 10120
   979 10120
   980 10120
   981 10120
   982 10120
   983 10120
   984 10120
   985 10120
   986 10120
   987 10120
   988 10120
   989 10120
   990 10120
   991 10120
   992 10120
   993 10120
   994 10120
   995 10120
   996 10120
   997 10120
   998 10120
   999 10120
  1000 10120
  1001 10120
  1002 10120
  1003 10120
  1004 10120
  1005 10120
  1006 10120
  1007 10120
  1008 10120
  1009 10120
  1010 10120
  1011 10120
  1012 10120
  1013 10120
  1014 10120
  1015 10120
  1016 10120
  1017 10120
  1018 10120
  1019 10120
  1020 10120
  1021 10036
  1027 10090
  1028 10090
  1029 10039
  1030 10039
  1031 10039
  1032 10039
  1033 10039
  1034 10039
  1035 10039
  1036 10039
  1037 10039
  1038 10039
  1039 10039
  1040 10039
  1041 10039
  1042 10039
  1043 10039
  1044 10039
  1045 10039
  1046 10039
  1047 10039
  1048 10039
  1049 10039
  1050 10039
  1051 10039
  1052 10039
  1053 10039
  1054 10039
  1055 10039
  1056 10039
  1057 10039
  1058 10039
  1059 10039
  1060 10039
  1061 10039
  1062 10039
  1063 10039
  1064 10039
  1065 10039
  1066 10039
  1067 10039
  1068 10039
  1069 10039
  1070 10039
  1071 10039
  1072 10039
  1073 10039
  1074 10039
  1075 10039
  1076 10039
  1077 10039
  1078 10039
  1079 10039
  1080 10039
  1081 10039
  1082 10039
  1083 10039
  1084 10039
  1085 10039
  1086 10039
  1087 10039
  1088 10039
  1089 10039
  1090 10039
  1091 10039
  1092 10039
  1093 10039
  1094 10039
  1095 10039
  1096 10039
  1097 10039
  1098 10039
  1099 10039
  1100 10039
  1101 10039
  1102 10039
  1103 10039
  1104 10039
  1105 10039
  1106 10039
  1107 10039
  1108 10039
  1109 10039
  1110 10039
  1111 10039
  1112 10039
  1113 10039
  1114 10039
  1115 10039
  1116 10039
  1117 10039
  1118 10039
  1119 10039
  1120 10039
  1121 10039
  1122 10039
  1123 10039
  1124 10039
  1125 10039
  1126 10039
  1127 10039
  1128 10039
  1129 10039
  1130 10039
  1131 10039
  1132 10039
  1133 10039
  1134 10039
  1135 10039
  1136 10039
  1137 10039
  1138 10039
  1139 10039
  1140 10039
  1141 10039
  1142 10039
  1143 10039
  1144 10039
  1145 10039
  1146 10039
  1147 10039
  1148 10039
  1149 10039
  1150 10039
  1151 10039
  1152 10039
  1153 10039
  1154 10039
  1155 10039
  1156 10039
  1157 10039
  1158 10039
  1159 10039
  1160 10039
  1161 10039
  1162 10039
  1163 10039
  1164 10039
  1165 10039
  1166 10039
  1167 10039
  1168 10039
  1169 10039
  1170 10039
  1171 10039
  1172 10039
  1173 10039
  1174 10039
  1175 10039
  1176 10039
  1177 10039
  1178 10039
  1179 10039
  1180 10039
  1181 10039
  1182 10039
  1183 10039
  1184 10039
  1185 10039
  1186 10039
  1187 10039
  1188 10039
  1189 10039
  1190 10039
  1191 10039
  1192 10039
  1193 10039
  1194 10039
  1195 10039
  1196 10039
  1197 10039
  1198 10039
  1199 10039
  1200 10039
  1201 10039
  1202 10039
  1203 10039
  1204 10039
  1205 10039
  1206 10039
  1207 10039
  1208 10039
  1209 10039
  1210 10039
  1211 10039
  1212 10039
  1213 10039
  1214 10039
  1215 10039
  1216 10039
  1217 10039
  1218 10039
  1219 10039
  1220 10039
  1221 10039
  1222 10039
  1223 10039
  1224 10039
  1225 10039
  1226 10039
  1227 10039
  1228 10039
  1229 10039
  1230 10039
  1231 10039
  1232 10039
  1233 10039
  1234 10039
  1235 10039
  1236 10039
  1237 10039
  1238 10039
  1239 10039
  1240 10039
  1241 10039
  1242 10039
  1243 10039
  1244 10039
  1245 10039
  1246 10039
  1247 10039
  1248 10039
  1249 10039
  1250 10039
  1251 10039
  1252 10039
  1253 10039
  1254 10039
  1255 10039
  1256 10039
  1257 10039
  1258 10071
  1259 10094
  1260 10094
  1261 10094
  1262 10094
  1271 10018
  1272 10018
  1273 10018
  1274 10158
  1275 10158
  1276 10158
  1277 10140
  1278 10140
  1279 10140
  1280 10140
  1281 10140
  1282 10140
  1283 10140
  1284 10140
  1285 10140
  1286 10158
  1287 10158
  1288 10158
  1289 10055
  1290 10055
  1291 10055
  1292 10055
  1293 10055
  1294 10140
  1295 10055
  1296 10055
  1297 10055
  1298 10140
  1299 10055
  1300 10140
  1301 10140
  1302 10140
  1303 10140
  1304 10140
  1305 10140
  1306 10140
  1307 10140
  1308 10140
  1309 10055
  1310 10158
  1311 10018
  1312 10018
  1313 10055
  1314 10055
  1315 10055
  1316 10055
  1317 10055
  1318 10055
  1319 10055
  1320 10055
  1321 10055
  1322 10018
  1323 10018
  1324 10055
  1325 10055
  1326 10055
  1329 10143
  1330 10143
  1331 10143
  1332 10143
  1333 10143
  1334 10143
  1335 10016
  1336 10143
  1337 10016
  1338 10143
  1339 10143
  1340 10016
  1341 10016
  1342 10016
  1343 10016
  1344 10016
  1345 10016
  1346 10016
  1347 10016
  1348 10016
  1349 10016
  1350 10016
  1351 10016
  1352 10016
  1353 10016
  1354 10016
  1355 10016
  1356 10016
  1357 10016
  1358 10016
  1359 10016
  1360 10143
  1361 10143
  1362 10016
  1363 10016
  1364 10016
  1365 10016
  1366 10016
  1367 10016
  1368 10016
  1369 10016
  1370 10016
  1371 10016
  1372 10016
  1373 10016
  1374 10016
  1375 10143
  1376 10143
  1377 10016
  1378 10016
  1379 10016
  1380 10016
  1381 10016
  1384 10043
  1385 10043
  1386 10043
  1387 10043
  1388 10043
  1389 10043
  1390 10043
  1391 10043
  1392 10043
  1393 10043
  1394 10043
  1395 10043
  1396 10043
  1397 10043
  1398 10043
  1399 10043
  1400 10043
  1401 10043
  1402 10043
  1403 10043
  1404 10043
  1405 10043
  1406 10043
  1407 10043
  1408 10043
  1409 10043
  1410 10043
  1411 10043
  1412 10043
  1413 10043
  1414 10043
  1415 10043
  1416 10043
  1417 10043
  1418 10043
  1419 10043
  1420 10043
  1421 10043
  1422 10043
  1423 10043
  1424 10043
  1425 10043
  1426 10043
  1427 10043
  1428 10043
  1429 10043
  1430 10043
  1431 10043
  1432 10043
  1433 10043
  1434 10043
  1435 10043
  1436 10043
  1437 10043
  1438 10043
  1439 10043
  1440 10043
  1441 10043
  1442 10043
  1443 10043
  1444 10043
  1445 10043
  1446 10043
  1447 10043
  1448 10043
  1449 10043
  1450 10043
  1451 10043
  1452 10043
  1453 10043
  1454 10043
  1455 10043
  1456 10043
  1457 10043
  1458 10043
  1459 10043
  1460 10043
  1461 10043
  1462 10043
  1463 10043
  1464 10043
  1465 10043
  1466 10043
  1467 10043
  1468 10043
  1469 10043
  1470 10043
  1471 10043
  1472 10043
  1473 10043
  1474 10043
  1475 10043
  1476 10043
  1477 10043
  1478 10043
  1479 10043
  1480 10043
  1481 10043
  1482 10043
  1483 10043
  1484 10043
  1485 10043
  1486 10043
  1487 10043
  1488 10043
  1489 10043
  1490 10043
  1491 10043
  1492 10043
  1493 10043
  1494 10043
  1495 10043
  1496 10043
  1497 10043
  1498 10043
  1499 10043
  1500 10043
  1501 10043
  1502 10043
  1503 10043
  1504 10043
  1505 10043
  1506 10043
  1507 10043
  1508 10043
  1509 10043
  1510 10043
  1511 10043
  1512 10043
  1513 10043
  1514 10043
  1515 10043
  1516 10043
  1517 10043
  1518 10043
  1519 10043
  1520 10043
  1521 10043
  1522 10043
  1523 10043
  1524 10043
  1525 10043
  1526 10043
  1527 10043
  1528 10043
  1529 10043
  1530 10043
  1531 10043
  1532 10043
  1533 10043
  1534 10043
  1535 10043
  1536 10043
  1537 10043
  1538 10043
  1539 10043
  1540 10043
  1541 10043
  1542 10043
  1543 10043
  1544 10043
  1545 10043
  1546 10043
  1547 10043
  1548 10043
  1549 10043
  1550 10043
  1551 10043
  1552 10043
  1553 10043
  1554 10043
  1555 10043
  1556 10043
  1557 10043
  1558 10043
  1559 10043
  1560 10043
  1561 10043
  1562 10043
  1563 10043
  1564 10043
  1565 10043
  1566 10043
  1567 10043
  1568 10043
  1569 10043
  1570 10043
  1571 10043
  1572 10043
  1573 10043
  1574 10043
  1575 10043
  1576 10043
  1577 10043
  1578 10043
  1579 10043
  1580 10043
  1581 10043
  1582 10043
  1583 10043
  1584 10043
  1585 10043
  1586 10043
  1587 10043
  1588 10043
  1589 10043
  1590 10043
  1591 10043
  1592 10043
  1593 10043
  1594 10043
  1595 10043
  1596 10043
  1597 10043
  1598 10043
  1599 10043
  1600 10043
  1601 10043
  1602 10043
  1603 10043
  1604 10043
  1605 10043
  1606 10043
  1607 10043
  1608 10043
  1609 10043
  1610 10043
  1611 10043
  1612 10043
  1613 10043
  1614 10043
  1615 10043
  1616 10043
  1617 10043
  1618 10043
  1619 10043
  1620 10043
  1621 10143
  1622 10016
  1623 10143
  1624 10143
  1625 10143
  1626 10031
  1627 10031
  1628 10031
  1629 10031
  1630 10031
  1631 10031
  1632 10031
  1633 10031
  1634 10031
  1635 10031
  1636 10031
  1637 10031
  1638 10031
  1639 10031
  1640 10031
  1641 10031
  1642 10031
  1643 10031
  1644 10031
  1645 10031
  1646 10031
  1647 10031
  1648 10031
  1649 10031
  1650 10031
  1651 10031
  1652 10031
  1653 10031
  1654 10031
  1655 10031
  1656 10031
  1657 10031
  1658 10031
  1659 10031
  1660 10031
  1661 10031
  1662 10031
  1663 10031
  1664 10031
  1665 10031
  1666 10031
  1667 10031
  1668 10031
  1669 10031
  1670 10031
  1671 10031
  1672 10031
  1673 10031
  1674 10031
  1675 10031
  1676 10031
  1677 10031
  1678 10031
  1679 10031
  1680 10031
  1681 10031
  1682 10031
  1683 10031
  1684 10031
  1685 10031
  1686 10031
  1687 10031
  1688 10031
  1689 10031
  1690 10031
  1691 10031
  1692 10031
  1693 10031
  1694 10031
  1695 10031
  1696 10031
  1697 10031
  1698 10031
  1699 10031
  1700 10031
  1701 10031
  1702 10031
  1703 10031
  1704 10031
  1705 10031
  1706 10031
  1707 10031
  1708 10031
  1709 10031
  1710 10031
  1711 10031
  1712 10031
  1713 10031
  1714 10031
  1715 10031
  1716 10031
  1717 10031
  1718 10031
  1719 10031
  1720 10031
  1721 10031
  1722 10031
  1723 10031
  1724 10031
  1725 10031
  1726 10031
  1727 10031
  1728 10031
  1729 10031
  1730 10031
  1731 10031
  1732 10031
  1733 10031
  1734 10031
  1735 10031
  1736 10031
  1737 10031
  1738 10031
  1739 10031
  1740 10031
  1741 10031
  1742 10031
  1743 10031
  1744 10031
  1745 10031
  1746 10031
  1747 10031
  1748 10031
  1749 10031
  1750 10031
  1751 10031
  1752 10031
  1753 10031
  1754 10031
  1755 10031
  1756 10031
  1757 10031
  1758 10031
  1759 10031
  1760 10031
  1761 10031
  1762 10031
  1763 10031
  1764 10031
  1765 10031
  1766 10031
  1767 10031
  1768 10031
  1769 10031
  1770 10031
  1771 10031
  1772 10031
  1773 10031
  1774 10031
  1775 10031
  1776 10031
  1777 10031
  1778 10031
  1779 10031
  1780 10031
  1781 10031
  1782 10031
  1783 10031
  1784 10031
  1785 10031
  1786 10031
  1787 10031
  1788 10031
  1789 10031
  1790 10031
  1791 10031
  1792 10031
  1793 10031
  1794 10031
  1795 10031
  1796 10031
  1797 10031
  1798 10031
  1799 10031
  1800 10031
  1801 10031
  1802 10031
  1803 10031
  1804 10031
  1805 10031
  1806 10031
  1807 10031
  1808 10031
  1809 10031
  1810 10031
  1811 10031
  1812 10031
  1813 10031
  1814 10031
  1815 10031
  1816 10031
  1817 10031
  1818 10031
  1819 10031
  1820 10031
  1821 10031
  1822 10031
  1823 10031
  1824 10031
  1825 10031
  1826 10031
  1827 10031
  1828 10031
  1829 10031
  1830 10031
  1831 10031
  1832 10031
  1833 10031
  1834 10031
  1835 10031
  1836 10031
  1837 10031
  1838 10031
  1839 10031
  1840 10031
  1841 10031
  1842 10031
  1843 10031
  1844 10031
  1845 10031
  1846 10031
  1847 10031
  1848 10031
  1849 10031
  1850 10031
  1851 10031
  1852 10031
  1853 10031
  1854 10031
  1855 10031
  1856 10130
  1857 10130
  1858 10036
  1859 10036
  1860 10016
  1861 10016
  1862 10143
  1863 10122
  1864 10122
  1865 10122
  1866 10122
  1867 10122
  1868 10122
  1869 10122
  1870 10122
  1871 10122
  1872 10122
  1873 10122
  1874 10122
  1875 10122
  1876 10122
  1877 10122
  1878 10122
  1879 10122
  1880 10122
  1881 10122
  1882 10122
  1883 10122
  1884 10122
  1885 10122
  1886 10122
  1887 10122
  1888 10122
  1889 10122
  1890 10122
  1891 10122
  1892 10122
  1893 10122
  1894 10122
  1895 10122
  1896 10122
  1897 10122
  1898 10122
  1899 10122
  1900 10122
  1901 10122
  1902 10122
  1903 10122
  1904 10122
  1905 10122
  1906 10122
  1907 10122
  1908 10122
  1909 10122
  1910 10122
  1911 10122
  1912 10122
  1913 10122
  1914 10122
  1915 10122
  1916 10122
  1917 10122
  1918 10122
  1919 10122
  1920 10122
  1921 10122
  1922 10122
  1923 10122
  1924 10122
  1925 10122
  1926 10122
  1927 10122
  1928 10122
  1929 10122
  1930 10122
  1931 10122
  1932 10122
  1933 10122
  1934 10122
  1935 10122
  1936 10122
  1937 10122
  1938 10122
  1939 10122
  1940 10122
  1941 10122
  1942 10122
  1943 10122
  1944 10122
  1945 10122
  1946 10122
  1947 10122
  1948 10122
  1949 10122
  1950 10122
  1951 10122
  1952 10122
  1953 10122
  1954 10122
  1955 10122
  1956 10122
  1957 10122
  1958 10122
  1959 10122
  1960 10122
  1961 10122
  1962 10122
  1963 10122
  1964 10122
  1965 10122
  1966 10122
  1967 10122
  1968 10122
  1969 10122
  1970 10122
  1971 10122
  1972 10122
  1973 10122
  1974 10122
  1975 10122
  1976 10122
  1977 10122
  1978 10122
  1979 10122
  1980 10122
  1981 10122
  1982 10122
  1983 10122
  1984 10122
  1985 10122
  1986 10122
  1987 10122
  1988 10122
  1989 10122
  1990 10122
  1991 10122
  1992 10122
  1993 10122
  1994 10122
  1995 10122
  1996 10122
  1997 10122
  1998 10122
  1999 10122
  2000 10122
  2001 10122
  2002 10122
  2003 10122
  2004 10122
  2005 10122
  2006 10122
  2007 10122
  2008 10122
  2009 10122
  2010 10122
  2011 10122
  2012 10122
  2013 10122
  2014 10122
  2015 10122
  2016 10122
  2017 10122
  2018 10122
  2019 10122
  2020 10122
  2021 10122
  2022 10122
  2023 10122
  2031 10028
  2032 10045
  2034 10045
  2035 10045
  2036 10045
  2037 10045
  2038 10045
