   690 10067
   691 10067
   692 10067
   693 10067
   694 10067
   695 10067
   696 10067
   697 10067
   698 10067
   699 10067
   700 10067
   701 10067
   702 10067
   703 10067
   704 10067
   705 10067
   706 10067
   707 10067
   708 10067
   709 10067
   710 10067
   711 10067
   712 10067
   713 10067
   714 10067
   715 10067
   716 10067
   717 10067
   718 10067
   719 10067
   720 10067
   721 10067
   722 10067
   723 10067
   724 10067
   725 10067
   726 10067
   727 10067
   728 10067
   729 10067
   730 10067
   731 10067
   732 10067
   733 10067
   734 10067
   735 10067
   736 10067
   737 10067
   738 10067
   739 10067
   740 10067
   741 10067
   742 10067
   743 10067
   744 10067
   745 10067
   746 10067
   747 10067
   748 10067
   749 10067
   750 10067
   751 10067
   752 10067
   753 10067
   754 10067
   755 10067
   756 10067
   757 10067
   758 10067
   759 10067
   760 10067
   761 10067
   762 10067
   763 10067
   764 10067
   765 10067
   766 10067
   767 10067
   768 10067
   769 10067
   770 10067
   771 10067
   772 10067
   773 10067
   774 10067
   775 10067
   776 10067
   777 10067
   778 10067
   779 10067
   780 10067
   785 10044
   786 10044
   787 10044
   788 10044
   789 10044
   790 10044
   791 10044
   792 10044
   793 10044
   794 10044
   795 10044
   796 10044
   797 10044
   798 10044
   799 10044
   800 10044
   801 10044
   802 10044
   803 10044
   804 10044
   805 10044
   806 10044
   807 10044
   808 10044
   809 10044
   810 10044
   811 10044
   812 10044
   813 10044
   814 10044
   815 10044
   816 10044
   817 10044
   818 10044
   819 10044
   820 10044
   821 10044
   822 10044
   823 10044
   824 10044
   825 10044
   826 10044
   827 10044
   828 10044
   829 10044
   830 10044
   831 10044
   832 10044
   833 10044
   834 10044
   835 10044
   836 10044
   837 10044
   838 10044
   839 10044
   840 10044
   841 10044
   842 10044
   843 10044
   844 10044
   845 10044
   846 10044
   847 10044
   848 10044
   849 10044
   850 10044
   851 10044
   852 10044
   853 10044
   854 10044
   855 10044
   856 10044
   857 10044
   858 10044
   859 10044
   860 10044
   861 10044
   862 10044
   863 10044
   864 10044
   865 10044
   866 10044
   867 10044
   868 10044
   869 10044
   870 10044
   871 10044
   872 10044
   873 10044
   874 10044
   875 10044
   876 10044
   877 10044
   878 10044
   879 10044
   880 10044
   881 10044
   882 10044
   883 10044
   884 10044
   885 10044
   886 10044
   887 10044
   888 10044
   889 10044
   890 10044
   891 10044
   892 10044
   893 10044
   894 10044
   895 10044
   896 10044
   897 10044
   898 10044
   899 10044
   900 10044
   901 10044
   902 10044
   903 10044
   904 10044
   905 10044
   906 10044
   907 10044
   908 10044
   909 10044
   910 10044
   911 10044
   912 10044
   913 10044
   914 10044
   915 10044
   916 10044
   917 10044
   918 10044
   919 10044
   920 10044
   921 10044
   922 10044
   923 10044
   924 10044
   925 10044
   926 10044
   927 10044
   928 10044
   929 10044
   930 10044
   931 10044
   932 10044
   933 10044
   934 10044
   935 10044
   936 10044
   937 10044
   938 10044
   939 10044
   940 10044
   941 10044
   942 10044
   943 10044
   944 10044
   945 10044
   946 10044
   947 10044
   948 10044
   949 10044
   950 10044
   951 10044
   952 10044
   953 10044
   954 10044
   955 10044
   956 10044
   957 10044
   958 10044
   959 10044
   960 10044
   961 10044
   962 10044
   963 10044
   964 10044
   965 10044
   966 10044
   967 10044
   968 10044
   969 10044
   970 10044
   971 10044
   972 10044
   973 10044
   974 10044
   975 10044
   976 10044
   977 10044
   978 10044
   979 10044
   980 10044
   981 10044
   982 10044
   983 10044
   984 10044
   985 10044
   986 10044
   987 10044
   988 10044
   989 10044
   990 10044
   991 10044
   992 10044
   993 10044
   994 10044
   995 10044
   996 10044
   997 10044
   998 10044
   999 10044
  1000 10044
  1001 10044
  1002 10044
  1003 10044
  1004 10044
  1005 10044
  1006 10044
  1007 10044
  1008 10044
  1009 10044
  1010 10044
  1011 10044
  1012 10044
  1013 10044
  1014 10044
  1015 10044
  1016 10044
  1017 10044
  1018 10044
  1019 10044
  1020 10044
  1022 10141
  1023 10141
  1024 10141
  1025 10141
  1026 10083
  1027 10083
  1028 10083
  1029 10083
  1030 10149
  1031 10149
  1032 10149
  1033 10149
  1034 10149
  1035 10149
  1036 10149
  1037 10149
  1038 10149
  1039 10149
  1040 10149
  1041 10149
  1042 10149
  1043 10149
  1044 10149
  1045 10149
  1046 10149
  1047 10149
  1048 10149
  1049 10149
  1050 10149
  1051 10149
  1052 10149
  1053 10149
  1054 10149
  1055 10149
  1056 10149
  1057 10149
  1058 10149
  1059 10149
  1060 10149
  1061 10149
  1062 10149
  1063 10149
  1064 10071
  1065 10149
  1066 10149
  1067 10071
  1068 10149
  1069 10149
  1070 10149
  1071 10149
  1072 10149
  1073 10149
  1074 10149
  1075 10149
  1076 10149
  1077 10149
  1078 10149
  1079 10149
  1080 10149
  1081 10149
  1082 10149
  1083 10149
  1084 10149
  1085 10149
  1086 10149
  1087 10149
  1088 10149
  1089 10149
  1090 10149
  1091 10149
  1092 10149
  1093 10149
  1094 10149
  1095 10149
  1096 10149
  1097 10149
  1098 10149
  1099 10149
  1100 10149
  1101 10149
  1102 10149
  1103 10149
  1104 10149
  1105 10149
  1106 10149
  1107 10149
  1108 10149
  1109 10149
  1110 10149
  1111 10071
  1112 10149
  1113 10149
  1114 10149
  1115 10080
  1116 10149
  1117 10080
  1118 10080
  1119 10149
  1120 10149
  1121 10149
  1122 10149
  1123 10149
  1124 10149
  1125 10149
  1126 10149
  1127 10149
  1128 10149
  1129 10149
  1130 10149
  1131 10149
  1132 10149
  1133 10149
  1134 10149
  1135 10149
  1136 10149
  1137 10149
  1138 10149
  1139 10149
  1140 10149
  1141 10149
  1142 10149
  1143 10149
  1144 10149
  1145 10149
  1146 10149
  1147 10149
  1148 10149
  1149 10149
  1150 10071
  1151 10149
  1152 10149
  1153 10149
  1154 10149
  1155 10149
  1156 10149
  1157 10149
  1158 10149
  1159 10149
  1160 10149
  1161 10149
  1162 10149
  1163 10149
  1164 10149
  1165 10149
  1166 10149
  1167 10149
  1168 10149
  1169 10149
  1170 10149
  1171 10149
  1172 10149
  1173 10149
  1174 10071
  1175 10149
  1176 10149
  1177 10149
  1178 10149
  1179 10149
  1180 10149
  1181 10149
  1182 10149
  1183 10149
  1184 10149
  1185 10149
  1186 10149
  1187 10149
  1188 10149
  1189 10149
  1190 10149
  1191 10149
  1192 10149
  1193 10149
  1194 10149
  1195 10149
  1196 10149
  1197 10149
  1198 10149
  1199 10149
  1200 10149
  1201 10149
  1202 10149
  1203 10149
  1204 10149
  1205 10149
  1206 10149
  1207 10149
  1208 10149
  1209 10149
  1210 10149
  1211 10149
  1212 10149
  1213 10149
  1214 10149
  1215 10149
  1216 10149
  1217 10149
  1218 10149
  1219 10149
  1220 10149
  1221 10149
  1222 10149
  1223 10149
  1224 10149
  1225 10149
  1226 10149
  1227 10149
  1228 10149
  1229 10149
  1230 10149
  1231 10149
  1232 10149
  1233 10149
  1234 10149
  1235 10149
  1236 10149
  1237 10149
  1238 10149
  1239 10149
  1240 10149
  1241 10149
  1242 10149
  1243 10149
  1244 10149
  1245 10149
  1246 10149
  1247 10149
  1248 10071
  1249 10149
  1250 10149
  1251 10071
  1252 10149
  1253 10149
  1254 10149
  1255 10149
  1256 10149
  1264 10114
  1265 10104
  1266 10104
  1267 10104
  1268 10104
  1269 10104
  1270 10104
  1271 10104
  1272 10104
  1273 10104
  1274 10104
  1275 10104
  1276 10104
  1277 10104
  1278 10104
  1279 10104
  1280 10104
  1281 10104
  1282 10104
  1283 10104
  1284 10104
  1285 10104
  1286 10104
  1287 10104
  1288 10104
  1289 10104
  1290 10104
  1291 10104
  1292 10104
  1293 10104
  1294 10104
  1295 10104
  1296 10104
  1297 10104
  1298 10104
  1299 10104
  1300 10104
  1301 10104
  1302 10104
  1303 10104
  1304 10104
  1305 10104
  1306 10104
  1307 10104
  1308 10104
  1309 10104
  1310 10104
  1311 10104
  1312 10104
  1313 10104
  1314 10104
  1315 10104
  1316 10104
  1317 10104
  1318 10104
  1319 10104
  1320 10104
  1321 10104
  1322 10104
  1323 10104
  1324 10104
  1325 10104
  1326 10104
  1327 10104
  1328 10104
  1329 10104
  1330 10104
  1331 10104
  1332 10104
  1333 10104
  1334 10104
  1335 10104
  1336 10104
  1337 10104
  1338 10104
  1339 10104
  1340 10104
  1341 10104
  1342 10104
  1343 10104
  1344 10104
  1345 10104
  1346 10104
  1347 10104
  1348 10104
  1349 10104
  1350 10104
  1351 10104
  1352 10104
  1353 10104
  1354 10104
  1355 10104
  1356 10104
  1357 10104
  1358 10104
  1359 10104
  1360 10104
  1361 10104
  1362 10104
  1363 10104
  1364 10104
  1365 10104
  1366 10104
  1367 10104
  1368 10104
  1369 10104
  1370 10104
  1371 10104
  1372 10104
  1373 10104
  1374 10104
  1375 10104
  1376 10104
  1377 10104
  1378 10104
  1379 10104
  1380 10104
  1381 10104
  1382 10104
  1383 10104
  1384 10104
  1385 10104
  1386 10104
  1387 10104
  1388 10104
  1389 10104
  1390 10104
  1391 10104
  1392 10104
  1393 10104
  1394 10104
  1395 10104
  1396 10104
  1397 10104
  1398 10104
  1399 10104
  1400 10104
  1401 10104
  1402 10104
  1403 10104
  1404 10104
  1405 10104
  1406 10104
  1407 10104
  1408 10104
  1409 10104
  1410 10104
  1411 10104
  1412 10104
  1413 10104
  1414 10104
  1415 10104
  1416 10104
  1417 10104
  1418 10104
  1419 10104
  1420 10104
  1421 10104
  1422 10104
  1423 10104
  1424 10104
  1425 10104
  1426 10104
  1427 10104
  1428 10104
  1429 10104
  1430 10104
  1431 10104
  1432 10104
  1433 10104
  1434 10104
  1435 10104
  1436 10104
  1437 10104
  1438 10104
  1439 10104
  1440 10104
  1441 10104
  1442 10104
  1443 10104
  1444 10104
  1445 10104
  1446 10104
  1447 10104
  1448 10104
  1449 10104
  1450 10104
  1451 10104
  1452 10104
  1453 10104
  1454 10104
  1455 10104
  1456 10104
  1457 10104
  1458 10104
  1459 10104
  1460 10104
  1461 10104
  1462 10104
  1463 10104
  1464 10104
  1465 10104
  1466 10104
  1467 10104
  1468 10104
  1469 10104
  1470 10104
  1471 10104
  1472 10104
  1473 10104
  1474 10104
  1475 10104
  1476 10104
  1477 10104
  1478 10104
  1479 10104
  1480 10104
  1481 10104
  1482 10104
  1483 10104
  1484 10104
  1485 10104
  1486 10104
  1487 10104
  1488 10104
  1489 10104
  1490 10104
  1491 10104
  1492 10104
  1493 10104
  1494 10104
  1495 10104
  1496 10104
  1497 10104
  1498 10104
  1499 10104
  1500 10104
  1501 10104
  1505 10055
  1506 10055
  1507 10055
  1508 10018
  1509 10018
  1510 10018
  1511 10018
  1512 10018
  1513 10018
  1514 10018
  1515 10158
  1516 10023
  1517 10158
  1518 10140
  1519 10140
  1520 10140
  1521 10140
  1522 10140
  1523 10140
  1524 10140
  1525 10140
  1526 10140
  1527 10055
  1528 10055
  1529 10055
  1530 10055
  1531 10158
  1532 10158
  1533 10158
  1534 10158
  1535 10158
  1536 10158
  1537 10158
  1538 10158
  1539 10158
  1540 10140
  1541 10158
  1542 10140
  1543 10158
  1544 10140
  1545 10055
  1546 10055
  1547 10018
  1548 10055
  1549 10055
  1550 10101
  1551 10101
  1553 10071
  1554 10071
  1555 10149
  1556 10149
  1557 10149
  1558 10149
  1559 10149
  1560 10149
  1561 10149
  1562 10149
  1563 10054
  1564 10071
  1565 10071
  1566 10071
  1567 10149
  1568 10149
  1569 10149
  1570 10149
  1571 10149
  1572 10071
  1573 10149
  1574 10071
  1575 10071
  1576 10071
  1577 10071
  1578 10071
  1579 10071
  1580 10071
  1581 10149
  1582 10071
  1583 10071
  1584 10071
  1585 10071
  1588 10071
  1589 10071
  1592 10071
  1593 10071
  1594 10071
  1595 10071
  1596 10071
  1597 10071
  1598 10071
  1599 10071
  1600 10071
  1601 10071
  1602 10071
  1603 10071
  1604 10071
  1605 10071
  1606 10071
  1607 10071
  1608 10071
  1609 10071
  1610 10071
  1611 10071
  1612 10071
  1613 10071
  1614 10071
  1615 10071
  1616 10071
  1617 10071
  1618 10071
  1619 10071
  1623 10035
  1627 10020
  1628 10020
  1629 10020
  1630 10020
  1631 10020
  1632 10020
  1633 10020
  1634 10020
  1635 10020
  1636 10020
  1637 10020
  1638 10020
  1639 10020
  1640 10020
  1641 10020
  1642 10020
  1643 10020
  1644 10020
  1645 10020
  1646 10020
  1647 10020
  1648 10020
  1649 10020
  1650 10020
  1651 10020
  1652 10020
  1653 10020
  1654 10020
  1655 10020
  1656 10020
  1657 10020
  1658 10020
  1659 10020
  1660 10020
  1661 10020
  1662 10020
  1663 10020
  1664 10020
  1665 10020
  1666 10020
  1667 10020
  1668 10020
  1669 10020
  1670 10020
  1671 10020
  1672 10020
  1673 10020
  1674 10020
  1675 10020
  1676 10020
  1677 10020
  1678 10020
  1679 10020
  1680 10020
  1681 10020
  1682 10020
  1683 10020
  1684 10020
  1685 10020
  1686 10020
  1687 10020
  1688 10020
  1689 10020
  1690 10020
  1691 10020
  1692 10020
  1693 10020
  1694 10020
  1695 10020
  1696 10020
  1697 10020
  1698 10020
  1699 10020
  1700 10020
  1701 10020
  1702 10020
  1703 10020
  1704 10020
  1705 10020
  1706 10020
  1707 10020
  1708 10020
  1709 10020
  1710 10020
  1711 10020
  1712 10020
  1713 10020
  1714 10020
  1715 10020
  1716 10020
  1717 10020
  1718 10020
  1719 10020
  1720 10020
  1721 10020
  1722 10020
  1723 10020
  1724 10020
  1725 10020
  1726 10020
  1727 10020
  1728 10020
  1729 10020
  1730 10020
  1731 10020
  1732 10020
  1733 10020
  1734 10020
  1735 10020
  1736 10020
  1737 10020
  1738 10020
  1739 10020
  1740 10020
  1741 10020
  1742 10020
  1743 10020
  1744 10020
  1745 10020
  1746 10020
  1747 10020
  1748 10020
  1749 10020
  1750 10020
  1751 10020
  1752 10020
  1753 10020
  1754 10020
  1755 10020
  1756 10020
  1757 10020
  1758 10020
  1759 10020
  1760 10020
  1761 10020
  1762 10020
  1763 10020
  1764 10020
  1765 10020
  1766 10020
  1767 10020
  1768 10020
  1769 10020
  1770 10020
  1771 10020
  1772 10020
  1773 10020
  1774 10020
  1775 10020
  1776 10020
  1777 10020
  1778 10020
  1779 10020
  1780 10020
  1781 10020
  1782 10020
  1783 10020
  1784 10020
  1785 10020
  1786 10020
  1787 10020
  1788 10020
  1789 10020
  1790 10020
  1791 10020
  1792 10020
  1793 10020
  1794 10020
  1795 10020
  1796 10020
  1797 10020
  1798 10020
  1799 10020
  1800 10020
  1801 10020
  1802 10020
  1803 10020
  1804 10020
  1805 10020
  1806 10020
  1807 10020
  1808 10020
  1809 10020
  1810 10020
  1811 10020
  1812 10020
  1813 10020
  1814 10020
  1815 10020
  1816 10020
  1817 10020
  1818 10020
  1819 10020
  1820 10020
  1821 10020
  1822 10020
  1823 10020
  1824 10020
  1825 10020
  1826 10020
  1827 10020
  1828 10020
  1829 10020
  1830 10020
  1831 10020
  1832 10020
  1833 10020
  1834 10020
  1835 10020
  1836 10020
  1837 10020
  1838 10020
  1839 10020
  1840 10020
  1841 10020
  1842 10020
  1843 10020
  1844 10020
  1845 10020
  1846 10020
  1847 10020
  1848 10020
  1849 10020
  1850 10020
  1851 10020
  1852 10020
  1853 10020
  1854 10020
  1855 10020
  1856 10020
  1857 10151
  1858 10011
  1859 10011
  1860 10011
  1861 10011
  1862 10011
  1863 10011
  1864 10011
  1865 10011
  1866 10011
  1867 10011
  1868 10011
  1869 10011
  1870 10011
  1871 10011
  1872 10011
  1873 10011
  1874 10011
  1875 10011
  1876 10011
  1877 10011
  1878 10011
  1879 10011
  1880 10011
  1881 10011
  1882 10011
  1883 10011
  1884 10011
  1885 10011
  1886 10011
  1887 10011
  1888 10011
  1889 10011
  1890 10011
  1891 10011
  1892 10011
  1893 10011
  1894 10011
  1895 10011
  1896 10011
  1897 10011
  1898 10011
  1899 10011
  1900 10011
  1901 10011
  1902 10011
  1903 10011
  1904 10011
  1905 10011
  1906 10011
  1907 10011
  1908 10011
  1909 10011
  1910 10011
  1911 10011
  1912 10011
  1913 10011
  1914 10011
  1915 10011
  1916 10011
  1917 10011
  1918 10011
  1919 10011
  1920 10011
  1921 10011
  1922 10011
  1923 10011
  1924 10011
  1925 10011
  1926 10011
  1927 10011
  1928 10011
  1929 10011
  1930 10011
  1931 10011
  1932 10011
  1933 10011
  1934 10011
  1935 10011
  1936 10011
  1937 10011
  1938 10011
  1939 10011
  1940 10011
  1941 10011
  1942 10011
  1943 10011
  1944 10011
  1945 10011
  1946 10011
  1947 10011
  1948 10011
  1949 10011
  1950 10011
  1951 10011
  1952 10011
  1953 10011
  1954 10011
  1955 10011
  1956 10011
  1957 10011
  1958 10011
  1959 10011
  1960 10011
  1961 10011
  1962 10011
  1963 10011
  1964 10011
  1965 10011
  1966 10011
  1967 10011
  1968 10011
  1969 10011
  1970 10011
  1971 10011
  1972 10011
  1973 10011
  1974 10011
  1975 10011
  1976 10011
  1977 10011
  1978 10011
  1979 10011
  1980 10011
  1981 10011
  1982 10011
  1983 10011
  1984 10011
  1985 10011
  1986 10011
  1987 10011
  1988 10011
  1989 10011
  1990 10011
  1991 10011
  1992 10011
  1993 10011
  1994 10011
  1995 10011
  1996 10011
  1997 10011
  1998 10011
  1999 10011
  2000 10011
  2001 10011
  2002 10011
  2003 10011
  2004 10011
  2005 10011
  2006 10011
  2007 10011
  2008 10011
  2009 10011
  2010 10011
  2011 10011
  2012 10011
  2013 10011
  2014 10011
  2015 10011
  2016 10011
  2017 10011
  2018 10011
  2019 10011
  2020 10011
  2021 10011
  2022 10011
  2023 10011
  2024 10011
  2025 10011
  2032 10154
