   680 10090
   681 10090
   682 10090
   683 10090
   684 10090
   685 10090
   686 10090
   687 10090
   688 10090
   689 10090
   690 10090
   691 10090
   692 10090
   693 10090
   694 10090
   695 10090
   696 10090
   697 10090
   698 10090
   699 10090
   700 10090
   701 10090
   702 10090
   703 10090
   704 10090
   705 10090
   706 10090
   707 10090
   708 10090
   709 10090
   710 10090
   711 10090
   712 10090
   713 10090
   714 10090
   715 10090
   716 10090
   717 10090
   718 10090
   719 10090
   720 10090
   721 10090
   722 10090
   723 10090
   724 10090
   725 10090
   726 10090
   727 10090
   728 10090
   729 10090
   730 10090
   731 10090
   732 10090
   733 10090
   734 10090
   735 10090
   736 10090
   737 10090
   738 10090
   739 10090
   740 10090
   741 10090
   742 10090
   743 10090
   744 10090
   745 10090
   746 10090
   747 10090
   748 10090
   749 10090
   750 10090
   751 10090
   752 10090
   753 10090
   754 10090
   755 10090
   756 10090
   757 10090
   758 10090
   759 10090
   760 10090
   761 10090
   762 10090
   763 10090
   764 10090
   765 10090
   766 10090
   767 10090
   768 10090
   769 10090
   770 10090
   771 10090
   772 10090
   773 10090
   774 10090
   775 10090
   776 10090
   777 10090
   778 10090
   779 10090
   780 10090
   781 10090
   782 10090
   783 10090
   784 10090
   785 10149
   786 10080
   787 10080
   788 10080
   789 10080
   790 10080
   791 10087
   792 10087
   793 10087
   794 10087
   795 10087
   796 10087
   799 10090
   800 10090
   801 10090
   802 10123
   803 10123
   805 10141
   817 10106
   819 10040
   820 10040
   822 10090
   823 10090
   824 10090
   825 10090
   826 10090
   827 10090
   828 10090
   829 10090
   830 10090
   831 10090
   832 10090
   833 10090
   834 10090
   835 10090
   836 10090
   837 10090
   838 10090
   839 10090
   840 10090
   841 10090
   842 10090
   843 10090
   844 10090
   845 10090
   846 10090
   847 10090
   848 10090
   849 10090
   850 10090
   851 10090
   852 10090
   853 10090
   854 10090
   855 10090
   856 10090
   857 10090
   858 10090
   859 10090
   860 10090
   861 10090
   862 10090
   863 10090
   864 10090
   865 10090
   866 10090
   867 10090
   868 10090
   869 10090
   870 10090
   871 10090
   872 10090
   873 10090
   874 10090
   875 10090
   876 10090
   877 10090
   878 10090
   879 10090
   880 10090
   881 10090
   882 10090
   883 10090
   884 10090
   885 10090
   886 10090
   887 10090
   888 10090
   889 10090
   890 10070
   891 10070
   892 10070
   893 10070
   894 10090
   895 10090
   896 10090
   897 10090
   898 10090
   899 10090
   900 10090
   901 10090
   902 10090
   903 10090
   904 10090
   905 10090
   906 10090
   907 10090
   908 10090
   909 10090
   910 10090
   911 10090
   913 10039
   914 10039
   915 10039
   916 10039
   917 10039
   930 10090
   931 10090
   932 10090
   933 10090
   934 10090
   935 10090
   936 10090
   937 10090
   938 10090
   939 10090
   940 10090
   941 10090
   942 10090
   943 10090
   944 10090
   945 10090
   946 10090
   947 10090
   948 10090
   949 10090
   950 10090
   951 10090
   952 10090
   953 10090
   954 10090
   955 10090
   956 10090
   957 10090
   992 10063
   993 10063
   994 10070
   995 10063
   996 10063
  1026 10090
  1027 10090
  1028 10090
  1029 10090
  1030 10090
  1031 10090
  1032 10090
  1033 10090
  1034 10090
  1035 10090
  1036 10090
  1037 10090
  1038 10090
  1039 10090
  1040 10090
  1041 10090
  1042 10090
  1043 10090
  1044 10090
  1045 10090
  1046 10090
  1047 10090
  1048 10090
  1049 10090
  1050 10090
  1051 10090
  1052 10090
  1053 10090
  1054 10090
  1055 10090
  1056 10090
  1057 10090
  1058 10090
  1059 10090
  1060 10090
  1061 10090
  1062 10090
  1063 10090
  1064 10090
  1065 10090
  1066 10090
  1067 10090
  1068 10090
  1069 10090
  1070 10090
  1071 10090
  1072 10090
  1073 10090
  1074 10090
  1075 10090
  1076 10090
  1077 10090
  1078 10090
  1079 10090
  1080 10090
  1081 10090
  1082 10090
  1083 10090
  1084 10090
  1085 10090
  1086 10090
  1087 10090
  1088 10090
  1089 10090
  1090 10090
  1091 10090
  1092 10090
  1093 10090
  1094 10090
  1095 10090
  1096 10090
  1097 10090
  1098 10090
  1099 10090
  1100 10090
  1101 10090
  1102 10090
  1103 10090
  1104 10090
  1105 10090
  1106 10090
  1107 10090
  1108 10090
  1109 10090
  1110 10090
  1111 10090
  1112 10090
  1113 10090
  1114 10090
  1115 10090
  1116 10090
  1117 10090
  1118 10090
  1119 10090
  1120 10090
  1121 10090
  1122 10090
  1123 10090
  1124 10090
  1125 10090
  1126 10090
  1127 10090
  1128 10090
  1129 10090
  1130 10090
  1131 10090
  1132 10090
  1133 10090
  1134 10090
  1135 10090
  1136 10090
  1137 10090
  1138 10090
  1139 10090
  1140 10090
  1141 10090
  1142 10090
  1143 10090
  1144 10090
  1145 10090
  1146 10090
  1147 10090
  1148 10090
  1149 10090
  1150 10090
  1151 10090
  1152 10090
  1153 10090
  1154 10090
  1155 10090
  1156 10090
  1157 10090
  1158 10090
  1159 10090
  1160 10090
  1161 10090
  1162 10090
  1163 10090
  1164 10090
  1165 10090
  1166 10090
  1167 10090
  1168 10090
  1169 10090
  1170 10090
  1171 10090
  1172 10090
  1173 10090
  1174 10090
  1175 10090
  1176 10090
  1177 10090
  1178 10090
  1179 10090
  1180 10090
  1181 10090
  1182 10090
  1183 10090
  1184 10090
  1185 10090
  1186 10090
  1187 10090
  1188 10090
  1189 10090
  1190 10090
  1191 10090
  1192 10090
  1193 10090
  1194 10090
  1195 10090
  1196 10090
  1197 10090
  1198 10090
  1199 10090
  1200 10090
  1201 10090
  1202 10090
  1203 10090
  1204 10090
  1205 10090
  1206 10090
  1207 10090
  1208 10090
  1209 10090
  1210 10090
  1211 10090
  1212 10090
  1213 10090
  1214 10090
  1215 10090
  1216 10090
  1217 10090
  1218 10090
  1219 10090
  1220 10090
  1221 10090
  1222 10090
  1223 10090
  1224 10090
  1225 10090
  1226 10090
  1227 10090
  1228 10090
  1229 10090
  1230 10090
  1231 10090
  1232 10090
  1233 10090
  1234 10090
  1235 10090
  1236 10090
  1237 10090
  1238 10090
  1239 10090
  1240 10090
  1241 10090
  1242 10090
  1243 10090
  1244 10090
  1245 10090
  1246 10090
  1247 10090
  1248 10090
  1249 10090
  1250 10090
  1251 10090
  1252 10090
  1253 10090
  1254 10090
  1255 10090
  1256 10090
  1257 10090
  1258 10090
  1259 10090
  1260 10090
  1261 10090
  1262 10090
  1263 10090
  1264 10090
  1265 10090
  1266 10090
  1267 10090
  1268 10090
  1269 10090
  1270 10090
  1271 10090
  1272 10090
  1273 10090
  1274 10090
  1275 10090
  1276 10090
  1277 10090
  1278 10090
  1279 10090
  1280 10090
  1281 10090
  1282 10090
  1283 10090
  1284 10090
  1285 10090
  1286 10090
  1287 10090
  1288 10090
  1289 10090
  1290 10090
  1291 10090
  1292 10090
  1293 10090
  1294 10090
  1295 10090
  1296 10090
  1297 10090
  1298 10090
  1299 10090
  1300 10090
  1301 10090
  1302 10090
  1303 10090
  1304 10090
  1305 10090
  1306 10090
  1307 10090
  1308 10090
  1309 10090
  1310 10090
  1311 10090
  1312 10090
  1313 10090
  1314 10090
  1315 10090
  1316 10090
  1317 10090
  1318 10090
  1319 10090
  1320 10090
  1321 10090
  1322 10090
  1323 10090
  1324 10090
  1325 10090
  1326 10090
  1327 10090
  1328 10090
  1329 10090
  1330 10090
  1331 10090
  1332 10090
  1333 10090
  1334 10090
  1335 10090
  1336 10090
  1337 10090
  1338 10090
  1339 10090
  1340 10090
  1341 10090
  1342 10090
  1343 10090
  1344 10090
  1345 10090
  1346 10090
  1347 10090
  1348 10090
  1349 10090
  1350 10090
  1351 10090
  1352 10090
  1353 10090
  1354 10090
  1355 10090
  1356 10090
  1357 10090
  1358 10090
  1359 10090
  1360 10090
  1361 10090
  1362 10090
  1363 10090
  1364 10090
  1365 10090
  1366 10090
  1367 10090
  1368 10090
  1369 10090
  1370 10090
  1371 10090
  1372 10090
  1373 10090
  1374 10090
  1375 10090
  1376 10090
  1377 10090
  1378 10090
  1379 10090
  1380 10090
  1381 10090
  1382 10090
  1383 10090
  1384 10090
  1385 10090
  1386 10090
  1387 10090
  1388 10090
  1389 10090
  1390 10090
  1391 10090
  1392 10090
  1393 10090
  1394 10090
  1395 10090
  1396 10090
  1397 10090
  1398 10090
  1399 10090
  1400 10090
  1401 10090
  1402 10090
  1403 10090
  1404 10090
  1405 10090
  1406 10090
  1407 10090
  1408 10090
  1409 10090
  1410 10090
  1411 10090
  1412 10090
  1413 10090
  1414 10090
  1415 10090
  1416 10090
  1417 10090
  1418 10090
  1419 10090
  1420 10090
  1421 10090
  1422 10090
  1423 10090
  1424 10090
  1425 10090
  1426 10090
  1427 10090
  1428 10090
  1429 10090
  1430 10090
  1431 10090
  1432 10090
  1433 10090
  1434 10090
  1435 10090
  1436 10090
  1437 10090
  1438 10090
  1439 10090
  1440 10090
  1441 10090
  1442 10090
  1443 10090
  1444 10090
  1445 10090
  1446 10090
  1447 10090
  1448 10090
  1449 10090
  1450 10090
  1451 10090
  1452 10090
  1453 10090
  1454 10090
  1455 10090
  1456 10090
  1457 10090
  1458 10090
  1459 10090
  1460 10090
  1461 10090
  1462 10090
  1463 10090
  1464 10090
  1465 10090
  1466 10090
  1467 10090
  1468 10090
  1469 10090
  1470 10090
  1471 10090
  1472 10090
  1473 10090
  1474 10090
  1475 10090
  1476 10090
  1477 10090
  1478 10090
  1479 10090
  1480 10090
  1481 10090
  1482 10090
  1483 10090
  1484 10090
  1485 10090
  1486 10090
  1487 10090
  1488 10090
  1489 10090
  1490 10090
  1491 10090
  1492 10090
  1493 10090
  1494 10090
  1495 10090
  1496 10090
  1497 10090
  1498 10090
  1499 10090
  1500 10090
  1546 10090
  1547 10090
  1548 10090
  1549 10090
  1551 10080
  1552 10080
  1553 10071
  1554 10071
  1555 10071
  1556 10071
  1560 10100
  1561 10100
  1562 10100
  1563 10101
  1564 10101
  1565 10101
  1569 10055
  1570 10055
  1571 10055
  1572 10055
  1573 10018
  1574 10055
  1575 10140
  1576 10018
  1577 10106
  1578 10106
  1579 10106
  1580 10106
  1581 10106
  1582 10106
  1583 10106
  1584 10106
  1585 10106
  1586 10106
  1587 10106
  1588 10106
  1589 10106
  1590 10106
  1591 10106
  1592 10106
  1593 10106
  1594 10106
  1595 10106
  1596 10106
  1597 10106
  1598 10106
  1599 10106
  1600 10106
  1601 10106
  1602 10106
  1603 10106
  1604 10106
  1605 10106
  1606 10106
  1607 10106
  1608 10106
  1609 10106
  1610 10106
  1611 10106
  1612 10106
  1613 10106
  1614 10106
  1615 10106
  1616 10055
  1617 10106
  1618 10055
  1619 10055
  1620 10106
  1621 10106
  1622 10106
  1623 10106
  1624 10106
  1625 10106
  1626 10106
  1627 10106
  1628 10106
  1630 10055
  1631 10055
  1632 10106
  1633 10106
  1634 10106
  1635 10106
  1636 10106
  1637 10106
  1638 10106
  1639 10106
  1640 10106
  1641 10106
  1642 10106
  1643 10106
  1644 10098
  1645 10098
  1646 10098
  1647 10098
  1650 10141
  1653 10043
  1654 10043
  1655 10043
  1656 10043
  1858 10080
  1859 10080
  1860 10080
  1861 10080
  1863 10090
  1864 10090
  1865 10039
  1866 10090
  1867 10090
  1868 10090
  1869 10090
  1870 10090
  1871 10090
  1872 10090
  1873 10090
  1874 10090
  1875 10090
  1876 10090
  1877 10090
  1878 10090
  1879 10090
  1880 10090
  1881 10090
  1882 10090
  1883 10090
  1884 10090
  1885 10090
  1886 10090
  1887 10090
  1888 10090
  1889 10090
  1890 10090
  1891 10090
  1892 10090
  1893 10090
  1894 10090
  1895 10090
  1896 10090
  1897 10090
  1898 10090
  1899 10090
  1900 10090
  1901 10090
  1902 10090
  1903 10090
  1904 10090
  1905 10090
  1906 10090
  1907 10090
  1908 10090
  1909 10090
  1910 10090
  1911 10090
  1912 10090
  1913 10090
  1914 10090
  1915 10090
  1916 10090
  1917 10090
  1918 10090
  1919 10090
  1920 10090
  1921 10090
  1922 10090
  1923 10090
  1924 10090
  1925 10090
  1926 10090
  1927 10090
  1928 10090
  1929 10090
  1930 10090
  1931 10090
  1932 10090
  1933 10090
  1934 10090
  1935 10090
  1936 10090
  1937 10090
  1938 10090
  1939 10090
  1940 10090
  1941 10090
  1942 10090
  1943 10090
  1944 10090
  1945 10090
  1946 10090
  1947 10090
  1948 10090
  1949 10090
  1950 10090
  1951 10090
  1952 10090
  1953 10090
  1954 10090
  1955 10090
  1956 10090
  1957 10090
  1958 10090
  1959 10090
  1960 10090
  1961 10090
  1962 10090
  1963 10090
  1964 10090
  1965 10090
  1966 10090
  1967 10090
  1968 10090
  1969 10090
  1970 10090
  1971 10090
  1972 10090
  1973 10090
  1974 10090
  1975 10090
  1976 10090
  1977 10090
  1978 10090
  1979 10090
  1980 10090
  1981 10090
  1982 10090
  1983 10090
  1984 10090
  1985 10090
  1986 10090
  1987 10090
  1988 10090
  1989 10090
  1990 10090
  1991 10090
  1992 10090
  1993 10090
  1994 10090
  1995 10090
  1996 10090
  1997 10090
  1998 10090
  1999 10090
  2000 10090
  2001 10090
  2002 10090
  2003 10090
  2004 10090
  2005 10090
  2006 10090
  2007 10090
  2008 10090
  2009 10090
  2010 10090
  2011 10090
  2012 10090
  2013 10090
  2014 10090
  2015 10090
  2016 10090
  2017 10090
  2018 10090
  2019 10090
  2020 10090
  2021 10090
  2022 10090
  2023 10090
  2024 10090
  2025 10090
  2026 10090
  2027 10090
  2028 10090
  2029 10039
