   603 10028
   604 10028
   605 10028
   606 10028
   609 10028
   610 10028
   611 10028
   612 10028
   613 10028
   614 10028
   615 10028
   616 10028
   617 10028
   618 10028
   619 10028
   620 10028
   621 10028
   622 10028
   623 10028
   624 10028
   628 10028
   629 10028
   630 10028
   631 10002
   632 10002
   633 10002
   634 10094
   635 10094
   636 10094
   637 10094
   638 10094
   639 10106
   640 10098
   641 10098
   642 10098
   643 10140
   644 10140
   645 10140
   646 10140
   647 10140
   650 10040
   651 10040
   652 10040
   653 10134
   660 10159
   661 10159
   662 10066
   664 10028
   665 10028
   666 10028
   667 10028
   668 10028
   669 10028
   670 10028
   671 10028
   672 10028
   673 10028
   674 10028
   675 10028
   676 10028
   677 10028
   678 10028
   679 10028
   680 10028
   681 10028
   682 10028
   683 10028
   684 10028
   685 10028
   686 10028
   687 10028
   688 10028
   689 10028
   690 10028
   691 10028
   692 10028
   693 10028
   694 10028
   695 10028
   696 10028
   697 10045
   698 10045
   699 10045
   700 10028
   701 10028
   702 10028
   703 10028
   704 10028
   705 10028
   706 10028
   707 10028
   708 10028
   709 10028
   710 10028
   711 10028
   712 10028
   713 10028
   714 10028
   715 10028
   716 10028
   717 10028
   718 10028
   719 10028
   720 10028
   721 10028
   722 10028
   723 10028
   724 10028
   725 10028
   726 10028
   727 10028
   728 10028
   729 10028
   730 10028
   731 10028
   732 10028
   733 10028
   738 10094
   739 10080
   740 10080
   741 10080
   742 10080
   743 10080
   745 10028
   746 10028
   747 10028
   748 10028
   749 10028
   750 10028
   751 10028
   752 10028
   753 10028
   754 10028
   755 10028
   756 10028
   757 10028
   758 10028
   759 10028
   760 10028
   761 10028
   762 10028
   763 10028
   764 10028
   765 10028
   766 10028
   767 10028
   768 10028
   769 10028
   770 10028
   771 10028
   772 10028
   773 10028
   774 10028
   775 10028
   776 10028
   777 10028
   779 10028
   780 10028
   781 10028
   782 10028
   783 10028
   784 10028
   785 10028
   786 10028
   787 10028
   788 10028
   792 10028
   793 10028
   794 10028
   795 10028
   796 10028
   797 10028
   799 10066
   801 10028
   802 10028
   803 10028
   804 10028
   805 10028
   806 10028
   807 10028
   808 10028
   809 10028
   810 10028
   811 10028
   812 10028
   813 10028
   814 10028
   816 10028
   820 10028
   821 10020
   822 10020
   823 10028
   824 10028
   825 10028
   826 10028
   827 10028
   828 10028
   829 10028
   830 10028
   831 10028
   832 10028
   833 10028
   834 10028
   835 10028
   836 10028
   837 10028
   838 10028
   839 10028
   840 10028
   841 10028
   842 10028
   843 10028
   844 10028
   845 10028
   846 10028
   847 10028
   848 10028
   849 10028
   850 10028
   851 10028
   852 10028
   853 10028
   854 10028
   855 10028
   856 10028
   861 10028
   862 10028
   863 10028
   864 10028
   865 10028
   866 10028
   867 10028
   868 10028
   869 10028
   870 10028
   871 10028
   872 10028
   873 10028
   874 10028
   875 10028
   876 10028
   877 10028
   890 10028
   891 10028
   892 10028
   893 10028
   894 10028
   895 10028
   896 10028
   897 10028
   898 10028
   899 10028
   900 10028
   901 10028
   902 10028
   903 10028
   904 10020
   905 10020
   906 10028
   907 10028
   908 10028
   909 10028
   910 10028
   911 10028
   912 10028
   913 10028
   914 10028
   919 10028
   920 10028
   921 10028
   922 10028
   923 10028
   924 10028
   925 10028
   926 10028
   927 10020
   928 10020
   929 10028
   931 10028
   932 10028
   933 10028
   934 10028
   936 10028
   938 10028
   939 10028
   940 10028
   941 10020
   942 10028
   943 10028
   944 10028
   945 10028
   946 10028
   947 10028
   948 10028
   949 10028
   950 10028
   951 10028
   952 10028
   953 10028
   954 10028
   955 10028
   956 10028
   957 10028
   958 10028
   959 10028
   962 10028
   963 10028
   964 10028
   965 10028
   966 10028
   967 10028
   968 10028
   969 10028
   970 10028
   971 10028
   972 10028
   973 10028
   974 10028
   975 10028
   976 10028
   977 10028
   978 10028
   979 10028
   980 10028
   981 10066
   982 10028
   983 10028
   984 10028
   985 10066
   986 10066
   987 10028
   988 10028
   989 10028
   990 10028
   991 10028
   992 10028
   993 10028
   994 10028
   995 10066
   996 10028
   998 10028
   999 10028
  1000 10028
  1001 10028
  1002 10028
  1003 10028
  1004 10028
  1005 10028
  1006 10028
  1007 10028
  1008 10028
  1009 10028
  1010 10066
  1011 10028
  1012 10028
  1013 10028
  1014 10028
  1015 10072
  1016 10028
  1017 10082
  1018 10028
  1019 10028
  1020 10028
  1021 10028
  1022 10028
  1023 10028
  1024 10072
  1025 10072
  1026 10028
  1027 10028
  1030 10020
  1032 10028
  1033 10028
  1034 10020
  1036 10066
  1037 10066
  1038 10028
  1043 10028
  1044 10028
  1045 10028
  1046 10028
  1047 10028
  1048 10028
  1049 10028
  1052 10020
  1060 10028
  1062 10020
  1067 10020
  1068 10028
  1069 10028
  1070 10028
  1071 10028
  1072 10028
  1073 10028
  1074 10028
  1075 10028
  1076 10028
  1077 10028
  1078 10028
  1079 10028
  1080 10041
  1081 10041
  1082 10028
  1083 10028
  1084 10028
  1085 10028
  1086 10028
  1087 10028
  1088 10028
  1089 10028
  1090 10028
  1091 10020
  1092 10020
  1093 10020
  1094 10020
  1095 10028
  1096 10020
  1097 10020
  1098 10020
  1099 10020
  1100 10066
  1101 10028
  1102 10028
  1103 10028
  1104 10066
  1105 10066
  1106 10020
  1107 10028
  1108 10028
  1109 10028
  1110 10028
  1111 10028
  1112 10028
  1113 10028
  1114 10028
  1115 10028
  1116 10028
  1117 10028
  1118 10028
  1119 10028
  1120 10028
  1121 10028
  1122 10028
  1126 10028
  1127 10028
  1128 10020
  1129 10028
  1130 10028
  1131 10028
  1132 10028
  1133 10028
  1134 10028
  1135 10028
  1136 10028
  1137 10028
  1138 10028
  1139 10028
  1140 10028
  1141 10028
  1142 10028
  1143 10028
  1144 10028
  1146 10020
  1147 10020
  1148 10020
  1149 10066
  1150 10066
  1151 10028
  1152 10028
  1153 10028
  1154 10020
  1155 10020
  1156 10020
  1157 10020
  1158 10028
  1159 10028
  1160 10028
  1161 10028
  1162 10028
  1164 10020
  1171 10028
  1172 10028
  1176 10028
  1177 10028
  1178 10028
  1179 10028
  1180 10028
  1181 10028
  1182 10028
  1183 10028
  1184 10028
  1185 10028
  1186 10028
  1187 10028
  1188 10066
  1189 10028
  1190 10028
  1196 10071
  1199 10002
  1200 10028
  1201 10020
  1202 10028
  1203 10028
  1204 10028
  1205 10028
  1206 10066
  1207 10066
  1208 10066
  1209 10066
  1210 10066
  1213 10028
  1214 10028
  1215 10028
  1216 10028
  1217 10028
  1218 10028
  1219 10028
  1220 10028
  1221 10066
  1222 10066
  1223 10066
  1224 10066
  1225 10028
  1226 10028
  1227 10028
  1228 10028
  1229 10028
  1230 10028
  1231 10028
  1232 10028
  1233 10028
  1234 10066
  1235 10066
  1236 10066
  1237 10066
  1238 10066
  1239 10066
  1240 10028
  1241 10028
  1242 10066
  1243 10066
  1244 10066
  1245 10066
  1246 10066
  1247 10066
  1248 10066
  1249 10066
  1250 10028
  1251 10028
  1252 10028
  1253 10028
  1254 10028
  1255 10028
  1256 10082
  1257 10028
  1258 10028
  1259 10028
  1260 10028
  1261 10028
  1262 10028
  1263 10028
  1264 10028
  1265 10028
  1266 10028
  1267 10028
  1268 10028
  1269 10075
  1270 10028
  1271 10028
  1272 10028
  1273 10028
  1274 10028
  1275 10028
  1276 10028
  1277 10028
  1278 10028
  1279 10028
  1280 10028
  1281 10028
  1282 10028
  1283 10028
  1284 10028
  1285 10028
  1286 10028
  1287 10028
  1288 10028
  1289 10028
  1290 10028
  1291 10028
  1292 10028
  1293 10028
  1294 10028
  1295 10028
  1296 10028
  1297 10028
  1298 10028
  1299 10028
  1300 10028
  1301 10028
  1302 10028
  1303 10028
  1304 10028
  1305 10028
  1306 10028
  1307 10028
  1308 10028
  1309 10028
  1310 10028
  1311 10028
  1312 10028
  1315 10028
  1316 10028
  1317 10028
  1318 10028
  1319 10028
  1320 10028
  1321 10028
  1322 10028
  1323 10028
  1324 10028
  1325 10028
  1326 10028
  1327 10028
  1328 10028
  1329 10028
  1330 10028
  1331 10028
  1332 10028
  1333 10028
  1334 10028
  1335 10028
  1336 10028
  1337 10028
  1338 10028
  1339 10028
  1340 10028
  1341 10028
  1342 10028
  1343 10028
  1345 10028
  1346 10028
  1347 10028
  1348 10028
  1349 10028
  1350 10028
  1351 10028
  1352 10028
  1353 10028
  1354 10028
  1355 10028
  1356 10028
  1357 10028
  1358 10028
  1359 10028
  1362 10028
  1363 10028
  1364 10028
  1365 10028
  1366 10072
  1367 10028
  1368 10028
  1369 10066
  1370 10028
  1371 10028
  1372 10028
  1373 10028
  1374 10028
  1375 10028
  1376 10028
  1377 10028
  1378 10072
  1379 10028
  1380 10028
  1381 10028
  1382 10028
  1383 10028
  1384 10028
  1388 10164
  1389 10088
  1390 10088
  1391 10088
  1392 10088
  1393 10078
  1394 10078
  1395 10078
  1396 10078
  1397 10078
  1398 10078
  1399 10078
  1400 10018
  1401 10018
  1402 10018
  1403 10018
  1404 10018
  1405 10040
  1406 10040
  1407 10018
  1409 10018
  1410 10018
  1411 10018
  1412 10018
  1413 10106
  1415 10106
  1416 10106
  1417 10106
  1418 10106
  1419 10106
  1420 10106
  1421 10106
  1422 10106
  1423 10106
  1424 10106
  1425 10106
  1426 10106
  1427 10106
  1428 10106
  1429 10106
  1430 10106
  1431 10106
  1432 10106
  1433 10106
  1434 10106
  1435 10106
  1436 10106
  1437 10106
  1438 10106
  1439 10106
  1440 10106
  1441 10106
  1442 10106
  1443 10106
  1444 10106
  1445 10106
  1446 10106
  1447 10106
  1448 10106
  1449 10106
  1450 10106
  1451 10106
  1452 10106
  1453 10106
  1454 10106
  1455 10106
  1456 10106
  1457 10106
  1458 10106
  1459 10106
  1460 10106
  1461 10106
  1462 10106
  1463 10106
  1464 10106
  1465 10106
  1466 10106
  1467 10106
  1468 10106
  1469 10106
  1470 10106
  1471 10106
  1472 10106
  1473 10106
  1474 10106
  1475 10106
  1476 10106
  1477 10106
  1478 10106
  1479 10106
  1480 10106
  1481 10106
  1482 10106
  1483 10106
  1484 10106
  1485 10018
  1486 10018
  1487 10158
  1489 10106
  1490 10106
  1493 10094
  1494 10094
  1495 10094
  1496 10094
  1497 10094
  1498 10094
  1499 10094
  1500 10094
  1501 10094
  1502 10094
  1503 10094
  1504 10046
  1505 10046
  1506 10046
  1507 10046
  1509 10028
  1510 10028
  1511 10028
  1512 10028
  1516 10020
  1517 10020
  1519 10028
  1520 10028
  1521 10020
  1522 10028
  1523 10028
  1524 10028
  1525 10028
  1526 10028
  1527 10028
  1529 10020
  1533 10028
  1534 10028
  1535 10028
  1536 10028
  1537 10028
  1538 10028
  1539 10028
  1540 10028
  1541 10028
  1542 10028
  1543 10028
  1544 10028
  1545 10028
  1546 10028
  1547 10028
  1548 10028
  1549 10028
  1550 10028
  1551 10028
  1552 10028
  1553 10028
  1554 10028
  1555 10028
  1556 10028
  1557 10028
  1558 10028
  1559 10028
  1560 10028
  1561 10028
  1562 10028
  1563 10028
  1564 10028
  1565 10028
  1566 10028
  1567 10028
  1568 10028
  1569 10028
  1570 10020
  1571 10066
  1572 10066
  1573 10028
  1574 10066
  1575 10020
  1577 10066
  1579 10028
  1580 10020
  1581 10020
  1584 10020
  1586 10028
  1587 10028
  1588 10066
  1589 10028
  1590 10028
  1591 10028
  1598 10028
  1599 10028
  1600 10028
  1601 10028
  1602 10028
  1603 10028
  1604 10020
  1605 10028
  1606 10028
  1607 10028
  1608 10066
  1611 10020
  1612 10020
  1613 10020
  1617 10066
  1618 10066
  1619 10066
  1620 10066
  1621 10028
  1622 10028
  1623 10028
  1624 10028
  1625 10028
  1627 10028
  1628 10028
  1629 10020
  1630 10020
  1632 10028
  1633 10028
  1639 10028
  1640 10028
  1648 10020
  1649 10020
  1657 10020
  1658 10020
  1660 10028
  1661 10028
  1673 10020
  1674 10066
  1676 10028
  1677 10028
  1678 10028
  1679 10028
  1680 10028
  1681 10020
  1682 10028
  1683 10028
  1684 10028
  1685 10028
  1686 10028
  1687 10028
  1689 10028
  1690 10028
  1691 10028
  1692 10028
  1693 10028
  1694 10028
  1695 10028
  1696 10028
  1697 10028
  1698 10028
  1699 10028
  1704 10028
  1705 10028
  1706 10020
  1707 10028
  1708 10028
  1709 10028
  1710 10028
  1711 10020
  1712 10028
  1713 10028
  1714 10028
  1715 10028
  1716 10028
  1717 10028
  1718 10028
  1719 10028
  1720 10028
  1721 10066
  1722 10066
  1723 10020
  1724 10066
  1725 10028
  1726 10028
  1727 10028
  1728 10028
  1729 10028
  1730 10020
  1731 10020
  1732 10066
  1733 10066
  1734 10066
  1735 10066
  1736 10066
  1737 10066
  1738 10020
  1742 10020
  1743 10028
  1744 10028
  1745 10028
  1746 10028
  1747 10020
  1748 10020
  1749 10020
  1750 10020
  1751 10020
  1752 10020
  1753 10020
  1754 10020
  1755 10020
  1756 10020
  1757 10066
  1758 10028
  1759 10020
  1760 10020
  1761 10028
  1762 10028
  1763 10072
  1764 10020
  1765 10072
  1766 10072
  1767 10072
  1768 10028
  1769 10028
  1770 10072
  1772 10020
  1774 10020
  1775 10028
  1776 10020
  1777 10020
  1778 10020
  1779 10020
  1780 10020
  1781 10028
  1782 10020
  1783 10020
  1784 10020
  1785 10020
  1787 10020
  1788 10020
  1789 10020
  1790 10020
  1791 10020
  1792 10020
  1793 10020
  1794 10020
  1797 10020
  1798 10020
  1799 10028
  1800 10020
  1801 10020
  1802 10020
  1803 10028
  1804 10028
  1805 10020
  1806 10028
  1807 10020
  1808 10020
  1809 10020
  1810 10028
  1811 10028
  1813 10028
  1814 10028
  1815 10028
  1816 10028
  1817 10028
  1818 10020
  1819 10020
  1820 10020
  1821 10066
  1822 10066
  1823 10020
  1824 10066
  1825 10066
  1826 10028
  1827 10028
  1828 10028
  1829 10028
  1830 10028
  1831 10028
  1832 10020
  1833 10028
  1834 10028
  1835 10028
  1836 10028
  1837 10028
  1838 10028
  1839 10028
  1840 10028
  1841 10028
  1842 10028
  1850 10011
  1851 10028
  1853 10028
  1854 10028
  1855 10028
  1856 10028
  1857 10028
  1858 10028
  1859 10066
  1860 10066
  1861 10028
  1862 10028
  1863 10028
  1864 10028
  1865 10028
  1866 10028
  1867 10028
  1868 10028
  1869 10028
  1870 10028
  1871 10028
  1872 10049
  1873 10049
  1874 10028
  1875 10049
  1876 10028
  1881 10028
  1883 10028
  1884 10028
  1885 10028
  1886 10028
  1887 10028
  1888 10028
  1889 10028
  1890 10028
  1891 10028
  1892 10028
  1893 10028
  1894 10028
  1895 10028
  1898 10028
  1899 10028
  1900 10028
  1901 10028
  1902 10028
  1903 10028
  1904 10028
  1905 10066
  1906 10066
  1907 10066
  1908 10066
  1909 10066
  1913 10028
  1914 10028
  1915 10028
  1916 10028
  1920 10028
  1921 10028
  1922 10028
  1923 10028
  1924 10028
  1925 10028
  1926 10028
  1927 10028
  1930 10080
  1931 10080
  1932 10080
  1933 10080
  1934 10080
  1935 10080
  1936 10039
  1937 10002
  1938 10002
  1939 10002
  1940 10045
  1941 10021
  1942 10045
  1943 10049
  1944 10028
  1945 10028
  1946 10028
  1947 10028
  1948 10028
  1950 10021
  1952 10049
  1953 10028
  1954 10028
  1955 10028
  1956 10066
  1957 10028
  1958 10028
  1959 10028
  1960 10028
  1961 10028
  1962 10028
  1963 10028
  1964 10028
  1968 10028
  1969 10028
  1970 10028
  1971 10028
  1972 10028
  1973 10028
  1974 10028
  1975 10028
  1976 10028
  1977 10028
  1978 10028
  1979 10028
  1980 10028
  1981 10028
  1982 10066
  1983 10028
  1984 10028
  1985 10028
  1986 10028
  1987 10028
  1988 10028
  1989 10028
  1990 10028
  1991 10028
  1992 10028
  1993 10028
  1994 10028
  1995 10028
  1996 10028
  1997 10028
  1998 10028
  1999 10028
  2000 10028
  2001 10028
  2002 10028
  2003 10028
  2004 10028
  2005 10028
  2006 10028
  2007 10028
  2008 10028
  2009 10028
  2010 10028
  2011 10028
  2012 10028
  2013 10028
  2014 10028
  2015 10028
  2016 10028
  2017 10028
  2018 10028
  2019 10028
  2020 10028
  2021 10028
  2022 10028
  2024 10020
  2025 10028
  2026 10066
  2027 10028
  2028 10028
  2029 10028
  2032 10028
  2033 10028
  2034 10028
  2035 10028
  2036 10045
  2037 10045
  2038 10151
  2039 10045
  2040 10045
  2041 10151
  2042 10028
  2043 10028
  2044 10066
  2045 10028
  2046 10028
  2047 10028
  2048 10028
  2049 10028
  2050 10028
  2051 10028
  2052 10028
  2053 10028
  2054 10028
  2055 10028
  2056 10028
  2057 10028
  2058 10028
  2059 10028
  2060 10028
  2061 10028
  2062 10028
  2063 10028
  2064 10028
  2065 10028
  2066 10028
  2067 10028
  2068 10028
  2069 10028
  2070 10028
  2071 10028
  2072 10028
  2073 10028
  2074 10028
  2075 10028
  2076 10028
  2077 10028
  2078 10028
  2079 10028
  2080 10028
  2081 10028
  2082 10028
  2083 10028
  2084 10028
  2085 10028
  2086 10028
  2087 10028
  2088 10028
  2089 10028
  2090 10028
  2091 10028
  2092 10028
  2093 10028
  2094 10028
  2095 10028
  2096 10028
  2097 10028
  2098 10028
  2099 10028
  2100 10028
  2101 10028
  2102 10028
  2103 10028
  2104 10028
  2105 10028
  2106 10028
  2107 10028
  2108 10028
  2109 10028
  2110 10028
  2111 10028
  2112 10028
  2113 10028
  2114 10028
  2115 10028
  2116 10028
  2117 10028
  2118 10028
  2119 10028
  2120 10028
  2121 10028
  2122 10028
