   689 10050
   690 10050
   691 10050
   692 10050
   693 10050
   694 10050
   695 10050
   696 10050
   697 10050
   698 10050
   699 10050
   700 10050
   701 10050
   702 10050
   703 10050
   704 10050
   705 10050
   706 10050
   707 10050
   708 10050
   709 10050
   710 10050
   711 10050
   712 10050
   713 10050
   714 10050
   715 10050
   716 10050
   717 10050
   718 10050
   719 10050
   720 10050
   721 10050
   722 10050
   723 10050
   724 10050
   725 10050
   726 10050
   727 10050
   728 10050
   729 10050
   730 10050
   731 10050
   732 10050
   733 10050
   734 10050
   735 10050
   736 10050
   737 10050
   738 10050
   739 10050
   740 10050
   741 10050
   742 10050
   743 10050
   744 10050
   745 10050
   746 10050
   747 10050
   748 10050
   749 10050
   750 10050
   751 10050
   752 10050
   753 10050
   754 10050
   755 10050
   756 10050
   757 10050
   758 10050
   759 10050
   760 10050
   761 10050
   762 10050
   763 10050
   764 10050
   765 10050
   766 10050
   767 10050
   768 10050
   769 10050
   770 10050
   771 10050
   772 10050
   773 10050
   774 10050
   775 10050
   776 10050
   777 10050
   778 10050
   779 10050
   780 10050
   787 10034
   788 10022
   789 10034
   790 10034
   791 10034
   792 10034
   793 10034
   794 10034
   795 10034
   796 10034
   797 10034
   798 10034
   799 10034
   800 10034
   801 10034
   802 10034
   803 10034
   804 10034
   805 10034
   806 10034
   807 10034
   808 10034
   809 10034
   810 10034
   811 10034
   812 10034
   813 10034
   814 10034
   815 10034
   816 10034
   817 10034
   818 10034
   819 10034
   820 10034
   821 10034
   822 10034
   823 10034
   824 10034
   825 10034
   826 10034
   827 10034
   828 10034
   829 10034
   830 10034
   831 10034
   832 10034
   833 10034
   834 10034
   835 10034
   836 10034
   837 10034
   838 10034
   839 10034
   840 10034
   841 10034
   842 10034
   843 10034
   844 10034
   845 10034
   846 10034
   847 10034
   848 10034
   849 10034
   850 10034
   851 10034
   852 10034
   853 10034
   854 10034
   855 10034
   856 10034
   857 10034
   858 10034
   859 10034
   860 10034
   861 10034
   862 10034
   863 10034
   864 10034
   865 10034
   866 10034
   867 10034
   868 10034
   869 10034
   870 10034
   871 10034
   872 10034
   873 10034
   874 10034
   875 10034
   876 10034
   877 10034
   878 10034
   879 10034
   880 10034
   881 10034
   882 10034
   883 10034
   884 10034
   885 10034
   886 10034
   887 10034
   888 10034
   889 10034
   890 10034
   891 10034
   892 10034
   893 10034
   894 10034
   895 10034
   896 10034
   897 10034
   898 10034
   899 10034
   900 10034
   901 10034
   902 10034
   903 10034
   904 10034
   905 10034
   906 10034
   907 10034
   908 10034
   909 10034
   910 10034
   911 10034
   912 10034
   913 10034
   914 10034
   915 10034
   916 10034
   917 10034
   918 10034
   919 10034
   920 10034
   921 10034
   922 10034
   923 10034
   924 10034
   925 10034
   926 10034
   927 10034
   928 10034
   929 10034
   930 10034
   931 10034
   932 10034
   933 10034
   934 10034
   935 10034
   936 10034
   937 10034
   938 10034
   939 10034
   940 10034
   941 10034
   942 10034
   943 10034
   944 10034
   945 10034
   946 10034
   947 10034
   948 10034
   949 10034
   950 10034
   951 10034
   952 10034
   953 10034
   954 10034
   955 10034
   956 10034
   957 10034
   958 10034
   959 10034
   960 10034
   961 10034
   962 10034
   963 10034
   964 10034
   965 10034
   966 10034
   967 10034
   968 10034
   969 10034
   970 10034
   971 10034
   972 10034
   973 10034
   974 10034
   975 10034
   976 10034
   977 10034
   978 10034
   979 10034
   980 10034
   981 10034
   982 10034
   983 10034
   984 10034
   985 10034
   986 10034
   987 10034
   988 10034
   989 10034
   990 10034
   991 10034
   992 10034
   993 10034
   994 10034
   995 10034
   996 10034
   997 10034
   998 10034
   999 10034
  1000 10034
  1001 10034
  1002 10034
  1003 10034
  1004 10034
  1005 10034
  1006 10034
  1007 10034
  1008 10034
  1009 10034
  1010 10034
  1011 10034
  1012 10034
  1013 10034
  1014 10034
  1015 10034
  1016 10034
  1017 10034
  1018 10034
  1019 10034
  1020 10034
  1025 10071
  1026 10071
  1027 10071
  1028 10071
  1029 10083
  1030 10071
  1031 10071
  1032 10022
  1033 10022
  1034 10022
  1035 10022
  1036 10022
  1037 10022
  1038 10022
  1039 10022
  1040 10022
  1041 10022
  1042 10022
  1043 10022
  1044 10022
  1045 10022
  1046 10022
  1047 10022
  1048 10022
  1049 10022
  1050 10022
  1051 10022
  1052 10022
  1053 10022
  1054 10022
  1055 10022
  1056 10022
  1057 10022
  1058 10022
  1059 10022
  1060 10022
  1061 10022
  1062 10022
  1063 10022
  1064 10022
  1065 10022
  1066 10022
  1067 10022
  1068 10022
  1069 10022
  1070 10022
  1071 10022
  1072 10022
  1073 10022
  1074 10022
  1075 10022
  1076 10022
  1077 10022
  1078 10022
  1079 10022
  1080 10022
  1081 10022
  1082 10022
  1083 10022
  1084 10022
  1085 10022
  1086 10022
  1087 10022
  1088 10022
  1089 10022
  1090 10022
  1091 10022
  1092 10022
  1093 10022
  1094 10022
  1095 10022
  1096 10022
  1097 10022
  1098 10022
  1099 10022
  1100 10022
  1101 10022
  1102 10022
  1103 10022
  1104 10022
  1105 10022
  1106 10022
  1107 10022
  1108 10022
  1109 10022
  1110 10022
  1111 10022
  1112 10022
  1113 10022
  1114 10022
  1115 10022
  1116 10022
  1117 10022
  1118 10022
  1119 10022
  1120 10022
  1121 10022
  1122 10022
  1123 10022
  1124 10022
  1125 10022
  1126 10022
  1127 10022
  1128 10022
  1129 10022
  1130 10022
  1131 10022
  1132 10022
  1133 10022
  1134 10022
  1135 10022
  1136 10022
  1137 10022
  1138 10022
  1139 10022
  1140 10022
  1141 10022
  1142 10022
  1143 10022
  1144 10022
  1145 10022
  1146 10022
  1147 10022
  1148 10022
  1149 10022
  1150 10022
  1151 10022
  1152 10022
  1153 10022
  1154 10022
  1155 10022
  1156 10022
  1157 10022
  1158 10022
  1159 10022
  1160 10022
  1161 10022
  1162 10022
  1163 10022
  1164 10022
  1165 10022
  1166 10022
  1167 10022
  1168 10022
  1169 10022
  1170 10022
  1171 10022
  1172 10022
  1173 10022
  1174 10022
  1175 10022
  1176 10022
  1177 10022
  1178 10022
  1179 10022
  1180 10022
  1181 10022
  1182 10022
  1183 10022
  1184 10022
  1185 10022
  1186 10022
  1187 10022
  1188 10022
  1189 10022
  1190 10022
  1191 10022
  1192 10022
  1193 10022
  1194 10022
  1195 10022
  1196 10022
  1197 10022
  1198 10022
  1199 10022
  1200 10022
  1201 10022
  1202 10022
  1203 10022
  1204 10022
  1205 10022
  1206 10022
  1207 10022
  1208 10022
  1209 10022
  1210 10022
  1211 10022
  1212 10022
  1213 10022
  1214 10022
  1215 10022
  1216 10022
  1217 10022
  1218 10022
  1219 10022
  1220 10022
  1221 10022
  1222 10022
  1223 10022
  1224 10022
  1225 10022
  1226 10022
  1227 10022
  1228 10022
  1229 10022
  1230 10022
  1231 10022
  1232 10022
  1233 10022
  1234 10022
  1235 10022
  1236 10022
  1237 10022
  1238 10022
  1239 10022
  1240 10022
  1241 10022
  1242 10022
  1243 10022
  1244 10022
  1245 10022
  1246 10022
  1247 10022
  1248 10022
  1249 10022
  1250 10022
  1251 10022
  1252 10022
  1253 10022
  1254 10022
  1255 10022
  1256 10022
  1257 10022
  1258 10101
  1259 10101
  1260 10101
  1261 10101
  1262 10101
  1271 10112
  1272 10112
  1273 10112
  1274 10112
  1275 10112
  1276 10112
  1277 10112
  1278 10112
  1279 10112
  1280 10112
  1281 10112
  1282 10112
  1283 10112
  1284 10112
  1285 10112
  1286 10112
  1287 10112
  1288 10112
  1289 10112
  1290 10112
  1291 10112
  1292 10112
  1293 10112
  1294 10112
  1295 10112
  1296 10112
  1297 10112
  1298 10112
  1299 10112
  1300 10112
  1301 10112
  1302 10112
  1303 10112
  1304 10112
  1305 10112
  1306 10112
  1307 10112
  1308 10112
  1309 10112
  1310 10112
  1311 10112
  1312 10112
  1313 10112
  1314 10112
  1315 10112
  1316 10112
  1317 10112
  1318 10112
  1319 10112
  1320 10112
  1321 10112
  1322 10112
  1323 10112
  1324 10112
  1325 10112
  1326 10112
  1327 10112
  1328 10112
  1329 10112
  1330 10112
  1331 10112
  1332 10112
  1333 10112
  1334 10112
  1335 10112
  1336 10112
  1337 10112
  1338 10112
  1339 10112
  1340 10112
  1341 10112
  1342 10112
  1343 10112
  1344 10112
  1345 10112
  1346 10112
  1347 10112
  1348 10112
  1349 10112
  1350 10112
  1351 10112
  1352 10112
  1353 10112
  1354 10112
  1355 10112
  1356 10112
  1357 10112
  1358 10112
  1359 10112
  1360 10112
  1361 10112
  1362 10112
  1363 10112
  1364 10112
  1365 10112
  1366 10112
  1367 10112
  1368 10112
  1369 10112
  1370 10112
  1371 10112
  1372 10112
  1373 10112
  1374 10112
  1375 10112
  1376 10112
  1377 10112
  1378 10112
  1379 10112
  1380 10112
  1381 10112
  1382 10112
  1383 10112
  1384 10112
  1385 10112
  1386 10112
  1387 10112
  1388 10112
  1389 10112
  1390 10112
  1391 10112
  1392 10112
  1393 10112
  1394 10112
  1395 10112
  1396 10112
  1397 10112
  1398 10112
  1399 10112
  1400 10112
  1401 10112
  1402 10112
  1403 10112
  1404 10112
  1405 10112
  1406 10112
  1407 10112
  1408 10112
  1409 10112
  1410 10112
  1411 10112
  1412 10112
  1413 10112
  1414 10112
  1415 10112
  1416 10112
  1417 10112
  1418 10112
  1419 10112
  1420 10112
  1421 10112
  1422 10112
  1423 10112
  1424 10112
  1425 10112
  1426 10112
  1427 10112
  1428 10112
  1429 10112
  1430 10112
  1431 10112
  1432 10112
  1433 10112
  1434 10112
  1435 10112
  1436 10112
  1437 10112
  1438 10112
  1439 10112
  1440 10112
  1441 10112
  1442 10112
  1443 10112
  1444 10112
  1445 10112
  1446 10112
  1447 10112
  1448 10112
  1449 10112
  1450 10112
  1451 10112
  1452 10112
  1453 10112
  1454 10112
  1455 10112
  1456 10112
  1457 10112
  1458 10112
  1459 10112
  1460 10112
  1461 10112
  1462 10112
  1463 10112
  1464 10112
  1465 10112
  1466 10112
  1467 10112
  1468 10112
  1469 10112
  1470 10112
  1471 10112
  1472 10112
  1473 10112
  1474 10112
  1475 10112
  1476 10112
  1477 10112
  1478 10112
  1479 10112
  1480 10112
  1481 10112
  1482 10112
  1483 10112
  1484 10112
  1485 10112
  1486 10112
  1487 10112
  1488 10112
  1489 10112
  1490 10112
  1491 10112
  1492 10112
  1493 10112
  1494 10112
  1495 10112
  1496 10112
  1497 10112
  1498 10112
  1499 10112
  1500 10112
  1502 10055
  1503 10055
  1504 10055
  1505 10018
  1506 10018
  1507 10018
  1508 10018
  1509 10018
  1510 10018
  1511 10018
  1512 10018
  1513 10018
  1514 10018
  1515 10158
  1516 10158
  1517 10158
  1518 10158
  1519 10158
  1520 10055
  1521 10055
  1522 10055
  1523 10055
  1524 10055
  1525 10055
  1526 10055
  1527 10055
  1528 10055
  1529 10055
  1530 10055
  1531 10055
  1532 10055
  1533 10055
  1534 10055
  1535 10055
  1536 10055
  1537 10055
  1538 10055
  1539 10055
  1540 10055
  1541 10055
  1542 10055
  1543 10055
  1544 10055
  1545 10055
  1546 10055
  1547 10055
  1548 10055
  1549 10055
  1550 10055
  1551 10055
  1552 10055
  1553 10055
  1554 10055
  1555 10055
  1556 10055
  1557 10055
  1558 10055
  1559 10055
  1560 10055
  1561 10055
  1562 10055
  1563 10055
  1564 10055
  1565 10055
  1566 10055
  1567 10055
  1568 10055
  1569 10055
  1570 10055
  1571 10055
  1572 10055
  1573 10055
  1593 10042
  1594 10042
  1595 10042
  1618 10066
  1623 10169
  1624 10169
  1626 10108
  1627 10108
  1628 10108
  1629 10108
  1630 10108
  1631 10108
  1632 10108
  1633 10108
  1634 10108
  1635 10108
  1636 10108
  1637 10108
  1638 10108
  1639 10108
  1640 10108
  1641 10108
  1642 10108
  1643 10108
  1644 10108
  1645 10108
  1646 10108
  1647 10108
  1648 10108
  1649 10108
  1650 10108
  1651 10108
  1652 10108
  1653 10108
  1654 10108
  1655 10108
  1656 10108
  1657 10108
  1658 10108
  1659 10108
  1660 10108
  1661 10108
  1662 10108
  1663 10108
  1664 10108
  1665 10108
  1666 10108
  1667 10108
  1668 10108
  1669 10108
  1670 10108
  1671 10108
  1672 10108
  1673 10108
  1674 10108
  1675 10108
  1676 10108
  1677 10108
  1678 10108
  1679 10108
  1680 10108
  1681 10108
  1682 10108
  1683 10108
  1684 10108
  1685 10108
  1686 10108
  1687 10108
  1688 10108
  1689 10108
  1690 10108
  1691 10108
  1692 10108
  1693 10108
  1694 10108
  1695 10108
  1696 10108
  1697 10108
  1698 10108
  1699 10108
  1700 10108
  1701 10108
  1702 10108
  1703 10108
  1704 10108
  1705 10108
  1706 10108
  1707 10108
  1708 10108
  1709 10108
  1710 10108
  1711 10108
  1712 10108
  1713 10108
  1714 10108
  1715 10108
  1716 10108
  1717 10108
  1718 10108
  1719 10108
  1720 10108
  1721 10108
  1722 10108
  1723 10108
  1724 10108
  1725 10108
  1726 10108
  1727 10108
  1728 10108
  1729 10108
  1730 10108
  1731 10108
  1732 10108
  1733 10108
  1734 10108
  1735 10108
  1736 10108
  1737 10108
  1738 10108
  1739 10108
  1740 10108
  1741 10108
  1742 10108
  1743 10108
  1744 10108
  1745 10108
  1746 10108
  1747 10108
  1748 10108
  1749 10108
  1750 10108
  1751 10108
  1752 10108
  1753 10108
  1754 10108
  1755 10108
  1756 10108
  1757 10108
  1758 10108
  1759 10108
  1760 10108
  1761 10108
  1762 10108
  1763 10108
  1764 10108
  1765 10108
  1766 10108
  1767 10108
  1768 10108
  1769 10108
  1770 10108
  1771 10108
  1772 10108
  1773 10108
  1774 10108
  1775 10108
  1776 10108
  1777 10108
  1778 10108
  1779 10108
  1780 10108
  1781 10108
  1782 10108
  1783 10108
  1784 10108
  1785 10108
  1786 10108
  1787 10108
  1788 10108
  1789 10108
  1790 10108
  1791 10108
  1792 10108
  1793 10108
  1794 10108
  1795 10108
  1796 10108
  1797 10108
  1798 10108
  1799 10108
  1800 10108
  1801 10108
  1802 10108
  1803 10108
  1804 10108
  1805 10108
  1806 10108
  1807 10108
  1808 10108
  1809 10108
  1810 10108
  1811 10108
  1812 10108
  1813 10108
  1814 10108
  1815 10108
  1816 10108
  1817 10108
  1818 10108
  1819 10108
  1820 10108
  1821 10108
  1822 10108
  1823 10108
  1824 10108
  1825 10108
  1826 10108
  1827 10108
  1828 10108
  1829 10108
  1830 10108
  1831 10108
  1832 10108
  1833 10108
  1834 10108
  1835 10108
  1836 10108
  1837 10108
  1838 10108
  1839 10108
  1840 10108
  1841 10108
  1842 10108
  1843 10108
  1844 10108
  1845 10108
  1846 10108
  1847 10108
  1848 10108
  1849 10108
  1850 10108
  1851 10108
  1852 10108
  1853 10108
  1854 10108
  1855 10108
  1856 10108
  1859 10141
  1860 10141
  1861 10101
  1862 10101
  1863 10101
  1864 10101
  1865 10050
  1866 10050
  1867 10050
  1868 10050
  1869 10050
  1870 10050
  1871 10050
  1872 10050
  1873 10050
  1874 10050
  1875 10050
  1876 10050
  1877 10050
  1878 10050
  1879 10050
  1880 10050
  1881 10050
  1882 10050
  1883 10050
  1884 10050
  1885 10050
  1886 10050
  1887 10050
  1888 10050
  1889 10050
  1890 10050
  1891 10050
  1892 10050
  1893 10050
  1894 10050
  1895 10050
  1896 10050
  1897 10050
  1898 10050
  1899 10050
  1900 10050
  1901 10050
  1902 10050
  1903 10050
  1904 10050
  1905 10050
  1906 10050
  1907 10050
  1908 10050
  1909 10050
  1910 10050
  1911 10050
  1912 10050
  1913 10050
  1914 10050
  1915 10050
  1916 10050
  1917 10050
  1918 10050
  1919 10050
  1920 10050
  1921 10050
  1922 10050
  1923 10050
  1924 10050
  1925 10050
  1926 10050
  1927 10050
  1928 10050
  1929 10050
  1930 10050
  1931 10050
  1932 10050
  1933 10050
  1934 10050
  1935 10050
  1936 10050
  1937 10050
  1938 10050
  1939 10050
  1940 10050
  1941 10050
  1942 10050
  1943 10050
  1944 10050
  1945 10050
  1946 10050
  1947 10050
  1948 10050
  1949 10050
  1950 10050
  1951 10050
  1952 10050
  1953 10050
  1954 10050
  1955 10050
  1956 10050
  1957 10050
  1958 10050
  1959 10050
  1960 10050
  1961 10050
  1962 10050
  1963 10050
  1964 10050
  1965 10050
  1966 10050
  1967 10050
  1968 10050
  1969 10050
  1970 10050
  1971 10050
  1972 10050
  1973 10050
  1974 10050
  1975 10050
  1976 10050
  1977 10050
  1978 10050
  1979 10050
  1980 10050
  1981 10050
  1982 10050
  1983 10050
  1984 10050
  1985 10050
  1986 10050
  1987 10050
  1988 10050
  1989 10050
  1990 10050
  1991 10050
  1992 10050
  1993 10050
  1994 10050
  1995 10050
  1996 10050
  1997 10050
  1998 10050
  1999 10050
  2000 10050
  2001 10050
  2002 10050
  2003 10050
  2004 10050
  2005 10050
  2006 10050
  2007 10050
  2008 10050
  2009 10050
  2010 10050
  2011 10050
  2012 10050
  2013 10050
  2014 10050
  2015 10050
  2016 10050
  2017 10050
  2018 10050
  2019 10050
  2020 10050
  2021 10050
  2022 10050
  2023 10050
