   690 10165
   691 10165
   692 10165
   693 10165
   694 10165
   695 10165
   696 10165
   697 10165
   698 10165
   699 10165
   700 10165
   701 10165
   702 10165
   703 10165
   704 10165
   705 10165
   706 10165
   707 10165
   708 10165
   709 10165
   710 10165
   711 10165
   712 10165
   713 10165
   714 10165
   715 10165
   716 10165
   717 10165
   718 10165
   719 10165
   720 10165
   721 10165
   722 10165
   723 10165
   724 10165
   725 10165
   726 10165
   727 10165
   728 10165
   729 10165
   730 10165
   731 10165
   732 10165
   733 10165
   734 10165
   735 10165
   736 10165
   737 10165
   738 10165
   739 10165
   740 10165
   741 10165
   742 10165
   743 10165
   744 10165
   745 10165
   746 10165
   747 10165
   748 10165
   749 10165
   750 10165
   751 10165
   752 10165
   753 10165
   754 10165
   755 10165
   756 10165
   757 10165
   758 10165
   759 10165
   760 10165
   761 10165
   762 10165
   763 10165
   764 10165
   765 10165
   766 10165
   767 10165
   768 10165
   769 10165
   770 10165
   771 10165
   772 10165
   773 10165
   774 10165
   775 10165
   776 10165
   777 10165
   778 10165
   779 10165
   780 10165
   782 10101
   783 10101
   784 10101
   785 10101
   786 10002
   787 10002
   788 10002
   789 10002
   790 10002
   791 10002
   792 10002
   793 10002
   794 10002
   795 10002
   796 10002
   797 10002
   798 10002
   799 10002
   800 10002
   801 10002
   802 10002
   803 10002
   804 10002
   805 10002
   806 10002
   807 10002
   808 10002
   809 10002
   810 10002
   811 10002
   812 10002
   813 10002
   814 10002
   815 10002
   816 10002
   817 10002
   818 10002
   819 10002
   820 10002
   821 10002
   822 10002
   823 10002
   824 10002
   825 10002
   826 10002
   827 10002
   828 10002
   829 10002
   830 10002
   831 10002
   832 10002
   833 10002
   834 10002
   835 10002
   836 10002
   837 10002
   838 10002
   839 10002
   840 10002
   841 10002
   842 10002
   843 10002
   844 10002
   845 10002
   846 10002
   847 10002
   848 10002
   849 10002
   850 10002
   851 10002
   852 10002
   853 10002
   854 10002
   855 10002
   856 10002
   857 10002
   858 10002
   859 10002
   860 10002
   861 10002
   862 10002
   863 10002
   864 10002
   865 10002
   866 10002
   867 10002
   868 10002
   869 10002
   870 10002
   871 10002
   872 10002
   873 10002
   874 10002
   875 10002
   876 10002
   877 10002
   878 10002
   879 10002
   880 10002
   881 10002
   882 10002
   883 10002
   884 10002
   885 10002
   886 10002
   887 10002
   888 10002
   889 10002
   890 10002
   891 10002
   892 10002
   893 10002
   894 10002
   895 10002
   896 10002
   897 10002
   898 10002
   899 10002
   900 10002
   901 10002
   902 10002
   903 10002
   904 10002
   905 10002
   906 10002
   907 10002
   908 10002
   909 10002
   910 10002
   911 10002
   912 10002
   913 10002
   914 10002
   915 10002
   916 10002
   917 10002
   918 10002
   919 10002
   920 10002
   921 10002
   922 10002
   923 10002
   924 10002
   925 10002
   926 10002
   927 10002
   928 10002
   929 10002
   930 10002
   931 10002
   932 10002
   933 10002
   934 10002
   935 10002
   936 10002
   937 10002
   938 10002
   939 10002
   940 10002
   941 10002
   942 10002
   943 10002
   944 10002
   945 10002
   946 10002
   947 10002
   948 10002
   949 10002
   950 10002
   951 10002
   952 10002
   953 10002
   954 10002
   955 10002
   956 10002
   957 10002
   958 10002
   959 10002
   960 10002
   961 10002
   962 10002
   963 10002
   964 10002
   965 10002
   966 10002
   967 10002
   968 10002
   969 10002
   970 10002
   971 10002
   972 10002
   973 10002
   974 10002
   975 10002
   976 10002
   977 10002
   978 10002
   979 10002
   980 10002
   981 10002
   982 10002
   983 10002
   984 10002
   985 10002
   986 10002
   987 10002
   988 10002
   989 10002
   990 10002
   991 10002
   992 10002
   993 10002
   994 10002
   995 10002
   996 10002
   997 10002
   998 10002
   999 10002
  1000 10002
  1001 10002
  1002 10002
  1003 10002
  1004 10002
  1005 10002
  1006 10002
  1007 10002
  1008 10002
  1009 10002
  1010 10002
  1011 10002
  1012 10002
  1013 10002
  1014 10002
  1015 10002
  1016 10002
  1020 10025
  1024 10113
  1025 10113
  1026 10113
  1027 10113
  1028 10113
  1029 10113
  1030 10113
  1031 10113
  1032 10113
  1033 10113
  1034 10113
  1035 10113
  1036 10113
  1037 10113
  1038 10113
  1039 10113
  1040 10113
  1041 10113
  1042 10113
  1043 10113
  1044 10113
  1045 10113
  1046 10113
  1047 10113
  1048 10113
  1049 10113
  1050 10113
  1051 10113
  1052 10113
  1053 10113
  1054 10113
  1055 10113
  1056 10113
  1057 10113
  1058 10113
  1059 10113
  1060 10113
  1061 10113
  1062 10113
  1063 10113
  1064 10113
  1065 10113
  1066 10113
  1067 10113
  1068 10113
  1069 10113
  1070 10113
  1071 10113
  1072 10113
  1073 10113
  1074 10113
  1075 10113
  1076 10113
  1077 10113
  1078 10113
  1079 10113
  1080 10113
  1081 10113
  1082 10113
  1083 10113
  1084 10113
  1085 10113
  1086 10113
  1087 10113
  1088 10113
  1089 10113
  1090 10113
  1091 10113
  1092 10113
  1093 10113
  1094 10113
  1095 10113
  1096 10113
  1097 10113
  1098 10113
  1099 10113
  1100 10113
  1101 10113
  1102 10113
  1103 10113
  1104 10113
  1105 10113
  1106 10113
  1107 10113
  1108 10113
  1109 10113
  1110 10113
  1111 10113
  1112 10113
  1113 10113
  1114 10113
  1115 10113
  1116 10113
  1117 10113
  1118 10113
  1119 10113
  1120 10113
  1121 10113
  1122 10113
  1123 10113
  1124 10113
  1125 10113
  1126 10113
  1127 10113
  1128 10113
  1129 10113
  1130 10113
  1131 10113
  1132 10113
  1133 10113
  1134 10113
  1135 10113
  1136 10113
  1137 10113
  1138 10113
  1139 10113
  1140 10113
  1141 10113
  1142 10113
  1143 10113
  1144 10113
  1145 10113
  1146 10113
  1147 10113
  1148 10113
  1149 10113
  1150 10113
  1151 10113
  1152 10113
  1153 10113
  1154 10113
  1155 10113
  1156 10113
  1157 10113
  1158 10113
  1159 10113
  1160 10113
  1161 10113
  1162 10113
  1163 10113
  1164 10113
  1165 10113
  1166 10113
  1167 10113
  1168 10113
  1169 10113
  1170 10113
  1171 10113
  1172 10113
  1173 10113
  1174 10113
  1175 10113
  1176 10113
  1177 10113
  1178 10113
  1179 10113
  1180 10113
  1181 10113
  1182 10113
  1183 10113
  1184 10113
  1185 10113
  1186 10113
  1187 10113
  1188 10113
  1189 10113
  1190 10113
  1191 10113
  1192 10113
  1193 10113
  1194 10113
  1195 10113
  1196 10113
  1197 10113
  1198 10113
  1199 10113
  1200 10113
  1201 10113
  1202 10113
  1203 10113
  1204 10113
  1205 10113
  1206 10113
  1207 10113
  1208 10113
  1209 10113
  1210 10113
  1211 10113
  1212 10113
  1213 10113
  1214 10113
  1215 10113
  1216 10113
  1217 10113
  1218 10113
  1219 10113
  1220 10113
  1221 10113
  1222 10113
  1223 10113
  1224 10113
  1225 10113
  1226 10113
  1227 10113
  1228 10113
  1229 10113
  1230 10113
  1231 10113
  1232 10113
  1233 10113
  1234 10113
  1235 10113
  1236 10113
  1237 10113
  1238 10113
  1239 10113
  1240 10113
  1241 10113
  1242 10113
  1243 10113
  1244 10113
  1245 10113
  1246 10113
  1247 10113
  1248 10113
  1249 10113
  1250 10113
  1251 10113
  1252 10113
  1253 10113
  1254 10113
  1255 10113
  1256 10113
  1257 10113
  1258 10113
  1259 10113
  1260 10113
  1266 10055
  1267 10098
  1268 10018
  1269 10018
  1270 10018
  1271 10018
  1272 10018
  1273 10158
  1274 10158
  1275 10158
  1276 10010
  1277 10010
  1279 10010
  1291 10010
  1310 10010
  1311 10010
  1313 10010
  1314 10010
  1315 10010
  1316 10010
  1317 10010
  1318 10055
  1319 10055
  1320 10055
  1321 10055
  1322 10055
  1323 10055
  1324 10055
  1325 10055
  1326 10055
  1327 10050
  1328 10050
  1329 10101
  1330 10101
  1331 10169
  1332 10141
  1333 10141
  1334 10141
  1335 10128
  1336 10128
  1337 10138
  1338 10033
  1340 10033
  1342 10138
  1343 10138
  1344 10128
  1345 10128
  1346 10101
  1347 10128
  1348 10128
  1349 10138
  1353 10101
  1354 10169
  1355 10169
  1356 10169
  1357 10128
  1368 10138
  1379 10138
  1382 10101
  1383 10128
  1384 10128
  1385 10128
  1386 10128
  1387 10128
  1388 10128
  1389 10128
  1390 10128
  1391 10128
  1392 10128
  1393 10128
  1394 10128
  1395 10128
  1396 10128
  1397 10128
  1398 10128
  1399 10128
  1400 10128
  1401 10128
  1402 10128
  1403 10128
  1404 10128
  1405 10128
  1406 10128
  1407 10128
  1408 10128
  1409 10128
  1410 10128
  1411 10128
  1412 10128
  1413 10128
  1414 10128
  1415 10128
  1416 10128
  1417 10128
  1418 10128
  1419 10128
  1420 10128
  1421 10128
  1422 10128
  1423 10128
  1424 10128
  1425 10128
  1426 10128
  1427 10128
  1428 10128
  1429 10128
  1430 10128
  1431 10128
  1432 10128
  1433 10128
  1434 10128
  1435 10128
  1436 10128
  1437 10128
  1438 10128
  1439 10128
  1440 10128
  1441 10128
  1442 10128
  1443 10128
  1444 10128
  1445 10128
  1446 10128
  1447 10128
  1448 10128
  1449 10128
  1450 10128
  1451 10128
  1452 10128
  1453 10128
  1454 10128
  1455 10128
  1456 10128
  1457 10128
  1458 10128
  1459 10128
  1460 10128
  1461 10128
  1462 10128
  1463 10128
  1464 10128
  1465 10128
  1466 10128
  1467 10128
  1468 10128
  1469 10128
  1470 10128
  1471 10128
  1472 10128
  1473 10128
  1474 10128
  1475 10128
  1476 10128
  1477 10128
  1478 10128
  1479 10128
  1480 10128
  1481 10128
  1482 10128
  1483 10128
  1484 10128
  1485 10128
  1486 10128
  1487 10128
  1488 10128
  1489 10128
  1490 10128
  1491 10128
  1492 10128
  1493 10128
  1494 10128
  1495 10128
  1496 10128
  1497 10128
  1498 10128
  1499 10128
  1500 10128
  1501 10128
  1502 10128
  1503 10128
  1504 10128
  1505 10128
  1506 10128
  1507 10128
  1508 10128
  1509 10128
  1510 10128
  1511 10128
  1512 10128
  1513 10128
  1514 10128
  1515 10128
  1516 10128
  1517 10128
  1518 10128
  1519 10128
  1520 10128
  1521 10128
  1522 10128
  1523 10128
  1524 10128
  1525 10128
  1526 10128
  1527 10128
  1528 10128
  1529 10128
  1530 10128
  1531 10128
  1532 10128
  1533 10128
  1534 10128
  1535 10128
  1536 10128
  1537 10128
  1538 10128
  1539 10128
  1540 10128
  1541 10128
  1542 10128
  1543 10128
  1544 10128
  1545 10128
  1546 10128
  1547 10128
  1548 10128
  1549 10128
  1550 10128
  1551 10128
  1552 10128
  1553 10128
  1554 10128
  1555 10128
  1556 10128
  1557 10128
  1558 10128
  1559 10128
  1560 10128
  1561 10128
  1562 10128
  1563 10128
  1564 10128
  1565 10128
  1566 10128
  1567 10128
  1568 10128
  1569 10128
  1570 10128
  1571 10128
  1572 10128
  1573 10128
  1574 10128
  1575 10128
  1576 10128
  1577 10128
  1578 10128
  1579 10128
  1580 10128
  1581 10128
  1582 10128
  1583 10128
  1584 10128
  1585 10128
  1586 10128
  1587 10128
  1588 10128
  1589 10128
  1590 10128
  1591 10128
  1592 10128
  1593 10128
  1594 10128
  1595 10128
  1596 10128
  1597 10128
  1598 10128
  1599 10128
  1600 10128
  1601 10128
  1602 10128
  1603 10128
  1604 10128
  1605 10128
  1606 10128
  1607 10128
  1608 10128
  1609 10128
  1610 10128
  1611 10128
  1612 10128
  1613 10128
  1614 10128
  1615 10128
  1616 10128
  1617 10128
  1618 10128
  1619 10128
  1621 10067
  1622 10067
  1623 10067
  1630 10123
  1631 10123
  1632 10123
  1633 10123
  1634 10123
  1635 10123
  1636 10123
  1637 10123
  1638 10123
  1639 10123
  1640 10123
  1641 10123
  1642 10123
  1643 10123
  1644 10123
  1645 10123
  1646 10123
  1647 10123
  1648 10123
  1649 10123
  1650 10123
  1651 10123
  1652 10123
  1653 10123
  1654 10123
  1655 10123
  1656 10123
  1657 10123
  1658 10123
  1659 10123
  1660 10123
  1661 10123
  1662 10123
  1663 10123
  1664 10123
  1665 10123
  1666 10123
  1667 10123
  1668 10123
  1669 10123
  1670 10123
  1671 10123
  1672 10123
  1673 10123
  1674 10123
  1675 10123
  1676 10123
  1677 10123
  1678 10123
  1679 10123
  1680 10123
  1681 10123
  1682 10123
  1683 10123
  1684 10123
  1685 10123
  1686 10123
  1687 10123
  1688 10123
  1689 10123
  1690 10123
  1691 10123
  1692 10123
  1693 10123
  1694 10123
  1695 10123
  1696 10123
  1697 10123
  1698 10123
  1699 10123
  1700 10123
  1701 10123
  1702 10123
  1703 10123
  1704 10123
  1705 10123
  1706 10123
  1707 10123
  1708 10123
  1709 10123
  1710 10123
  1711 10123
  1712 10123
  1713 10123
  1714 10123
  1715 10123
  1716 10123
  1717 10123
  1718 10123
  1719 10123
  1720 10123
  1721 10123
  1722 10123
  1723 10123
  1724 10123
  1725 10123
  1726 10123
  1727 10123
  1728 10123
  1729 10123
  1730 10123
  1731 10123
  1732 10123
  1733 10123
  1734 10123
  1735 10123
  1736 10123
  1737 10123
  1738 10123
  1739 10123
  1740 10123
  1741 10123
  1742 10123
  1743 10123
  1744 10123
  1745 10123
  1746 10123
  1747 10123
  1748 10123
  1749 10123
  1750 10123
  1751 10123
  1752 10123
  1753 10123
  1754 10123
  1755 10123
  1756 10123
  1757 10123
  1758 10123
  1759 10123
  1760 10123
  1761 10123
  1762 10123
  1763 10123
  1764 10123
  1765 10123
  1766 10123
  1767 10123
  1768 10123
  1769 10123
  1770 10123
  1771 10123
  1772 10123
  1773 10123
  1774 10123
  1775 10123
  1776 10123
  1777 10123
  1778 10123
  1779 10123
  1780 10123
  1781 10123
  1782 10123
  1783 10123
  1784 10123
  1785 10123
  1786 10123
  1787 10123
  1788 10123
  1789 10123
  1790 10123
  1791 10123
  1792 10123
  1793 10123
  1794 10123
  1795 10123
  1796 10123
  1797 10123
  1798 10123
  1799 10123
  1800 10123
  1801 10123
  1802 10123
  1803 10123
  1804 10123
  1805 10123
  1806 10123
  1807 10123
  1808 10123
  1809 10123
  1810 10123
  1811 10123
  1812 10123
  1813 10123
  1814 10123
  1815 10123
  1816 10123
  1817 10123
  1818 10123
  1819 10123
  1820 10123
  1821 10123
  1822 10123
  1823 10123
  1824 10123
  1825 10123
  1826 10123
  1827 10123
  1828 10123
  1829 10123
  1830 10123
  1831 10123
  1832 10123
  1833 10123
  1834 10123
  1835 10123
  1836 10123
  1837 10123
  1838 10123
  1839 10123
  1840 10123
  1841 10123
  1842 10123
  1843 10123
  1844 10123
  1845 10123
  1846 10123
  1847 10123
  1848 10123
  1849 10123
  1850 10123
  1851 10123
  1852 10123
  1853 10123
  1854 10123
  1855 10123
  1856 10123
  1857 10123
  1858 10123
  1859 10123
  1860 10123
  1861 10123
  1868 10005
  1869 10005
  1870 10005
  1871 10005
  1872 10005
  1873 10005
  1874 10005
  1875 10005
  1876 10005
  1877 10005
  1878 10005
  1879 10005
  1880 10005
  1881 10005
  1882 10005
  1883 10005
  1884 10005
  1885 10005
  1886 10005
  1887 10005
  1888 10005
  1889 10005
  1890 10005
  1891 10005
  1892 10005
  1893 10005
  1894 10005
  1895 10005
  1896 10005
  1897 10005
  1898 10005
  1899 10005
  1900 10005
  1901 10005
  1902 10005
  1903 10005
  1904 10005
  1905 10005
  1906 10005
  1907 10005
  1908 10005
  1909 10005
  1910 10005
  1911 10005
  1912 10005
  1913 10005
  1914 10005
  1915 10005
  1916 10005
  1917 10005
  1918 10005
  1919 10005
  1920 10005
  1921 10005
  1922 10005
  1923 10005
  1924 10005
  1925 10005
  1926 10005
  1927 10005
  1928 10005
  1929 10005
  1930 10005
  1931 10005
  1932 10005
  1933 10005
  1934 10005
  1935 10005
  1936 10005
  1937 10005
  1938 10005
  1939 10005
  1940 10005
  1941 10005
  1942 10005
  1943 10005
  1944 10005
  1945 10005
  1946 10005
  1947 10005
  1948 10005
  1949 10005
  1950 10005
  1951 10005
  1952 10005
  1953 10005
  1954 10005
  1955 10005
  1956 10005
  1957 10005
  1958 10005
  1959 10005
  1960 10005
  1961 10005
  1962 10005
  1963 10005
  1964 10005
  1965 10005
  1966 10005
  1967 10005
  1968 10005
  1969 10005
  1970 10005
  1971 10005
  1972 10005
  1973 10005
  1974 10005
  1975 10005
  1976 10005
  1977 10005
  1978 10005
  1979 10005
  1980 10005
  1981 10005
  1982 10005
  1983 10005
  1984 10005
  1985 10005
  1986 10005
  1987 10005
  1988 10005
  1989 10005
  1990 10005
  1991 10005
  1992 10005
  1993 10005
  1994 10005
  1995 10005
  1996 10005
  1997 10005
  1998 10005
  1999 10005
  2000 10005
  2001 10005
  2002 10005
  2003 10005
  2004 10005
  2005 10005
  2006 10005
  2007 10005
  2008 10005
  2009 10005
  2010 10005
  2011 10005
  2012 10005
  2013 10005
  2014 10005
  2015 10005
  2016 10005
  2017 10005
  2018 10005
  2019 10005
  2020 10005
  2021 10005
  2022 10005
  2023 10005
  2024 10005
  2025 10005
  2026 10005
  2027 10005
  2028 10005
  2029 10029
  2030 10029
  2031 10029
  2032 10029
  2033 10029
  2034 10029
