   677 10090
   678 10090
   679 10090
   680 10090
   681 10090
   682 10090
   683 10090
   684 10090
   685 10090
   686 10090
   687 10090
   688 10090
   689 10090
   690 10090
   691 10090
   692 10090
   693 10090
   694 10090
   695 10090
   696 10090
   697 10090
   698 10090
   699 10090
   700 10090
   701 10090
   702 10090
   703 10090
   704 10090
   705 10090
   706 10090
   707 10090
   708 10090
   709 10090
   710 10090
   711 10090
   712 10090
   713 10090
   714 10090
   715 10090
   716 10090
   717 10090
   718 10090
   719 10090
   720 10090
   721 10090
   722 10090
   723 10090
   724 10090
   725 10090
   726 10090
   727 10090
   728 10090
   729 10090
   730 10090
   731 10090
   732 10090
   733 10090
   734 10090
   735 10090
   736 10090
   737 10090
   738 10090
   739 10090
   740 10090
   741 10090
   742 10090
   743 10090
   744 10090
   745 10090
   746 10090
   747 10090
   748 10090
   749 10090
   750 10090
   751 10090
   752 10090
   753 10090
   754 10090
   755 10090
   756 10090
   757 10090
   758 10090
   759 10090
   760 10090
   761 10090
   762 10090
   763 10090
   764 10090
   765 10090
   766 10090
   767 10090
   768 10090
   769 10090
   770 10090
   771 10090
   772 10090
   773 10090
   774 10090
   775 10090
   776 10090
   777 10090
   778 10090
   779 10090
   780 10090
   781 10120
   783 10105
   784 10112
   785 10112
   786 10112
   787 10112
   788 10112
   789 10112
   790 10112
   791 10112
   792 10112
   793 10112
   794 10112
   795 10112
   796 10112
   797 10112
   798 10112
   799 10112
   800 10112
   801 10112
   802 10112
   803 10112
   804 10112
   805 10112
   806 10112
   807 10112
   808 10112
   809 10112
   810 10112
   811 10112
   812 10112
   813 10112
   814 10112
   815 10112
   816 10112
   817 10112
   818 10112
   819 10112
   820 10112
   821 10112
   822 10112
   823 10112
   824 10112
   825 10112
   826 10112
   827 10112
   828 10112
   829 10112
   830 10112
   831 10112
   832 10112
   833 10112
   834 10112
   835 10112
   836 10112
   837 10112
   838 10112
   839 10112
   840 10112
   841 10112
   842 10112
   843 10112
   844 10112
   845 10112
   846 10112
   847 10112
   848 10112
   849 10112
   850 10112
   851 10112
   852 10112
   853 10112
   854 10112
   855 10112
   856 10112
   857 10112
   858 10112
   859 10112
   860 10112
   861 10112
   862 10112
   863 10112
   864 10112
   865 10112
   866 10112
   867 10112
   868 10112
   869 10112
   870 10112
   871 10112
   872 10112
   873 10112
   874 10112
   875 10112
   876 10112
   877 10112
   878 10112
   879 10112
   880 10112
   881 10112
   882 10112
   883 10112
   884 10112
   885 10112
   886 10112
   887 10112
   888 10112
   889 10112
   890 10112
   891 10112
   892 10112
   893 10112
   894 10112
   895 10112
   896 10112
   897 10112
   898 10112
   899 10112
   900 10112
   901 10112
   902 10112
   903 10112
   904 10112
   905 10112
   906 10112
   907 10112
   908 10112
   909 10112
   910 10112
   911 10112
   912 10112
   913 10112
   914 10112
   915 10112
   916 10112
   917 10112
   918 10112
   919 10112
   920 10112
   921 10112
   922 10112
   923 10112
   924 10112
   925 10112
   926 10112
   927 10112
   928 10112
   929 10112
   930 10112
   931 10112
   932 10112
   933 10112
   934 10112
   935 10112
   936 10112
   937 10112
   938 10112
   939 10112
   940 10112
   941 10112
   942 10112
   943 10112
   944 10112
   945 10112
   946 10112
   947 10112
   948 10112
   949 10112
   950 10112
   951 10112
   952 10112
   953 10112
   954 10112
   955 10112
   956 10112
   957 10112
   958 10112
   959 10112
   960 10112
   961 10112
   962 10112
   963 10112
   964 10112
   965 10112
   966 10112
   967 10112
   968 10112
   969 10112
   970 10112
   971 10112
   972 10112
   973 10112
   974 10112
   975 10112
   976 10112
   977 10112
   978 10112
   979 10112
   980 10112
   981 10112
   982 10112
   983 10112
   984 10112
   985 10112
   986 10112
   987 10112
   988 10112
   989 10112
   990 10112
   991 10112
   992 10112
   993 10112
   994 10112
   995 10112
   996 10112
   997 10112
   998 10112
   999 10112
  1000 10112
  1001 10112
  1002 10112
  1003 10112
  1004 10112
  1005 10112
  1006 10112
  1007 10112
  1008 10112
  1009 10112
  1010 10112
  1011 10112
  1012 10112
  1013 10112
  1014 10112
  1015 10112
  1016 10112
  1017 10112
  1018 10112
  1019 10112
  1020 10112
  1021 10108
  1022 10131
  1023 10131
  1024 10131
  1025 10131
  1026 10131
  1027 10131
  1028 10131
  1029 10131
  1030 10131
  1031 10131
  1032 10131
  1033 10131
  1034 10131
  1035 10131
  1036 10131
  1037 10131
  1038 10131
  1039 10131
  1040 10131
  1041 10131
  1042 10131
  1043 10131
  1044 10131
  1045 10131
  1046 10131
  1047 10131
  1048 10131
  1049 10131
  1050 10131
  1051 10131
  1052 10131
  1053 10131
  1054 10131
  1055 10131
  1056 10131
  1057 10131
  1058 10131
  1059 10131
  1060 10131
  1061 10131
  1062 10131
  1063 10131
  1064 10131
  1065 10131
  1066 10131
  1067 10131
  1068 10131
  1069 10131
  1070 10131
  1071 10131
  1072 10131
  1073 10131
  1074 10131
  1075 10131
  1076 10131
  1077 10131
  1078 10131
  1079 10131
  1080 10131
  1081 10131
  1082 10131
  1083 10131
  1084 10131
  1085 10131
  1086 10131
  1087 10131
  1088 10131
  1089 10131
  1090 10131
  1091 10131
  1092 10131
  1093 10131
  1094 10131
  1095 10131
  1096 10131
  1097 10131
  1098 10131
  1099 10131
  1100 10131
  1101 10131
  1102 10131
  1103 10131
  1104 10131
  1105 10131
  1106 10131
  1107 10131
  1108 10131
  1109 10131
  1110 10131
  1111 10131
  1112 10131
  1113 10131
  1114 10131
  1115 10131
  1116 10131
  1117 10131
  1118 10131
  1119 10131
  1120 10131
  1121 10131
  1122 10131
  1123 10131
  1124 10131
  1125 10131
  1126 10131
  1127 10131
  1128 10131
  1129 10131
  1130 10131
  1131 10131
  1132 10131
  1133 10131
  1134 10131
  1135 10131
  1136 10131
  1137 10131
  1138 10131
  1139 10131
  1140 10131
  1141 10131
  1142 10131
  1143 10131
  1144 10131
  1145 10131
  1146 10131
  1147 10131
  1148 10131
  1149 10131
  1150 10131
  1151 10131
  1152 10131
  1153 10131
  1154 10131
  1155 10131
  1156 10131
  1157 10131
  1158 10131
  1159 10131
  1160 10131
  1161 10131
  1162 10131
  1163 10131
  1164 10131
  1165 10131
  1166 10131
  1167 10131
  1168 10131
  1169 10131
  1170 10131
  1171 10131
  1172 10131
  1173 10131
  1174 10131
  1175 10131
  1176 10131
  1177 10131
  1178 10131
  1179 10131
  1180 10131
  1181 10131
  1182 10131
  1183 10131
  1184 10131
  1185 10131
  1186 10131
  1187 10131
  1188 10131
  1189 10131
  1190 10131
  1191 10131
  1192 10131
  1193 10131
  1194 10131
  1195 10131
  1196 10131
  1197 10131
  1198 10131
  1199 10131
  1200 10131
  1201 10131
  1202 10131
  1203 10131
  1204 10131
  1205 10131
  1206 10131
  1207 10131
  1208 10131
  1209 10131
  1210 10131
  1211 10131
  1212 10131
  1213 10131
  1214 10131
  1215 10131
  1216 10131
  1217 10131
  1218 10131
  1219 10131
  1220 10131
  1221 10131
  1222 10131
  1223 10131
  1224 10131
  1225 10131
  1226 10131
  1227 10131
  1228 10131
  1229 10131
  1230 10131
  1231 10131
  1232 10131
  1233 10131
  1234 10131
  1235 10131
  1236 10131
  1237 10131
  1238 10131
  1239 10131
  1240 10131
  1241 10131
  1242 10131
  1243 10131
  1244 10131
  1245 10131
  1246 10131
  1247 10131
  1248 10131
  1249 10131
  1250 10131
  1251 10131
  1252 10131
  1253 10131
  1254 10131
  1255 10131
  1256 10131
  1257 10131
  1258 10031
  1259 10031
  1260 10031
  1261 10138
  1262 10068
  1266 10031
  1267 10031
  1268 10031
  1269 10018
  1270 10018
  1271 10018
  1272 10018
  1273 10018
  1274 10018
  1275 10018
  1276 10018
  1277 10031
  1278 10106
  1279 10031
  1280 10031
  1281 10031
  1282 10031
  1283 10031
  1284 10055
  1285 10031
  1286 10031
  1287 10031
  1288 10031
  1289 10031
  1290 10031
  1291 10031
  1292 10031
  1293 10031
  1294 10031
  1295 10031
  1296 10031
  1297 10031
  1298 10031
  1299 10031
  1300 10031
  1301 10031
  1302 10031
  1303 10031
  1304 10031
  1305 10031
  1306 10031
  1307 10031
  1308 10031
  1309 10031
  1310 10031
  1311 10031
  1312 10031
  1313 10031
  1314 10031
  1315 10031
  1316 10031
  1317 10031
  1318 10031
  1319 10031
  1320 10031
  1321 10031
  1322 10031
  1323 10031
  1324 10031
  1325 10031
  1326 10031
  1327 10031
  1330 10031
  1331 10031
  1332 10031
  1333 10031
  1334 10031
  1335 10031
  1336 10055
  1337 10173
  1338 10055
  1339 10055
  1340 10055
  1341 10031
  1342 10031
  1343 10031
  1344 10031
  1345 10031
  1346 10031
  1347 10031
  1348 10055
  1349 10055
  1350 10031
  1351 10031
  1352 10031
  1353 10031
  1354 10031
  1355 10031
  1367 10086
  1368 10086
  1369 10080
  1370 10071
  1371 10094
  1372 10054
  1373 10054
  1374 10054
  1375 10054
  1378 10086
  1379 10086
  1380 10086
  1381 10086
  1383 10086
  1385 10086
  1386 10086
  1387 10086
  1388 10086
  1389 10086
  1390 10086
  1391 10086
  1392 10086
  1393 10086
  1394 10086
  1395 10086
  1396 10086
  1397 10086
  1398 10086
  1399 10086
  1400 10086
  1401 10086
  1402 10086
  1403 10086
  1404 10086
  1405 10086
  1406 10086
  1407 10086
  1408 10086
  1409 10086
  1410 10086
  1411 10086
  1412 10086
  1413 10086
  1414 10086
  1415 10086
  1416 10086
  1417 10086
  1418 10086
  1419 10086
  1420 10086
  1421 10086
  1422 10086
  1423 10086
  1424 10086
  1425 10086
  1426 10086
  1427 10086
  1428 10086
  1429 10086
  1430 10086
  1431 10086
  1432 10086
  1433 10086
  1434 10086
  1435 10086
  1436 10086
  1437 10086
  1438 10086
  1439 10086
  1440 10086
  1441 10086
  1442 10086
  1443 10086
  1444 10086
  1445 10086
  1446 10086
  1447 10086
  1448 10086
  1449 10086
  1450 10086
  1451 10086
  1452 10086
  1453 10086
  1454 10086
  1455 10086
  1456 10086
  1457 10086
  1458 10086
  1459 10086
  1460 10086
  1461 10086
  1462 10086
  1463 10086
  1464 10086
  1465 10086
  1466 10086
  1467 10086
  1468 10086
  1469 10086
  1470 10086
  1471 10086
  1472 10086
  1473 10086
  1474 10086
  1475 10086
  1476 10086
  1477 10086
  1478 10086
  1479 10086
  1480 10086
  1481 10086
  1482 10086
  1483 10086
  1484 10086
  1485 10086
  1486 10086
  1487 10086
  1488 10086
  1489 10086
  1490 10086
  1491 10086
  1492 10086
  1493 10086
  1494 10086
  1495 10086
  1496 10086
  1497 10086
  1498 10086
  1499 10086
  1500 10086
  1501 10086
  1502 10086
  1503 10086
  1504 10086
  1505 10086
  1506 10086
  1507 10086
  1508 10086
  1509 10086
  1510 10086
  1511 10086
  1512 10086
  1513 10086
  1514 10086
  1515 10086
  1516 10086
  1517 10086
  1518 10086
  1519 10086
  1520 10086
  1521 10086
  1522 10086
  1523 10086
  1524 10086
  1525 10086
  1526 10086
  1527 10086
  1528 10086
  1529 10086
  1530 10086
  1531 10086
  1532 10086
  1533 10086
  1534 10086
  1535 10086
  1536 10086
  1537 10086
  1538 10086
  1539 10086
  1540 10086
  1541 10086
  1542 10086
  1543 10086
  1544 10086
  1545 10086
  1546 10086
  1547 10086
  1548 10086
  1549 10086
  1550 10086
  1551 10086
  1552 10086
  1553 10086
  1554 10086
  1555 10086
  1556 10086
  1557 10086
  1558 10086
  1559 10086
  1560 10086
  1561 10086
  1562 10086
  1563 10086
  1564 10086
  1565 10086
  1566 10086
  1567 10086
  1568 10086
  1569 10086
  1570 10086
  1571 10086
  1572 10086
  1573 10086
  1574 10086
  1575 10086
  1576 10086
  1577 10086
  1578 10086
  1579 10086
  1580 10086
  1581 10086
  1582 10086
  1583 10086
  1584 10086
  1585 10086
  1586 10086
  1587 10086
  1588 10086
  1589 10086
  1590 10086
  1591 10086
  1592 10086
  1593 10086
  1594 10086
  1595 10086
  1596 10086
  1597 10086
  1598 10086
  1599 10086
  1600 10086
  1601 10086
  1602 10086
  1603 10086
  1604 10086
  1605 10086
  1606 10086
  1607 10086
  1608 10086
  1609 10086
  1610 10086
  1611 10086
  1612 10086
  1613 10086
  1614 10086
  1615 10086
  1616 10086
  1617 10086
  1618 10086
  1619 10086
  1620 10086
  1622 10041
  1623 10041
  1624 10041
  1625 10041
  1626 10041
  1627 10041
  1628 10041
  1629 10041
  1861 10122
  1862 10122
  1864 10112
  1865 10112
  1866 10112
  1867 10112
  1868 10112
  1869 10005
  1870 10130
  1881 10031
  1882 10031
  1883 10031
  1884 10031
  1885 10031
  1886 10031
  1887 10031
  1888 10031
  1889 10031
  1890 10031
  1891 10031
  1892 10031
  1893 10031
  1894 10085
  1895 10014
  2021 10167
  2022 10167
  2023 10167
  2024 10167
  2025 10167
  2026 10167
  2027 10167
  2028 10167
  2029 10154
  2030 10031
  2031 10154
  2032 10031
  2033 10031
  2034 10031
