   726 10162
   727 10162
   728 10162
   729 10162
   730 10162
   731 10162
   732 10162
   733 10162
   734 10162
   735 10162
   736 10162
   737 10162
   738 10162
   739 10162
   740 10162
   741 10162
   742 10162
   743 10162
   744 10162
   745 10162
   746 10162
   747 10162
   748 10162
   749 10162
   750 10162
   751 10162
   752 10162
   753 10162
   754 10162
   755 10162
   756 10162
   757 10162
   758 10162
   759 10162
   760 10162
   761 10162
   762 10162
   763 10162
   764 10162
   765 10162
   766 10162
   767 10162
   768 10162
   769 10162
   770 10162
   771 10162
   772 10162
   773 10162
   774 10162
   775 10162
   776 10162
   777 10162
   778 10162
   779 10162
   780 10162
   781 10162
   782 10162
   783 10162
   784 10162
   785 10130
   786 10162
   789 10043
   790 10043
   791 10043
   792 10043
   793 10043
   794 10043
   795 10043
   796 10043
   797 10043
   798 10043
   799 10043
   800 10043
   801 10043
   802 10043
   803 10043
   804 10043
   805 10043
   806 10043
   807 10043
   808 10043
   809 10043
   810 10043
   811 10043
   812 10043
   813 10043
   814 10043
   815 10043
   816 10043
   817 10043
   818 10043
   819 10043
   820 10043
   821 10043
   822 10043
   823 10043
   824 10043
   825 10043
   826 10043
   827 10043
   828 10043
   829 10043
   830 10043
   831 10043
   832 10043
   833 10043
   834 10043
   835 10043
   836 10043
   837 10043
   838 10043
   839 10043
   840 10043
   841 10043
   842 10043
   843 10043
   844 10043
   845 10043
   846 10043
   847 10043
   848 10043
   849 10043
   850 10043
   851 10043
   852 10043
   853 10043
   854 10043
   855 10043
   856 10043
   857 10043
   858 10043
   859 10043
   860 10043
   861 10043
   862 10043
   863 10043
   864 10043
   865 10043
   866 10043
   867 10043
   868 10043
   869 10043
   870 10043
   871 10043
   872 10043
   873 10043
   874 10043
   875 10043
   876 10043
   877 10043
   878 10043
   879 10043
   880 10043
   881 10043
   882 10043
   883 10043
   884 10043
   885 10043
   886 10043
   887 10043
   888 10043
   889 10043
   890 10043
   891 10043
   892 10043
   893 10043
   894 10043
   895 10043
   896 10043
   897 10043
   898 10043
   899 10043
   900 10043
   901 10043
   902 10043
   903 10043
   904 10043
   905 10043
   906 10043
   907 10043
   908 10043
   909 10043
   910 10043
   911 10043
   912 10043
   913 10043
   914 10043
   915 10043
   916 10043
   917 10043
   918 10043
   919 10043
   920 10043
   921 10043
   922 10043
   923 10043
   924 10043
   925 10043
   926 10043
   927 10043
   928 10043
   929 10043
   930 10043
   931 10043
   932 10043
   933 10043
   934 10043
   935 10043
   936 10043
   937 10043
   938 10043
   939 10043
   940 10043
   941 10043
   942 10043
   943 10043
   944 10043
   945 10043
   946 10043
   947 10043
   948 10043
   949 10043
   950 10043
   951 10043
   952 10043
   953 10043
   954 10043
   955 10043
   956 10043
   957 10043
   958 10043
   959 10043
   960 10043
   961 10043
   962 10043
   963 10043
   964 10043
   965 10043
   966 10043
   967 10043
   968 10043
   969 10043
   970 10043
   971 10043
   972 10043
   973 10043
   974 10043
   975 10043
   976 10043
   977 10043
   978 10043
   979 10043
   980 10043
   981 10043
   982 10043
   983 10043
   984 10043
   985 10043
   986 10043
   987 10043
   988 10043
   989 10043
   990 10043
   991 10043
   992 10043
   993 10043
   994 10043
   995 10043
   996 10043
   997 10043
   998 10043
   999 10043
  1000 10043
  1001 10043
  1002 10043
  1003 10043
  1004 10043
  1005 10043
  1006 10043
  1007 10043
  1008 10043
  1009 10043
  1010 10043
  1011 10043
  1012 10043
  1013 10043
  1014 10043
  1015 10043
  1016 10043
  1017 10043
  1018 10043
  1019 10043
  1020 10043
  1021 10072
  1022 10011
  1023 10011
  1024 10011
  1025 10011
  1026 10011
  1027 10011
  1028 10011
  1029 10011
  1030 10011
  1031 10011
  1032 10011
  1033 10011
  1034 10011
  1035 10011
  1036 10011
  1037 10011
  1038 10011
  1039 10011
  1040 10011
  1041 10011
  1042 10011
  1043 10011
  1044 10011
  1045 10011
  1046 10011
  1047 10011
  1048 10011
  1049 10011
  1050 10011
  1051 10011
  1052 10011
  1053 10011
  1054 10011
  1055 10011
  1056 10011
  1057 10011
  1058 10011
  1059 10011
  1060 10011
  1061 10011
  1062 10011
  1063 10011
  1064 10011
  1065 10011
  1066 10011
  1067 10011
  1068 10011
  1069 10011
  1070 10011
  1071 10011
  1072 10011
  1073 10011
  1074 10011
  1075 10011
  1076 10011
  1077 10011
  1078 10011
  1079 10011
  1080 10011
  1081 10011
  1082 10011
  1083 10011
  1084 10011
  1085 10011
  1086 10011
  1087 10011
  1088 10011
  1089 10011
  1090 10011
  1091 10011
  1092 10011
  1093 10011
  1094 10011
  1095 10011
  1096 10011
  1097 10011
  1098 10011
  1099 10011
  1100 10011
  1101 10011
  1102 10011
  1103 10011
  1104 10011
  1105 10011
  1106 10011
  1107 10011
  1108 10011
  1109 10011
  1110 10011
  1111 10011
  1112 10011
  1113 10011
  1114 10011
  1115 10011
  1116 10011
  1117 10011
  1118 10011
  1119 10011
  1120 10011
  1121 10011
  1122 10011
  1123 10011
  1124 10011
  1125 10011
  1126 10011
  1127 10011
  1128 10011
  1129 10011
  1130 10011
  1131 10011
  1132 10011
  1133 10011
  1134 10011
  1135 10011
  1136 10011
  1137 10011
  1138 10011
  1139 10011
  1140 10011
  1141 10011
  1142 10011
  1143 10011
  1144 10011
  1145 10011
  1146 10011
  1147 10011
  1148 10011
  1149 10011
  1150 10011
  1151 10011
  1152 10011
  1153 10011
  1154 10011
  1155 10011
  1156 10011
  1157 10011
  1158 10011
  1159 10011
  1160 10011
  1161 10011
  1162 10011
  1163 10011
  1164 10011
  1165 10011
  1166 10011
  1167 10011
  1168 10011
  1169 10011
  1170 10011
  1171 10011
  1172 10011
  1173 10011
  1174 10011
  1175 10011
  1176 10011
  1177 10011
  1178 10011
  1179 10011
  1180 10011
  1181 10011
  1182 10011
  1183 10011
  1184 10011
  1185 10011
  1186 10011
  1187 10011
  1188 10011
  1189 10011
  1190 10011
  1191 10011
  1192 10011
  1193 10011
  1194 10011
  1195 10011
  1196 10011
  1197 10011
  1198 10011
  1199 10011
  1200 10011
  1201 10011
  1202 10011
  1203 10011
  1204 10011
  1205 10011
  1206 10011
  1207 10011
  1208 10011
  1209 10011
  1210 10011
  1211 10011
  1212 10011
  1213 10011
  1214 10011
  1215 10011
  1216 10011
  1217 10011
  1218 10011
  1219 10011
  1220 10011
  1221 10011
  1222 10011
  1223 10011
  1224 10011
  1225 10011
  1226 10011
  1227 10011
  1228 10011
  1229 10011
  1230 10011
  1231 10011
  1232 10011
  1233 10011
  1234 10011
  1235 10011
  1236 10011
  1237 10011
  1238 10011
  1239 10011
  1240 10011
  1241 10011
  1242 10011
  1243 10011
  1244 10011
  1245 10011
  1246 10011
  1247 10011
  1248 10011
  1249 10011
  1250 10011
  1251 10011
  1252 10011
  1253 10011
  1254 10011
  1255 10011
  1256 10011
  1257 10011
  1259 10041
  1263 10043
  1264 10043
  1269 10123
  1270 10123
  1271 10123
  1272 10123
  1273 10123
  1274 10123
  1275 10123
  1276 10123
  1277 10123
  1278 10123
  1279 10123
  1280 10123
  1281 10123
  1282 10123
  1283 10123
  1284 10123
  1285 10123
  1286 10123
  1287 10123
  1288 10123
  1289 10123
  1290 10123
  1291 10123
  1292 10123
  1293 10123
  1294 10123
  1295 10123
  1296 10123
  1297 10123
  1298 10123
  1299 10123
  1300 10123
  1301 10123
  1302 10123
  1303 10123
  1304 10123
  1305 10123
  1306 10123
  1307 10123
  1308 10123
  1309 10123
  1310 10123
  1311 10123
  1312 10123
  1313 10123
  1314 10123
  1315 10123
  1316 10123
  1317 10123
  1318 10123
  1319 10123
  1320 10123
  1321 10123
  1322 10123
  1323 10123
  1324 10123
  1325 10123
  1326 10123
  1327 10123
  1328 10123
  1329 10123
  1330 10123
  1331 10123
  1332 10123
  1333 10123
  1334 10123
  1335 10123
  1336 10123
  1337 10123
  1338 10123
  1339 10123
  1340 10123
  1341 10123
  1342 10123
  1343 10123
  1344 10123
  1345 10123
  1346 10123
  1347 10123
  1348 10123
  1349 10123
  1350 10123
  1351 10123
  1352 10123
  1353 10123
  1354 10123
  1355 10123
  1356 10123
  1357 10123
  1358 10123
  1359 10123
  1360 10123
  1361 10123
  1362 10123
  1363 10123
  1364 10123
  1365 10123
  1366 10123
  1367 10123
  1368 10123
  1369 10123
  1370 10123
  1371 10123
  1372 10123
  1373 10123
  1374 10123
  1375 10123
  1376 10123
  1377 10123
  1378 10123
  1379 10123
  1380 10123
  1381 10123
  1382 10123
  1383 10123
  1384 10123
  1385 10123
  1386 10123
  1387 10123
  1388 10123
  1389 10123
  1390 10123
  1391 10123
  1392 10123
  1393 10123
  1394 10123
  1395 10123
  1396 10123
  1397 10123
  1398 10123
  1399 10123
  1400 10123
  1401 10123
  1402 10123
  1403 10123
  1404 10123
  1405 10123
  1406 10123
  1407 10123
  1408 10123
  1409 10123
  1410 10123
  1411 10123
  1412 10123
  1413 10123
  1414 10123
  1415 10123
  1416 10123
  1417 10123
  1418 10123
  1419 10123
  1420 10123
  1421 10123
  1422 10123
  1423 10123
  1424 10123
  1425 10123
  1426 10123
  1427 10123
  1428 10123
  1429 10123
  1430 10123
  1431 10123
  1432 10123
  1433 10123
  1434 10123
  1435 10123
  1436 10123
  1437 10123
  1438 10123
  1439 10123
  1440 10123
  1441 10123
  1442 10123
  1443 10123
  1444 10123
  1445 10123
  1446 10123
  1447 10123
  1448 10123
  1449 10123
  1450 10123
  1451 10123
  1452 10123
  1453 10123
  1454 10123
  1455 10123
  1456 10123
  1457 10123
  1458 10123
  1459 10123
  1460 10123
  1461 10123
  1462 10123
  1463 10123
  1464 10123
  1465 10123
  1466 10123
  1467 10123
  1468 10123
  1469 10123
  1470 10123
  1471 10123
  1472 10123
  1473 10123
  1474 10123
  1475 10123
  1476 10123
  1477 10123
  1478 10123
  1479 10123
  1480 10123
  1481 10123
  1482 10123
  1483 10123
  1484 10123
  1485 10123
  1486 10123
  1487 10123
  1488 10123
  1489 10123
  1490 10123
  1491 10123
  1492 10123
  1493 10123
  1494 10123
  1495 10123
  1496 10123
  1497 10123
  1498 10123
  1499 10123
  1500 10123
  1501 10123
  1510 10023
  1511 10036
  1512 10016
  1513 10016
  1514 10016
  1515 10055
  1516 10055
  1517 10018
  1518 10018
  1519 10018
  1520 10023
  1521 10018
  1522 10018
  1523 10018
  1524 10018
  1525 10018
  1526 10055
  1527 10055
  1528 10018
  1529 10055
  1530 10055
  1531 10055
  1532 10018
  1533 10018
  1534 10018
  1535 10055
  1536 10018
  1537 10055
  1538 10018
  1539 10018
  1540 10018
  1541 10018
  1542 10018
  1543 10018
  1544 10018
  1545 10055
  1546 10055
  1547 10018
  1548 10018
  1549 10018
  1550 10055
  1551 10055
  1552 10055
  1553 10055
  1554 10055
  1555 10055
  1556 10055
  1557 10055
  1558 10055
  1559 10055
  1560 10055
  1561 10055
  1562 10055
  1563 10055
  1564 10055
  1565 10055
  1566 10055
  1567 10055
  1568 10055
  1569 10055
  1570 10055
  1571 10055
  1572 10055
  1574 10111
  1575 10016
  1576 10111
  1577 10111
  1578 10111
  1579 10111
  1580 10111
  1581 10111
  1582 10016
  1583 10016
  1584 10016
  1585 10016
  1586 10016
  1587 10016
  1588 10016
  1589 10016
  1590 10016
  1591 10016
  1592 10143
  1593 10016
  1594 10016
  1595 10016
  1596 10016
  1597 10016
  1598 10016
  1599 10016
  1600 10016
  1601 10016
  1602 10016
  1603 10016
  1604 10016
  1605 10016
  1606 10016
  1607 10016
  1608 10016
  1609 10016
  1610 10016
  1611 10016
  1612 10016
  1613 10016
  1614 10016
  1615 10016
  1616 10016
  1617 10016
  1618 10016
  1619 10143
  1620 10143
  1621 10081
  1622 10081
  1623 10081
  1624 10081
  1625 10081
  1626 10081
  1627 10167
  1628 10167
  1629 10167
  1630 10167
  1631 10167
  1632 10167
  1633 10167
  1634 10167
  1635 10167
  1636 10167
  1637 10167
  1638 10167
  1639 10167
  1640 10167
  1641 10167
  1642 10167
  1643 10167
  1644 10167
  1645 10167
  1646 10167
  1647 10167
  1648 10167
  1649 10167
  1650 10167
  1651 10167
  1652 10167
  1653 10167
  1654 10167
  1655 10167
  1656 10167
  1657 10167
  1658 10167
  1659 10167
  1660 10167
  1661 10167
  1662 10167
  1663 10167
  1664 10167
  1665 10167
  1666 10167
  1667 10167
  1668 10167
  1669 10167
  1670 10167
  1671 10167
  1672 10167
  1673 10167
  1674 10167
  1675 10167
  1676 10167
  1677 10167
  1678 10167
  1679 10167
  1680 10167
  1681 10167
  1682 10167
  1683 10167
  1684 10167
  1685 10167
  1686 10167
  1687 10167
  1688 10167
  1689 10167
  1690 10167
  1691 10167
  1692 10167
  1693 10167
  1694 10167
  1695 10167
  1696 10167
  1697 10167
  1698 10167
  1699 10167
  1700 10167
  1701 10167
  1702 10167
  1703 10167
  1704 10167
  1705 10167
  1706 10167
  1707 10167
  1708 10167
  1709 10167
  1710 10167
  1711 10167
  1712 10167
  1713 10167
  1714 10167
  1715 10167
  1716 10167
  1717 10167
  1718 10167
  1719 10167
  1720 10167
  1721 10167
  1722 10167
  1723 10167
  1724 10167
  1725 10167
  1726 10167
  1727 10167
  1728 10167
  1729 10167
  1730 10167
  1731 10167
  1732 10167
  1733 10167
  1734 10167
  1735 10167
  1736 10167
  1737 10167
  1738 10167
  1739 10167
  1740 10167
  1741 10167
  1742 10167
  1743 10167
  1744 10167
  1745 10167
  1746 10167
  1747 10167
  1748 10167
  1749 10167
  1750 10167
  1751 10167
  1752 10167
  1753 10167
  1754 10167
  1755 10167
  1756 10167
  1757 10167
  1758 10167
  1759 10167
  1760 10167
  1761 10167
  1762 10167
  1763 10167
  1764 10167
  1765 10167
  1766 10167
  1767 10167
  1768 10167
  1769 10167
  1770 10167
  1771 10167
  1772 10167
  1773 10167
  1774 10167
  1775 10167
  1776 10167
  1777 10167
  1778 10167
  1779 10167
  1780 10167
  1781 10167
  1782 10167
  1783 10167
  1784 10167
  1785 10167
  1786 10167
  1787 10167
  1788 10167
  1789 10167
  1790 10167
  1791 10167
  1792 10167
  1793 10167
  1794 10167
  1795 10167
  1796 10167
  1797 10167
  1798 10167
  1799 10167
  1800 10167
  1801 10167
  1802 10167
  1803 10167
  1804 10167
  1805 10167
  1806 10167
  1807 10167
  1808 10167
  1809 10167
  1810 10167
  1811 10167
  1812 10167
  1813 10167
  1814 10167
  1815 10167
  1816 10167
  1817 10167
  1818 10167
  1819 10167
  1820 10167
  1821 10167
  1822 10167
  1823 10167
  1824 10167
  1825 10167
  1826 10167
  1827 10167
  1828 10167
  1829 10167
  1830 10167
  1831 10167
  1832 10167
  1833 10167
  1834 10167
  1835 10167
  1836 10167
  1837 10167
  1838 10167
  1839 10167
  1840 10167
  1841 10167
  1842 10167
  1843 10167
  1844 10167
  1845 10167
  1846 10167
  1847 10167
  1848 10167
  1849 10167
  1850 10167
  1851 10167
  1852 10167
  1853 10167
  1854 10167
  1855 10167
  1856 10167
  1857 10167
  1858 10143
  1859 10143
  1860 10143
  1861 10143
  1866 10067
  1868 10128
  1869 10043
  1886 10071
  1887 10071
  1888 10071
  1889 10071
  1890 10071
  1891 10071
  1892 10071
  1893 10071
  1894 10071
  1895 10071
  1896 10071
  1897 10071
  1898 10071
  1899 10071
  1900 10071
  1901 10071
  1902 10071
  1903 10071
  1904 10071
  1905 10071
  1906 10071
  1907 10071
  1908 10071
  1909 10071
  1910 10071
  1911 10071
  1912 10071
  1913 10071
  1914 10071
  1915 10071
  1916 10071
  1917 10071
  1918 10071
  1919 10149
  1920 10071
  1921 10071
  1922 10071
  1923 10071
  1924 10149
  1925 10071
  1926 10149
  1927 10149
  1928 10071
  1929 10149
  1930 10071
  1931 10071
  1932 10071
  1933 10071
  1934 10071
  1935 10071
  1936 10071
  1937 10071
  1938 10071
  1939 10071
  1940 10149
  1941 10149
  1942 10149
  1943 10149
  1944 10071
  1945 10071
  1946 10071
  1947 10071
  1948 10071
  1949 10071
  1950 10071
  1951 10071
  1952 10071
  1953 10149
  1954 10149
  1955 10149
  1956 10149
  1957 10071
  1958 10149
  1959 10149
  1960 10149
  1961 10071
  1962 10071
  1963 10071
  1964 10071
  1965 10071
  1966 10071
  1967 10071
  1968 10071
  1969 10071
  1970 10071
  1971 10071
  1972 10071
  1973 10071
  1974 10149
  1975 10149
  1976 10071
  1977 10071
  1978 10071
  1979 10071
  1980 10071
  1981 10071
  1982 10071
  1983 10071
  1984 10071
  1985 10071
  1986 10071
  1987 10071
  1988 10071
  1989 10071
  1990 10071
  1991 10071
  1992 10071
  1993 10071
  1994 10071
  1995 10071
  1996 10071
  1997 10071
  1998 10071
  1999 10071
  2000 10071
  2001 10071
  2002 10071
  2003 10071
  2004 10071
  2005 10071
  2006 10071
  2007 10071
  2008 10071
  2009 10071
  2010 10071
  2011 10071
  2012 10071
  2013 10071
  2014 10149
  2015 10071
  2016 10071
  2017 10149
  2018 10071
  2033 10138
  2035 10055
  2036 10055
