   689 10134
   690 10134
   691 10134
   692 10134
   693 10134
   694 10134
   695 10134
   696 10134
   697 10134
   698 10134
   699 10134
   700 10134
   701 10134
   702 10134
   703 10134
   704 10134
   705 10134
   706 10134
   707 10134
   708 10134
   709 10134
   710 10134
   711 10134
   712 10134
   713 10134
   714 10134
   715 10134
   716 10134
   717 10134
   718 10134
   719 10134
   720 10134
   721 10134
   722 10134
   723 10134
   724 10134
   725 10134
   726 10134
   727 10134
   728 10134
   729 10134
   730 10134
   731 10134
   732 10134
   733 10134
   734 10134
   735 10134
   736 10134
   737 10134
   738 10134
   739 10134
   740 10134
   741 10134
   742 10134
   743 10134
   744 10134
   745 10134
   746 10134
   747 10134
   748 10134
   749 10134
   750 10134
   751 10134
   752 10134
   753 10134
   754 10134
   755 10134
   756 10134
   757 10134
   758 10134
   759 10134
   760 10134
   761 10134
   762 10134
   763 10134
   764 10134
   765 10134
   766 10134
   767 10134
   768 10134
   769 10134
   770 10134
   771 10134
   772 10134
   773 10134
   774 10134
   775 10134
   776 10134
   777 10134
   778 10134
   779 10134
   780 10134
   781 10154
   782 10143
   783 10081
   784 10081
   785 10081
   786 10081
   787 10081
   788 10081
   789 10081
   790 10081
   791 10081
   792 10081
   793 10081
   794 10081
   795 10081
   796 10081
   797 10081
   798 10081
   799 10081
   800 10081
   801 10081
   802 10081
   803 10081
   804 10081
   805 10081
   806 10081
   807 10081
   808 10081
   809 10081
   810 10081
   811 10081
   812 10081
   813 10081
   814 10081
   815 10081
   816 10081
   817 10081
   818 10081
   819 10081
   820 10081
   821 10081
   822 10081
   823 10081
   824 10081
   825 10081
   826 10081
   827 10081
   828 10081
   829 10081
   830 10081
   831 10081
   832 10081
   833 10081
   834 10081
   835 10081
   836 10081
   837 10081
   838 10081
   839 10081
   840 10081
   841 10081
   842 10081
   843 10081
   844 10081
   845 10081
   846 10081
   847 10081
   848 10081
   849 10081
   850 10081
   851 10081
   852 10081
   853 10081
   854 10081
   855 10081
   856 10081
   857 10081
   858 10081
   859 10081
   860 10081
   861 10081
   862 10081
   863 10081
   864 10081
   865 10081
   866 10081
   867 10081
   868 10081
   869 10081
   870 10081
   871 10081
   872 10081
   873 10081
   874 10081
   875 10081
   876 10081
   877 10081
   878 10081
   879 10081
   880 10081
   881 10081
   882 10081
   883 10081
   884 10081
   885 10081
   886 10081
   887 10081
   888 10081
   889 10081
   890 10081
   891 10081
   892 10081
   893 10081
   894 10081
   895 10081
   896 10081
   897 10081
   898 10081
   899 10081
   900 10081
   901 10081
   902 10081
   903 10081
   904 10081
   905 10081
   906 10081
   907 10081
   908 10081
   909 10081
   910 10081
   911 10081
   912 10081
   913 10081
   914 10081
   915 10081
   916 10081
   917 10081
   918 10081
   919 10081
   920 10081
   921 10081
   922 10081
   923 10081
   924 10081
   925 10081
   926 10081
   927 10081
   928 10081
   929 10081
   930 10081
   931 10081
   932 10081
   933 10081
   934 10081
   935 10081
   936 10081
   937 10081
   938 10081
   939 10081
   940 10081
   941 10081
   942 10081
   943 10081
   944 10081
   945 10081
   946 10081
   947 10081
   948 10081
   949 10081
   950 10081
   951 10081
   952 10081
   953 10081
   954 10081
   955 10081
   956 10081
   957 10081
   958 10081
   959 10081
   960 10081
   961 10081
   962 10081
   963 10081
   964 10081
   965 10081
   966 10081
   967 10081
   968 10081
   969 10081
   970 10081
   971 10081
   972 10081
   973 10081
   974 10081
   975 10081
   976 10081
   977 10081
   978 10081
   979 10081
   980 10081
   981 10081
   982 10081
   983 10081
   984 10081
   985 10081
   986 10081
   987 10081
   988 10081
   989 10081
   990 10081
   991 10081
   992 10081
   993 10081
   994 10081
   995 10081
   996 10081
   997 10081
   998 10081
   999 10081
  1000 10081
  1001 10081
  1002 10081
  1003 10081
  1004 10081
  1005 10081
  1006 10081
  1007 10081
  1008 10081
  1009 10081
  1010 10081
  1011 10081
  1012 10081
  1013 10081
  1014 10081
  1015 10081
  1016 10081
  1017 10081
  1018 10081
  1019 10081
  1020 10081
  1029 10034
  1030 10034
  1031 10034
  1032 10034
  1033 10034
  1034 10034
  1035 10034
  1036 10034
  1037 10034
  1038 10034
  1039 10034
  1040 10034
  1041 10034
  1042 10034
  1043 10034
  1044 10034
  1045 10034
  1046 10034
  1047 10034
  1048 10034
  1049 10034
  1050 10034
  1051 10034
  1052 10034
  1053 10034
  1054 10034
  1055 10034
  1056 10034
  1057 10034
  1058 10034
  1059 10034
  1060 10034
  1061 10034
  1062 10034
  1063 10034
  1064 10034
  1065 10034
  1066 10034
  1067 10034
  1068 10034
  1069 10034
  1070 10034
  1071 10034
  1072 10034
  1073 10034
  1074 10034
  1075 10034
  1076 10034
  1077 10034
  1078 10034
  1079 10034
  1080 10034
  1081 10034
  1082 10034
  1083 10034
  1084 10034
  1085 10034
  1086 10034
  1087 10034
  1088 10034
  1089 10034
  1090 10034
  1091 10034
  1092 10034
  1093 10034
  1094 10034
  1095 10034
  1096 10034
  1097 10034
  1098 10034
  1099 10034
  1100 10034
  1101 10034
  1102 10034
  1103 10034
  1104 10034
  1105 10034
  1106 10034
  1107 10034
  1108 10034
  1109 10034
  1110 10034
  1111 10034
  1112 10034
  1113 10034
  1114 10034
  1115 10034
  1116 10034
  1117 10034
  1118 10034
  1119 10034
  1120 10034
  1121 10034
  1122 10034
  1123 10034
  1124 10034
  1125 10034
  1126 10034
  1127 10034
  1128 10034
  1129 10034
  1130 10034
  1131 10034
  1132 10034
  1133 10034
  1134 10034
  1135 10034
  1136 10034
  1137 10034
  1138 10034
  1139 10034
  1140 10034
  1141 10034
  1142 10034
  1143 10034
  1144 10034
  1145 10034
  1146 10034
  1147 10034
  1148 10034
  1149 10034
  1150 10034
  1151 10034
  1152 10034
  1153 10034
  1154 10034
  1155 10034
  1156 10034
  1157 10034
  1158 10034
  1159 10034
  1160 10034
  1161 10034
  1162 10034
  1163 10034
  1164 10034
  1165 10034
  1166 10034
  1167 10034
  1168 10034
  1169 10034
  1170 10034
  1171 10034
  1172 10034
  1173 10034
  1174 10034
  1175 10034
  1176 10034
  1177 10034
  1178 10034
  1179 10034
  1180 10034
  1181 10034
  1182 10034
  1183 10034
  1184 10034
  1185 10034
  1186 10034
  1187 10034
  1188 10034
  1189 10034
  1190 10034
  1191 10034
  1192 10034
  1193 10034
  1194 10034
  1195 10034
  1196 10034
  1197 10034
  1198 10034
  1199 10034
  1200 10034
  1201 10034
  1202 10034
  1203 10034
  1204 10034
  1205 10034
  1206 10034
  1207 10034
  1208 10034
  1209 10034
  1210 10034
  1211 10034
  1212 10034
  1213 10034
  1214 10034
  1215 10034
  1216 10034
  1217 10034
  1218 10034
  1219 10034
  1220 10034
  1221 10034
  1222 10034
  1223 10034
  1224 10034
  1225 10034
  1226 10034
  1227 10034
  1228 10034
  1229 10034
  1230 10034
  1231 10034
  1232 10034
  1233 10034
  1234 10034
  1235 10034
  1236 10034
  1237 10034
  1238 10034
  1239 10034
  1240 10034
  1241 10034
  1242 10034
  1243 10034
  1244 10034
  1245 10034
  1246 10034
  1247 10034
  1248 10034
  1249 10034
  1250 10034
  1251 10034
  1252 10034
  1253 10034
  1254 10034
  1255 10034
  1256 10034
  1257 10034
  1258 10047
  1259 10047
  1260 10047
  1261 10047
  1262 10047
  1263 10047
  1264 10047
  1265 10047
  1266 10047
  1267 10047
  1268 10047
  1269 10047
  1270 10047
  1271 10047
  1272 10047
  1273 10047
  1274 10047
  1275 10047
  1276 10047
  1277 10047
  1278 10047
  1279 10047
  1280 10047
  1281 10047
  1282 10047
  1283 10047
  1284 10047
  1285 10047
  1286 10047
  1287 10047
  1288 10047
  1289 10047
  1290 10047
  1291 10047
  1292 10047
  1293 10047
  1294 10047
  1295 10047
  1296 10047
  1297 10047
  1298 10047
  1299 10047
  1300 10047
  1301 10047
  1302 10047
  1303 10047
  1304 10047
  1305 10047
  1306 10047
  1307 10047
  1308 10047
  1309 10047
  1310 10047
  1311 10047
  1312 10047
  1313 10047
  1314 10047
  1315 10047
  1316 10047
  1317 10047
  1318 10047
  1319 10047
  1320 10047
  1321 10047
  1322 10047
  1323 10047
  1324 10047
  1325 10047
  1326 10047
  1327 10047
  1328 10047
  1329 10047
  1330 10047
  1331 10047
  1332 10047
  1333 10047
  1334 10047
  1335 10047
  1336 10047
  1337 10047
  1338 10047
  1339 10047
  1340 10047
  1341 10047
  1342 10047
  1343 10047
  1344 10047
  1345 10047
  1346 10047
  1347 10047
  1348 10047
  1349 10047
  1350 10047
  1351 10047
  1352 10047
  1353 10047
  1354 10047
  1355 10047
  1356 10047
  1357 10047
  1358 10047
  1359 10047
  1360 10047
  1361 10047
  1362 10047
  1363 10047
  1364 10047
  1365 10047
  1366 10047
  1367 10047
  1368 10047
  1369 10047
  1370 10047
  1371 10047
  1372 10047
  1373 10047
  1374 10047
  1375 10047
  1376 10047
  1377 10047
  1378 10047
  1379 10047
  1380 10047
  1381 10047
  1382 10047
  1383 10047
  1384 10047
  1385 10047
  1386 10047
  1387 10047
  1388 10047
  1389 10047
  1390 10047
  1391 10047
  1392 10047
  1393 10047
  1394 10047
  1395 10047
  1396 10047
  1397 10047
  1398 10047
  1399 10047
  1400 10047
  1401 10047
  1402 10047
  1403 10047
  1404 10047
  1405 10047
  1406 10047
  1407 10047
  1408 10047
  1409 10047
  1410 10047
  1411 10047
  1412 10047
  1413 10047
  1414 10047
  1415 10047
  1416 10047
  1417 10047
  1418 10047
  1419 10047
  1420 10047
  1421 10047
  1422 10047
  1423 10047
  1424 10047
  1425 10047
  1426 10047
  1427 10047
  1428 10047
  1429 10047
  1430 10047
  1431 10047
  1432 10047
  1433 10047
  1434 10047
  1435 10047
  1436 10047
  1437 10047
  1438 10047
  1439 10047
  1440 10047
  1441 10047
  1442 10047
  1443 10047
  1444 10047
  1445 10047
  1446 10047
  1447 10047
  1448 10047
  1449 10047
  1450 10047
  1451 10047
  1452 10047
  1453 10047
  1454 10047
  1455 10047
  1456 10047
  1457 10047
  1458 10047
  1459 10047
  1460 10047
  1461 10047
  1462 10047
  1463 10047
  1464 10047
  1465 10047
  1466 10047
  1467 10047
  1468 10047
  1469 10047
  1470 10047
  1471 10047
  1472 10047
  1473 10047
  1474 10047
  1475 10047
  1476 10047
  1477 10047
  1478 10047
  1479 10047
  1480 10047
  1481 10047
  1482 10047
  1483 10047
  1484 10047
  1485 10047
  1486 10047
  1487 10047
  1488 10047
  1489 10047
  1490 10047
  1491 10047
  1492 10047
  1493 10047
  1494 10047
  1495 10047
  1496 10047
  1497 10047
  1498 10047
  1499 10047
  1500 10047
  1501 10047
  1502 10047
  1503 10047
  1504 10047
  1505 10047
  1506 10047
  1507 10047
  1508 10047
  1509 10047
  1510 10047
  1511 10047
  1513 10090
  1515 10061
  1516 10061
  1517 10061
  1518 10061
  1520 10055
  1521 10055
  1522 10158
  1523 10158
  1524 10158
  1525 10158
  1526 10158
  1527 10055
  1528 10055
  1529 10055
  1530 10055
  1531 10055
  1532 10140
  1533 10055
  1534 10018
  1535 10055
  1536 10140
  1537 10140
  1538 10140
  1539 10140
  1540 10140
  1541 10140
  1542 10140
  1543 10140
  1544 10140
  1545 10140
  1546 10140
  1547 10055
  1548 10140
  1549 10140
  1550 10140
  1551 10018
  1552 10140
  1553 10055
  1554 10055
  1555 10055
  1557 10143
  1558 10016
  1559 10016
  1560 10016
  1561 10016
  1562 10016
  1563 10016
  1564 10016
  1565 10016
  1566 10016
  1567 10016
  1568 10055
  1569 10055
  1572 10101
  1573 10101
  1574 10101
  1575 10101
  1576 10101
  1583 10016
  1584 10016
  1585 10016
  1586 10016
  1587 10016
  1588 10016
  1589 10016
  1592 10143
  1593 10143
  1594 10143
  1595 10143
  1596 10143
  1600 10016
  1601 10016
  1602 10016
  1603 10016
  1604 10016
  1605 10016
  1606 10016
  1607 10016
  1608 10016
  1609 10016
  1610 10016
  1611 10016
  1612 10016
  1613 10016
  1614 10016
  1615 10016
  1620 10101
  1621 10101
  1622 10061
  1623 10067
  1625 10067
  1626 10067
  1627 10067
  1628 10067
  1629 10067
  1630 10067
  1631 10067
  1632 10067
  1633 10067
  1634 10067
  1635 10067
  1636 10067
  1637 10067
  1638 10067
  1639 10067
  1640 10067
  1641 10067
  1642 10067
  1643 10067
  1644 10067
  1645 10067
  1646 10067
  1647 10067
  1648 10067
  1649 10067
  1650 10067
  1651 10067
  1652 10067
  1653 10067
  1654 10067
  1655 10067
  1656 10067
  1657 10067
  1658 10067
  1659 10067
  1660 10067
  1661 10067
  1662 10067
  1663 10067
  1664 10067
  1665 10067
  1666 10067
  1667 10067
  1668 10067
  1669 10067
  1670 10067
  1671 10067
  1672 10067
  1673 10067
  1674 10067
  1675 10067
  1676 10067
  1677 10067
  1678 10067
  1679 10067
  1680 10067
  1681 10067
  1682 10067
  1683 10067
  1684 10067
  1685 10067
  1686 10067
  1687 10067
  1688 10067
  1689 10067
  1690 10067
  1691 10067
  1692 10067
  1693 10067
  1694 10067
  1695 10067
  1696 10067
  1697 10067
  1698 10067
  1699 10067
  1700 10067
  1701 10067
  1702 10067
  1703 10067
  1704 10067
  1705 10067
  1706 10067
  1707 10067
  1708 10067
  1709 10067
  1710 10067
  1711 10067
  1712 10067
  1713 10067
  1714 10067
  1715 10067
  1716 10067
  1717 10067
  1718 10067
  1719 10067
  1720 10067
  1721 10067
  1722 10067
  1723 10067
  1724 10067
  1725 10067
  1726 10067
  1727 10067
  1728 10067
  1729 10067
  1730 10067
  1731 10067
  1732 10067
  1733 10067
  1734 10067
  1735 10067
  1736 10067
  1737 10067
  1738 10067
  1739 10067
  1740 10067
  1741 10067
  1742 10067
  1743 10067
  1744 10067
  1745 10067
  1746 10067
  1747 10067
  1748 10067
  1749 10067
  1750 10067
  1751 10067
  1752 10067
  1753 10067
  1754 10067
  1755 10067
  1756 10067
  1757 10067
  1758 10067
  1759 10067
  1760 10067
  1761 10067
  1762 10067
  1763 10067
  1764 10067
  1765 10067
  1766 10067
  1767 10067
  1768 10067
  1769 10067
  1770 10067
  1771 10067
  1772 10067
  1773 10067
  1774 10067
  1775 10067
  1776 10067
  1777 10067
  1778 10067
  1779 10067
  1780 10067
  1781 10067
  1782 10067
  1783 10067
  1784 10067
  1785 10067
  1786 10067
  1787 10067
  1788 10067
  1789 10067
  1790 10067
  1791 10067
  1792 10067
  1793 10067
  1794 10067
  1795 10067
  1796 10067
  1797 10067
  1798 10067
  1799 10067
  1800 10067
  1801 10067
  1802 10067
  1803 10067
  1804 10067
  1805 10067
  1806 10067
  1807 10067
  1808 10067
  1809 10067
  1810 10067
  1811 10067
  1812 10067
  1813 10067
  1814 10067
  1815 10067
  1816 10067
  1817 10067
  1818 10067
  1819 10067
  1820 10067
  1821 10067
  1822 10067
  1823 10067
  1824 10067
  1825 10067
  1826 10067
  1827 10067
  1828 10067
  1829 10067
  1830 10067
  1831 10067
  1832 10067
  1833 10067
  1834 10067
  1835 10067
  1836 10067
  1837 10067
  1838 10067
  1839 10067
  1840 10067
  1841 10067
  1842 10067
  1843 10067
  1844 10067
  1845 10067
  1846 10067
  1847 10067
  1848 10067
  1849 10067
  1850 10067
  1851 10067
  1852 10067
  1853 10067
  1854 10067
  1855 10067
  1856 10067
  1857 10067
  1858 10067
  1859 10067
  1860 10067
  1861 10101
  1862 10101
  1866 10122
  1867 10122
  1868 10122
  1869 10122
  1870 10122
  1871 10122
  1872 10122
  1873 10122
  1874 10122
  1875 10122
  1876 10122
  1877 10122
  1878 10122
  1879 10122
  1880 10122
  1881 10122
  1882 10122
  1883 10122
  1884 10122
  1885 10122
  1886 10122
  1887 10122
  1888 10122
  1889 10122
  1890 10122
  1891 10122
  1892 10122
  1893 10122
  1894 10122
  1895 10122
  1896 10122
  1897 10122
  1898 10122
  1899 10122
  1900 10122
  1901 10122
  1902 10122
  1903 10122
  1904 10122
  1905 10122
  1906 10122
  1907 10122
  1908 10122
  1909 10122
  1910 10122
  1911 10122
  1912 10122
  1913 10122
  1914 10122
  1915 10122
  1916 10122
  1917 10122
  1918 10122
  1919 10122
  1920 10122
  1921 10122
  1922 10122
  1923 10122
  1924 10122
  1925 10122
  1926 10122
  1927 10122
  1928 10122
  1929 10122
  1930 10122
  1931 10122
  1932 10122
  1933 10122
  1934 10122
  1935 10122
  1936 10122
  1937 10122
  1938 10122
  1939 10122
  1940 10122
  1941 10122
  1942 10122
  1943 10122
  1944 10122
  1945 10122
  1946 10122
  1947 10122
  1948 10122
  1949 10122
  1950 10122
  1951 10122
  1952 10122
  1953 10122
  1954 10122
  1955 10122
  1956 10122
  1957 10122
  1958 10122
  1959 10122
  1960 10122
  1961 10122
  1962 10122
  1963 10122
  1964 10122
  1965 10122
  1966 10122
  1967 10122
  1968 10122
  1969 10122
  1970 10122
  1971 10122
  1972 10122
  1973 10122
  1974 10122
  1975 10122
  1976 10122
  1977 10122
  1978 10122
  1979 10122
  1980 10122
  1981 10122
  1982 10122
  1983 10122
  1984 10122
  1985 10122
  1986 10122
  1987 10122
  1988 10122
  1989 10122
  1990 10122
  1991 10122
  1992 10122
  1993 10122
  1994 10122
  1995 10122
  1996 10122
  1997 10122
  1998 10122
  1999 10122
  2000 10122
  2001 10122
  2002 10122
  2003 10122
  2004 10122
  2005 10122
  2006 10122
  2007 10122
  2008 10122
  2009 10122
  2010 10122
  2011 10122
  2012 10122
  2013 10122
  2014 10122
  2015 10122
  2016 10122
  2017 10122
  2018 10122
  2019 10122
  2020 10122
