   683 10017
   684 10017
   685 10017
   686 10017
   687 10017
   688 10034
   689 10034
   690 10001
   691 10001
   692 10001
   693 10001
   694 10001
   695 10001
   696 10001
   697 10001
   698 10001
   699 10001
   700 10001
   701 10001
   702 10001
   703 10001
   704 10001
   705 10001
   706 10001
   707 10001
   708 10001
   709 10001
   710 10001
   711 10001
   712 10001
   713 10001
   714 10001
   715 10001
   716 10001
   717 10001
   718 10001
   719 10001
   720 10001
   721 10001
   722 10001
   723 10001
   724 10001
   725 10001
   726 10001
   727 10001
   728 10001
   729 10001
   730 10001
   731 10001
   732 10001
   733 10001
   734 10001
   735 10001
   736 10001
   737 10001
   738 10001
   739 10001
   740 10001
   741 10001
   742 10001
   743 10001
   744 10001
   745 10001
   746 10001
   747 10001
   748 10001
   749 10001
   750 10001
   751 10001
   752 10001
   753 10001
   754 10001
   755 10001
   756 10001
   757 10001
   758 10001
   759 10001
   760 10001
   761 10001
   762 10001
   763 10001
   764 10001
   765 10001
   766 10001
   767 10001
   768 10001
   769 10001
   770 10001
   771 10001
   772 10001
   773 10001
   774 10001
   775 10001
   776 10001
   777 10001
   778 10001
   779 10001
   780 10001
   781 10151
   782 10151
   783 10151
   784 10151
   785 10151
   786 10151
   787 10151
   788 10151
   789 10151
   790 10151
   791 10034
   792 10034
   793 10034
   794 10034
   795 10001
   796 10001
   797 10001
   798 10001
   799 10001
   800 10001
   801 10001
   802 10001
   803 10001
   804 10001
   805 10001
   806 10001
   807 10001
   808 10001
   809 10001
   810 10001
   811 10001
   812 10001
   813 10001
   814 10001
   815 10001
   816 10001
   817 10001
   818 10001
   819 10001
   820 10001
   821 10001
   822 10001
   823 10001
   824 10001
   825 10001
   826 10001
   827 10001
   828 10001
   829 10001
   830 10001
   831 10001
   832 10001
   833 10001
   834 10001
   835 10001
   836 10001
   837 10001
   838 10001
   839 10001
   840 10001
   841 10001
   842 10001
   843 10001
   844 10001
   845 10001
   846 10001
   847 10001
   848 10001
   849 10001
   850 10001
   851 10001
   852 10001
   853 10001
   854 10001
   855 10001
   856 10001
   857 10001
   858 10001
   859 10001
   860 10001
   861 10001
   862 10001
   863 10001
   864 10001
   865 10001
   866 10001
   867 10001
   868 10001
   869 10001
   870 10001
   871 10001
   872 10001
   873 10001
   874 10001
   875 10001
   876 10001
   877 10001
   878 10001
   879 10001
   880 10001
   881 10001
   882 10001
   883 10001
   884 10001
   885 10001
   886 10001
   887 10001
   888 10001
   889 10001
   890 10001
   891 10001
   892 10001
   893 10001
   894 10001
   895 10001
   896 10001
   897 10001
   898 10001
   899 10001
   900 10001
   901 10001
   902 10001
   903 10001
   904 10001
   905 10001
   906 10001
   907 10001
   908 10001
   909 10001
   910 10001
   911 10001
   912 10001
   913 10001
   914 10001
   915 10001
   916 10001
   917 10001
   918 10001
   919 10001
   920 10001
   921 10001
   922 10001
   923 10001
   924 10001
   925 10001
   926 10001
   927 10001
   928 10001
   929 10001
   930 10001
   931 10001
   932 10001
   933 10001
   934 10001
   935 10001
   936 10001
   937 10001
   938 10001
   939 10001
   940 10001
   941 10001
   942 10001
   943 10001
   944 10001
   945 10001
   946 10001
   947 10001
   948 10001
   949 10001
   950 10001
   951 10001
   952 10001
   953 10001
   954 10001
   955 10001
   956 10001
   957 10001
   958 10001
   959 10001
   960 10001
   961 10001
   962 10001
   963 10001
   964 10001
   965 10001
   966 10001
   967 10001
   968 10001
   969 10001
   970 10001
   971 10001
   972 10001
   973 10001
   974 10001
   975 10001
   976 10001
   977 10001
   978 10001
   979 10001
   980 10001
   981 10001
   982 10001
   983 10001
   984 10001
   985 10001
   986 10001
   987 10001
   988 10001
   989 10001
   990 10001
   991 10001
   992 10001
   993 10001
   994 10001
   995 10001
   996 10001
   997 10001
   998 10001
   999 10001
  1000 10001
  1001 10001
  1002 10001
  1003 10001
  1004 10001
  1005 10001
  1006 10001
  1007 10001
  1008 10001
  1009 10001
  1010 10001
  1011 10001
  1012 10001
  1013 10001
  1014 10001
  1015 10001
  1016 10001
  1017 10001
  1018 10001
  1019 10001
  1020 10001
  1021 10034
  1022 10034
  1023 10151
  1024 10034
  1025 10041
  1026 10151
  1027 10151
  1028 10017
  1029 10017
  1030 10017
  1031 10151
  1032 10151
  1033 10151
  1035 10151
  1036 10151
  1037 10072
  1038 10072
  1039 10045
  1040 10151
  1042 10151
  1043 10151
  1044 10151
  1045 10151
  1046 10151
  1047 10151
  1048 10151
  1049 10151
  1050 10151
  1051 10151
  1052 10151
  1053 10151
  1054 10151
  1055 10151
  1056 10151
  1057 10151
  1058 10151
  1059 10151
  1060 10151
  1061 10151
  1074 10151
  1075 10151
  1076 10151
  1077 10151
  1078 10151
  1079 10151
  1080 10151
  1081 10151
  1082 10151
  1083 10151
  1084 10151
  1085 10151
  1086 10151
  1087 10151
  1088 10151
  1095 10151
  1096 10151
  1097 10151
  1108 10151
  1109 10151
  1110 10151
  1111 10151
  1112 10151
  1113 10151
  1114 10151
  1115 10151
  1116 10151
  1117 10151
  1118 10151
  1119 10151
  1120 10151
  1124 10151
  1125 10151
  1126 10151
  1127 10151
  1128 10151
  1129 10151
  1134 10151
  1135 10151
  1136 10151
  1137 10151
  1138 10151
  1139 10151
  1140 10151
  1141 10151
  1142 10151
  1143 10151
  1144 10151
  1145 10151
  1146 10151
  1147 10151
  1148 10151
  1149 10151
  1150 10151
  1151 10151
  1152 10151
  1153 10151
  1154 10151
  1155 10151
  1171 10151
  1172 10151
  1175 10151
  1176 10151
  1177 10151
  1182 10151
  1183 10151
  1184 10151
  1195 10151
  1196 10151
  1197 10151
  1198 10151
  1204 10151
  1205 10066
  1206 10066
  1207 10066
  1208 10066
  1209 10066
  1210 10066
  1211 10066
  1212 10066
  1213 10066
  1218 10151
  1219 10151
  1220 10151
  1221 10151
  1222 10151
  1223 10151
  1224 10151
  1225 10151
  1226 10151
  1227 10151
  1228 10151
  1229 10151
  1230 10151
  1233 10151
  1234 10151
  1235 10151
  1236 10151
  1237 10151
  1238 10151
  1239 10151
  1240 10151
  1241 10151
  1242 10151
  1243 10151
  1244 10151
  1245 10151
  1246 10151
  1249 10151
  1250 10151
  1251 10151
  1252 10151
  1253 10151
  1254 10151
  1255 10151
  1257 10151
  1258 10151
  1259 10151
  1260 10151
  1261 10041
  1262 10041
  1263 10041
  1264 10041
  1265 10041
  1266 10045
  1267 10045
  1268 10045
  1269 10045
  1275 10098
  1276 10018
  1277 10018
  1278 10018
  1279 10018
  1280 10018
  1281 10018
  1282 10018
  1283 10018
  1284 10040
  1285 10018
  1286 10040
  1287 10040
  1288 10040
  1289 10018
  1290 10106
  1291 10106
  1292 10106
  1293 10106
  1294 10106
  1295 10106
  1296 10106
  1297 10106
  1298 10106
  1299 10106
  1300 10106
  1301 10106
  1302 10106
  1303 10106
  1304 10106
  1305 10106
  1306 10106
  1307 10106
  1308 10106
  1309 10106
  1310 10106
  1311 10106
  1312 10106
  1313 10106
  1314 10106
  1315 10106
  1316 10106
  1317 10106
  1318 10106
  1319 10106
  1320 10106
  1321 10106
  1322 10106
  1323 10106
  1324 10106
  1325 10106
  1326 10106
  1327 10106
  1328 10018
  1329 10018
  1330 10018
  1331 10018
  1332 10018
  1333 10018
  1334 10018
  1335 10018
  1336 10018
  1337 10018
  1338 10106
  1339 10018
  1340 10106
  1341 10106
  1342 10106
  1343 10106
  1344 10106
  1345 10106
  1346 10106
  1347 10106
  1348 10106
  1349 10106
  1350 10106
  1351 10106
  1352 10106
  1353 10106
  1354 10106
  1355 10106
  1356 10106
  1357 10106
  1358 10106
  1359 10106
  1360 10106
  1361 10106
  1362 10040
  1363 10098
  1364 10043
  1365 10043
  1366 10043
  1367 10045
  1368 10045
  1369 10045
  1370 10045
  1371 10045
  1374 10151
  1375 10151
  1376 10151
  1377 10151
  1378 10034
  1379 10034
  1380 10034
  1381 10151
  1382 10151
  1383 10151
  1384 10034
  1385 10034
  1386 10034
  1387 10034
  1388 10034
  1389 10034
  1390 10034
  1391 10034
  1392 10034
  1393 10034
  1394 10034
  1395 10001
  1396 10001
  1397 10001
  1398 10001
  1399 10001
  1400 10001
  1401 10001
  1402 10001
  1403 10001
  1404 10001
  1405 10001
  1406 10001
  1407 10001
  1408 10001
  1409 10001
  1410 10001
  1411 10001
  1412 10001
  1413 10001
  1414 10001
  1415 10001
  1416 10001
  1417 10001
  1418 10001
  1419 10001
  1420 10001
  1421 10001
  1422 10001
  1423 10001
  1424 10001
  1425 10001
  1426 10001
  1427 10001
  1428 10001
  1429 10001
  1430 10001
  1431 10001
  1432 10001
  1433 10001
  1434 10001
  1435 10001
  1436 10001
  1437 10001
  1438 10001
  1439 10001
  1440 10001
  1441 10001
  1442 10001
  1443 10001
  1444 10001
  1445 10001
  1446 10001
  1447 10001
  1448 10001
  1449 10001
  1450 10001
  1451 10001
  1452 10001
  1453 10001
  1454 10001
  1455 10001
  1456 10001
  1457 10001
  1458 10001
  1459 10001
  1460 10001
  1461 10001
  1462 10001
  1463 10001
  1464 10001
  1465 10001
  1466 10001
  1467 10001
  1468 10001
  1469 10001
  1470 10001
  1471 10001
  1472 10001
  1473 10001
  1474 10001
  1475 10001
  1476 10001
  1477 10001
  1478 10001
  1479 10001
  1480 10001
  1481 10001
  1482 10001
  1483 10001
  1484 10001
  1485 10001
  1486 10001
  1487 10001
  1488 10001
  1489 10001
  1490 10001
  1491 10001
  1492 10001
  1493 10001
  1494 10001
  1495 10001
  1496 10001
  1497 10001
  1498 10001
  1499 10001
  1500 10001
  1501 10001
  1502 10001
  1503 10001
  1504 10001
  1505 10001
  1506 10001
  1507 10001
  1508 10001
  1509 10001
  1510 10001
  1511 10001
  1512 10001
  1513 10001
  1514 10001
  1515 10001
  1516 10001
  1517 10001
  1518 10001
  1519 10001
  1520 10001
  1521 10001
  1522 10001
  1523 10001
  1524 10001
  1525 10001
  1526 10001
  1527 10001
  1528 10001
  1529 10001
  1530 10001
  1531 10001
  1532 10001
  1533 10001
  1534 10001
  1535 10001
  1536 10001
  1537 10001
  1538 10001
  1539 10001
  1540 10001
  1541 10001
  1542 10001
  1543 10001
  1544 10001
  1545 10001
  1546 10001
  1547 10001
  1548 10001
  1549 10001
  1550 10001
  1551 10001
  1552 10001
  1553 10001
  1554 10001
  1555 10001
  1556 10001
  1557 10001
  1558 10001
  1559 10001
  1560 10001
  1561 10001
  1562 10001
  1563 10001
  1564 10001
  1565 10001
  1566 10001
  1567 10001
  1568 10001
  1569 10001
  1570 10001
  1571 10001
  1572 10001
  1573 10001
  1574 10001
  1575 10001
  1576 10001
  1577 10001
  1578 10001
  1579 10001
  1580 10001
  1581 10001
  1582 10001
  1583 10001
  1584 10001
  1585 10001
  1586 10001
  1587 10001
  1588 10001
  1589 10001
  1590 10001
  1591 10001
  1592 10001
  1593 10001
  1594 10001
  1595 10001
  1596 10001
  1597 10001
  1598 10001
  1599 10001
  1600 10001
  1601 10001
  1602 10001
  1603 10001
  1604 10001
  1605 10001
  1606 10001
  1607 10001
  1608 10001
  1609 10001
  1610 10001
  1611 10001
  1612 10001
  1613 10001
  1614 10001
  1615 10001
  1616 10001
  1617 10001
  1618 10001
  1619 10001
  1620 10001
  1621 10151
  1622 10151
  1623 10151
  1624 10034
  1625 10151
  1626 10034
  1627 10034
  1628 10034
  1629 10034
  1630 10001
  1631 10001
  1632 10001
  1633 10001
  1634 10001
  1635 10001
  1636 10001
  1637 10001
  1638 10001
  1639 10001
  1640 10001
  1641 10001
  1642 10001
  1643 10001
  1644 10001
  1645 10001
  1646 10001
  1647 10001
  1648 10001
  1649 10001
  1650 10001
  1651 10001
  1652 10001
  1653 10001
  1654 10001
  1655 10001
  1656 10001
  1657 10001
  1658 10001
  1659 10001
  1660 10001
  1661 10001
  1662 10001
  1663 10001
  1664 10001
  1665 10001
  1666 10001
  1667 10001
  1668 10001
  1669 10001
  1670 10001
  1671 10001
  1672 10001
  1673 10001
  1674 10001
  1675 10001
  1676 10001
  1677 10001
  1678 10001
  1679 10001
  1680 10001
  1681 10001
  1682 10001
  1683 10001
  1684 10001
  1685 10001
  1686 10001
  1687 10001
  1688 10001
  1689 10001
  1690 10001
  1691 10001
  1692 10001
  1693 10001
  1694 10001
  1695 10001
  1696 10001
  1697 10001
  1698 10001
  1699 10001
  1700 10001
  1701 10001
  1702 10001
  1703 10001
  1704 10001
  1705 10001
  1706 10001
  1707 10001
  1708 10001
  1709 10001
  1710 10001
  1711 10001
  1712 10001
  1713 10001
  1714 10001
  1715 10001
  1716 10001
  1717 10001
  1718 10001
  1719 10001
  1720 10001
  1721 10001
  1722 10001
  1723 10001
  1724 10001
  1725 10001
  1726 10001
  1727 10001
  1728 10001
  1729 10001
  1730 10001
  1731 10001
  1732 10001
  1733 10001
  1734 10001
  1735 10001
  1736 10001
  1737 10001
  1738 10001
  1739 10001
  1740 10001
  1741 10001
  1742 10001
  1743 10001
  1744 10001
  1745 10001
  1746 10001
  1747 10001
  1748 10001
  1749 10001
  1750 10001
  1751 10001
  1752 10001
  1753 10001
  1754 10001
  1755 10001
  1756 10001
  1757 10001
  1758 10001
  1759 10001
  1760 10001
  1761 10001
  1762 10001
  1763 10001
  1764 10001
  1765 10001
  1766 10001
  1767 10001
  1768 10001
  1769 10001
  1770 10001
  1771 10001
  1772 10001
  1773 10001
  1774 10001
  1775 10001
  1776 10001
  1777 10001
  1778 10001
  1779 10001
  1780 10001
  1781 10001
  1782 10001
  1783 10001
  1784 10001
  1785 10001
  1786 10001
  1787 10001
  1788 10001
  1789 10001
  1790 10001
  1791 10001
  1792 10001
  1793 10001
  1794 10001
  1795 10001
  1796 10001
  1797 10001
  1798 10001
  1799 10001
  1800 10001
  1801 10001
  1802 10001
  1803 10001
  1804 10001
  1805 10001
  1806 10001
  1807 10001
  1808 10001
  1809 10001
  1810 10001
  1811 10001
  1812 10001
  1813 10001
  1814 10001
  1815 10001
  1816 10001
  1817 10001
  1818 10001
  1819 10001
  1820 10001
  1821 10001
  1822 10001
  1823 10001
  1824 10001
  1825 10001
  1826 10001
  1827 10001
  1828 10001
  1829 10001
  1830 10001
  1831 10001
  1832 10001
  1833 10001
  1834 10001
  1835 10001
  1836 10001
  1837 10001
  1838 10001
  1839 10001
  1840 10001
  1841 10001
  1842 10001
  1843 10001
  1844 10001
  1845 10001
  1846 10001
  1847 10001
  1848 10001
  1849 10001
  1850 10001
  1851 10001
  1852 10001
  1853 10001
  1854 10001
  1855 10001
  1856 10034
  1857 10034
  1858 10034
  1859 10034
  1860 10034
  1861 10034
  1862 10041
  1863 10041
  1866 10011
  1871 10002
  1873 10002
  1876 10115
  1877 10130
  1878 10130
  1879 10130
  1880 10130
  1881 10130
  1882 10130
  1883 10130
  1884 10130
  1885 10130
  1886 10130
  1887 10130
  1888 10130
  1889 10130
  1890 10130
  1891 10130
  1892 10130
  1893 10130
  1894 10130
  1895 10130
  1896 10130
  1897 10130
  1898 10130
  1899 10130
  1900 10130
  1901 10130
  1902 10130
  1903 10154
  1904 10129
  1905 10129
  1906 10129
  1907 10129
  1908 10129
  1909 10129
  1910 10129
  1911 10129
  1912 10129
  1913 10129
  1914 10129
  1915 10129
  1916 10129
  1917 10129
  1918 10129
  1919 10129
  1920 10129
  1921 10129
  1922 10129
  1923 10129
  1924 10129
  1925 10129
  1926 10129
  1927 10129
  1928 10129
  1929 10129
  1930 10129
  1931 10129
  1932 10129
  1933 10129
  1934 10129
  1935 10129
  1936 10129
  1937 10129
  1938 10129
  1939 10129
  1940 10130
  1941 10130
  1942 10130
  1943 10130
  1944 10130
  1945 10129
  1946 10129
  1947 10129
  1948 10129
  1949 10129
  1950 10129
  1951 10129
  1952 10129
  1953 10129
  1954 10129
  1955 10129
  1956 10129
  1957 10129
  1958 10129
  1959 10129
  1962 10129
  1963 10129
  1964 10129
  1965 10129
  1966 10129
  1967 10129
  1968 10129
  1969 10129
  1970 10129
  1971 10129
  1972 10129
  1973 10129
  1974 10129
  1975 10129
  1976 10129
  1977 10129
  1978 10129
  1979 10129
  1980 10129
  1981 10129
  1982 10129
  1983 10129
  1984 10129
  1985 10129
  1986 10129
  1987 10129
  1988 10129
  1989 10129
  1990 10129
  1991 10129
  1992 10129
  1993 10129
  1994 10129
  1995 10129
  1996 10129
  1997 10129
  1998 10129
  1999 10129
  2000 10129
  2001 10129
  2002 10129
  2003 10129
  2004 10129
  2005 10129
  2006 10129
  2007 10129
  2008 10129
  2009 10129
  2010 10129
  2011 10129
  2012 10129
  2013 10129
  2014 10129
  2015 10129
  2016 10129
  2017 10129
  2018 10129
  2019 10129
  2020 10129
  2021 10129
  2022 10154
  2023 10129
  2024 10129
  2025 10129
  2026 10154
  2027 10154
  2028 10154
  2029 10154
  2030 10154
  2031 10154
  2032 10154
  2033 10154
  2034 10154
  2035 10129
  2036 10129
  2037 10129
  2038 10115
  2039 10115
  2040 10115
  2041 10129
  2042 10129
  2043 10130
  2044 10130
  2045 10130
  2046 10130
  2047 10130
  2048 10130
  2049 10130
  2050 10130
  2051 10130
  2052 10130
  2053 10130
  2054 10130
  2058 10028
  2059 10028
  2060 10028
  2061 10028
  2062 10028
  2063 10028
