   690 10113
   691 10113
   692 10113
   693 10113
   694 10113
   695 10113
   696 10113
   697 10113
   698 10113
   699 10113
   700 10113
   701 10113
   702 10113
   703 10113
   704 10113
   705 10113
   706 10113
   707 10113
   708 10113
   709 10113
   710 10113
   711 10113
   712 10113
   713 10113
   714 10113
   715 10113
   716 10113
   717 10113
   718 10113
   719 10113
   720 10113
   721 10113
   722 10113
   723 10113
   724 10113
   725 10113
   726 10113
   727 10113
   728 10113
   729 10113
   730 10113
   731 10113
   732 10113
   733 10113
   734 10113
   735 10113
   736 10113
   737 10113
   738 10113
   739 10113
   740 10113
   741 10113
   742 10113
   743 10113
   744 10113
   745 10113
   746 10113
   747 10113
   748 10113
   749 10113
   750 10113
   751 10113
   752 10113
   753 10113
   754 10113
   755 10113
   756 10113
   757 10113
   758 10113
   759 10113
   760 10113
   761 10113
   762 10113
   763 10113
   764 10113
   765 10113
   766 10113
   767 10113
   768 10113
   769 10113
   770 10113
   771 10113
   772 10113
   773 10113
   774 10113
   775 10113
   776 10113
   777 10113
   778 10113
   779 10113
   780 10113
   781 10112
   782 10112
   783 10112
   784 10112
   785 10112
   786 10112
   787 10112
   788 10112
   789 10112
   790 10112
   791 10112
   792 10112
   793 10112
   794 10112
   795 10112
   796 10112
   797 10112
   798 10112
   799 10112
   800 10112
   801 10112
   802 10112
   803 10112
   804 10112
   805 10112
   806 10112
   807 10112
   808 10112
   809 10112
   810 10112
   811 10112
   812 10112
   813 10112
   814 10112
   815 10112
   816 10112
   817 10112
   818 10112
   819 10112
   820 10112
   821 10112
   822 10112
   823 10112
   824 10112
   825 10112
   826 10112
   827 10112
   828 10112
   829 10112
   830 10112
   831 10112
   832 10112
   833 10112
   834 10112
   835 10112
   836 10112
   837 10112
   838 10112
   839 10112
   840 10112
   841 10112
   842 10112
   843 10112
   844 10112
   845 10112
   846 10112
   847 10112
   848 10112
   849 10112
   850 10112
   851 10112
   852 10112
   853 10112
   854 10112
   855 10112
   856 10112
   857 10112
   858 10112
   859 10112
   860 10112
   861 10112
   862 10112
   863 10112
   864 10112
   865 10112
   866 10112
   867 10112
   868 10112
   869 10112
   870 10112
   871 10112
   872 10112
   873 10112
   874 10112
   875 10112
   876 10112
   877 10112
   878 10112
   879 10112
   880 10112
   881 10112
   882 10112
   883 10112
   884 10112
   885 10112
   886 10112
   887 10112
   888 10112
   889 10112
   890 10112
   891 10112
   892 10112
   893 10112
   894 10112
   895 10112
   896 10112
   897 10112
   898 10112
   899 10112
   900 10112
   901 10112
   902 10112
   903 10112
   904 10112
   905 10112
   906 10112
   907 10112
   908 10112
   909 10112
   910 10112
   911 10112
   912 10112
   913 10112
   914 10112
   915 10112
   916 10112
   917 10112
   918 10112
   919 10112
   920 10112
   921 10112
   922 10112
   923 10112
   924 10112
   925 10112
   926 10112
   927 10112
   928 10112
   929 10112
   930 10112
   931 10112
   932 10112
   933 10112
   934 10112
   935 10112
   936 10112
   937 10112
   938 10112
   939 10112
   940 10112
   941 10112
   942 10112
   943 10112
   944 10112
   945 10112
   946 10112
   947 10112
   948 10112
   949 10112
   950 10112
   951 10112
   952 10112
   953 10112
   954 10112
   955 10112
   956 10112
   957 10112
   958 10112
   959 10112
   960 10112
   961 10112
   962 10112
   963 10112
   964 10112
   965 10112
   966 10112
   967 10112
   968 10112
   969 10112
   970 10112
   971 10112
   972 10112
   973 10112
   974 10112
   975 10112
   976 10112
   977 10112
   978 10112
   979 10112
   980 10112
   981 10112
   982 10112
   983 10112
   984 10112
   985 10112
   986 10112
   987 10112
   988 10112
   989 10112
   990 10112
   991 10112
   992 10112
   993 10112
   994 10112
   995 10112
   996 10112
   997 10112
   998 10112
   999 10112
  1000 10112
  1001 10112
  1002 10112
  1003 10112
  1004 10112
  1005 10112
  1006 10112
  1007 10112
  1008 10112
  1009 10112
  1010 10112
  1011 10112
  1012 10112
  1013 10112
  1014 10112
  1015 10112
  1016 10112
  1017 10112
  1018 10112
  1019 10112
  1020 10112
  1021 10108
  1022 10108
  1023 10108
  1024 10108
  1025 10108
  1026 10108
  1027 10108
  1028 10108
  1029 10108
  1030 10108
  1031 10108
  1032 10108
  1033 10108
  1034 10108
  1035 10108
  1036 10108
  1037 10108
  1038 10108
  1039 10108
  1040 10108
  1041 10108
  1042 10108
  1043 10108
  1044 10108
  1045 10108
  1046 10108
  1047 10108
  1048 10108
  1049 10108
  1050 10108
  1051 10108
  1052 10108
  1053 10108
  1054 10108
  1055 10108
  1056 10108
  1057 10108
  1058 10108
  1059 10108
  1060 10108
  1061 10108
  1062 10108
  1063 10108
  1064 10108
  1065 10108
  1066 10108
  1067 10108
  1068 10108
  1069 10108
  1070 10108
  1071 10108
  1072 10108
  1073 10108
  1074 10108
  1075 10108
  1076 10108
  1077 10108
  1078 10108
  1079 10108
  1080 10108
  1081 10108
  1082 10108
  1083 10108
  1084 10108
  1085 10108
  1086 10108
  1087 10108
  1088 10108
  1089 10108
  1090 10108
  1091 10108
  1092 10108
  1093 10108
  1094 10108
  1095 10108
  1096 10108
  1097 10108
  1098 10108
  1099 10108
  1100 10108
  1101 10108
  1102 10108
  1103 10108
  1104 10108
  1105 10108
  1106 10108
  1107 10108
  1108 10108
  1109 10108
  1110 10108
  1111 10108
  1112 10108
  1113 10108
  1114 10108
  1115 10108
  1116 10108
  1117 10108
  1118 10108
  1119 10108
  1120 10108
  1121 10108
  1122 10108
  1123 10108
  1124 10108
  1125 10108
  1126 10108
  1127 10108
  1128 10108
  1129 10108
  1130 10108
  1131 10108
  1132 10108
  1133 10108
  1134 10108
  1135 10108
  1136 10108
  1137 10108
  1138 10108
  1139 10108
  1140 10108
  1141 10108
  1142 10108
  1143 10108
  1144 10108
  1145 10108
  1146 10108
  1147 10108
  1148 10108
  1149 10108
  1150 10108
  1151 10108
  1152 10108
  1153 10108
  1154 10108
  1155 10108
  1156 10108
  1157 10108
  1158 10108
  1159 10108
  1160 10108
  1161 10108
  1162 10108
  1163 10108
  1164 10108
  1165 10108
  1166 10108
  1167 10108
  1168 10108
  1169 10108
  1170 10108
  1171 10108
  1172 10108
  1173 10108
  1174 10108
  1175 10108
  1176 10108
  1177 10108
  1178 10108
  1179 10108
  1180 10108
  1181 10108
  1182 10108
  1183 10108
  1184 10108
  1185 10108
  1186 10108
  1187 10108
  1188 10108
  1189 10108
  1190 10108
  1191 10108
  1192 10108
  1193 10108
  1194 10108
  1195 10108
  1196 10108
  1197 10108
  1198 10108
  1199 10108
  1200 10108
  1201 10108
  1202 10108
  1203 10108
  1204 10108
  1205 10108
  1206 10108
  1207 10108
  1208 10108
  1209 10108
  1210 10108
  1211 10108
  1212 10108
  1213 10108
  1214 10108
  1215 10108
  1216 10108
  1217 10108
  1218 10108
  1219 10108
  1220 10108
  1221 10108
  1222 10108
  1223 10108
  1224 10108
  1225 10108
  1226 10108
  1227 10108
  1228 10108
  1229 10108
  1230 10108
  1231 10108
  1232 10108
  1233 10108
  1234 10108
  1235 10108
  1236 10108
  1237 10108
  1238 10108
  1239 10108
  1240 10108
  1241 10108
  1242 10108
  1243 10108
  1244 10108
  1245 10108
  1246 10108
  1247 10108
  1248 10108
  1249 10108
  1250 10108
  1251 10108
  1252 10108
  1253 10108
  1254 10108
  1255 10108
  1256 10108
  1257 10108
  1258 10108
  1259 10108
  1260 10108
  1261 10108
  1262 10108
  1263 10108
  1264 10108
  1265 10108
  1266 10108
  1267 10108
  1268 10108
  1269 10125
  1270 10125
  1271 10125
  1272 10125
  1273 10125
  1274 10125
  1282 10023
  1283 10031
  1284 10018
  1285 10055
  1286 10018
  1297 10040
  1298 10040
  1299 10040
  1300 10040
  1301 10040
  1302 10040
  1303 10040
  1304 10040
  1305 10040
  1306 10040
  1307 10040
  1308 10040
  1309 10040
  1310 10040
  1311 10040
  1312 10040
  1313 10040
  1314 10040
  1315 10040
  1316 10040
  1317 10040
  1318 10040
  1319 10040
  1320 10040
  1321 10040
  1322 10040
  1323 10040
  1324 10040
  1325 10040
  1326 10040
  1327 10040
  1328 10040
  1329 10040
  1330 10040
  1331 10040
  1332 10040
  1333 10040
  1334 10040
  1335 10040
  1336 10040
  1337 10106
  1338 10098
  1339 10018
  1340 10018
  1341 10040
  1342 10040
  1343 10040
  1344 10040
  1345 10040
  1346 10040
  1347 10040
  1348 10040
  1349 10040
  1350 10040
  1351 10106
  1352 10055
  1353 10055
  1354 10055
  1355 10055
  1356 10055
  1359 10101
  1360 10101
  1361 10101
  1362 10101
  1363 10101
  1364 10101
  1365 10086
  1366 10086
  1367 10080
  1368 10080
  1369 10080
  1370 10071
  1371 10071
  1372 10071
  1373 10071
  1374 10071
  1375 10064
  1381 10072
  1386 10016
  1387 10016
  1388 10016
  1389 10016
  1390 10016
  1391 10016
  1392 10016
  1393 10016
  1394 10016
  1395 10022
  1396 10022
  1397 10022
  1398 10022
  1399 10022
  1400 10022
  1401 10022
  1402 10022
  1403 10022
  1404 10022
  1405 10022
  1406 10022
  1407 10022
  1408 10022
  1409 10022
  1410 10022
  1411 10022
  1412 10022
  1413 10022
  1414 10022
  1415 10022
  1416 10022
  1417 10022
  1418 10022
  1419 10022
  1420 10022
  1421 10022
  1422 10022
  1423 10022
  1424 10022
  1425 10022
  1426 10022
  1427 10022
  1428 10022
  1429 10022
  1430 10022
  1431 10022
  1432 10022
  1433 10022
  1434 10022
  1435 10022
  1436 10022
  1437 10022
  1438 10022
  1439 10022
  1440 10022
  1441 10022
  1442 10022
  1443 10022
  1444 10022
  1445 10022
  1446 10022
  1447 10022
  1448 10022
  1449 10022
  1450 10022
  1451 10022
  1452 10022
  1453 10022
  1454 10022
  1455 10022
  1456 10022
  1457 10022
  1458 10022
  1459 10022
  1460 10022
  1461 10022
  1462 10022
  1463 10022
  1464 10022
  1465 10022
  1466 10022
  1467 10022
  1468 10022
  1469 10022
  1470 10022
  1471 10022
  1472 10022
  1473 10022
  1474 10022
  1475 10022
  1476 10022
  1477 10022
  1478 10022
  1479 10022
  1480 10022
  1481 10022
  1482 10022
  1483 10022
  1484 10022
  1485 10022
  1486 10022
  1487 10022
  1488 10022
  1489 10022
  1490 10022
  1491 10022
  1492 10022
  1493 10022
  1494 10022
  1495 10022
  1496 10022
  1497 10022
  1498 10022
  1499 10022
  1500 10022
  1501 10022
  1502 10022
  1503 10022
  1504 10022
  1505 10022
  1506 10022
  1507 10022
  1508 10022
  1509 10022
  1510 10022
  1511 10022
  1512 10022
  1513 10022
  1514 10022
  1515 10022
  1516 10022
  1517 10022
  1518 10022
  1519 10022
  1520 10022
  1521 10022
  1522 10022
  1523 10022
  1524 10022
  1525 10022
  1526 10022
  1527 10022
  1528 10022
  1529 10022
  1530 10022
  1531 10022
  1532 10022
  1533 10022
  1534 10022
  1535 10022
  1536 10022
  1537 10022
  1538 10022
  1539 10022
  1540 10022
  1541 10022
  1542 10022
  1543 10022
  1544 10022
  1545 10022
  1546 10022
  1547 10022
  1548 10022
  1549 10022
  1550 10022
  1551 10022
  1552 10022
  1553 10022
  1554 10022
  1555 10022
  1556 10022
  1557 10022
  1558 10022
  1559 10022
  1560 10022
  1561 10022
  1562 10022
  1563 10022
  1564 10022
  1565 10022
  1566 10022
  1567 10022
  1568 10022
  1569 10022
  1570 10022
  1571 10022
  1572 10022
  1573 10022
  1574 10022
  1575 10022
  1576 10022
  1577 10022
  1578 10022
  1579 10022
  1580 10022
  1581 10022
  1582 10022
  1583 10022
  1584 10022
  1585 10022
  1586 10022
  1587 10022
  1588 10022
  1589 10022
  1590 10022
  1591 10022
  1592 10022
  1593 10022
  1594 10022
  1595 10022
  1596 10022
  1597 10022
  1598 10022
  1599 10022
  1600 10022
  1601 10022
  1602 10022
  1603 10022
  1604 10022
  1605 10022
  1606 10022
  1607 10022
  1608 10022
  1609 10022
  1610 10022
  1611 10022
  1612 10022
  1613 10022
  1614 10022
  1615 10022
  1616 10022
  1617 10022
  1618 10022
  1619 10022
  1620 10022
  1622 10062
  1623 10062
  1624 10062
  1627 10167
  1628 10167
  1629 10167
  1630 10167
  1631 10167
  1632 10167
  1633 10167
  1634 10167
  1635 10167
  1636 10167
  1637 10167
  1638 10167
  1639 10167
  1640 10167
  1641 10167
  1642 10167
  1643 10167
  1644 10167
  1645 10167
  1646 10167
  1647 10167
  1648 10167
  1649 10167
  1650 10167
  1651 10167
  1652 10167
  1653 10167
  1654 10167
  1655 10167
  1656 10167
  1657 10167
  1658 10167
  1659 10167
  1660 10167
  1661 10167
  1662 10167
  1663 10167
  1664 10167
  1665 10167
  1666 10167
  1667 10167
  1668 10167
  1669 10167
  1670 10167
  1671 10167
  1672 10167
  1673 10167
  1674 10167
  1675 10167
  1676 10167
  1677 10167
  1678 10167
  1679 10167
  1680 10167
  1681 10167
  1682 10167
  1683 10167
  1684 10167
  1685 10167
  1686 10167
  1687 10167
  1688 10167
  1689 10167
  1690 10167
  1691 10167
  1692 10167
  1693 10167
  1694 10167
  1695 10167
  1696 10167
  1697 10167
  1698 10167
  1699 10167
  1700 10167
  1701 10167
  1702 10167
  1703 10167
  1704 10167
  1705 10167
  1706 10167
  1707 10167
  1708 10167
  1709 10167
  1710 10167
  1711 10167
  1712 10167
  1713 10167
  1714 10167
  1715 10167
  1716 10167
  1717 10167
  1718 10167
  1719 10167
  1720 10167
  1721 10167
  1722 10167
  1723 10167
  1724 10167
  1725 10167
  1726 10167
  1727 10167
  1728 10167
  1729 10167
  1730 10167
  1731 10167
  1732 10167
  1733 10167
  1734 10167
  1735 10167
  1736 10167
  1737 10167
  1738 10167
  1739 10167
  1740 10167
  1741 10167
  1742 10167
  1743 10167
  1744 10167
  1745 10167
  1746 10167
  1747 10167
  1748 10167
  1749 10167
  1750 10167
  1751 10167
  1752 10167
  1753 10167
  1754 10167
  1755 10167
  1756 10167
  1757 10167
  1758 10167
  1759 10167
  1760 10167
  1761 10167
  1762 10167
  1763 10167
  1764 10167
  1765 10167
  1766 10167
  1767 10167
  1768 10167
  1769 10167
  1770 10167
  1771 10167
  1772 10167
  1773 10167
  1774 10167
  1775 10167
  1776 10167
  1777 10167
  1778 10167
  1779 10167
  1780 10167
  1781 10167
  1782 10167
  1783 10167
  1784 10167
  1785 10167
  1786 10167
  1787 10167
  1788 10167
  1789 10167
  1790 10167
  1791 10167
  1792 10167
  1793 10167
  1794 10167
  1795 10167
  1796 10167
  1797 10167
  1798 10167
  1799 10167
  1800 10167
  1801 10167
  1802 10167
  1803 10167
  1804 10167
  1805 10167
  1806 10167
  1807 10167
  1808 10167
  1809 10167
  1810 10167
  1811 10167
  1812 10167
  1813 10167
  1814 10167
  1815 10167
  1816 10167
  1817 10167
  1818 10167
  1819 10167
  1820 10167
  1821 10167
  1822 10167
  1823 10167
  1824 10167
  1825 10167
  1826 10167
  1827 10167
  1828 10167
  1829 10167
  1830 10167
  1831 10167
  1832 10167
  1833 10167
  1834 10167
  1835 10167
  1836 10167
  1837 10167
  1838 10167
  1839 10167
  1840 10167
  1841 10167
  1842 10167
  1843 10167
  1844 10167
  1845 10167
  1846 10167
  1847 10167
  1848 10167
  1849 10167
  1850 10167
  1851 10167
  1852 10167
  1853 10167
  1854 10167
  1855 10167
  1856 10167
  1857 10167
  1858 10167
  1859 10167
  1860 10167
  1861 10143
  1862 10143
  1863 10143
  1864 10143
  1866 10089
  1868 10089
  1869 10089
  1870 10007
  1871 10007
  1872 10007
  1873 10007
  1874 10007
  1875 10007
  1876 10007
  1877 10007
  1878 10007
  1879 10007
  1880 10007
  1881 10007
  1882 10007
  1883 10007
  1884 10007
  1885 10007
  1886 10007
  1887 10007
  1888 10007
  1889 10007
  1890 10007
  1891 10007
  1892 10007
  1893 10007
  1894 10007
  1895 10007
  1896 10007
  1897 10007
  1898 10007
  1899 10007
  1900 10007
  1901 10007
  1902 10007
  1903 10007
  1904 10007
  1905 10007
  1906 10007
  1907 10007
  1908 10007
  1909 10007
  1910 10007
  1911 10007
  1912 10007
  1913 10007
  1914 10007
  1915 10007
  1916 10007
  1917 10007
  1918 10007
  1919 10007
  1920 10007
  1921 10007
  1922 10007
  1923 10007
  1924 10007
  1925 10007
  1926 10007
  1927 10007
  1928 10007
  1929 10007
  1930 10007
  1931 10007
  1932 10007
  1933 10007
  1934 10007
  1935 10007
  1936 10007
  1937 10007
  1938 10007
  1939 10007
  1940 10007
  1941 10007
  1942 10007
  1943 10007
  1944 10007
  1945 10007
  1946 10007
  1947 10007
  1948 10007
  1949 10007
  1950 10007
  1951 10007
  1952 10007
  1953 10007
  1954 10007
  1955 10007
  1956 10007
  1957 10007
  1958 10007
  1959 10007
  1960 10007
  1961 10007
  1962 10007
  1963 10007
  1964 10007
  1965 10007
  1966 10007
  1967 10007
  1968 10007
  1969 10007
  1970 10007
  1971 10007
  1972 10007
  1973 10007
  1974 10007
  1975 10007
  1976 10007
  1977 10007
  1978 10007
  1979 10007
  1980 10007
  1981 10007
  1982 10007
  1983 10007
  1984 10007
  1985 10007
  1986 10007
  1987 10007
  1988 10007
  1989 10007
  1990 10007
  1991 10007
  1992 10007
  1993 10007
  1994 10007
  1995 10007
  1996 10007
  1997 10007
  1998 10007
  1999 10007
  2000 10007
  2001 10007
  2002 10007
  2003 10007
  2004 10007
  2005 10007
  2006 10007
  2007 10007
  2008 10007
  2009 10007
  2010 10007
  2011 10007
  2012 10007
  2013 10007
  2014 10007
  2015 10007
  2016 10007
  2017 10007
  2018 10007
  2019 10007
  2020 10007
  2021 10112
  2022 10112
  2023 10112
  2024 10112
  2025 10112
  2026 10112
  2027 10112
  2028 10112
  2029 10112
  2030 10112
  2031 10112
  2032 10112
  2033 10112
  2034 10112
  2035 10112
  2036 10112
  2037 10112
  2038 10112
  2039 10112
  2040 10112
  2041 10112
  2042 10112
  2043 10112
  2044 10112
  2045 10112
  2046 10112
  2047 10112
  2048 10112
  2049 10112
  2050 10112
  2051 10112
  2052 10112
  2053 10112
