   686 10043
   687 10043
   688 10043
   689 10043
   690 10043
   691 10043
   692 10043
   693 10043
   694 10043
   695 10043
   696 10043
   697 10043
   698 10043
   699 10043
   700 10043
   701 10043
   702 10043
   703 10043
   704 10043
   705 10043
   706 10043
   707 10043
   708 10043
   709 10043
   710 10043
   711 10043
   712 10043
   713 10043
   714 10043
   715 10043
   716 10043
   717 10043
   718 10043
   719 10043
   720 10043
   721 10043
   722 10043
   723 10043
   724 10043
   725 10043
   726 10043
   727 10043
   728 10043
   729 10043
   730 10043
   731 10043
   732 10043
   733 10043
   734 10043
   735 10043
   736 10043
   737 10043
   738 10043
   739 10043
   740 10043
   741 10043
   742 10043
   743 10043
   744 10043
   745 10043
   746 10043
   747 10043
   748 10043
   749 10043
   750 10043
   751 10043
   752 10043
   753 10043
   754 10043
   755 10043
   756 10043
   757 10043
   758 10043
   759 10043
   760 10043
   761 10043
   762 10043
   763 10043
   764 10043
   765 10043
   766 10043
   767 10043
   768 10043
   769 10043
   770 10043
   771 10043
   772 10043
   773 10043
   774 10043
   775 10043
   776 10043
   777 10043
   778 10043
   779 10043
   780 10043
   786 10136
   787 10029
   788 10136
   789 10136
   790 10136
   791 10136
   792 10136
   793 10136
   794 10136
   795 10136
   796 10136
   797 10136
   798 10136
   799 10136
   800 10136
   801 10136
   802 10136
   803 10136
   804 10136
   805 10136
   806 10136
   807 10136
   808 10136
   809 10136
   810 10136
   811 10136
   812 10136
   813 10136
   814 10136
   815 10136
   816 10136
   817 10136
   818 10136
   819 10136
   820 10136
   821 10136
   822 10136
   823 10136
   824 10136
   825 10136
   826 10136
   827 10136
   828 10136
   829 10136
   830 10136
   831 10136
   832 10136
   833 10136
   834 10136
   835 10136
   836 10136
   837 10136
   838 10136
   839 10136
   840 10136
   841 10136
   842 10136
   843 10136
   844 10136
   845 10136
   846 10136
   847 10136
   848 10136
   849 10136
   850 10136
   851 10136
   852 10136
   853 10136
   854 10136
   855 10136
   856 10136
   857 10136
   858 10136
   859 10136
   860 10136
   861 10136
   862 10136
   863 10136
   864 10136
   865 10136
   866 10136
   867 10136
   868 10136
   869 10136
   870 10136
   871 10136
   872 10136
   873 10136
   874 10136
   875 10136
   876 10136
   877 10136
   878 10136
   879 10136
   880 10136
   881 10136
   882 10136
   883 10136
   884 10136
   885 10136
   886 10136
   887 10136
   888 10136
   889 10136
   890 10136
   891 10136
   892 10136
   893 10136
   894 10136
   895 10136
   896 10136
   897 10136
   898 10136
   899 10136
   900 10136
   901 10136
   902 10136
   903 10136
   904 10136
   905 10136
   906 10136
   907 10136
   908 10136
   909 10136
   910 10136
   911 10136
   912 10136
   913 10136
   914 10136
   915 10136
   916 10136
   917 10136
   918 10136
   919 10136
   920 10136
   921 10136
   922 10136
   923 10136
   924 10136
   925 10136
   926 10136
   927 10136
   928 10136
   929 10136
   930 10136
   931 10136
   932 10136
   933 10136
   934 10136
   935 10136
   936 10136
   937 10136
   938 10136
   939 10136
   940 10136
   941 10136
   942 10136
   943 10136
   944 10136
   945 10136
   946 10136
   947 10136
   948 10136
   949 10136
   950 10136
   951 10136
   952 10136
   953 10136
   954 10136
   955 10136
   956 10136
   957 10136
   958 10136
   959 10136
   960 10136
   961 10136
   962 10136
   963 10136
   964 10136
   965 10136
   966 10136
   967 10136
   968 10136
   969 10136
   970 10136
   971 10136
   972 10136
   973 10136
   974 10136
   975 10136
   976 10136
   977 10136
   978 10136
   979 10136
   980 10136
   981 10136
   982 10136
   983 10136
   984 10136
   985 10136
   986 10136
   987 10136
   988 10136
   989 10136
   990 10136
   991 10136
   992 10136
   993 10136
   994 10136
   995 10136
   996 10136
   997 10136
   998 10136
   999 10136
  1000 10136
  1001 10136
  1002 10136
  1003 10136
  1004 10136
  1005 10136
  1006 10136
  1007 10136
  1008 10136
  1009 10136
  1010 10136
  1011 10136
  1012 10136
  1013 10136
  1014 10136
  1015 10136
  1016 10136
  1017 10136
  1018 10136
  1019 10136
  1020 10136
  1021 10130
  1023 10036
  1024 10014
  1025 10143
  1026 10075
  1027 10075
  1028 10075
  1029 10075
  1030 10075
  1031 10075
  1032 10075
  1033 10075
  1034 10075
  1035 10075
  1036 10075
  1037 10075
  1038 10075
  1039 10075
  1040 10075
  1041 10075
  1042 10075
  1043 10075
  1044 10075
  1045 10075
  1046 10075
  1047 10075
  1048 10075
  1049 10075
  1050 10075
  1051 10075
  1052 10075
  1053 10075
  1054 10075
  1055 10075
  1056 10075
  1057 10075
  1058 10075
  1059 10075
  1060 10075
  1061 10075
  1062 10075
  1063 10075
  1064 10075
  1065 10075
  1066 10075
  1067 10075
  1068 10075
  1069 10075
  1070 10075
  1071 10075
  1072 10075
  1073 10075
  1074 10075
  1075 10075
  1076 10075
  1077 10075
  1078 10075
  1079 10075
  1080 10075
  1081 10075
  1082 10075
  1083 10075
  1084 10075
  1085 10075
  1086 10075
  1087 10075
  1088 10075
  1089 10075
  1090 10075
  1091 10075
  1092 10075
  1093 10075
  1094 10075
  1095 10075
  1096 10075
  1097 10075
  1098 10075
  1099 10075
  1100 10075
  1101 10075
  1102 10075
  1103 10075
  1104 10075
  1105 10075
  1106 10075
  1107 10075
  1108 10075
  1109 10075
  1110 10075
  1111 10075
  1112 10075
  1113 10075
  1114 10075
  1115 10075
  1116 10075
  1117 10075
  1118 10075
  1119 10075
  1120 10075
  1121 10075
  1122 10075
  1123 10075
  1124 10075
  1125 10075
  1126 10075
  1127 10075
  1128 10075
  1129 10075
  1130 10075
  1131 10075
  1132 10075
  1133 10075
  1134 10075
  1135 10075
  1136 10075
  1137 10075
  1138 10075
  1139 10075
  1140 10075
  1141 10075
  1142 10075
  1143 10075
  1144 10075
  1145 10075
  1146 10075
  1147 10075
  1148 10075
  1149 10075
  1150 10075
  1151 10075
  1152 10075
  1153 10075
  1154 10075
  1155 10075
  1156 10075
  1157 10075
  1158 10075
  1159 10075
  1160 10075
  1161 10075
  1162 10075
  1163 10075
  1164 10075
  1165 10075
  1166 10075
  1167 10075
  1168 10075
  1169 10075
  1170 10075
  1171 10075
  1172 10075
  1173 10075
  1174 10075
  1175 10075
  1176 10075
  1177 10075
  1178 10075
  1179 10075
  1180 10075
  1181 10075
  1182 10075
  1183 10075
  1184 10075
  1185 10075
  1186 10075
  1187 10075
  1188 10075
  1189 10075
  1190 10075
  1191 10075
  1192 10075
  1193 10075
  1194 10075
  1195 10075
  1196 10075
  1197 10075
  1198 10075
  1199 10075
  1200 10075
  1201 10075
  1202 10075
  1203 10075
  1204 10075
  1205 10075
  1206 10075
  1207 10075
  1208 10075
  1209 10075
  1210 10075
  1211 10075
  1212 10075
  1213 10075
  1214 10075
  1215 10075
  1216 10075
  1217 10075
  1218 10075
  1219 10075
  1220 10075
  1221 10075
  1222 10075
  1223 10075
  1224 10075
  1225 10075
  1226 10075
  1227 10075
  1228 10075
  1229 10075
  1230 10075
  1231 10075
  1232 10075
  1233 10075
  1234 10075
  1235 10075
  1236 10075
  1237 10075
  1238 10075
  1239 10075
  1240 10075
  1241 10075
  1242 10075
  1243 10075
  1244 10075
  1245 10075
  1246 10075
  1247 10075
  1248 10075
  1249 10075
  1250 10075
  1251 10075
  1252 10075
  1253 10075
  1254 10075
  1255 10075
  1256 10075
  1257 10075
  1258 10143
  1259 10143
  1260 10143
  1261 10143
  1274 10018
  1275 10018
  1276 10018
  1277 10018
  1278 10018
  1279 10018
  1280 10018
  1281 10018
  1282 10055
  1283 10055
  1284 10055
  1285 10055
  1286 10055
  1287 10055
  1288 10055
  1289 10055
  1290 10055
  1295 10055
  1296 10055
  1297 10055
  1298 10055
  1299 10055
  1300 10055
  1301 10055
  1302 10018
  1303 10055
  1304 10055
  1305 10055
  1306 10055
  1307 10055
  1308 10055
  1309 10055
  1310 10055
  1311 10055
  1312 10055
  1313 10055
  1314 10055
  1315 10055
  1316 10158
  1317 10158
  1318 10055
  1319 10055
  1320 10055
  1321 10055
  1322 10055
  1323 10055
  1324 10055
  1325 10055
  1326 10154
  1327 10154
  1328 10154
  1329 10016
  1330 10154
  1331 10016
  1332 10016
  1333 10016
  1334 10016
  1335 10016
  1336 10016
  1337 10016
  1338 10016
  1339 10016
  1340 10016
  1341 10016
  1342 10016
  1343 10016
  1344 10016
  1345 10016
  1346 10016
  1347 10016
  1348 10016
  1349 10016
  1350 10016
  1351 10016
  1352 10016
  1353 10016
  1354 10016
  1355 10016
  1356 10016
  1357 10016
  1358 10016
  1359 10016
  1360 10143
  1361 10143
  1362 10143
  1363 10016
  1364 10016
  1365 10016
  1366 10016
  1367 10016
  1368 10016
  1369 10016
  1370 10016
  1371 10016
  1372 10014
  1373 10014
  1374 10016
  1376 10154
  1386 10049
  1387 10049
  1388 10049
  1389 10049
  1390 10049
  1391 10049
  1392 10049
  1393 10049
  1394 10049
  1395 10049
  1396 10049
  1397 10049
  1398 10049
  1399 10049
  1400 10049
  1401 10049
  1402 10049
  1403 10049
  1404 10049
  1405 10049
  1406 10049
  1407 10049
  1408 10049
  1409 10049
  1410 10049
  1411 10049
  1412 10049
  1413 10049
  1414 10049
  1415 10049
  1416 10049
  1417 10049
  1418 10049
  1419 10049
  1420 10049
  1421 10049
  1422 10049
  1423 10049
  1424 10049
  1425 10049
  1426 10049
  1427 10049
  1428 10049
  1429 10049
  1430 10049
  1431 10049
  1432 10049
  1433 10049
  1434 10049
  1435 10049
  1436 10049
  1437 10049
  1438 10049
  1439 10049
  1440 10049
  1441 10049
  1442 10049
  1443 10049
  1444 10049
  1445 10049
  1446 10049
  1447 10049
  1448 10049
  1449 10049
  1450 10049
  1451 10049
  1452 10049
  1453 10049
  1454 10049
  1455 10049
  1456 10049
  1457 10049
  1458 10049
  1459 10049
  1460 10049
  1461 10049
  1462 10049
  1463 10049
  1464 10049
  1465 10049
  1466 10049
  1467 10049
  1468 10049
  1469 10049
  1470 10049
  1471 10049
  1472 10049
  1473 10049
  1474 10049
  1475 10049
  1476 10049
  1477 10049
  1478 10049
  1479 10049
  1480 10049
  1481 10049
  1482 10049
  1483 10049
  1484 10049
  1485 10049
  1486 10049
  1487 10049
  1488 10049
  1489 10049
  1490 10049
  1491 10049
  1492 10049
  1493 10049
  1494 10049
  1495 10049
  1496 10049
  1497 10049
  1498 10049
  1499 10049
  1500 10049
  1501 10049
  1502 10049
  1503 10049
  1504 10049
  1505 10049
  1506 10049
  1507 10049
  1508 10049
  1509 10049
  1510 10049
  1511 10049
  1512 10049
  1513 10049
  1514 10049
  1515 10049
  1516 10049
  1517 10049
  1518 10049
  1519 10049
  1520 10049
  1521 10049
  1522 10049
  1523 10049
  1524 10049
  1525 10049
  1526 10049
  1527 10049
  1528 10049
  1529 10049
  1530 10049
  1531 10049
  1532 10049
  1533 10049
  1534 10049
  1535 10049
  1536 10049
  1537 10049
  1538 10049
  1539 10049
  1540 10049
  1541 10049
  1542 10049
  1543 10049
  1544 10049
  1545 10049
  1546 10049
  1547 10049
  1548 10049
  1549 10049
  1550 10049
  1551 10049
  1552 10049
  1553 10049
  1554 10049
  1555 10049
  1556 10049
  1557 10049
  1558 10049
  1559 10049
  1560 10049
  1561 10049
  1562 10049
  1563 10049
  1564 10049
  1565 10049
  1566 10049
  1567 10049
  1568 10049
  1569 10049
  1570 10049
  1571 10049
  1572 10049
  1573 10049
  1574 10049
  1575 10049
  1576 10049
  1577 10049
  1578 10049
  1579 10049
  1580 10049
  1581 10049
  1582 10049
  1583 10049
  1584 10049
  1585 10049
  1586 10049
  1587 10049
  1588 10049
  1589 10049
  1590 10049
  1591 10049
  1592 10049
  1593 10049
  1594 10049
  1595 10049
  1596 10049
  1597 10049
  1598 10049
  1599 10049
  1600 10049
  1601 10049
  1602 10049
  1603 10049
  1604 10049
  1605 10049
  1606 10049
  1607 10049
  1608 10049
  1609 10049
  1610 10049
  1611 10049
  1612 10049
  1613 10049
  1614 10049
  1615 10049
  1616 10049
  1617 10049
  1618 10049
  1619 10049
  1620 10049
  1629 10047
  1630 10047
  1631 10047
  1632 10047
  1633 10047
  1634 10047
  1635 10047
  1636 10047
  1637 10047
  1638 10047
  1639 10047
  1640 10047
  1641 10047
  1642 10047
  1643 10047
  1644 10047
  1645 10047
  1646 10047
  1647 10047
  1648 10047
  1649 10047
  1650 10047
  1651 10047
  1652 10047
  1653 10047
  1654 10047
  1655 10047
  1656 10047
  1657 10047
  1658 10047
  1659 10047
  1660 10047
  1661 10047
  1662 10047
  1663 10047
  1664 10047
  1665 10047
  1666 10047
  1667 10047
  1668 10047
  1669 10047
  1670 10047
  1671 10047
  1672 10047
  1673 10047
  1674 10047
  1675 10047
  1676 10047
  1677 10047
  1678 10047
  1679 10047
  1680 10047
  1681 10047
  1682 10047
  1683 10047
  1684 10047
  1685 10047
  1686 10047
  1687 10047
  1688 10047
  1689 10047
  1690 10047
  1691 10047
  1692 10047
  1693 10047
  1694 10047
  1695 10047
  1696 10047
  1697 10047
  1698 10047
  1699 10047
  1700 10047
  1701 10047
  1702 10047
  1703 10047
  1704 10047
  1705 10047
  1706 10047
  1707 10047
  1708 10047
  1709 10047
  1710 10047
  1711 10047
  1712 10047
  1713 10047
  1714 10047
  1715 10047
  1716 10047
  1717 10047
  1718 10047
  1719 10047
  1720 10047
  1721 10047
  1722 10047
  1723 10047
  1724 10047
  1725 10047
  1726 10047
  1727 10047
  1728 10047
  1729 10047
  1730 10047
  1731 10047
  1732 10047
  1733 10047
  1734 10047
  1735 10047
  1736 10047
  1737 10047
  1738 10047
  1739 10047
  1740 10047
  1741 10047
  1742 10047
  1743 10047
  1744 10047
  1745 10047
  1746 10047
  1747 10047
  1748 10047
  1749 10047
  1750 10047
  1751 10047
  1752 10047
  1753 10047
  1754 10047
  1755 10047
  1756 10047
  1757 10047
  1758 10047
  1759 10047
  1760 10047
  1761 10047
  1762 10047
  1763 10047
  1764 10047
  1765 10047
  1766 10047
  1767 10047
  1768 10047
  1769 10047
  1770 10047
  1771 10047
  1772 10047
  1773 10047
  1774 10047
  1775 10047
  1776 10047
  1777 10047
  1778 10047
  1779 10047
  1780 10047
  1781 10047
  1782 10047
  1783 10047
  1784 10047
  1785 10047
  1786 10047
  1787 10047
  1788 10047
  1789 10047
  1790 10047
  1791 10047
  1792 10047
  1793 10047
  1794 10047
  1795 10047
  1796 10047
  1797 10047
  1798 10047
  1799 10047
  1800 10047
  1801 10047
  1802 10047
  1803 10047
  1804 10047
  1805 10047
  1806 10047
  1807 10047
  1808 10047
  1809 10047
  1810 10047
  1811 10047
  1812 10047
  1813 10047
  1814 10047
  1815 10047
  1816 10047
  1817 10047
  1818 10047
  1819 10047
  1820 10047
  1821 10047
  1822 10047
  1823 10047
  1824 10047
  1825 10047
  1826 10047
  1827 10047
  1828 10047
  1829 10047
  1830 10047
  1831 10047
  1832 10047
  1833 10047
  1834 10047
  1835 10047
  1836 10047
  1837 10047
  1838 10047
  1839 10047
  1840 10047
  1841 10047
  1842 10047
  1843 10047
  1844 10047
  1845 10047
  1846 10047
  1847 10047
  1848 10047
  1849 10047
  1850 10047
  1851 10047
  1852 10047
  1853 10047
  1854 10047
  1855 10047
  1856 10047
  1857 10047
  1858 10101
  1859 10101
  1860 10101
  1861 10101
  1862 10101
  1863 10067
  1864 10067
  1865 10100
  1866 10100
  1867 10100
  1868 10100
  1869 10100
  1870 10100
  1871 10100
  1872 10100
  1873 10100
  1874 10100
  1875 10100
  1876 10100
  1877 10100
  1878 10100
  1879 10100
  1880 10100
  1881 10100
  1882 10100
  1883 10100
  1884 10100
  1885 10100
  1886 10100
  1887 10100
  1888 10100
  1889 10100
  1890 10100
  1891 10100
  1892 10100
  1893 10100
  1894 10100
  1895 10100
  1896 10100
  1897 10100
  1898 10100
  1899 10100
  1900 10100
  1901 10100
  1902 10100
  1903 10100
  1904 10100
  1905 10100
  1906 10100
  1907 10100
  1908 10100
  1909 10100
  1910 10100
  1911 10100
  1912 10100
  1913 10100
  1914 10100
  1915 10100
  1916 10100
  1917 10100
  1918 10100
  1919 10100
  1920 10100
  1921 10100
  1922 10100
  1923 10100
  1924 10100
  1925 10100
  1926 10100
  1927 10100
  1928 10100
  1929 10100
  1930 10100
  1931 10100
  1932 10100
  1933 10100
  1934 10100
  1935 10100
  1936 10100
  1937 10100
  1938 10100
  1939 10100
  1940 10100
  1941 10100
  1942 10100
  1943 10100
  1944 10100
  1945 10100
  1946 10100
  1947 10100
  1948 10100
  1949 10100
  1950 10100
  1951 10100
  1952 10100
  1953 10100
  1954 10100
  1955 10100
  1956 10100
  1957 10100
  1958 10100
  1959 10100
  1960 10100
  1961 10100
  1962 10100
  1963 10100
  1964 10100
  1965 10100
  1966 10100
  1967 10100
  1968 10100
  1969 10100
  1970 10100
  1971 10100
  1972 10100
  1973 10100
  1974 10100
  1975 10100
  1976 10100
  1977 10100
  1978 10100
  1979 10100
  1980 10100
  1981 10100
  1982 10100
  1983 10100
  1984 10100
  1985 10100
  1986 10100
  1987 10100
  1988 10100
  1989 10100
  1990 10100
  1991 10100
  1992 10100
  1993 10100
  1994 10100
  1995 10100
  1996 10100
  1997 10100
  1998 10100
  1999 10100
  2000 10100
  2001 10100
  2002 10100
  2003 10100
  2004 10100
  2005 10100
  2006 10100
  2007 10100
  2008 10100
  2009 10100
  2010 10100
  2011 10100
  2012 10100
  2013 10100
  2014 10100
  2015 10100
  2016 10100
  2017 10100
  2018 10100
  2019 10100
  2020 10100
  2021 10100
  2027 10033
  2028 10033
