   681 10068
   682 10068
   683 10068
   684 10068
   685 10068
   686 10068
   687 10068
   688 10068
   689 10068
   690 10068
   691 10068
   692 10068
   693 10068
   694 10068
   695 10068
   696 10068
   697 10068
   698 10068
   699 10068
   700 10068
   701 10068
   702 10068
   703 10068
   704 10068
   705 10068
   706 10068
   707 10068
   708 10068
   709 10068
   710 10068
   711 10068
   712 10068
   713 10068
   714 10068
   715 10068
   716 10068
   717 10068
   718 10068
   719 10068
   720 10068
   721 10068
   722 10068
   723 10068
   724 10068
   725 10068
   726 10068
   727 10068
   728 10068
   729 10068
   730 10068
   731 10068
   732 10068
   733 10068
   734 10068
   735 10068
   736 10068
   737 10068
   738 10068
   739 10068
   740 10068
   741 10068
   742 10068
   743 10068
   744 10068
   745 10068
   746 10068
   747 10068
   748 10068
   749 10068
   750 10068
   751 10068
   752 10068
   753 10068
   754 10068
   755 10068
   756 10068
   757 10068
   758 10068
   759 10068
   760 10068
   761 10068
   762 10068
   763 10068
   764 10068
   765 10068
   766 10068
   767 10068
   768 10068
   769 10068
   770 10068
   771 10068
   772 10068
   773 10068
   774 10068
   775 10068
   776 10068
   777 10068
   778 10068
   779 10068
   780 10068
   781 10154
   783 10095
   784 10136
   785 10136
   786 10136
   787 10136
   788 10136
   789 10136
   790 10136
   791 10136
   792 10136
   793 10136
   794 10136
   795 10136
   796 10136
   797 10136
   798 10136
   799 10136
   800 10136
   801 10136
   802 10136
   803 10136
   804 10136
   805 10136
   806 10136
   807 10136
   808 10136
   809 10136
   810 10136
   811 10136
   812 10136
   813 10136
   814 10136
   815 10136
   816 10136
   817 10136
   818 10136
   819 10136
   820 10136
   821 10136
   822 10136
   823 10136
   824 10136
   825 10136
   826 10136
   827 10136
   828 10136
   829 10136
   830 10136
   831 10136
   832 10136
   833 10136
   834 10136
   835 10136
   836 10136
   837 10136
   838 10136
   839 10136
   840 10136
   841 10136
   842 10136
   843 10136
   844 10136
   845 10136
   846 10136
   847 10136
   848 10136
   849 10136
   850 10136
   851 10136
   852 10136
   853 10136
   854 10136
   855 10136
   856 10136
   857 10136
   858 10136
   859 10136
   860 10136
   861 10136
   862 10136
   863 10136
   864 10136
   865 10136
   866 10136
   867 10136
   868 10136
   869 10136
   870 10136
   871 10136
   872 10136
   873 10136
   874 10136
   875 10136
   876 10136
   877 10136
   878 10136
   879 10136
   880 10136
   881 10136
   882 10136
   883 10136
   884 10136
   885 10136
   886 10136
   887 10136
   888 10136
   889 10136
   890 10136
   891 10136
   892 10136
   893 10136
   894 10136
   895 10136
   896 10136
   897 10136
   898 10136
   899 10136
   900 10136
   901 10136
   902 10136
   903 10136
   904 10136
   905 10136
   906 10136
   907 10136
   908 10136
   909 10136
   910 10136
   911 10136
   912 10136
   913 10136
   914 10136
   915 10136
   916 10136
   917 10136
   918 10136
   919 10136
   920 10136
   921 10136
   922 10136
   923 10136
   924 10136
   925 10136
   926 10136
   927 10136
   928 10136
   929 10136
   930 10136
   931 10136
   932 10136
   933 10136
   934 10136
   935 10136
   936 10136
   937 10136
   938 10136
   939 10136
   940 10136
   941 10136
   942 10136
   943 10136
   944 10136
   945 10136
   946 10136
   947 10136
   948 10136
   949 10136
   950 10136
   951 10136
   952 10136
   953 10136
   954 10136
   955 10136
   956 10136
   957 10136
   958 10136
   959 10136
   960 10136
   961 10136
   962 10136
   963 10136
   964 10136
   965 10136
   966 10136
   967 10136
   968 10136
   969 10136
   970 10136
   971 10136
   972 10136
   973 10136
   974 10136
   975 10136
   976 10136
   977 10136
   978 10136
   979 10136
   980 10136
   981 10136
   982 10136
   983 10136
   984 10136
   985 10136
   986 10136
   987 10136
   988 10136
   989 10136
   990 10136
   991 10136
   992 10136
   993 10136
   994 10136
   995 10136
   996 10136
   997 10136
   998 10136
   999 10136
  1000 10136
  1001 10136
  1002 10136
  1003 10136
  1004 10136
  1005 10136
  1006 10136
  1007 10136
  1008 10136
  1009 10136
  1010 10136
  1011 10136
  1012 10136
  1013 10136
  1014 10136
  1015 10136
  1016 10136
  1017 10136
  1018 10136
  1019 10136
  1020 10136
  1021 10075
  1022 10155
  1023 10155
  1024 10075
  1025 10075
  1026 10075
  1027 10075
  1028 10075
  1029 10075
  1030 10075
  1031 10075
  1032 10075
  1033 10075
  1034 10075
  1035 10075
  1036 10075
  1037 10075
  1038 10075
  1039 10075
  1040 10075
  1041 10075
  1042 10075
  1043 10075
  1044 10075
  1045 10075
  1046 10075
  1047 10075
  1048 10075
  1049 10075
  1050 10075
  1051 10075
  1052 10075
  1053 10075
  1054 10075
  1055 10075
  1056 10075
  1057 10075
  1058 10075
  1059 10075
  1060 10075
  1061 10075
  1062 10075
  1063 10075
  1064 10075
  1065 10075
  1066 10075
  1067 10075
  1068 10075
  1069 10075
  1070 10075
  1071 10075
  1072 10075
  1073 10075
  1074 10075
  1075 10075
  1076 10075
  1077 10075
  1078 10075
  1079 10075
  1080 10075
  1081 10075
  1082 10075
  1083 10075
  1084 10075
  1085 10075
  1086 10075
  1087 10075
  1088 10075
  1089 10075
  1090 10075
  1091 10075
  1092 10075
  1093 10075
  1094 10075
  1095 10075
  1096 10075
  1097 10075
  1098 10075
  1099 10075
  1100 10075
  1101 10075
  1102 10075
  1103 10075
  1104 10075
  1105 10075
  1106 10075
  1107 10075
  1108 10075
  1109 10075
  1110 10075
  1111 10075
  1112 10075
  1113 10075
  1114 10075
  1115 10075
  1116 10075
  1117 10075
  1118 10075
  1119 10075
  1120 10075
  1121 10075
  1122 10075
  1123 10075
  1124 10075
  1125 10075
  1126 10075
  1127 10075
  1128 10075
  1129 10075
  1130 10075
  1131 10075
  1132 10075
  1133 10075
  1134 10075
  1135 10075
  1136 10075
  1137 10075
  1138 10075
  1139 10075
  1140 10075
  1141 10075
  1142 10075
  1143 10075
  1144 10075
  1145 10075
  1146 10075
  1147 10075
  1148 10075
  1149 10075
  1150 10075
  1151 10075
  1152 10075
  1153 10075
  1154 10075
  1155 10075
  1156 10075
  1157 10075
  1158 10075
  1159 10075
  1160 10075
  1161 10075
  1162 10075
  1163 10075
  1164 10075
  1165 10075
  1166 10075
  1167 10075
  1168 10075
  1169 10075
  1170 10075
  1171 10075
  1172 10075
  1173 10075
  1174 10075
  1175 10075
  1176 10075
  1177 10075
  1178 10075
  1179 10075
  1180 10075
  1181 10075
  1182 10075
  1183 10075
  1184 10075
  1185 10075
  1186 10075
  1187 10075
  1188 10075
  1189 10075
  1190 10075
  1191 10075
  1192 10075
  1193 10075
  1194 10075
  1195 10075
  1196 10075
  1197 10075
  1198 10075
  1199 10075
  1200 10075
  1201 10075
  1202 10075
  1203 10075
  1204 10075
  1205 10075
  1206 10075
  1207 10075
  1208 10075
  1209 10075
  1210 10075
  1211 10075
  1212 10075
  1213 10075
  1214 10075
  1215 10075
  1216 10075
  1217 10075
  1218 10075
  1219 10075
  1220 10075
  1221 10075
  1222 10075
  1223 10075
  1224 10075
  1225 10075
  1226 10075
  1227 10075
  1228 10075
  1229 10075
  1230 10075
  1231 10075
  1232 10075
  1233 10075
  1234 10075
  1235 10075
  1236 10075
  1237 10075
  1238 10075
  1239 10075
  1240 10075
  1241 10075
  1242 10075
  1243 10075
  1244 10075
  1245 10075
  1246 10075
  1247 10075
  1248 10075
  1249 10075
  1250 10075
  1251 10075
  1252 10075
  1253 10075
  1254 10075
  1255 10075
  1256 10075
  1257 10075
  1258 10036
  1259 10036
  1263 10071
  1264 10090
  1265 10047
  1266 10047
  1267 10047
  1268 10047
  1269 10047
  1270 10047
  1271 10047
  1272 10047
  1273 10047
  1274 10047
  1275 10047
  1276 10047
  1277 10047
  1278 10047
  1279 10047
  1280 10047
  1281 10047
  1282 10047
  1283 10047
  1284 10047
  1285 10047
  1286 10047
  1287 10047
  1288 10047
  1289 10047
  1290 10047
  1291 10047
  1292 10047
  1293 10047
  1294 10047
  1295 10047
  1296 10047
  1297 10047
  1298 10047
  1299 10047
  1300 10047
  1301 10047
  1302 10047
  1303 10047
  1304 10047
  1305 10047
  1306 10047
  1307 10047
  1308 10047
  1309 10047
  1310 10047
  1311 10047
  1312 10047
  1313 10047
  1314 10047
  1315 10047
  1316 10047
  1317 10047
  1318 10047
  1319 10047
  1320 10047
  1321 10047
  1322 10047
  1323 10047
  1324 10047
  1325 10047
  1326 10047
  1327 10047
  1328 10047
  1329 10047
  1330 10047
  1331 10047
  1332 10047
  1333 10047
  1334 10047
  1335 10047
  1336 10047
  1337 10047
  1338 10047
  1339 10047
  1340 10047
  1341 10047
  1342 10047
  1343 10047
  1344 10047
  1345 10047
  1346 10047
  1347 10047
  1348 10047
  1349 10047
  1350 10047
  1351 10047
  1352 10047
  1353 10047
  1354 10047
  1355 10047
  1356 10047
  1357 10047
  1358 10047
  1359 10047
  1360 10047
  1361 10047
  1362 10047
  1363 10047
  1364 10047
  1365 10047
  1366 10047
  1367 10047
  1368 10047
  1369 10047
  1370 10047
  1371 10047
  1372 10047
  1373 10047
  1374 10047
  1375 10047
  1376 10047
  1377 10047
  1378 10047
  1379 10047
  1380 10047
  1381 10047
  1382 10047
  1383 10047
  1384 10047
  1385 10047
  1386 10047
  1387 10047
  1388 10047
  1389 10047
  1390 10047
  1391 10047
  1392 10047
  1393 10047
  1394 10047
  1395 10086
  1396 10086
  1397 10086
  1398 10086
  1399 10086
  1400 10086
  1401 10086
  1402 10086
  1403 10086
  1404 10086
  1405 10086
  1406 10086
  1407 10086
  1408 10086
  1409 10086
  1410 10086
  1411 10086
  1412 10086
  1413 10086
  1414 10086
  1415 10086
  1416 10086
  1417 10086
  1418 10086
  1419 10086
  1420 10086
  1421 10086
  1422 10086
  1423 10086
  1424 10086
  1425 10086
  1426 10086
  1427 10086
  1428 10086
  1429 10086
  1430 10086
  1431 10086
  1432 10086
  1433 10086
  1434 10086
  1435 10086
  1436 10086
  1437 10086
  1438 10086
  1439 10086
  1440 10086
  1441 10086
  1442 10086
  1443 10086
  1444 10086
  1445 10086
  1446 10086
  1447 10086
  1448 10086
  1449 10086
  1450 10086
  1451 10086
  1452 10086
  1453 10086
  1454 10086
  1455 10086
  1456 10086
  1457 10086
  1458 10086
  1459 10086
  1460 10086
  1461 10086
  1462 10086
  1463 10086
  1464 10086
  1465 10086
  1466 10086
  1467 10086
  1468 10086
  1469 10086
  1470 10086
  1471 10086
  1472 10086
  1473 10086
  1474 10086
  1475 10086
  1476 10086
  1477 10086
  1478 10086
  1479 10086
  1480 10086
  1481 10086
  1482 10086
  1483 10086
  1484 10086
  1485 10086
  1486 10086
  1487 10086
  1488 10086
  1489 10086
  1490 10086
  1491 10086
  1492 10086
  1493 10086
  1494 10086
  1495 10086
  1496 10086
  1497 10086
  1498 10086
  1499 10086
  1500 10086
  1501 10086
  1502 10086
  1503 10086
  1504 10086
  1505 10086
  1506 10086
  1507 10086
  1508 10086
  1509 10086
  1510 10086
  1511 10086
  1512 10086
  1513 10086
  1514 10086
  1515 10086
  1516 10086
  1517 10086
  1518 10086
  1519 10086
  1520 10086
  1521 10086
  1522 10086
  1523 10086
  1524 10086
  1525 10086
  1526 10086
  1527 10086
  1528 10086
  1529 10086
  1530 10086
  1531 10086
  1532 10086
  1533 10086
  1534 10086
  1535 10086
  1536 10086
  1537 10086
  1538 10086
  1539 10086
  1540 10086
  1541 10086
  1542 10086
  1543 10086
  1544 10086
  1545 10086
  1546 10086
  1547 10086
  1548 10086
  1549 10086
  1550 10086
  1551 10086
  1552 10086
  1553 10086
  1554 10086
  1555 10086
  1556 10086
  1557 10086
  1558 10086
  1559 10086
  1560 10086
  1561 10086
  1562 10086
  1563 10086
  1564 10086
  1565 10086
  1566 10086
  1567 10086
  1568 10086
  1569 10086
  1570 10086
  1571 10086
  1572 10086
  1573 10086
  1574 10086
  1575 10086
  1576 10086
  1577 10086
  1578 10086
  1579 10086
  1580 10086
  1581 10086
  1582 10086
  1583 10086
  1584 10086
  1585 10086
  1586 10086
  1587 10086
  1588 10086
  1589 10086
  1590 10086
  1591 10086
  1592 10086
  1593 10086
  1594 10086
  1595 10086
  1596 10086
  1597 10086
  1598 10086
  1599 10086
  1600 10086
  1601 10086
  1602 10086
  1603 10086
  1604 10086
  1605 10086
  1606 10086
  1607 10086
  1608 10086
  1609 10086
  1610 10086
  1611 10086
  1612 10086
  1613 10086
  1614 10086
  1615 10086
  1616 10086
  1617 10086
  1618 10086
  1619 10086
  1620 10086
  1621 10083
  1622 10046
  1623 10086
  1624 10086
  1625 10071
  1626 10071
  1627 10071
  1628 10046
  1629 10046
  1631 10046
  1632 10046
  1633 10086
  1634 10086
  1635 10086
  1636 10086
  1637 10080
  1638 10046
  1639 10046
  1640 10046
  1641 10046
  1642 10086
  1643 10086
  1644 10086
  1645 10086
  1646 10086
  1647 10086
  1648 10094
  1649 10086
  1650 10086
  1651 10086
  1652 10086
  1653 10086
  1654 10086
  1655 10086
  1656 10086
  1657 10086
  1658 10149
  1659 10086
  1660 10046
  1661 10046
  1662 10046
  1663 10046
  1664 10071
  1665 10086
  1666 10086
  1667 10086
  1668 10086
  1669 10086
  1670 10086
  1671 10086
  1672 10086
  1673 10086
  1674 10086
  1675 10086
  1676 10086
  1677 10086
  1678 10086
  1679 10086
  1680 10086
  1681 10086
  1682 10086
  1683 10086
  1684 10086
  1685 10086
  1686 10086
  1687 10086
  1688 10086
  1689 10086
  1690 10086
  1691 10086
  1692 10086
  1693 10046
  1694 10046
  1695 10086
  1696 10086
  1697 10086
  1698 10086
  1699 10086
  1700 10086
  1701 10086
  1702 10046
  1703 10046
  1704 10046
  1705 10086
  1706 10086
  1707 10086
  1708 10086
  1709 10086
  1710 10086
  1711 10086
  1712 10086
  1713 10086
  1714 10086
  1715 10086
  1716 10086
  1717 10086
  1718 10086
  1719 10064
  1720 10086
  1721 10086
  1722 10086
  1723 10086
  1724 10086
  1725 10086
  1726 10086
  1727 10086
  1728 10086
  1729 10086
  1730 10086
  1731 10086
  1732 10086
  1736 10086
  1737 10086
  1738 10086
  1739 10086
  1740 10086
  1741 10086
  1742 10086
  1743 10086
  1744 10086
  1745 10086
  1746 10046
  1747 10046
  1750 10046
  1751 10046
  1752 10086
  1753 10086
  1754 10086
  1755 10086
  1756 10086
  1757 10086
  1758 10086
  1759 10086
  1760 10086
  1761 10086
  1762 10086
  1763 10086
  1764 10086
  1765 10086
  1766 10086
  1767 10086
  1768 10086
  1769 10086
  1770 10086
  1771 10086
  1772 10086
  1773 10086
  1774 10086
  1775 10086
  1776 10086
  1777 10086
  1778 10086
  1779 10086
  1780 10086
  1781 10086
  1782 10086
  1783 10086
  1784 10086
  1785 10086
  1786 10086
  1787 10086
  1788 10086
  1789 10086
  1790 10086
  1791 10086
  1792 10086
  1793 10086
  1794 10086
  1795 10086
  1796 10086
  1797 10086
  1798 10086
  1799 10086
  1800 10086
  1801 10086
  1802 10086
  1803 10086
  1808 10086
  1814 10046
  1815 10046
  1816 10071
  1817 10071
  1818 10033
  1819 10033
  1820 10033
  1821 10033
  1822 10046
  1823 10086
  1824 10086
  1825 10086
  1826 10086
  1827 10086
  1828 10086
  1829 10086
  1838 10086
  1839 10086
  1840 10086
  1841 10086
  1842 10086
  1857 10039
  1858 10039
  1859 10045
  1860 10045
  1861 10049
  1862 10049
  1863 10049
  1864 10049
  1865 10049
  1866 10049
  1867 10049
  1868 10049
  1869 10049
  1870 10049
  1871 10049
  1872 10049
  1873 10049
  1874 10049
  1875 10049
  1876 10049
  1877 10049
  1878 10049
  1879 10049
  1880 10049
  1881 10049
  1882 10049
  1883 10049
  1884 10049
  1885 10049
  1886 10049
  1887 10049
  1888 10049
  1889 10049
  1890 10049
  1891 10049
  1892 10049
  1893 10049
  1894 10049
  1895 10049
  1896 10049
  1897 10049
  1898 10049
  1899 10049
  1900 10049
  1901 10049
  1902 10049
  1903 10049
  1904 10049
  1905 10049
  1906 10049
  1907 10049
  1908 10049
  1909 10049
  1910 10049
  1911 10049
  1912 10049
  1913 10049
  1914 10049
  1915 10049
  1916 10049
  1917 10049
  1918 10049
  1919 10049
  1920 10049
  1921 10049
  1922 10049
  1923 10049
  1924 10049
  1925 10049
  1926 10049
  1927 10049
  1928 10049
  1929 10049
  1930 10049
  1931 10049
  1932 10049
  1933 10049
  1934 10049
  1935 10049
  1936 10049
  1937 10049
  1938 10049
  1939 10049
  1940 10049
  1941 10049
  1942 10049
  1943 10049
  1944 10049
  1945 10049
  1946 10049
  1947 10049
  1948 10049
  1949 10049
  1950 10049
  1951 10049
  1952 10049
  1953 10049
  1954 10049
  1955 10049
  1956 10049
  1957 10049
  1958 10049
  1959 10049
  1960 10049
  1961 10049
  1962 10049
  1963 10049
  1964 10049
  1965 10049
  1966 10049
  1967 10049
  1968 10049
  1969 10049
  1970 10049
  1971 10049
  1972 10049
  1973 10049
  1974 10049
  1975 10049
  1976 10049
  1977 10049
  1978 10049
  1979 10049
  1980 10049
  1981 10049
  1982 10049
  1983 10049
  1984 10049
  1985 10049
  1986 10049
  1987 10049
  1988 10049
  1989 10049
  1990 10049
  1991 10049
  1992 10049
  1993 10049
  1994 10049
  1995 10049
  1996 10049
  1997 10049
  1998 10049
  1999 10049
  2000 10049
  2001 10049
  2002 10049
  2003 10049
  2004 10049
  2005 10049
  2006 10049
  2007 10049
  2008 10049
  2009 10049
  2010 10049
  2011 10049
  2012 10049
  2013 10049
  2014 10049
  2015 10049
  2016 10049
  2017 10049
  2018 10049
  2019 10049
  2020 10049
  2021 10049
  2022 10049
  2025 10043
  2026 10043
  2027 10101
  2028 10138
  2029 10138
  2030 10138
