   690 10022
   691 10022
   692 10022
   693 10022
   694 10022
   695 10022
   696 10022
   697 10022
   698 10022
   699 10022
   700 10022
   701 10022
   702 10022
   703 10022
   704 10022
   705 10022
   706 10022
   707 10022
   708 10022
   709 10022
   710 10022
   711 10022
   712 10022
   713 10022
   714 10022
   715 10022
   716 10022
   717 10022
   718 10022
   719 10022
   720 10022
   721 10022
   722 10022
   723 10022
   724 10022
   725 10022
   726 10022
   727 10022
   728 10022
   729 10022
   730 10022
   731 10022
   732 10022
   733 10022
   734 10022
   735 10022
   736 10022
   737 10022
   738 10022
   739 10022
   740 10022
   741 10022
   742 10022
   743 10022
   744 10022
   745 10022
   746 10022
   747 10022
   748 10022
   749 10022
   750 10022
   751 10022
   752 10022
   753 10022
   754 10022
   755 10022
   756 10022
   757 10022
   758 10022
   759 10022
   760 10022
   761 10022
   762 10022
   763 10022
   764 10022
   765 10022
   766 10022
   767 10022
   768 10022
   769 10022
   770 10022
   771 10022
   772 10022
   773 10022
   774 10022
   775 10022
   776 10022
   777 10022
   778 10022
   779 10022
   780 10022
   790 10118
   791 10036
   792 10036
   793 10036
   794 10036
   795 10118
   796 10118
   797 10118
   798 10118
   799 10118
   800 10118
   801 10118
   802 10118
   803 10118
   804 10118
   805 10118
   806 10118
   807 10118
   808 10118
   809 10118
   810 10118
   811 10118
   812 10118
   813 10118
   814 10118
   815 10118
   816 10118
   817 10118
   818 10118
   819 10118
   820 10118
   821 10118
   822 10118
   823 10118
   824 10118
   825 10118
   826 10118
   827 10118
   828 10118
   829 10118
   830 10118
   831 10118
   832 10118
   833 10118
   834 10118
   835 10118
   836 10118
   837 10118
   838 10118
   839 10118
   840 10118
   841 10118
   842 10118
   843 10118
   844 10118
   845 10118
   846 10118
   847 10118
   848 10118
   849 10118
   850 10118
   851 10118
   852 10118
   853 10118
   854 10118
   855 10118
   856 10118
   857 10118
   858 10118
   859 10118
   860 10118
   861 10118
   862 10118
   863 10118
   864 10118
   865 10118
   866 10118
   867 10118
   868 10118
   869 10118
   870 10118
   871 10118
   872 10118
   873 10118
   874 10118
   875 10118
   876 10118
   877 10118
   878 10118
   879 10118
   880 10118
   881 10118
   882 10118
   883 10118
   884 10118
   885 10118
   886 10118
   887 10118
   888 10118
   889 10118
   890 10118
   891 10118
   892 10118
   893 10118
   894 10118
   895 10118
   896 10118
   897 10118
   898 10118
   899 10118
   900 10118
   901 10118
   902 10118
   903 10118
   904 10118
   905 10118
   906 10118
   907 10118
   908 10118
   909 10118
   910 10118
   911 10118
   912 10118
   913 10118
   914 10118
   915 10118
   916 10118
   917 10118
   918 10118
   919 10118
   920 10118
   921 10118
   922 10118
   923 10118
   924 10118
   925 10118
   926 10118
   927 10118
   928 10118
   929 10118
   930 10118
   931 10118
   932 10118
   933 10118
   934 10118
   935 10118
   936 10118
   937 10118
   938 10118
   939 10118
   940 10118
   941 10118
   942 10118
   943 10118
   944 10118
   945 10118
   946 10118
   947 10118
   948 10118
   949 10118
   950 10118
   951 10118
   952 10118
   953 10118
   954 10118
   955 10118
   956 10118
   957 10118
   958 10118
   959 10118
   960 10118
   961 10118
   962 10118
   963 10118
   964 10118
   965 10118
   966 10118
   967 10118
   968 10118
   969 10118
   970 10118
   971 10118
   972 10118
   973 10118
   974 10118
   975 10118
   976 10118
   977 10118
   978 10118
   979 10118
   980 10118
   981 10118
   982 10118
   983 10118
   984 10118
   985 10118
   986 10118
   987 10118
   988 10118
   989 10118
   990 10118
   991 10118
   992 10118
   993 10118
   994 10118
   995 10118
   996 10118
   997 10118
   998 10118
   999 10118
  1000 10118
  1001 10118
  1002 10118
  1003 10118
  1004 10118
  1005 10118
  1006 10118
  1007 10118
  1008 10118
  1009 10118
  1010 10118
  1011 10118
  1012 10118
  1013 10118
  1014 10118
  1015 10118
  1016 10118
  1017 10118
  1018 10118
  1019 10118
  1020 10118
  1026 10055
  1027 10055
  1028 10055
  1029 10055
  1030 10055
  1031 10055
  1032 10055
  1034 10089
  1035 10089
  1036 10089
  1037 10089
  1038 10089
  1039 10089
  1040 10089
  1041 10089
  1042 10089
  1043 10089
  1044 10089
  1045 10089
  1046 10089
  1047 10089
  1048 10089
  1049 10089
  1050 10089
  1051 10089
  1052 10089
  1053 10089
  1054 10089
  1055 10089
  1056 10089
  1057 10089
  1058 10089
  1059 10089
  1060 10089
  1061 10089
  1062 10089
  1063 10089
  1064 10089
  1065 10089
  1066 10089
  1067 10089
  1068 10089
  1069 10089
  1070 10089
  1071 10089
  1072 10089
  1073 10089
  1074 10089
  1075 10089
  1076 10089
  1077 10089
  1078 10089
  1079 10089
  1080 10089
  1081 10089
  1082 10089
  1083 10089
  1084 10089
  1085 10089
  1086 10089
  1087 10089
  1088 10089
  1089 10089
  1090 10089
  1091 10089
  1092 10089
  1093 10089
  1094 10089
  1095 10089
  1096 10089
  1097 10089
  1098 10089
  1099 10089
  1100 10089
  1101 10089
  1102 10114
  1103 10114
  1104 10114
  1105 10114
  1106 10114
  1107 10114
  1108 10114
  1109 10114
  1110 10114
  1111 10114
  1112 10114
  1113 10114
  1114 10114
  1115 10114
  1116 10089
  1117 10089
  1118 10089
  1119 10089
  1120 10089
  1121 10089
  1122 10089
  1123 10089
  1124 10089
  1125 10089
  1126 10089
  1127 10089
  1128 10089
  1129 10089
  1130 10089
  1131 10089
  1132 10089
  1133 10089
  1134 10089
  1135 10089
  1136 10089
  1137 10089
  1138 10089
  1139 10089
  1140 10089
  1141 10089
  1142 10089
  1143 10089
  1144 10089
  1145 10089
  1146 10089
  1147 10089
  1148 10089
  1149 10089
  1150 10089
  1151 10089
  1152 10089
  1153 10089
  1154 10089
  1155 10089
  1156 10089
  1157 10089
  1158 10089
  1159 10089
  1160 10089
  1161 10089
  1162 10089
  1163 10089
  1164 10089
  1165 10089
  1166 10089
  1167 10089
  1168 10089
  1169 10089
  1170 10089
  1171 10089
  1172 10089
  1173 10089
  1174 10089
  1175 10089
  1176 10089
  1177 10089
  1178 10089
  1179 10089
  1180 10089
  1181 10089
  1182 10089
  1183 10089
  1184 10089
  1185 10089
  1186 10089
  1187 10089
  1188 10089
  1189 10089
  1190 10089
  1191 10089
  1192 10089
  1193 10089
  1194 10089
  1195 10089
  1196 10089
  1197 10089
  1198 10089
  1199 10089
  1200 10089
  1201 10089
  1202 10089
  1203 10089
  1204 10089
  1205 10089
  1206 10089
  1207 10089
  1208 10089
  1209 10089
  1210 10089
  1211 10089
  1212 10089
  1213 10089
  1214 10089
  1215 10089
  1216 10089
  1217 10089
  1218 10089
  1219 10089
  1220 10089
  1221 10089
  1222 10089
  1223 10089
  1224 10089
  1225 10089
  1226 10089
  1227 10089
  1228 10089
  1229 10089
  1230 10089
  1231 10089
  1232 10089
  1233 10089
  1234 10089
  1235 10089
  1236 10089
  1237 10089
  1238 10089
  1239 10089
  1240 10089
  1241 10089
  1242 10089
  1243 10089
  1244 10089
  1245 10089
  1246 10089
  1247 10089
  1248 10089
  1249 10089
  1250 10089
  1251 10089
  1252 10089
  1253 10089
  1254 10089
  1255 10089
  1256 10089
  1257 10089
  1258 10089
  1259 10089
  1260 10089
  1261 10089
  1266 10130
  1267 10130
  1268 10009
  1269 10009
  1270 10009
  1271 10009
  1272 10009
  1273 10009
  1274 10009
  1275 10009
  1276 10009
  1277 10009
  1278 10009
  1279 10009
  1280 10009
  1281 10009
  1282 10009
  1283 10009
  1284 10009
  1285 10009
  1286 10009
  1287 10009
  1288 10009
  1289 10009
  1290 10009
  1291 10009
  1292 10009
  1293 10009
  1294 10009
  1295 10009
  1296 10009
  1297 10009
  1298 10009
  1299 10009
  1300 10009
  1301 10009
  1302 10009
  1303 10009
  1304 10009
  1305 10009
  1306 10009
  1307 10009
  1308 10009
  1309 10009
  1310 10009
  1311 10009
  1312 10009
  1313 10009
  1314 10009
  1315 10009
  1316 10009
  1317 10009
  1318 10009
  1319 10009
  1320 10009
  1321 10009
  1322 10009
  1323 10009
  1324 10009
  1325 10009
  1326 10009
  1327 10009
  1328 10009
  1329 10009
  1330 10009
  1331 10009
  1332 10009
  1333 10009
  1334 10009
  1335 10009
  1336 10009
  1337 10009
  1338 10009
  1339 10009
  1340 10009
  1341 10009
  1342 10009
  1343 10009
  1344 10009
  1345 10009
  1346 10009
  1347 10009
  1348 10009
  1349 10009
  1350 10009
  1351 10009
  1352 10009
  1353 10009
  1354 10009
  1355 10009
  1356 10009
  1357 10009
  1358 10009
  1359 10009
  1360 10009
  1361 10009
  1362 10009
  1363 10009
  1364 10009
  1365 10009
  1366 10009
  1367 10009
  1368 10009
  1369 10009
  1370 10009
  1371 10009
  1372 10009
  1373 10009
  1374 10009
  1375 10009
  1376 10009
  1377 10009
  1378 10009
  1379 10009
  1380 10009
  1381 10009
  1382 10009
  1383 10009
  1384 10009
  1385 10009
  1386 10009
  1387 10009
  1388 10009
  1389 10009
  1390 10009
  1391 10009
  1392 10009
  1393 10009
  1394 10009
  1395 10009
  1396 10009
  1397 10009
  1398 10009
  1399 10009
  1400 10009
  1401 10009
  1402 10009
  1403 10009
  1404 10009
  1405 10009
  1406 10009
  1407 10009
  1408 10009
  1409 10009
  1410 10009
  1411 10009
  1412 10009
  1413 10009
  1414 10009
  1415 10009
  1416 10009
  1417 10009
  1418 10009
  1419 10009
  1420 10009
  1421 10009
  1422 10009
  1423 10009
  1424 10009
  1425 10009
  1426 10009
  1427 10009
  1428 10009
  1429 10009
  1430 10009
  1431 10009
  1432 10009
  1433 10009
  1434 10009
  1435 10009
  1436 10009
  1437 10009
  1438 10009
  1439 10009
  1440 10009
  1441 10009
  1442 10009
  1443 10009
  1444 10009
  1445 10009
  1446 10009
  1447 10009
  1448 10009
  1449 10009
  1450 10009
  1451 10009
  1452 10009
  1453 10009
  1454 10009
  1455 10009
  1456 10009
  1457 10009
  1458 10009
  1459 10009
  1460 10009
  1461 10009
  1462 10009
  1463 10009
  1464 10009
  1465 10009
  1466 10009
  1467 10009
  1468 10009
  1469 10009
  1470 10009
  1471 10009
  1472 10009
  1473 10009
  1474 10009
  1475 10009
  1476 10009
  1477 10009
  1478 10009
  1479 10009
  1480 10009
  1481 10009
  1482 10009
  1483 10009
  1484 10009
  1485 10009
  1486 10009
  1487 10009
  1488 10009
  1489 10009
  1490 10009
  1491 10009
  1492 10009
  1493 10009
  1494 10009
  1495 10009
  1496 10009
  1497 10009
  1498 10009
  1499 10009
  1500 10009
  1501 10018
  1502 10055
  1503 10055
  1504 10055
  1510 10023
  1511 10023
  1512 10023
  1513 10023
  1514 10023
  1540 10055
  1541 10055
  1542 10018
  1543 10055
  1565 10055
  1566 10055
  1567 10055
  1569 10055
  1574 10083
  1575 10071
  1576 10071
  1577 10071
  1578 10071
  1579 10071
  1580 10071
  1581 10071
  1582 10071
  1583 10071
  1584 10046
  1585 10046
  1586 10101
  1587 10101
  1588 10101
  1594 10134
  1597 10134
  1598 10055
  1600 10018
  1601 10018
  1602 10018
  1606 10141
  1607 10141
  1608 10141
  1615 10002
  1616 10002
  1617 10002
  1618 10002
  1619 10002
  1620 10002
  1621 10002
  1623 10002
  1624 10002
  1625 10002
  1626 10002
  1627 10002
  1628 10002
  1629 10002
  1630 10002
  1631 10002
  1632 10002
  1633 10002
  1634 10002
  1635 10002
  1636 10002
  1637 10002
  1638 10002
  1639 10002
  1640 10002
  1641 10002
  1642 10002
  1643 10002
  1644 10002
  1645 10002
  1646 10002
  1647 10002
  1648 10002
  1649 10002
  1650 10002
  1651 10002
  1652 10002
  1653 10002
  1654 10002
  1655 10002
  1656 10002
  1657 10002
  1658 10002
  1659 10002
  1660 10002
  1661 10002
  1662 10002
  1663 10002
  1664 10002
  1665 10002
  1666 10002
  1667 10002
  1668 10002
  1669 10002
  1670 10002
  1671 10002
  1672 10002
  1673 10002
  1674 10002
  1675 10002
  1676 10002
  1677 10002
  1678 10002
  1679 10002
  1680 10002
  1681 10002
  1682 10002
  1683 10002
  1684 10002
  1685 10002
  1686 10002
  1687 10002
  1688 10002
  1689 10002
  1690 10002
  1691 10002
  1692 10002
  1693 10002
  1694 10002
  1695 10002
  1696 10002
  1697 10002
  1698 10002
  1699 10002
  1700 10002
  1701 10002
  1702 10002
  1703 10002
  1704 10002
  1705 10002
  1706 10002
  1707 10002
  1708 10002
  1709 10002
  1710 10002
  1711 10002
  1712 10002
  1713 10002
  1714 10002
  1715 10002
  1716 10002
  1717 10002
  1718 10002
  1719 10002
  1720 10002
  1721 10002
  1722 10002
  1723 10002
  1724 10002
  1725 10002
  1726 10002
  1727 10002
  1728 10002
  1729 10002
  1730 10002
  1731 10002
  1732 10002
  1733 10002
  1734 10002
  1735 10002
  1736 10002
  1737 10002
  1738 10002
  1739 10002
  1740 10002
  1741 10002
  1742 10002
  1743 10002
  1744 10002
  1745 10002
  1746 10002
  1747 10002
  1748 10002
  1749 10002
  1750 10002
  1751 10002
  1752 10002
  1753 10002
  1754 10002
  1755 10002
  1756 10002
  1757 10002
  1758 10002
  1759 10002
  1760 10002
  1761 10002
  1762 10002
  1763 10002
  1764 10002
  1765 10002
  1766 10002
  1767 10002
  1768 10002
  1769 10002
  1770 10002
  1771 10002
  1772 10002
  1773 10002
  1774 10002
  1775 10002
  1776 10002
  1777 10002
  1778 10002
  1779 10002
  1780 10002
  1781 10002
  1782 10002
  1783 10002
  1784 10002
  1785 10002
  1786 10002
  1787 10002
  1788 10002
  1789 10002
  1790 10002
  1791 10002
  1792 10002
  1793 10002
  1794 10002
  1795 10002
  1796 10002
  1797 10002
  1798 10002
  1799 10002
  1800 10002
  1801 10002
  1802 10002
  1803 10002
  1804 10002
  1805 10002
  1806 10002
  1807 10002
  1808 10002
  1809 10002
  1810 10002
  1811 10002
  1812 10002
  1813 10002
  1814 10002
  1815 10002
  1816 10002
  1817 10002
  1818 10002
  1819 10002
  1820 10002
  1821 10002
  1822 10002
  1823 10002
  1824 10002
  1825 10002
  1826 10002
  1827 10002
  1828 10002
  1829 10002
  1830 10172
  1831 10172
  1832 10172
  1833 10172
  1834 10002
  1835 10172
  1836 10172
  1837 10172
  1838 10172
  1839 10172
  1840 10172
  1841 10172
  1842 10172
  1843 10172
  1844 10172
  1845 10172
  1846 10002
  1847 10172
  1848 10002
  1849 10002
  1850 10002
  1851 10002
  1852 10002
  1853 10002
  1854 10002
  1855 10002
  1856 10002
  1857 10002
  1861 10164
  1862 10164
  1863 10164
  1864 10164
  1865 10164
  1866 10164
  1867 10164
  1868 10164
  1869 10164
  1870 10164
  1871 10164
  1872 10164
  1873 10164
  1874 10164
  1875 10164
  1876 10164
  1877 10164
  1878 10164
  1879 10164
  1880 10164
  1881 10164
  1882 10164
  1883 10164
  1884 10164
  1885 10164
  1886 10164
  1887 10164
  1888 10164
  1889 10164
  1890 10164
  1891 10164
  1892 10164
  1893 10164
  1894 10164
  1895 10164
  1896 10164
  1897 10164
  1898 10164
  1899 10164
  1900 10164
  1901 10164
  1902 10164
  1903 10164
  1904 10164
  1905 10164
  1906 10164
  1907 10164
  1908 10164
  1909 10164
  1910 10164
  1911 10164
  1912 10164
  1913 10164
  1914 10164
  1915 10164
  1916 10164
  1917 10164
  1918 10164
  1919 10164
  1920 10164
  1921 10164
  1922 10164
  1923 10164
  1924 10164
  1925 10164
  1926 10164
  1927 10164
  1928 10164
  1929 10164
  1930 10164
  1931 10164
  1932 10164
  1933 10164
  1934 10164
  1935 10164
  1936 10164
  1937 10164
  1938 10164
  1939 10164
  1940 10164
  1941 10164
  1942 10164
  1943 10164
  1944 10164
  1945 10164
  1946 10164
  1947 10164
  1948 10164
  1949 10164
  1950 10164
  1951 10164
  1952 10164
  1953 10164
  1954 10164
  1955 10164
  1956 10164
  1957 10164
  1958 10164
  1959 10164
  1960 10164
  1961 10164
  1962 10164
  1963 10164
  1964 10164
  1965 10164
  1966 10164
  1967 10164
  1968 10164
  1969 10164
  1970 10164
  1971 10164
  1972 10164
  1973 10164
  1974 10164
  1975 10164
  1976 10164
  1977 10164
  1978 10164
  1979 10164
  1980 10164
  1981 10164
  1982 10164
  1983 10164
  1984 10164
  1985 10164
  1986 10164
  1987 10164
  1988 10164
  1989 10164
  1990 10164
  1991 10164
  1992 10164
  1993 10164
  1994 10164
  1995 10164
  1996 10164
  1997 10164
  1998 10164
  1999 10164
  2000 10164
  2001 10164
  2002 10164
  2003 10164
  2004 10164
  2005 10164
  2006 10164
  2007 10164
  2008 10164
  2009 10164
  2010 10164
  2011 10164
  2012 10164
  2013 10164
  2014 10164
  2015 10164
  2016 10164
  2017 10164
  2018 10164
  2019 10164
  2020 10164
  2021 10164
  2022 10164
  2023 10164
  2024 10164
  2025 10164
  2030 10152
