   690 10034
   691 10034
   692 10034
   693 10034
   694 10034
   695 10034
   696 10034
   697 10034
   698 10034
   699 10034
   700 10034
   701 10034
   702 10034
   703 10034
   704 10034
   705 10034
   706 10034
   707 10034
   708 10034
   709 10034
   710 10034
   711 10034
   712 10034
   713 10034
   714 10034
   715 10034
   716 10034
   717 10034
   718 10034
   719 10034
   720 10034
   721 10034
   722 10034
   723 10034
   724 10034
   725 10034
   726 10034
   727 10034
   728 10034
   729 10034
   730 10034
   731 10034
   732 10034
   733 10034
   734 10034
   735 10034
   736 10034
   737 10034
   738 10034
   739 10034
   740 10034
   741 10034
   742 10034
   743 10034
   744 10034
   745 10034
   746 10034
   747 10034
   748 10034
   749 10034
   750 10034
   751 10034
   752 10034
   753 10034
   754 10034
   755 10034
   756 10034
   757 10034
   758 10034
   759 10034
   760 10034
   761 10034
   762 10034
   763 10034
   764 10034
   765 10034
   766 10034
   767 10034
   768 10034
   769 10034
   770 10034
   771 10034
   772 10034
   773 10034
   774 10034
   775 10034
   776 10034
   777 10034
   778 10034
   779 10034
   780 10034
   785 10017
   786 10017
   787 10022
   788 10151
   789 10151
   790 10045
   791 10045
   792 10017
   793 10017
   794 10073
   795 10073
   796 10073
   797 10073
   798 10073
   800 10073
   801 10073
   802 10073
   803 10073
   804 10073
   805 10073
   806 10073
   807 10073
   808 10073
   809 10073
   810 10073
   811 10073
   812 10073
   813 10073
   814 10073
   815 10073
   816 10073
   817 10073
   818 10073
   819 10073
   820 10073
   821 10073
   822 10073
   823 10073
   824 10073
   825 10073
   826 10073
   827 10073
   828 10073
   829 10073
   830 10073
   831 10073
   832 10073
   833 10073
   834 10073
   835 10073
   836 10073
   837 10073
   838 10073
   839 10073
   840 10073
   841 10073
   842 10073
   843 10073
   844 10073
   845 10073
   846 10073
   847 10073
   848 10073
   849 10073
   850 10073
   851 10073
   852 10073
   853 10073
   854 10073
   855 10073
   856 10073
   857 10073
   858 10073
   859 10073
   860 10073
   861 10073
   862 10073
   863 10073
   864 10073
   865 10073
   866 10073
   867 10073
   868 10073
   869 10073
   870 10073
   871 10073
   872 10073
   873 10073
   874 10073
   875 10073
   876 10073
   877 10073
   878 10073
   879 10073
   880 10073
   881 10073
   882 10073
   883 10073
   884 10073
   885 10073
   886 10073
   887 10073
   888 10073
   889 10073
   890 10073
   891 10073
   892 10073
   893 10073
   894 10073
   895 10073
   896 10073
   897 10073
   898 10073
   899 10073
   900 10073
   901 10073
   902 10073
   903 10073
   904 10073
   905 10073
   906 10073
   907 10073
   908 10073
   909 10073
   910 10073
   911 10073
   912 10073
   913 10073
   914 10073
   915 10073
   916 10073
   917 10073
   918 10073
   919 10073
   920 10073
   921 10073
   922 10073
   923 10073
   924 10073
   925 10073
   926 10073
   927 10073
   928 10073
   929 10073
   930 10073
   931 10073
   932 10073
   933 10073
   934 10073
   935 10073
   936 10073
   937 10073
   938 10073
   939 10073
   940 10073
   941 10073
   942 10073
   943 10073
   944 10073
   945 10073
   946 10073
   947 10073
   948 10073
   949 10073
   950 10073
   951 10073
   952 10073
   953 10073
   954 10073
   955 10073
   956 10073
   957 10073
   958 10073
   959 10073
   960 10073
   961 10073
   962 10073
   963 10073
   964 10073
   965 10073
   967 10073
   968 10073
   971 10073
   976 10017
   980 10017
   983 10073
   984 10073
   985 10073
   986 10073
   987 10073
   988 10073
   989 10017
   990 10017
   991 10017
   992 10073
   993 10073
   994 10073
   996 10073
  1001 10073
  1002 10073
  1003 10073
  1004 10073
  1005 10073
  1006 10073
  1007 10073
  1008 10073
  1018 10101
  1019 10101
  1020 10101
  1023 10153
  1024 10153
  1025 10153
  1026 10049
  1027 10049
  1028 10049
  1029 10049
  1030 10049
  1031 10049
  1032 10049
  1033 10049
  1034 10049
  1035 10049
  1036 10049
  1037 10049
  1038 10049
  1039 10049
  1040 10049
  1041 10049
  1042 10049
  1043 10049
  1044 10049
  1045 10049
  1046 10049
  1047 10049
  1048 10049
  1049 10049
  1050 10049
  1051 10049
  1052 10049
  1053 10049
  1054 10049
  1055 10049
  1056 10049
  1057 10049
  1058 10049
  1059 10049
  1060 10049
  1061 10049
  1062 10049
  1063 10049
  1064 10049
  1065 10049
  1066 10049
  1067 10049
  1068 10049
  1069 10049
  1070 10049
  1071 10049
  1072 10049
  1073 10049
  1074 10049
  1075 10049
  1076 10049
  1077 10049
  1078 10049
  1079 10049
  1080 10049
  1081 10049
  1082 10049
  1083 10049
  1084 10049
  1085 10049
  1086 10049
  1087 10049
  1088 10049
  1089 10049
  1090 10049
  1091 10049
  1092 10049
  1093 10049
  1094 10049
  1095 10049
  1096 10049
  1097 10049
  1098 10049
  1099 10049
  1100 10049
  1101 10049
  1102 10049
  1103 10049
  1104 10049
  1105 10049
  1106 10049
  1107 10049
  1108 10049
  1109 10049
  1110 10049
  1111 10049
  1112 10049
  1113 10049
  1114 10049
  1115 10049
  1116 10049
  1117 10049
  1118 10049
  1119 10049
  1120 10049
  1121 10049
  1122 10049
  1123 10049
  1124 10049
  1125 10049
  1126 10049
  1127 10049
  1128 10049
  1129 10049
  1130 10049
  1131 10049
  1132 10049
  1133 10049
  1134 10049
  1135 10049
  1136 10049
  1137 10049
  1138 10049
  1139 10049
  1140 10049
  1141 10049
  1142 10049
  1143 10049
  1144 10049
  1145 10049
  1146 10049
  1147 10049
  1148 10049
  1149 10049
  1150 10049
  1151 10049
  1152 10049
  1153 10049
  1154 10049
  1155 10049
  1156 10049
  1157 10049
  1158 10049
  1159 10049
  1160 10049
  1161 10049
  1162 10049
  1163 10049
  1164 10049
  1165 10049
  1166 10049
  1167 10016
  1168 10049
  1169 10049
  1170 10016
  1171 10049
  1172 10049
  1173 10049
  1174 10049
  1175 10049
  1176 10049
  1177 10049
  1178 10049
  1179 10049
  1180 10049
  1181 10049
  1182 10049
  1183 10049
  1184 10049
  1185 10049
  1186 10049
  1187 10049
  1188 10049
  1189 10049
  1190 10049
  1191 10049
  1192 10049
  1193 10049
  1194 10049
  1195 10049
  1196 10049
  1197 10049
  1198 10049
  1199 10049
  1200 10049
  1201 10049
  1202 10049
  1203 10049
  1204 10049
  1205 10049
  1206 10049
  1207 10049
  1208 10049
  1209 10049
  1210 10049
  1211 10049
  1212 10049
  1213 10049
  1214 10049
  1215 10049
  1216 10049
  1217 10049
  1218 10049
  1219 10049
  1220 10049
  1221 10049
  1222 10049
  1223 10049
  1224 10049
  1225 10049
  1226 10049
  1227 10049
  1228 10049
  1229 10049
  1230 10049
  1231 10049
  1232 10049
  1233 10049
  1234 10049
  1235 10049
  1236 10049
  1237 10049
  1238 10049
  1239 10049
  1240 10049
  1241 10049
  1242 10049
  1243 10049
  1244 10049
  1245 10049
  1246 10049
  1247 10049
  1248 10049
  1249 10049
  1250 10049
  1251 10049
  1252 10049
  1253 10049
  1254 10049
  1255 10049
  1256 10016
  1260 10158
  1261 10158
  1262 10018
  1263 10018
  1264 10158
  1278 10018
  1279 10018
  1281 10061
  1282 10101
  1283 10061
  1284 10101
  1285 10141
  1286 10055
  1288 10018
  1291 10101
  1294 10101
  1297 10128
  1299 10101
  1300 10101
  1301 10101
  1302 10101
  1303 10101
  1304 10101
  1305 10101
  1306 10101
  1307 10101
  1308 10128
  1309 10128
  1310 10128
  1311 10128
  1312 10128
  1313 10128
  1314 10128
  1315 10128
  1316 10101
  1317 10101
  1318 10101
  1319 10101
  1320 10061
  1321 10061
  1322 10101
  1323 10101
  1324 10101
  1325 10101
  1326 10101
  1327 10061
  1328 10061
  1329 10061
  1330 10101
  1331 10169
  1332 10061
  1333 10061
  1334 10061
  1335 10128
  1336 10128
  1337 10128
  1338 10128
  1339 10128
  1340 10128
  1341 10128
  1342 10128
  1343 10128
  1344 10128
  1345 10101
  1346 10101
  1347 10128
  1348 10128
  1349 10101
  1350 10128
  1351 10128
  1352 10169
  1353 10169
  1354 10169
  1355 10169
  1356 10169
  1357 10128
  1358 10128
  1359 10128
  1360 10128
  1361 10101
  1362 10101
  1363 10101
  1364 10101
  1365 10101
  1366 10138
  1367 10101
  1368 10138
  1369 10061
  1370 10169
  1371 10169
  1372 10169
  1373 10169
  1374 10061
  1375 10101
  1376 10128
  1377 10101
  1378 10101
  1379 10101
  1380 10061
  1381 10101
  1382 10101
  1383 10061
  1384 10128
  1385 10128
  1386 10128
  1387 10128
  1388 10128
  1389 10169
  1390 10169
  1391 10169
  1392 10169
  1393 10169
  1394 10169
  1395 10169
  1396 10169
  1397 10169
  1398 10169
  1399 10169
  1400 10169
  1401 10169
  1402 10169
  1403 10169
  1404 10169
  1405 10169
  1406 10169
  1407 10169
  1408 10169
  1409 10169
  1410 10169
  1411 10169
  1412 10169
  1413 10169
  1414 10169
  1415 10169
  1416 10169
  1417 10169
  1418 10169
  1419 10169
  1420 10169
  1421 10169
  1422 10169
  1423 10169
  1424 10169
  1425 10169
  1426 10169
  1427 10169
  1428 10169
  1429 10169
  1430 10169
  1431 10169
  1432 10169
  1433 10169
  1434 10169
  1435 10169
  1436 10169
  1437 10169
  1438 10169
  1439 10169
  1440 10169
  1441 10169
  1442 10169
  1443 10169
  1444 10169
  1445 10169
  1446 10169
  1447 10169
  1448 10169
  1449 10169
  1450 10169
  1451 10169
  1452 10169
  1453 10169
  1454 10169
  1455 10169
  1456 10169
  1457 10169
  1458 10169
  1459 10169
  1460 10169
  1461 10169
  1462 10169
  1463 10169
  1464 10169
  1465 10169
  1466 10169
  1467 10169
  1468 10169
  1469 10169
  1470 10169
  1471 10169
  1472 10169
  1473 10169
  1474 10169
  1475 10169
  1476 10169
  1477 10169
  1478 10169
  1479 10169
  1480 10169
  1481 10169
  1482 10169
  1483 10169
  1484 10169
  1485 10169
  1486 10169
  1487 10169
  1488 10169
  1489 10169
  1490 10169
  1491 10169
  1492 10169
  1493 10169
  1494 10169
  1495 10169
  1496 10169
  1497 10169
  1498 10169
  1499 10169
  1500 10169
  1501 10169
  1502 10169
  1503 10169
  1504 10169
  1505 10169
  1506 10169
  1507 10169
  1508 10169
  1509 10169
  1510 10169
  1511 10169
  1512 10169
  1513 10169
  1514 10169
  1515 10169
  1516 10169
  1517 10169
  1518 10169
  1519 10169
  1520 10169
  1521 10169
  1522 10169
  1523 10169
  1524 10169
  1525 10169
  1526 10169
  1527 10169
  1528 10169
  1529 10169
  1530 10169
  1531 10169
  1532 10169
  1533 10169
  1534 10169
  1535 10169
  1536 10169
  1537 10169
  1538 10169
  1539 10169
  1540 10169
  1541 10169
  1542 10169
  1543 10169
  1544 10169
  1545 10169
  1546 10169
  1547 10169
  1548 10169
  1549 10169
  1550 10169
  1551 10169
  1552 10169
  1553 10169
  1554 10169
  1555 10169
  1556 10169
  1557 10169
  1558 10169
  1559 10169
  1560 10169
  1561 10169
  1562 10169
  1563 10169
  1564 10169
  1565 10169
  1566 10169
  1567 10169
  1568 10169
  1569 10169
  1570 10169
  1571 10169
  1572 10169
  1573 10169
  1574 10169
  1575 10169
  1576 10169
  1577 10169
  1578 10169
  1579 10169
  1580 10169
  1581 10169
  1582 10169
  1583 10169
  1584 10169
  1585 10169
  1586 10169
  1587 10169
  1588 10169
  1589 10169
  1590 10169
  1591 10169
  1592 10169
  1593 10169
  1594 10169
  1595 10169
  1596 10169
  1597 10169
  1598 10169
  1599 10169
  1600 10169
  1601 10169
  1602 10169
  1603 10169
  1604 10169
  1605 10169
  1606 10169
  1607 10169
  1608 10169
  1609 10169
  1610 10169
  1611 10169
  1612 10169
  1613 10169
  1614 10169
  1615 10169
  1616 10169
  1617 10169
  1618 10169
  1619 10169
  1620 10169
  1622 10065
  1623 10065
  1624 10065
  1625 10065
  1626 10065
  1627 10065
  1628 10065
  1629 10065
  1630 10065
  1631 10065
  1632 10065
  1633 10065
  1634 10065
  1635 10065
  1636 10065
  1637 10065
  1638 10065
  1639 10065
  1640 10065
  1641 10065
  1642 10065
  1643 10065
  1644 10065
  1645 10065
  1646 10065
  1647 10065
  1648 10065
  1649 10065
  1650 10065
  1651 10065
  1652 10065
  1653 10065
  1654 10065
  1655 10065
  1656 10065
  1657 10065
  1658 10065
  1659 10065
  1660 10065
  1661 10065
  1662 10065
  1663 10065
  1664 10065
  1665 10065
  1666 10065
  1667 10065
  1668 10065
  1669 10065
  1670 10065
  1671 10065
  1672 10065
  1673 10065
  1674 10065
  1675 10065
  1676 10065
  1677 10065
  1678 10065
  1679 10065
  1680 10065
  1681 10065
  1682 10065
  1683 10065
  1684 10065
  1685 10065
  1686 10065
  1687 10065
  1688 10065
  1689 10065
  1690 10065
  1691 10065
  1692 10065
  1693 10065
  1694 10065
  1695 10065
  1696 10065
  1697 10065
  1698 10065
  1699 10065
  1700 10065
  1701 10065
  1702 10065
  1703 10065
  1704 10065
  1705 10065
  1706 10065
  1707 10065
  1708 10065
  1709 10065
  1710 10065
  1711 10065
  1712 10065
  1713 10065
  1714 10065
  1715 10065
  1716 10065
  1717 10065
  1718 10065
  1719 10065
  1720 10065
  1721 10065
  1722 10065
  1723 10065
  1724 10065
  1725 10065
  1726 10065
  1727 10065
  1728 10065
  1729 10065
  1730 10065
  1731 10065
  1732 10065
  1733 10065
  1734 10065
  1735 10065
  1736 10065
  1737 10065
  1738 10065
  1739 10065
  1740 10065
  1741 10065
  1742 10065
  1743 10065
  1744 10065
  1745 10065
  1746 10065
  1747 10065
  1748 10065
  1749 10065
  1750 10065
  1751 10065
  1752 10065
  1753 10065
  1754 10065
  1755 10065
  1756 10065
  1757 10065
  1758 10065
  1759 10065
  1760 10065
  1761 10065
  1762 10065
  1763 10065
  1764 10065
  1765 10065
  1766 10065
  1767 10065
  1768 10065
  1769 10065
  1770 10065
  1771 10065
  1772 10065
  1773 10065
  1774 10065
  1775 10065
  1776 10065
  1777 10065
  1778 10065
  1779 10065
  1780 10065
  1781 10065
  1782 10065
  1783 10065
  1784 10065
  1785 10065
  1786 10065
  1787 10065
  1788 10065
  1789 10065
  1790 10065
  1791 10065
  1792 10065
  1793 10065
  1794 10065
  1795 10065
  1796 10065
  1797 10065
  1798 10065
  1799 10065
  1800 10065
  1801 10065
  1802 10065
  1803 10065
  1804 10065
  1805 10065
  1806 10065
  1807 10065
  1808 10065
  1809 10065
  1810 10065
  1811 10065
  1812 10065
  1813 10065
  1814 10065
  1815 10065
  1816 10065
  1817 10065
  1818 10065
  1819 10065
  1820 10065
  1821 10065
  1822 10065
  1823 10065
  1824 10065
  1825 10065
  1826 10065
  1827 10065
  1828 10065
  1829 10065
  1830 10065
  1831 10065
  1832 10065
  1833 10065
  1834 10065
  1835 10065
  1836 10065
  1837 10065
  1838 10065
  1839 10065
  1840 10065
  1841 10065
  1842 10065
  1843 10065
  1844 10065
  1845 10065
  1846 10065
  1847 10065
  1848 10065
  1849 10065
  1850 10065
  1851 10065
  1852 10065
  1853 10065
  1854 10065
  1855 10065
  1857 10154
  1861 10146
  1862 10146
  1863 10146
  1864 10146
  1865 10146
  1866 10146
  1867 10146
  1868 10146
  1869 10146
  1870 10146
  1871 10146
  1872 10146
  1873 10146
  1874 10146
  1875 10146
  1876 10146
  1877 10146
  1878 10146
  1879 10146
  1880 10146
  1881 10146
  1882 10146
  1883 10146
  1884 10146
  1885 10146
  1886 10146
  1887 10146
  1888 10146
  1889 10146
  1890 10146
  1891 10146
  1892 10146
  1893 10146
  1894 10146
  1895 10146
  1896 10146
  1897 10146
  1898 10146
  1899 10146
  1900 10146
  1901 10146
  1902 10146
  1903 10146
  1904 10146
  1905 10146
  1906 10146
  1907 10146
  1908 10146
  1909 10146
  1910 10146
  1911 10146
  1912 10146
  1913 10146
  1914 10146
  1915 10146
  1916 10146
  1917 10146
  1918 10146
  1919 10146
  1920 10146
  1921 10146
  1922 10146
  1923 10146
  1924 10146
  1925 10146
  1926 10146
  1927 10146
  1928 10146
  1929 10146
  1930 10146
  1931 10146
  1932 10146
  1933 10146
  1934 10146
  1935 10146
  1936 10146
  1937 10146
  1938 10146
  1939 10146
  1940 10146
  1941 10146
  1942 10146
  1943 10146
  1944 10146
  1945 10146
  1946 10146
  1947 10146
  1948 10146
  1949 10146
  1950 10146
  1951 10146
  1952 10146
  1953 10146
  1954 10146
  1955 10146
  1956 10146
  1957 10146
  1958 10146
  1959 10146
  1960 10146
  1961 10146
  1962 10146
  1963 10146
  1964 10146
  1965 10146
  1966 10146
  1967 10146
  1968 10146
  1969 10146
  1970 10146
  1971 10146
  1972 10146
  1973 10146
  1974 10146
  1975 10146
  1976 10146
  1977 10146
  1978 10146
  1979 10146
  1980 10146
  1981 10146
  1982 10146
  1983 10146
  1984 10146
  1985 10146
  1986 10146
  1987 10146
  1988 10146
  1989 10146
  1990 10146
  1991 10146
  1992 10146
  1993 10146
  1994 10146
  1995 10146
  1996 10146
  1997 10146
  1998 10146
  1999 10146
  2000 10146
  2001 10146
  2002 10146
  2003 10146
  2004 10146
  2005 10146
  2006 10146
  2007 10146
  2008 10146
  2009 10146
  2010 10146
  2011 10146
  2012 10146
  2013 10146
  2014 10146
  2015 10146
  2016 10146
  2017 10146
  2018 10146
  2019 10146
  2020 10146
  2021 10146
  2022 10061
  2023 10061
  2024 10146
  2025 10164
  2030 10152
  2032 10152
  2033 10152
  2035 10034
  2036 10034
  2037 10011
  2038 10152
  2039 10034
  2040 10034
  2041 10152
  2042 10011
  2043 10011
  2044 10011
