   686 10068
   687 10068
   688 10068
   689 10068
   690 10068
   691 10068
   692 10068
   693 10068
   694 10068
   695 10068
   696 10068
   697 10068
   698 10068
   699 10068
   700 10068
   701 10068
   702 10068
   703 10068
   704 10068
   705 10068
   706 10068
   707 10068
   708 10068
   709 10068
   710 10068
   711 10068
   712 10068
   713 10068
   714 10068
   715 10068
   716 10068
   717 10068
   718 10068
   719 10068
   720 10068
   721 10068
   722 10068
   723 10068
   724 10068
   725 10068
   726 10068
   727 10068
   728 10068
   729 10068
   730 10068
   731 10068
   732 10068
   733 10068
   734 10068
   735 10068
   736 10068
   737 10068
   738 10068
   739 10068
   740 10068
   741 10068
   742 10068
   743 10068
   744 10068
   745 10068
   746 10068
   747 10068
   748 10068
   749 10068
   750 10068
   751 10068
   752 10068
   753 10068
   754 10068
   755 10068
   756 10068
   757 10068
   758 10068
   759 10068
   760 10068
   761 10068
   762 10068
   763 10068
   764 10068
   765 10068
   766 10068
   767 10068
   768 10068
   769 10068
   770 10068
   771 10068
   772 10068
   773 10068
   774 10068
   775 10068
   776 10068
   777 10068
   778 10068
   779 10068
   780 10068
   783 10002
   785 10151
   786 10151
   787 10151
   788 10151
  1017 10072
  1018 10072
  1021 10033
  1022 10033
  1023 10033
  1024 10033
  1025 10033
  1026 10033
  1027 10033
  1028 10033
  1029 10033
  1030 10033
  1031 10033
  1032 10033
  1033 10033
  1034 10033
  1035 10033
  1036 10033
  1037 10033
  1038 10033
  1039 10033
  1040 10033
  1041 10033
  1042 10033
  1043 10033
  1044 10033
  1045 10033
  1046 10033
  1047 10033
  1048 10033
  1049 10033
  1050 10033
  1051 10033
  1052 10033
  1053 10033
  1054 10033
  1055 10033
  1056 10033
  1057 10033
  1058 10033
  1059 10033
  1060 10033
  1061 10033
  1062 10033
  1063 10033
  1064 10033
  1065 10033
  1066 10033
  1067 10033
  1068 10033
  1069 10033
  1070 10033
  1071 10033
  1072 10033
  1073 10033
  1074 10033
  1075 10033
  1076 10033
  1077 10033
  1078 10033
  1079 10033
  1080 10033
  1081 10033
  1082 10033
  1083 10033
  1084 10033
  1085 10033
  1086 10033
  1087 10033
  1088 10033
  1089 10033
  1090 10033
  1091 10033
  1092 10033
  1093 10033
  1094 10033
  1095 10033
  1096 10033
  1097 10033
  1098 10033
  1099 10033
  1100 10033
  1101 10033
  1102 10033
  1103 10033
  1104 10033
  1105 10033
  1106 10033
  1107 10033
  1108 10033
  1109 10033
  1110 10033
  1111 10033
  1112 10033
  1113 10033
  1114 10033
  1115 10033
  1116 10033
  1117 10033
  1118 10033
  1119 10033
  1120 10033
  1121 10033
  1122 10033
  1123 10033
  1124 10033
  1125 10033
  1126 10033
  1127 10033
  1128 10033
  1129 10033
  1130 10033
  1131 10033
  1132 10033
  1133 10033
  1134 10033
  1135 10033
  1136 10033
  1137 10033
  1138 10033
  1139 10033
  1140 10033
  1141 10033
  1142 10033
  1143 10033
  1144 10033
  1145 10033
  1146 10033
  1147 10033
  1148 10033
  1149 10033
  1150 10033
  1151 10033
  1152 10033
  1153 10033
  1154 10033
  1155 10033
  1156 10033
  1157 10033
  1158 10033
  1159 10033
  1160 10033
  1161 10033
  1162 10033
  1163 10033
  1164 10033
  1165 10033
  1166 10033
  1167 10033
  1168 10033
  1169 10033
  1170 10033
  1171 10033
  1172 10033
  1173 10033
  1174 10033
  1175 10033
  1176 10033
  1177 10033
  1178 10033
  1179 10033
  1180 10033
  1181 10033
  1182 10033
  1183 10033
  1184 10033
  1185 10033
  1186 10033
  1187 10033
  1188 10033
  1189 10033
  1190 10033
  1191 10033
  1192 10033
  1193 10033
  1194 10033
  1195 10033
  1196 10033
  1197 10033
  1198 10033
  1199 10033
  1200 10033
  1201 10033
  1202 10033
  1203 10033
  1204 10033
  1205 10033
  1206 10033
  1207 10033
  1208 10033
  1209 10033
  1210 10033
  1211 10033
  1212 10033
  1213 10033
  1214 10033
  1215 10033
  1216 10033
  1217 10033
  1218 10033
  1219 10033
  1220 10033
  1221 10033
  1222 10033
  1223 10033
  1224 10033
  1225 10033
  1226 10033
  1227 10033
  1228 10033
  1229 10033
  1230 10033
  1231 10033
  1232 10033
  1233 10033
  1234 10033
  1235 10033
  1236 10033
  1237 10033
  1238 10033
  1239 10033
  1240 10033
  1241 10033
  1242 10033
  1243 10033
  1244 10033
  1245 10033
  1246 10033
  1247 10033
  1248 10033
  1249 10033
  1250 10033
  1251 10033
  1252 10033
  1253 10033
  1254 10033
  1255 10033
  1256 10033
  1257 10033
  1258 10005
  1259 10122
  1260 10122
  1261 10122
  1262 10122
  1263 10122
  1264 10122
  1265 10122
  1266 10122
  1267 10122
  1268 10005
  1269 10005
  1270 10005
  1271 10005
  1272 10005
  1273 10005
  1274 10005
  1275 10005
  1276 10005
  1277 10005
  1278 10005
  1279 10005
  1280 10005
  1281 10005
  1282 10005
  1283 10005
  1284 10005
  1285 10005
  1286 10005
  1287 10005
  1288 10005
  1289 10005
  1290 10005
  1291 10005
  1292 10005
  1293 10005
  1294 10005
  1295 10005
  1296 10005
  1297 10005
  1298 10005
  1299 10005
  1300 10005
  1301 10005
  1302 10005
  1303 10005
  1304 10005
  1305 10005
  1306 10005
  1307 10005
  1308 10005
  1309 10005
  1310 10005
  1311 10005
  1312 10005
  1313 10005
  1314 10005
  1315 10005
  1316 10005
  1317 10005
  1318 10005
  1319 10005
  1320 10005
  1321 10005
  1322 10005
  1323 10005
  1324 10005
  1325 10005
  1326 10005
  1327 10005
  1328 10005
  1329 10005
  1330 10005
  1331 10005
  1332 10005
  1333 10005
  1334 10005
  1335 10005
  1336 10005
  1337 10005
  1338 10005
  1339 10005
  1340 10005
  1341 10005
  1342 10005
  1343 10005
  1344 10005
  1345 10005
  1346 10005
  1347 10005
  1348 10005
  1349 10005
  1350 10005
  1351 10005
  1352 10005
  1353 10005
  1354 10005
  1355 10005
  1356 10005
  1357 10005
  1358 10005
  1359 10005
  1360 10005
  1361 10005
  1362 10005
  1363 10005
  1364 10005
  1365 10005
  1366 10005
  1367 10005
  1368 10005
  1369 10005
  1370 10005
  1371 10005
  1372 10005
  1373 10005
  1374 10005
  1375 10005
  1376 10005
  1377 10005
  1378 10005
  1379 10005
  1380 10005
  1381 10005
  1382 10005
  1383 10005
  1384 10005
  1385 10005
  1386 10005
  1387 10005
  1388 10005
  1389 10005
  1390 10005
  1391 10005
  1392 10005
  1393 10005
  1394 10005
  1395 10005
  1396 10005
  1397 10005
  1398 10005
  1399 10005
  1400 10005
  1401 10005
  1402 10005
  1403 10005
  1404 10005
  1405 10005
  1406 10005
  1407 10005
  1408 10005
  1409 10005
  1410 10005
  1411 10005
  1412 10005
  1413 10005
  1414 10005
  1415 10005
  1416 10005
  1417 10005
  1418 10005
  1419 10005
  1420 10005
  1421 10005
  1422 10005
  1423 10005
  1424 10005
  1425 10005
  1426 10005
  1427 10005
  1428 10005
  1429 10005
  1430 10005
  1431 10005
  1432 10005
  1433 10005
  1434 10005
  1435 10005
  1436 10005
  1437 10005
  1438 10005
  1439 10005
  1440 10005
  1441 10005
  1442 10005
  1443 10005
  1444 10005
  1445 10005
  1446 10005
  1447 10005
  1448 10005
  1449 10005
  1450 10005
  1451 10005
  1452 10005
  1453 10005
  1454 10005
  1455 10005
  1456 10005
  1457 10005
  1458 10005
  1459 10005
  1460 10005
  1461 10005
  1462 10005
  1463 10005
  1464 10005
  1465 10005
  1466 10005
  1467 10005
  1468 10005
  1469 10005
  1470 10005
  1471 10005
  1472 10005
  1473 10005
  1474 10005
  1475 10005
  1476 10005
  1477 10005
  1478 10005
  1479 10005
  1480 10005
  1481 10005
  1482 10005
  1483 10005
  1484 10005
  1485 10005
  1486 10005
  1487 10005
  1488 10005
  1489 10005
  1490 10005
  1491 10005
  1492 10005
  1493 10005
  1494 10005
  1495 10005
  1496 10005
  1497 10005
  1498 10005
  1499 10005
  1500 10005
  1501 10055
  1502 10055
  1503 10018
  1504 10018
  1505 10018
  1506 10018
  1507 10018
  1508 10018
  1509 10018
  1510 10018
  1511 10018
  1512 10018
  1513 10055
  1514 10055
  1515 10055
  1516 10055
  1517 10055
  1518 10055
  1519 10055
  1520 10055
  1521 10055
  1522 10055
  1523 10055
  1524 10055
  1525 10055
  1526 10055
  1527 10055
  1528 10055
  1529 10055
  1530 10055
  1531 10055
  1532 10055
  1533 10055
  1534 10055
  1535 10055
  1536 10055
  1537 10055
  1538 10055
  1539 10055
  1540 10055
  1541 10055
  1542 10055
  1543 10055
  1544 10055
  1545 10055
  1546 10055
  1547 10018
  1548 10018
  1549 10018
  1550 10055
  1551 10055
  1552 10055
  1553 10055
  1554 10055
  1555 10055
  1556 10055
  1557 10055
  1558 10055
  1559 10055
  1560 10055
  1561 10055
  1562 10055
  1563 10055
  1564 10055
  1565 10055
  1566 10055
  1567 10055
  1568 10055
  1569 10055
  1570 10055
  1571 10055
  1572 10055
  1573 10055
  1574 10055
  1575 10055
  1576 10055
  1577 10055
  1578 10055
  1579 10055
  1580 10055
  1581 10055
  1582 10055
  1583 10055
  1584 10055
  1585 10055
  1586 10055
  1587 10055
  1588 10055
  1589 10055
  1590 10055
  1591 10055
  1592 10140
  1593 10140
  1594 10106
  1595 10106
  1602 10061
  1603 10061
  1605 10062
  1606 10062
  1608 10062
  1609 10062
  1610 10062
  1611 10062
  1612 10062
  1613 10062
  1614 10062
  1615 10062
  1616 10062
  1617 10062
  1618 10138
  1619 10101
  1622 10134
  1626 10088
  1627 10088
  1628 10088
  1629 10088
  1630 10088
  1631 10088
  1632 10088
  1633 10088
  1634 10088
  1635 10088
  1636 10088
  1637 10088
  1638 10088
  1639 10088
  1640 10088
  1641 10088
  1642 10088
  1643 10088
  1644 10088
  1645 10088
  1646 10088
  1647 10088
  1648 10088
  1649 10088
  1650 10088
  1651 10088
  1652 10088
  1653 10088
  1654 10088
  1655 10088
  1656 10088
  1657 10088
  1658 10088
  1659 10088
  1660 10088
  1661 10088
  1662 10088
  1663 10088
  1664 10088
  1665 10088
  1666 10088
  1667 10088
  1668 10088
  1669 10088
  1670 10088
  1671 10088
  1672 10088
  1673 10088
  1674 10088
  1675 10088
  1676 10088
  1677 10088
  1678 10088
  1679 10088
  1680 10088
  1681 10088
  1682 10088
  1683 10088
  1684 10088
  1685 10088
  1686 10088
  1687 10088
  1688 10088
  1689 10088
  1690 10088
  1691 10088
  1692 10088
  1693 10088
  1694 10088
  1695 10088
  1696 10088
  1697 10088
  1698 10088
  1699 10088
  1700 10088
  1701 10088
  1702 10088
  1703 10088
  1704 10088
  1705 10088
  1706 10088
  1707 10088
  1708 10088
  1709 10088
  1710 10088
  1711 10088
  1712 10088
  1713 10088
  1714 10088
  1715 10088
  1716 10088
  1717 10088
  1718 10088
  1719 10088
  1720 10088
  1721 10088
  1722 10088
  1723 10088
  1724 10088
  1725 10088
  1726 10088
  1727 10088
  1728 10088
  1729 10088
  1730 10088
  1731 10088
  1732 10088
  1733 10088
  1734 10088
  1735 10088
  1736 10088
  1737 10088
  1738 10088
  1739 10088
  1740 10088
  1741 10088
  1742 10088
  1743 10088
  1744 10088
  1745 10088
  1746 10088
  1747 10088
  1748 10088
  1749 10088
  1750 10088
  1751 10088
  1752 10088
  1753 10088
  1754 10088
  1755 10088
  1756 10088
  1757 10088
  1758 10088
  1759 10088
  1760 10088
  1761 10088
  1762 10088
  1763 10088
  1764 10088
  1765 10088
  1766 10088
  1767 10088
  1768 10088
  1769 10088
  1770 10088
  1771 10088
  1772 10088
  1773 10088
  1774 10088
  1775 10088
  1776 10088
  1777 10088
  1778 10088
  1779 10088
  1780 10088
  1781 10088
  1782 10088
  1783 10088
  1784 10088
  1785 10088
  1786 10088
  1787 10088
  1788 10088
  1789 10088
  1790 10088
  1791 10088
  1792 10088
  1793 10088
  1794 10088
  1795 10088
  1796 10088
  1797 10088
  1798 10088
  1799 10088
  1800 10088
  1801 10088
  1802 10088
  1803 10088
  1804 10088
  1805 10088
  1806 10088
  1807 10088
  1808 10088
  1809 10088
  1810 10088
  1811 10088
  1812 10088
  1813 10088
  1814 10088
  1815 10088
  1816 10088
  1817 10088
  1818 10088
  1819 10088
  1820 10088
  1821 10088
  1822 10088
  1823 10088
  1824 10088
  1825 10088
  1826 10088
  1827 10088
  1828 10088
  1829 10088
  1830 10088
  1831 10088
  1832 10088
  1833 10088
  1834 10088
  1835 10088
  1836 10088
  1837 10088
  1838 10088
  1839 10088
  1840 10088
  1841 10088
  1842 10088
  1843 10088
  1844 10088
  1845 10088
  1846 10088
  1847 10088
  1848 10088
  1849 10088
  1850 10088
  1851 10088
  1852 10088
  1853 10088
  1854 10088
  1855 10088
  1857 10154
  1858 10154
  1859 10154
  1860 10016
  1861 10155
  1862 10155
  1863 10155
  1864 10155
  1865 10155
  1866 10155
  1867 10155
  1868 10155
  1869 10155
  1870 10155
  1871 10155
  1872 10155
  1873 10155
  1874 10155
  1875 10155
  1876 10155
  1877 10155
  1878 10155
  1879 10155
  1880 10155
  1881 10155
  1882 10155
  1883 10155
  1884 10155
  1885 10155
  1886 10155
  1887 10155
  1888 10155
  1889 10155
  1890 10155
  1891 10155
  1892 10155
  1893 10155
  1894 10155
  1895 10155
  1896 10155
  1897 10155
  1898 10155
  1899 10155
  1900 10155
  1901 10155
  1902 10155
  1903 10155
  1904 10155
  1905 10155
  1906 10155
  1907 10155
  1908 10155
  1909 10155
  1910 10155
  1911 10155
  1912 10155
  1913 10155
  1914 10155
  1915 10155
  1916 10155
  1917 10155
  1918 10155
  1919 10155
  1920 10155
  1921 10155
  1922 10155
  1923 10155
  1924 10155
  1925 10155
  1926 10155
  1927 10155
  1928 10155
  1929 10155
  1930 10155
  1931 10155
  1932 10155
  1933 10155
  1934 10155
  1935 10155
  1936 10155
  1937 10155
  1938 10155
  1939 10155
  1940 10155
  1941 10155
  1942 10155
  1943 10155
  1944 10155
  1945 10155
  1946 10155
  1947 10155
  1948 10155
  1949 10155
  1950 10155
  1951 10155
  1952 10155
  1953 10155
  1954 10155
  1955 10155
  1956 10155
  1957 10155
  1958 10155
  1959 10155
  1960 10155
  1961 10155
  1962 10155
  1963 10155
  1964 10155
  1965 10155
  1966 10155
  1967 10155
  1968 10155
  1969 10155
  1970 10155
  1971 10155
  1972 10155
  1973 10155
  1974 10155
  1975 10155
  1976 10155
  1977 10155
  1978 10155
  1979 10155
  1980 10155
  1981 10155
  1982 10155
  1983 10155
  1984 10155
  1985 10155
  1986 10155
  1987 10155
  1988 10155
  1989 10155
  1990 10155
  1991 10155
  1992 10155
  1993 10155
  1994 10155
  1995 10155
  1996 10155
  1997 10155
  1998 10155
  1999 10155
  2000 10155
  2001 10155
  2002 10155
  2003 10155
  2004 10155
  2005 10155
  2006 10155
  2007 10155
  2008 10155
  2009 10155
  2010 10155
  2011 10155
  2012 10155
  2013 10155
  2014 10155
  2015 10155
  2016 10155
  2017 10155
  2018 10155
  2019 10155
  2020 10155
  2021 10155
  2022 10155
  2023 10155
  2024 10155
  2025 10143
  2026 10154
  2027 10154
  2028 10154
  2029 10154
  2030 10154
  2031 10154
  2036 10169
