   690 10081
   691 10081
   692 10081
   693 10081
   694 10081
   695 10081
   696 10081
   697 10081
   698 10081
   699 10081
   700 10081
   701 10081
   702 10081
   703 10081
   704 10081
   705 10081
   706 10081
   707 10081
   708 10081
   709 10081
   710 10081
   711 10081
   712 10081
   713 10081
   714 10081
   715 10081
   716 10081
   717 10081
   718 10081
   719 10081
   720 10081
   721 10081
   722 10081
   723 10081
   724 10081
   725 10081
   726 10081
   727 10081
   728 10081
   729 10081
   730 10081
   731 10081
   732 10081
   733 10081
   734 10081
   735 10081
   736 10081
   737 10081
   738 10081
   739 10081
   740 10081
   741 10081
   742 10081
   743 10081
   744 10081
   745 10081
   746 10081
   747 10081
   748 10081
   749 10081
   750 10081
   751 10081
   752 10081
   753 10081
   754 10081
   755 10081
   756 10081
   757 10081
   758 10081
   759 10081
   760 10081
   761 10081
   762 10081
   763 10081
   764 10081
   765 10081
   766 10081
   767 10081
   768 10081
   769 10081
   770 10081
   771 10081
   772 10081
   773 10081
   774 10081
   775 10081
   776 10081
   777 10081
   778 10081
   779 10081
   780 10081
   781 10143
   783 10029
   784 10104
   785 10007
   786 10007
   787 10007
   788 10007
   789 10007
   790 10007
   791 10007
   792 10007
   793 10007
   794 10007
   795 10007
   796 10007
   797 10007
   798 10007
   799 10007
   800 10007
   801 10007
   802 10007
   803 10007
   804 10007
   805 10007
   806 10007
   807 10007
   808 10007
   809 10007
   810 10007
   811 10007
   812 10007
   813 10007
   814 10007
   815 10007
   816 10007
   817 10007
   818 10007
   819 10007
   820 10007
   821 10007
   822 10007
   823 10007
   824 10007
   825 10007
   826 10007
   827 10007
   828 10007
   829 10007
   830 10007
   831 10007
   832 10007
   833 10007
   834 10007
   835 10007
   836 10007
   837 10007
   838 10007
   839 10007
   840 10007
   841 10007
   842 10007
   843 10007
   844 10007
   845 10007
   846 10007
   847 10007
   848 10007
   849 10007
   850 10007
   851 10007
   852 10007
   853 10007
   854 10007
   855 10007
   856 10007
   857 10007
   858 10007
   859 10007
   860 10007
   861 10007
   862 10007
   863 10007
   864 10007
   865 10007
   866 10007
   867 10007
   868 10007
   869 10007
   870 10007
   871 10007
   872 10007
   873 10007
   874 10007
   875 10007
   876 10007
   877 10007
   878 10007
   879 10007
   880 10007
   881 10007
   882 10007
   883 10007
   884 10007
   885 10007
   886 10007
   887 10007
   888 10007
   889 10007
   890 10007
   891 10007
   892 10007
   893 10007
   894 10007
   895 10007
   896 10007
   897 10007
   898 10007
   899 10007
   900 10007
   901 10007
   902 10007
   903 10007
   904 10007
   905 10007
   906 10007
   907 10007
   908 10007
   909 10007
   910 10007
   911 10007
   912 10007
   913 10007
   914 10007
   915 10007
   916 10007
   917 10007
   918 10007
   919 10007
   920 10007
   921 10007
   922 10007
   923 10007
   924 10007
   925 10007
   926 10007
   927 10007
   928 10007
   929 10007
   930 10007
   931 10007
   932 10007
   933 10007
   934 10007
   935 10007
   936 10007
   937 10007
   938 10007
   939 10007
   940 10007
   941 10007
   942 10007
   943 10007
   944 10007
   945 10007
   946 10007
   947 10007
   948 10007
   949 10007
   950 10007
   951 10007
   952 10007
   953 10007
   954 10007
   955 10007
   956 10007
   957 10007
   958 10007
   959 10007
   960 10007
   961 10007
   962 10007
   963 10007
   964 10007
   965 10007
   966 10007
   967 10007
   968 10007
   969 10007
   970 10007
   971 10007
   972 10007
   973 10007
   974 10007
   975 10007
   976 10007
   977 10007
   978 10007
   979 10007
   980 10007
   981 10007
   982 10007
   983 10007
   984 10007
   985 10007
   986 10007
   987 10007
   988 10007
   989 10007
   990 10007
   991 10007
   992 10007
   993 10007
   994 10007
   995 10007
   996 10007
   997 10007
   998 10007
   999 10007
  1000 10007
  1001 10007
  1002 10007
  1003 10007
  1004 10007
  1005 10007
  1006 10007
  1007 10007
  1008 10007
  1009 10007
  1010 10007
  1011 10007
  1012 10007
  1013 10007
  1014 10007
  1015 10007
  1016 10007
  1017 10007
  1018 10007
  1019 10007
  1020 10007
  1032 10041
  1033 10041
  1034 10041
  1035 10041
  1036 10041
  1037 10041
  1038 10041
  1039 10041
  1040 10041
  1041 10041
  1042 10041
  1043 10041
  1044 10041
  1045 10041
  1046 10041
  1047 10041
  1048 10041
  1049 10041
  1050 10041
  1051 10041
  1052 10041
  1053 10041
  1054 10041
  1055 10041
  1056 10041
  1057 10041
  1058 10041
  1059 10041
  1060 10041
  1061 10041
  1062 10041
  1063 10041
  1064 10041
  1065 10041
  1066 10041
  1067 10041
  1068 10041
  1069 10041
  1070 10041
  1071 10041
  1072 10041
  1073 10041
  1074 10041
  1075 10041
  1076 10041
  1077 10041
  1078 10041
  1079 10041
  1080 10041
  1081 10041
  1082 10041
  1083 10041
  1084 10041
  1085 10041
  1086 10041
  1087 10041
  1088 10041
  1089 10041
  1090 10041
  1091 10041
  1092 10041
  1093 10041
  1094 10041
  1095 10041
  1096 10041
  1097 10041
  1098 10041
  1099 10041
  1100 10041
  1101 10041
  1102 10041
  1103 10041
  1104 10041
  1105 10041
  1106 10041
  1107 10041
  1108 10041
  1109 10041
  1110 10041
  1111 10041
  1112 10041
  1113 10041
  1114 10041
  1115 10041
  1116 10041
  1117 10041
  1118 10041
  1119 10041
  1120 10041
  1121 10041
  1122 10041
  1123 10041
  1124 10041
  1125 10041
  1126 10041
  1127 10041
  1128 10041
  1129 10041
  1130 10041
  1131 10041
  1132 10041
  1133 10041
  1134 10041
  1135 10041
  1136 10041
  1137 10041
  1138 10041
  1139 10041
  1140 10041
  1141 10041
  1142 10041
  1143 10041
  1144 10041
  1145 10041
  1146 10041
  1147 10041
  1148 10041
  1149 10041
  1150 10041
  1151 10041
  1152 10041
  1153 10041
  1154 10041
  1155 10041
  1156 10041
  1157 10041
  1158 10041
  1159 10041
  1160 10041
  1161 10041
  1162 10041
  1163 10041
  1164 10041
  1165 10041
  1166 10041
  1167 10041
  1168 10041
  1169 10041
  1170 10041
  1171 10041
  1172 10041
  1173 10041
  1174 10041
  1175 10041
  1176 10041
  1177 10041
  1178 10041
  1179 10041
  1180 10041
  1181 10041
  1182 10041
  1183 10041
  1184 10041
  1185 10041
  1186 10041
  1187 10041
  1188 10041
  1189 10041
  1190 10041
  1191 10041
  1192 10041
  1193 10041
  1194 10041
  1195 10041
  1196 10041
  1197 10041
  1198 10041
  1199 10041
  1200 10041
  1201 10041
  1202 10041
  1203 10041
  1204 10041
  1205 10041
  1206 10041
  1207 10041
  1208 10041
  1209 10041
  1210 10041
  1211 10041
  1212 10041
  1213 10041
  1214 10041
  1215 10041
  1216 10041
  1217 10041
  1218 10041
  1219 10041
  1220 10041
  1221 10041
  1222 10041
  1223 10041
  1224 10041
  1225 10041
  1226 10041
  1227 10041
  1228 10041
  1229 10041
  1230 10041
  1231 10041
  1232 10041
  1233 10041
  1234 10041
  1235 10041
  1236 10041
  1237 10041
  1238 10041
  1239 10041
  1240 10041
  1241 10041
  1242 10041
  1243 10041
  1244 10041
  1245 10041
  1246 10041
  1247 10041
  1248 10041
  1249 10041
  1250 10041
  1251 10041
  1252 10041
  1253 10041
  1254 10041
  1255 10041
  1256 10041
  1257 10041
  1258 10041
  1259 10041
  1260 10041
  1261 10028
  1266 10149
  1267 10149
  1271 10029
  1272 10029
  1273 10029
  1274 10029
  1275 10029
  1276 10029
  1277 10029
  1278 10029
  1279 10029
  1280 10029
  1281 10029
  1282 10029
  1283 10029
  1284 10029
  1285 10029
  1286 10029
  1287 10029
  1288 10029
  1289 10029
  1290 10029
  1291 10029
  1292 10029
  1293 10029
  1294 10029
  1295 10029
  1296 10029
  1297 10029
  1298 10029
  1299 10029
  1300 10029
  1301 10029
  1302 10029
  1303 10029
  1304 10029
  1305 10029
  1306 10029
  1307 10029
  1308 10029
  1309 10029
  1310 10029
  1311 10029
  1312 10029
  1313 10029
  1314 10029
  1315 10029
  1316 10029
  1317 10029
  1318 10029
  1319 10029
  1320 10029
  1321 10029
  1322 10029
  1323 10029
  1324 10029
  1325 10029
  1326 10029
  1327 10029
  1328 10029
  1329 10029
  1330 10029
  1331 10029
  1332 10029
  1333 10029
  1334 10029
  1335 10029
  1336 10029
  1337 10029
  1338 10029
  1339 10029
  1340 10029
  1341 10029
  1342 10029
  1343 10029
  1344 10029
  1345 10029
  1346 10029
  1347 10029
  1348 10029
  1349 10029
  1350 10029
  1351 10029
  1352 10029
  1353 10029
  1354 10029
  1355 10029
  1356 10029
  1357 10029
  1358 10029
  1359 10029
  1360 10029
  1361 10029
  1362 10029
  1363 10029
  1364 10029
  1365 10029
  1366 10029
  1367 10029
  1368 10029
  1369 10029
  1370 10029
  1371 10029
  1372 10029
  1373 10029
  1374 10029
  1375 10029
  1376 10029
  1377 10029
  1378 10029
  1379 10029
  1380 10029
  1381 10029
  1382 10029
  1383 10029
  1384 10029
  1385 10029
  1386 10029
  1387 10029
  1388 10029
  1389 10029
  1390 10029
  1391 10029
  1392 10029
  1393 10029
  1394 10029
  1395 10029
  1396 10029
  1397 10029
  1398 10029
  1399 10029
  1400 10029
  1401 10029
  1402 10029
  1403 10029
  1404 10029
  1405 10029
  1406 10029
  1407 10029
  1408 10029
  1409 10029
  1410 10029
  1411 10029
  1412 10029
  1413 10029
  1414 10029
  1415 10029
  1416 10029
  1417 10029
  1418 10029
  1419 10029
  1420 10029
  1421 10029
  1422 10029
  1423 10029
  1424 10029
  1425 10029
  1426 10029
  1427 10029
  1428 10029
  1429 10029
  1430 10029
  1431 10029
  1432 10029
  1433 10029
  1434 10029
  1435 10029
  1436 10029
  1437 10029
  1438 10029
  1439 10029
  1440 10029
  1441 10029
  1442 10029
  1443 10029
  1444 10029
  1445 10029
  1446 10029
  1447 10029
  1448 10029
  1449 10029
  1450 10029
  1451 10029
  1452 10029
  1453 10029
  1454 10029
  1455 10029
  1456 10029
  1457 10029
  1458 10029
  1459 10029
  1460 10029
  1461 10029
  1462 10029
  1463 10029
  1464 10029
  1465 10029
  1466 10029
  1467 10029
  1468 10029
  1469 10029
  1470 10029
  1471 10029
  1472 10029
  1473 10029
  1474 10029
  1475 10029
  1476 10029
  1477 10029
  1478 10029
  1479 10029
  1480 10029
  1481 10029
  1482 10029
  1483 10029
  1484 10029
  1485 10029
  1486 10029
  1487 10029
  1488 10029
  1489 10029
  1490 10029
  1491 10029
  1492 10029
  1493 10029
  1494 10029
  1495 10029
  1496 10029
  1497 10029
  1498 10029
  1499 10029
  1500 10029
  1501 10062
  1502 10062
  1503 10062
  1505 10138
  1514 10050
  1515 10050
  1516 10050
  1517 10023
  1518 10023
  1519 10023
  1520 10023
  1521 10018
  1522 10018
  1523 10158
  1524 10158
  1525 10158
  1526 10158
  1527 10018
  1528 10018
  1529 10055
  1530 10055
  1531 10158
  1532 10158
  1533 10158
  1534 10018
  1535 10055
  1536 10018
  1537 10158
  1538 10158
  1539 10158
  1540 10158
  1541 10018
  1542 10018
  1543 10018
  1544 10140
  1545 10055
  1546 10055
  1547 10055
  1548 10055
  1549 10055
  1550 10055
  1551 10055
  1552 10055
  1553 10055
  1555 10100
  1556 10100
  1557 10016
  1558 10016
  1559 10016
  1560 10016
  1561 10016
  1562 10016
  1563 10016
  1564 10016
  1565 10016
  1566 10016
  1567 10016
  1568 10016
  1569 10016
  1570 10016
  1571 10016
  1572 10016
  1573 10016
  1574 10016
  1575 10016
  1576 10016
  1577 10016
  1578 10016
  1579 10016
  1580 10016
  1581 10016
  1582 10016
  1583 10016
  1584 10016
  1585 10016
  1586 10016
  1587 10016
  1588 10016
  1589 10016
  1590 10016
  1591 10016
  1592 10143
  1593 10016
  1594 10016
  1595 10016
  1596 10016
  1597 10016
  1598 10016
  1599 10016
  1600 10016
  1601 10016
  1602 10016
  1603 10016
  1604 10016
  1605 10016
  1606 10016
  1607 10016
  1608 10016
  1609 10016
  1610 10016
  1611 10016
  1612 10016
  1613 10016
  1614 10016
  1615 10016
  1616 10016
  1617 10016
  1618 10016
  1619 10143
  1620 10123
  1621 10143
  1622 10016
  1623 10006
  1624 10006
  1625 10006
  1626 10006
  1627 10006
  1628 10006
  1629 10006
  1630 10006
  1631 10006
  1632 10006
  1633 10006
  1634 10006
  1635 10006
  1636 10006
  1637 10006
  1638 10006
  1639 10006
  1640 10006
  1641 10006
  1642 10006
  1643 10006
  1644 10006
  1645 10006
  1646 10006
  1647 10006
  1648 10006
  1649 10006
  1650 10006
  1651 10006
  1652 10006
  1653 10006
  1654 10006
  1655 10006
  1656 10006
  1657 10006
  1658 10006
  1659 10006
  1660 10006
  1661 10006
  1662 10006
  1663 10006
  1664 10006
  1665 10006
  1666 10006
  1667 10006
  1668 10006
  1669 10006
  1670 10006
  1671 10006
  1672 10006
  1673 10006
  1674 10006
  1675 10006
  1676 10006
  1677 10006
  1678 10006
  1679 10006
  1680 10006
  1681 10006
  1682 10006
  1683 10006
  1684 10006
  1685 10006
  1686 10006
  1687 10006
  1688 10006
  1689 10006
  1690 10006
  1691 10006
  1692 10006
  1693 10006
  1694 10006
  1695 10006
  1696 10006
  1697 10006
  1698 10006
  1699 10006
  1700 10006
  1701 10006
  1702 10006
  1703 10006
  1704 10006
  1705 10006
  1706 10006
  1707 10006
  1708 10006
  1709 10006
  1710 10006
  1711 10006
  1712 10006
  1713 10006
  1714 10006
  1715 10006
  1716 10006
  1717 10006
  1718 10006
  1719 10006
  1720 10006
  1721 10006
  1722 10006
  1723 10006
  1724 10006
  1725 10006
  1726 10006
  1727 10006
  1728 10006
  1729 10006
  1730 10006
  1731 10006
  1732 10006
  1733 10006
  1734 10006
  1735 10006
  1736 10006
  1737 10006
  1738 10006
  1739 10006
  1740 10006
  1741 10006
  1742 10006
  1743 10006
  1744 10006
  1745 10006
  1746 10006
  1747 10006
  1748 10006
  1749 10006
  1750 10006
  1751 10006
  1752 10006
  1753 10006
  1754 10006
  1755 10006
  1756 10006
  1757 10006
  1758 10006
  1759 10006
  1760 10006
  1761 10006
  1762 10006
  1763 10006
  1764 10006
  1765 10006
  1766 10006
  1767 10006
  1768 10006
  1769 10006
  1770 10006
  1771 10006
  1772 10006
  1773 10006
  1774 10006
  1775 10006
  1776 10006
  1777 10006
  1778 10006
  1779 10006
  1780 10006
  1781 10006
  1782 10006
  1783 10006
  1784 10006
  1785 10006
  1786 10006
  1787 10006
  1788 10006
  1789 10006
  1790 10006
  1791 10006
  1792 10006
  1793 10006
  1794 10006
  1795 10006
  1796 10006
  1797 10006
  1798 10006
  1799 10006
  1800 10006
  1801 10006
  1802 10006
  1803 10006
  1804 10006
  1805 10006
  1806 10006
  1807 10006
  1808 10006
  1809 10006
  1810 10006
  1811 10006
  1812 10006
  1813 10006
  1814 10006
  1815 10006
  1816 10006
  1817 10006
  1818 10006
  1819 10006
  1820 10006
  1821 10006
  1822 10006
  1823 10006
  1824 10006
  1825 10006
  1826 10006
  1827 10006
  1828 10006
  1829 10006
  1830 10006
  1831 10006
  1832 10006
  1833 10006
  1834 10006
  1835 10006
  1836 10006
  1837 10006
  1838 10006
  1839 10006
  1840 10006
  1841 10006
  1842 10006
  1843 10006
  1844 10006
  1845 10006
  1846 10006
  1847 10006
  1848 10006
  1849 10006
  1850 10006
  1851 10006
  1852 10006
  1853 10006
  1854 10006
  1855 10006
  1856 10006
  1857 10143
  1858 10154
  1859 10036
  1860 10036
  1862 10101
  1863 10101
  1864 10101
  1865 10128
  1866 10128
  1867 10128
  1868 10128
  1869 10128
  1870 10128
  1871 10128
  1872 10128
  1873 10128
  1874 10128
  1875 10128
  1876 10128
  1877 10128
  1878 10128
  1879 10128
  1880 10128
  1881 10128
  1882 10128
  1883 10128
  1884 10128
  1885 10128
  1886 10128
  1887 10128
  1888 10128
  1889 10128
  1890 10128
  1891 10128
  1892 10128
  1893 10128
  1894 10128
  1895 10128
  1896 10128
  1897 10128
  1898 10128
  1899 10128
  1900 10128
  1901 10128
  1902 10128
  1903 10128
  1904 10128
  1905 10128
  1906 10128
  1907 10128
  1908 10128
  1909 10128
  1910 10128
  1911 10128
  1912 10128
  1913 10128
  1914 10128
  1915 10128
  1916 10128
  1917 10128
  1918 10128
  1919 10128
  1920 10128
  1921 10128
  1922 10128
  1923 10128
  1924 10128
  1925 10128
  1926 10128
  1927 10128
  1928 10128
  1929 10128
  1930 10128
  1931 10128
  1932 10128
  1933 10128
  1934 10128
  1935 10128
  1936 10128
  1937 10128
  1938 10128
  1939 10128
  1940 10128
  1941 10128
  1942 10128
  1943 10128
  1944 10128
  1945 10128
  1946 10128
  1947 10128
  1948 10128
  1949 10128
  1950 10128
  1951 10128
  1952 10128
  1953 10128
  1954 10128
  1955 10128
  1956 10128
  1957 10128
  1958 10128
  1959 10128
  1960 10128
  1961 10128
  1962 10128
  1963 10128
  1964 10128
  1965 10128
  1966 10128
  1967 10128
  1968 10128
  1969 10128
  1970 10128
  1971 10128
  1972 10128
  1973 10128
  1974 10128
  1975 10128
  1976 10128
  1977 10128
  1978 10128
  1979 10128
  1980 10128
  1981 10128
  1982 10128
  1983 10128
  1984 10128
  1985 10128
  1986 10128
  1987 10128
  1988 10128
  1989 10128
  1990 10128
  1991 10128
  1992 10128
  1993 10128
  1994 10128
  1995 10128
  1996 10128
  1997 10128
  1998 10128
  1999 10128
  2000 10128
  2001 10128
  2002 10128
  2003 10128
  2004 10128
  2005 10128
  2006 10128
  2007 10128
  2008 10128
  2009 10128
  2010 10128
  2011 10128
  2012 10128
  2013 10128
  2014 10128
  2015 10128
  2016 10128
  2017 10128
  2018 10128
  2019 10128
  2020 10128
  2021 10128
  2022 10061
  2023 10061
  2024 10154
  2026 10161
  2027 10161
  2028 10143
  2029 10143
  2030 10154
  2031 10154
  2032 10143
  2033 10143
  2457 10006
  2458 10006
  2459 10006
  2460 10006
  2461 10006
  2462 10006
  2463 10006
  2464 10006
  2465 10006
  2466 10006
  2467 10006
  2468 10006
  2469 10006
  2470 10006
  2471 10073
  2472 10073
  2473 10006
  2474 10006
  2475 10006
  2476 10006
  2477 10006
  2478 10006
  2479 10006
  2480 10006
  2481 10006
  2482 10006
  2483 10015
  2484 10015
  2485 10015
  2486 10015
  2487 10015
  2488 10006
  2489 10006
  2490 10006
  2491 10006
  2492 10006
  2493 10006
  2494 10006
  2495 10006
  2496 10006
  2497 10006
  2498 10006
  2499 10006
  2636 10006
  2637 10006
  2638 10006
  2639 10006
  2640 10006
  2641 10006
  2642 10006
  2652 10006
  2653 10006
  2654 10006
  2655 10006
  2656 10006
  2657 10006
  2658 10006
  2659 10006
  2660 10015
  2661 10015
  2662 10015
