   690 10100
   691 10100
   692 10100
   693 10100
   694 10100
   695 10100
   696 10100
   697 10100
   698 10100
   699 10100
   700 10100
   701 10100
   702 10100
   703 10100
   704 10100
   705 10100
   706 10100
   707 10100
   708 10100
   709 10100
   710 10100
   711 10100
   712 10100
   713 10100
   714 10100
   715 10100
   716 10100
   717 10100
   718 10100
   719 10100
   720 10100
   721 10100
   722 10100
   723 10100
   724 10100
   725 10100
   726 10100
   727 10100
   728 10100
   729 10100
   730 10100
   731 10100
   732 10100
   733 10100
   734 10100
   735 10100
   736 10100
   737 10100
   738 10100
   739 10100
   740 10100
   741 10100
   742 10100
   743 10100
   744 10100
   745 10100
   746 10100
   747 10100
   748 10100
   749 10100
   750 10100
   751 10100
   752 10100
   753 10100
   754 10100
   755 10100
   756 10100
   757 10100
   758 10100
   759 10100
   760 10100
   761 10100
   762 10100
   763 10100
   764 10100
   765 10100
   766 10100
   767 10100
   768 10100
   769 10100
   770 10100
   771 10100
   772 10100
   773 10100
   774 10100
   775 10100
   776 10100
   777 10100
   778 10100
   779 10100
   780 10100
   781 10154
   782 10154
   783 10075
   784 10075
   785 10075
   786 10075
   787 10075
   788 10075
   789 10075
   790 10075
   791 10075
   792 10075
   793 10075
   794 10075
   795 10075
   796 10075
   797 10075
   798 10075
   799 10075
   800 10075
   801 10075
   802 10075
   803 10075
   804 10075
   805 10075
   806 10075
   807 10075
   808 10075
   809 10075
   810 10075
   811 10075
   812 10075
   813 10075
   814 10075
   815 10075
   816 10075
   817 10075
   818 10075
   819 10075
   820 10075
   821 10075
   822 10075
   823 10075
   824 10075
   825 10075
   826 10075
   827 10075
   828 10075
   829 10075
   830 10075
   831 10075
   832 10075
   833 10075
   834 10075
   835 10075
   836 10075
   837 10075
   838 10075
   839 10075
   840 10075
   841 10075
   842 10075
   843 10075
   844 10075
   845 10075
   846 10075
   847 10075
   848 10075
   849 10075
   850 10075
   851 10075
   852 10075
   853 10075
   854 10075
   855 10075
   856 10075
   857 10075
   858 10075
   859 10075
   860 10075
   861 10075
   862 10075
   863 10075
   864 10075
   865 10075
   866 10075
   867 10075
   868 10075
   869 10075
   870 10075
   871 10075
   872 10075
   873 10075
   874 10075
   875 10075
   876 10075
   877 10075
   878 10075
   879 10075
   880 10075
   881 10075
   882 10075
   883 10075
   884 10075
   885 10075
   886 10075
   887 10075
   888 10075
   889 10075
   890 10075
   891 10075
   892 10075
   893 10075
   894 10075
   895 10075
   896 10075
   897 10075
   898 10075
   899 10075
   900 10075
   901 10075
   902 10075
   903 10075
   904 10075
   905 10075
   906 10075
   907 10075
   908 10075
   909 10075
   910 10075
   911 10075
   912 10075
   913 10075
   914 10075
   915 10075
   916 10075
   917 10075
   918 10075
   919 10075
   920 10075
   921 10075
   922 10075
   923 10075
   924 10075
   925 10075
   926 10075
   927 10075
   928 10075
   929 10075
   930 10075
   931 10075
   932 10075
   933 10075
   934 10075
   935 10075
   936 10075
   937 10075
   938 10075
   939 10075
   940 10075
   941 10075
   942 10075
   943 10075
   944 10075
   945 10075
   946 10075
   947 10075
   948 10075
   949 10075
   950 10075
   951 10075
   952 10075
   953 10075
   954 10075
   955 10075
   956 10075
   957 10075
   958 10075
   959 10075
   960 10075
   961 10075
   962 10075
   963 10075
   964 10075
   965 10075
   966 10075
   967 10075
   968 10075
   969 10075
   970 10075
   971 10075
   972 10075
   973 10075
   974 10075
   975 10075
   976 10075
   977 10075
   978 10075
   979 10075
   980 10075
   981 10075
   982 10075
   983 10075
   984 10075
   985 10075
   986 10075
   987 10075
   988 10075
   989 10075
   990 10075
   991 10075
   992 10075
   993 10075
   994 10075
   995 10075
   996 10075
   997 10075
   998 10075
   999 10075
  1000 10075
  1001 10075
  1002 10075
  1003 10075
  1004 10075
  1005 10075
  1006 10075
  1007 10075
  1008 10075
  1009 10075
  1010 10075
  1011 10075
  1012 10075
  1013 10075
  1014 10075
  1015 10075
  1016 10075
  1017 10075
  1018 10075
  1019 10075
  1020 10075
  1021 10143
  1022 10143
  1023 10006
  1024 10006
  1025 10006
  1026 10059
  1027 10006
  1028 10006
  1029 10006
  1030 10115
  1031 10016
  1032 10059
  1033 10059
  1034 10059
  1035 10059
  1036 10059
  1037 10059
  1038 10059
  1039 10059
  1040 10059
  1041 10059
  1042 10059
  1043 10059
  1044 10059
  1045 10059
  1046 10059
  1047 10059
  1048 10059
  1049 10059
  1050 10059
  1051 10059
  1052 10059
  1053 10059
  1054 10059
  1055 10059
  1056 10059
  1057 10059
  1058 10059
  1059 10059
  1060 10059
  1061 10059
  1062 10059
  1063 10059
  1064 10059
  1065 10059
  1066 10059
  1067 10059
  1068 10059
  1069 10059
  1070 10059
  1071 10059
  1072 10059
  1073 10059
  1074 10059
  1075 10059
  1076 10059
  1077 10059
  1078 10059
  1079 10059
  1080 10059
  1081 10059
  1082 10059
  1083 10059
  1084 10059
  1085 10059
  1086 10059
  1087 10059
  1088 10059
  1089 10059
  1090 10059
  1091 10059
  1092 10059
  1093 10059
  1094 10059
  1095 10059
  1096 10059
  1097 10059
  1098 10059
  1099 10059
  1100 10059
  1101 10059
  1102 10059
  1103 10059
  1104 10059
  1105 10059
  1106 10059
  1107 10059
  1108 10059
  1109 10059
  1110 10059
  1111 10059
  1112 10059
  1113 10059
  1114 10059
  1115 10059
  1116 10059
  1117 10059
  1118 10059
  1119 10059
  1120 10059
  1121 10059
  1122 10059
  1123 10059
  1124 10059
  1125 10059
  1126 10059
  1127 10059
  1128 10059
  1129 10059
  1130 10059
  1131 10059
  1132 10059
  1133 10059
  1134 10059
  1135 10059
  1136 10059
  1137 10059
  1138 10059
  1139 10059
  1140 10059
  1141 10059
  1142 10059
  1143 10059
  1144 10059
  1145 10059
  1146 10059
  1147 10059
  1148 10059
  1149 10059
  1150 10059
  1151 10059
  1152 10059
  1153 10059
  1154 10059
  1155 10059
  1156 10059
  1157 10059
  1158 10059
  1159 10059
  1160 10059
  1161 10059
  1162 10059
  1163 10059
  1164 10059
  1165 10059
  1166 10059
  1167 10059
  1168 10059
  1169 10059
  1170 10059
  1171 10059
  1172 10059
  1173 10059
  1174 10059
  1175 10059
  1176 10059
  1177 10059
  1178 10059
  1179 10059
  1180 10059
  1181 10059
  1182 10059
  1183 10059
  1184 10059
  1185 10059
  1186 10059
  1187 10059
  1188 10059
  1189 10059
  1190 10059
  1191 10059
  1192 10059
  1193 10059
  1194 10059
  1195 10059
  1196 10059
  1197 10059
  1198 10059
  1199 10059
  1200 10059
  1201 10059
  1202 10059
  1203 10059
  1204 10059
  1205 10059
  1206 10059
  1207 10059
  1208 10059
  1209 10059
  1210 10059
  1211 10059
  1212 10059
  1213 10059
  1214 10059
  1215 10059
  1216 10059
  1217 10059
  1218 10059
  1219 10059
  1220 10059
  1221 10059
  1222 10059
  1223 10059
  1224 10059
  1225 10059
  1226 10059
  1227 10059
  1228 10059
  1229 10059
  1230 10059
  1231 10059
  1232 10059
  1233 10059
  1234 10059
  1235 10059
  1236 10059
  1237 10059
  1238 10059
  1239 10059
  1240 10059
  1241 10059
  1242 10059
  1243 10059
  1244 10059
  1245 10059
  1246 10059
  1247 10059
  1248 10059
  1249 10059
  1250 10059
  1251 10059
  1252 10059
  1253 10059
  1254 10059
  1255 10059
  1256 10059
  1257 10059
  1258 10007
  1259 10007
  1260 10007
  1261 10007
  1262 10007
  1263 10007
  1264 10007
  1265 10007
  1266 10007
  1267 10007
  1268 10007
  1269 10007
  1270 10007
  1271 10007
  1272 10007
  1273 10007
  1274 10007
  1275 10007
  1276 10007
  1277 10007
  1278 10007
  1279 10007
  1280 10007
  1281 10007
  1282 10007
  1283 10007
  1284 10007
  1285 10007
  1286 10007
  1287 10007
  1288 10007
  1289 10007
  1290 10007
  1291 10007
  1292 10007
  1293 10007
  1294 10007
  1295 10007
  1296 10007
  1297 10007
  1298 10007
  1299 10007
  1300 10007
  1301 10007
  1302 10007
  1303 10007
  1304 10007
  1305 10007
  1306 10007
  1307 10007
  1308 10007
  1309 10007
  1310 10007
  1311 10007
  1312 10007
  1313 10007
  1314 10007
  1315 10007
  1316 10007
  1317 10007
  1318 10007
  1319 10007
  1320 10007
  1321 10007
  1322 10007
  1323 10007
  1324 10007
  1325 10007
  1326 10007
  1327 10007
  1328 10007
  1329 10007
  1330 10007
  1331 10007
  1332 10007
  1333 10007
  1334 10007
  1335 10007
  1336 10007
  1337 10007
  1338 10007
  1339 10007
  1340 10007
  1341 10007
  1342 10007
  1343 10007
  1344 10007
  1345 10007
  1346 10007
  1347 10007
  1348 10007
  1349 10007
  1350 10007
  1351 10007
  1352 10007
  1353 10007
  1354 10007
  1355 10007
  1356 10007
  1357 10007
  1358 10007
  1359 10007
  1360 10007
  1361 10007
  1362 10007
  1363 10007
  1364 10007
  1365 10007
  1366 10007
  1367 10007
  1368 10007
  1369 10007
  1370 10007
  1371 10007
  1372 10007
  1373 10007
  1374 10007
  1375 10007
  1376 10007
  1377 10007
  1378 10007
  1379 10007
  1380 10007
  1381 10007
  1382 10007
  1383 10007
  1384 10007
  1385 10007
  1386 10007
  1387 10007
  1388 10007
  1389 10007
  1390 10007
  1391 10007
  1392 10007
  1393 10007
  1394 10007
  1395 10007
  1396 10007
  1397 10007
  1398 10007
  1399 10007
  1400 10007
  1401 10007
  1402 10007
  1403 10007
  1404 10007
  1405 10007
  1406 10007
  1407 10007
  1408 10007
  1409 10007
  1410 10007
  1411 10007
  1412 10007
  1413 10007
  1414 10007
  1415 10007
  1416 10007
  1417 10007
  1418 10007
  1419 10007
  1420 10007
  1421 10007
  1422 10007
  1423 10007
  1424 10007
  1425 10007
  1426 10007
  1427 10007
  1428 10007
  1429 10007
  1430 10007
  1431 10007
  1432 10007
  1433 10007
  1434 10007
  1435 10007
  1436 10007
  1437 10007
  1438 10007
  1439 10007
  1440 10007
  1441 10007
  1442 10007
  1443 10007
  1444 10007
  1445 10007
  1446 10007
  1447 10007
  1448 10007
  1449 10007
  1450 10007
  1451 10007
  1452 10007
  1453 10007
  1454 10007
  1455 10007
  1456 10007
  1457 10007
  1458 10007
  1459 10007
  1460 10007
  1461 10007
  1462 10007
  1463 10007
  1464 10007
  1465 10007
  1466 10007
  1467 10007
  1468 10007
  1469 10007
  1470 10007
  1471 10007
  1472 10007
  1473 10007
  1474 10007
  1475 10007
  1476 10007
  1477 10007
  1478 10007
  1479 10007
  1480 10007
  1481 10007
  1482 10007
  1483 10007
  1484 10007
  1485 10007
  1486 10007
  1487 10007
  1488 10007
  1489 10007
  1490 10007
  1491 10007
  1492 10007
  1493 10007
  1494 10007
  1495 10007
  1496 10007
  1497 10007
  1498 10007
  1499 10007
  1500 10007
  1501 10082
  1502 10082
  1503 10082
  1504 10082
  1505 10082
  1506 10082
  1507 10082
  1508 10082
  1509 10082
  1510 10082
  1511 10082
  1512 10082
  1513 10082
  1514 10082
  1515 10082
  1516 10082
  1517 10082
  1518 10082
  1519 10082
  1520 10082
  1521 10082
  1522 10082
  1523 10082
  1524 10082
  1525 10082
  1526 10082
  1527 10082
  1528 10082
  1529 10082
  1530 10082
  1531 10082
  1532 10082
  1533 10082
  1534 10082
  1535 10082
  1536 10082
  1537 10082
  1538 10082
  1539 10082
  1540 10082
  1541 10082
  1542 10082
  1543 10082
  1544 10082
  1545 10082
  1546 10082
  1547 10082
  1548 10082
  1549 10082
  1550 10082
  1551 10082
  1552 10082
  1553 10082
  1554 10082
  1555 10082
  1556 10082
  1557 10082
  1558 10082
  1559 10082
  1560 10082
  1561 10082
  1562 10082
  1563 10082
  1564 10082
  1565 10082
  1566 10082
  1567 10082
  1568 10082
  1569 10082
  1570 10082
  1571 10082
  1572 10082
  1573 10082
  1574 10082
  1575 10082
  1576 10082
  1577 10082
  1578 10082
  1579 10082
  1580 10082
  1581 10082
  1582 10082
  1583 10082
  1584 10082
  1585 10082
  1586 10082
  1587 10082
  1588 10082
  1589 10082
  1590 10082
  1591 10082
  1592 10082
  1593 10082
  1594 10082
  1595 10082
  1596 10082
  1597 10082
  1598 10082
  1599 10082
  1600 10082
  1601 10082
  1602 10082
  1603 10082
  1604 10082
  1605 10082
  1606 10082
  1607 10082
  1608 10082
  1609 10082
  1610 10082
  1611 10082
  1612 10082
  1613 10082
  1614 10082
  1615 10082
  1616 10082
  1617 10082
  1618 10082
  1619 10082
  1620 10082
  1621 10021
  1622 10082
  1623 10082
  1624 10049
  1625 10045
  1626 10021
  1627 10021
  1628 10021
  1629 10021
  1630 10021
  1631 10021
  1632 10021
  1633 10021
  1634 10021
  1635 10021
  1636 10021
  1637 10021
  1638 10021
  1639 10021
  1640 10021
  1641 10021
  1642 10021
  1643 10021
  1644 10021
  1645 10021
  1646 10021
  1647 10021
  1648 10021
  1649 10021
  1650 10021
  1651 10021
  1652 10021
  1653 10021
  1654 10021
  1655 10021
  1656 10021
  1657 10021
  1658 10021
  1659 10021
  1660 10021
  1661 10021
  1662 10021
  1663 10021
  1664 10021
  1665 10021
  1666 10021
  1667 10021
  1668 10021
  1669 10021
  1670 10021
  1671 10021
  1672 10021
  1673 10021
  1674 10021
  1675 10021
  1676 10021
  1677 10021
  1678 10021
  1679 10021
  1680 10021
  1681 10021
  1682 10021
  1683 10021
  1684 10021
  1685 10021
  1686 10021
  1687 10021
  1688 10021
  1689 10021
  1690 10021
  1691 10021
  1692 10021
  1693 10021
  1694 10021
  1695 10021
  1696 10021
  1697 10021
  1698 10021
  1699 10021
  1700 10021
  1701 10021
  1702 10021
  1703 10021
  1704 10021
  1705 10021
  1706 10021
  1707 10021
  1708 10021
  1709 10021
  1710 10021
  1711 10021
  1712 10021
  1713 10021
  1714 10021
  1715 10021
  1716 10021
  1717 10021
  1718 10021
  1719 10021
  1720 10021
  1721 10021
  1722 10021
  1723 10021
  1724 10021
  1725 10021
  1726 10021
  1727 10021
  1728 10021
  1729 10021
  1730 10021
  1731 10021
  1732 10021
  1733 10021
  1734 10021
  1735 10021
  1736 10021
  1737 10021
  1738 10021
  1739 10021
  1740 10021
  1741 10021
  1742 10021
  1743 10021
  1744 10021
  1745 10021
  1746 10021
  1747 10021
  1748 10021
  1749 10021
  1750 10021
  1751 10021
  1752 10021
  1753 10021
  1754 10021
  1755 10021
  1756 10021
  1757 10021
  1758 10021
  1759 10021
  1760 10021
  1761 10021
  1762 10021
  1763 10021
  1764 10021
  1765 10021
  1766 10021
  1767 10021
  1768 10021
  1769 10021
  1770 10021
  1771 10021
  1772 10021
  1773 10021
  1774 10021
  1775 10021
  1776 10021
  1777 10021
  1778 10021
  1779 10021
  1780 10021
  1781 10021
  1782 10021
  1783 10021
  1784 10021
  1785 10021
  1786 10021
  1787 10021
  1788 10021
  1789 10021
  1790 10021
  1791 10021
  1792 10021
  1793 10021
  1794 10021
  1795 10021
  1796 10021
  1797 10021
  1798 10021
  1799 10021
  1800 10021
  1801 10021
  1802 10021
  1803 10021
  1804 10021
  1805 10021
  1806 10021
  1807 10021
  1808 10021
  1809 10021
  1810 10021
  1811 10021
  1812 10021
  1813 10021
  1814 10021
  1815 10021
  1816 10021
  1817 10021
  1818 10021
  1819 10021
  1820 10021
  1821 10021
  1822 10021
  1823 10021
  1824 10021
  1825 10021
  1826 10021
  1827 10021
  1828 10021
  1829 10021
  1830 10021
  1831 10021
  1832 10021
  1833 10021
  1834 10021
  1835 10021
  1836 10021
  1837 10021
  1838 10021
  1839 10021
  1840 10021
  1841 10021
  1842 10021
  1843 10021
  1844 10021
  1845 10021
  1846 10021
  1847 10021
  1848 10021
  1849 10021
  1850 10021
  1851 10021
  1852 10021
  1853 10021
  1854 10021
  1855 10021
  1856 10021
  1857 10082
  1858 10045
  1864 10090
  1865 10090
  1866 10090
  1867 10090
  1868 10090
  1869 10090
  1870 10090
  1871 10090
  1872 10090
  1873 10090
  1874 10090
  1875 10090
  1876 10090
  1877 10090
  1878 10090
  1879 10090
  1880 10090
  1881 10090
  1882 10090
  1883 10090
  1884 10090
  1885 10090
  1886 10090
  1887 10090
  1888 10090
  1889 10090
  1890 10090
  1891 10090
  1892 10090
  1893 10090
  1894 10090
  1895 10090
  1896 10090
  1897 10090
  1898 10090
  1899 10090
  1900 10090
  1901 10090
  1902 10090
  1903 10090
  1904 10090
  1905 10090
  1906 10090
  1907 10090
  1908 10090
  1909 10090
  1910 10090
  1911 10090
  1912 10090
  1913 10090
  1914 10090
  1915 10090
  1916 10090
  1917 10090
  1918 10090
  1919 10090
  1920 10090
  1921 10090
  1922 10090
  1923 10090
  1924 10090
  1925 10090
  1926 10090
  1927 10090
  1928 10090
  1929 10090
  1930 10090
  1931 10090
  1932 10090
  1933 10090
  1934 10090
  1935 10090
  1936 10090
  1937 10090
  1938 10090
  1939 10090
  1940 10090
  1941 10090
  1942 10090
  1943 10090
  1944 10090
  1945 10090
  1946 10090
  1947 10090
  1948 10090
  1949 10090
  1950 10090
  1951 10090
  1952 10090
  1953 10090
  1954 10090
  1955 10090
  1956 10090
  1957 10090
  1958 10090
  1959 10090
  1960 10090
  1961 10090
  1962 10090
  1963 10090
  1964 10090
  1965 10090
  1966 10090
  1967 10090
  1968 10090
  1969 10090
  1970 10090
  1971 10090
  1972 10090
  1973 10090
  1974 10090
  1975 10090
  1976 10090
  1977 10090
  1978 10090
  1979 10090
  1980 10090
  1981 10090
  1982 10090
  1983 10090
  1984 10090
  1985 10090
  1986 10090
  1987 10090
  1988 10090
  1989 10090
  1990 10090
  1991 10090
  1992 10090
  1993 10090
  1994 10090
  1995 10090
  1996 10090
  1997 10090
  1998 10090
  1999 10090
  2000 10090
  2001 10090
  2002 10090
  2003 10090
  2004 10090
  2005 10090
  2006 10090
  2007 10090
  2008 10090
  2009 10090
  2010 10090
  2011 10090
  2012 10090
  2013 10090
  2014 10090
  2015 10090
  2016 10090
  2017 10090
  2018 10090
  2019 10090
  2020 10090
  2021 10090
  2022 10090
  2023 10090
  2024 10090
  2025 10090
