   600 10092
   601 10092
   602 10092
   603 10092
   604 10092
   605 10092
   606 10092
   607 10092
   608 10092
   609 10092
   610 10092
   611 10092
   612 10092
   613 10092
   614 10092
   615 10092
   616 10092
   617 10092
   618 10092
   619 10092
   620 10092
   621 10092
   622 10092
   623 10092
   624 10092
   625 10092
   626 10092
   627 10092
   628 10092
   629 10092
   635 10092
   636 10092
   637 10092
   638 10092
   639 10092
   640 10092
   643 10092
   644 10092
   645 10092
   646 10092
   647 10168
   651 10055
   652 10055
   653 10055
   654 10140
   655 10084
   656 10084
   657 10084
   658 10084
   659 10084
   660 10084
   661 10084
   662 10084
   663 10084
   664 10084
   665 10084
   666 10084
   667 10084
   668 10084
   669 10098
   670 10084
   671 10084
   672 10084
   673 10098
   674 10098
   675 10098
   676 10040
   677 10040
   678 10040
   679 10040
   680 10078
   681 10040
   682 10040
   683 10078
   684 10078
   685 10078
   688 10092
   689 10092
   690 10092
   691 10092
   692 10092
   693 10092
   694 10092
   695 10092
   696 10092
   697 10092
   698 10092
   699 10092
   700 10092
   701 10092
   702 10092
   703 10092
   704 10092
   705 10092
   706 10092
   707 10092
   708 10092
   709 10092
   710 10092
   711 10092
   712 10092
   713 10092
   714 10092
   715 10092
   718 10092
   719 10092
   720 10092
   721 10092
   722 10092
   723 10092
   724 10092
   725 10092
   726 10092
   727 10092
   728 10092
   729 10092
   730 10092
   731 10092
   732 10092
   733 10092
   734 10092
   735 10092
   736 10092
   737 10092
   738 10092
   739 10092
   740 10092
   743 10092
   744 10092
   745 10092
   746 10092
   747 10092
   748 10092
   749 10092
   750 10092
   751 10092
   752 10092
   753 10092
   754 10092
   755 10092
   756 10092
   757 10092
   758 10092
   759 10092
   760 10092
   761 10092
   762 10092
   763 10092
   764 10092
   765 10092
   766 10092
   767 10092
   768 10092
   769 10092
   770 10092
   771 10092
   772 10092
   773 10092
   774 10092
   775 10092
   776 10092
   777 10092
   778 10092
   779 10092
   780 10092
   781 10092
   782 10106
   783 10018
   784 10018
   785 10018
   786 10018
   787 10084
   788 10084
   789 10084
   790 10084
   791 10084
   792 10084
   793 10084
   795 10084
   796 10084
   797 10084
   798 10084
   799 10098
   800 10084
   801 10084
   802 10098
   803 10098
   804 10040
   805 10040
   806 10040
   807 10040
   808 10040
   809 10040
   810 10040
   812 10171
   813 10171
   814 10171
   815 10092
   816 10092
   817 10092
   818 10092
   819 10092
   820 10092
   854 10092
   855 10092
   856 10092
   857 10092
   858 10092
   859 10092
   860 10092
   861 10092
   862 10092
   863 10092
   864 10092
   865 10092
   866 10092
   867 10092
   868 10092
   869 10092
   870 10092
   871 10092
   872 10092
   873 10092
   874 10092
   875 10092
   876 10092
   877 10092
   878 10092
   879 10092
   880 10092
   881 10092
   882 10092
   883 10092
   884 10092
   885 10092
   886 10092
   887 10092
   888 10092
   889 10092
   890 10092
   891 10092
   892 10092
   893 10092
   894 10092
   897 10092
   898 10092
   899 10092
   900 10092
   905 10092
   906 10092
   907 10092
   908 10092
   909 10092
   910 10092
   911 10092
   912 10092
   913 10092
   914 10092
   923 10092
   924 10092
   925 10092
   930 10092
   931 10092
   932 10092
   933 10092
   934 10092
   935 10092
   936 10092
   937 10092
   938 10092
   939 10092
   940 10092
   941 10092
   942 10092
   943 10092
   944 10092
   945 10092
   946 10092
   947 10092
   948 10092
   949 10092
   950 10092
   951 10092
   952 10092
   953 10092
   954 10092
   955 10092
   956 10092
   957 10092
   958 10092
   968 10092
   969 10092
   970 10092
   971 10092
   972 10092
   973 10092
   974 10092
   975 10092
   976 10092
   977 10092
   978 10092
   979 10092
   980 10092
   981 10092
   982 10092
   983 10092
   984 10092
   985 10092
   986 10092
   987 10092
   988 10092
   989 10092
   990 10092
   991 10092
   992 10092
   993 10092
   994 10092
   995 10092
   996 10092
   997 10092
   998 10092
   999 10092
  1000 10092
  1001 10092
  1002 10092
  1003 10092
  1004 10092
  1005 10092
  1006 10092
  1007 10092
  1008 10092
  1009 10092
  1010 10092
  1011 10092
  1012 10092
  1015 10092
  1016 10092
  1017 10092
  1018 10092
  1019 10092
  1020 10092
  1021 10092
  1022 10092
  1023 10092
  1024 10092
  1025 10092
  1026 10092
  1027 10092
  1028 10092
  1029 10092
  1030 10092
  1031 10092
  1032 10092
  1033 10092
  1034 10092
  1035 10092
  1036 10092
  1037 10092
  1038 10092
  1039 10092
  1040 10092
  1041 10092
  1042 10092
  1043 10092
  1044 10092
  1045 10092
  1046 10052
  1047 10171
  1048 10171
  1049 10171
  1050 10171
  1051 10171
  1052 10052
  1053 10092
  1054 10092
  1055 10092
  1056 10092
  1057 10092
  1058 10092
  1059 10092
  1060 10092
  1061 10092
  1062 10092
  1063 10092
  1064 10092
  1065 10092
  1066 10092
  1067 10092
  1068 10092
  1069 10092
  1070 10092
  1071 10092
  1072 10092
  1073 10092
  1074 10092
  1075 10092
  1076 10092
  1077 10092
  1078 10092
  1079 10092
  1080 10092
  1081 10092
  1082 10092
  1083 10092
  1084 10092
  1085 10092
  1086 10092
  1087 10092
  1088 10092
  1089 10092
  1090 10092
  1091 10092
  1092 10092
  1093 10092
  1094 10092
  1095 10092
  1096 10092
  1097 10092
  1098 10092
  1099 10092
  1100 10092
  1101 10092
  1102 10092
  1103 10092
  1104 10092
  1105 10092
  1106 10092
  1107 10092
  1108 10092
  1109 10092
  1110 10092
  1111 10092
  1112 10092
  1113 10092
  1114 10092
  1115 10092
  1119 10040
  1120 10040
  1121 10040
  1122 10040
  1123 10040
  1124 10040
  1125 10040
  1126 10040
  1127 10040
  1128 10040
  1129 10040
  1130 10040
  1131 10098
  1132 10098
  1133 10098
  1134 10098
  1135 10098
  1136 10098
  1137 10084
  1138 10084
  1139 10084
  1151 10098
  1152 10098
  1153 10098
  1154 10098
  1155 10098
  1156 10040
  1157 10040
  1158 10040
  1159 10040
  1160 10040
  1161 10040
  1162 10040
  1163 10040
  1164 10040
  1165 10040
  1166 10040
  1167 10040
  1170 10092
  1171 10092
  1172 10092
  1173 10092
  1174 10092
  1175 10092
  1176 10092
  1177 10092
  1178 10092
  1179 10092
  1180 10092
  1181 10092
  1182 10092
  1183 10092
  1184 10092
  1185 10092
  1186 10092
  1187 10092
  1188 10092
  1189 10092
  1190 10092
  1191 10092
  1192 10092
  1193 10092
  1194 10092
  1195 10092
  1196 10092
  1197 10092
  1198 10092
  1199 10092
  1200 10092
  1201 10092
  1202 10092
  1203 10092
  1204 10092
  1205 10092
  1206 10092
  1207 10092
  1208 10092
  1209 10092
  1258 10092
  1259 10092
  1260 10092
  1261 10092
  1262 10092
  1291 10092
  1292 10092
  1293 10092
  1294 10092
  1296 10092
  1297 10092
  1298 10092
  1299 10092
  1300 10092
  1301 10092
  1302 10092
  1303 10092
  1304 10092
  1313 10092
  1314 10092
  1315 10092
  1316 10092
  1317 10092
  1318 10092
  1319 10092
  1320 10092
  1321 10092
  1322 10092
  1323 10092
  1324 10092
  1325 10092
  1326 10092
  1327 10092
  1328 10092
  1329 10092
  1330 10092
  1331 10092
  1332 10092
  1333 10092
  1334 10092
  1335 10092
  1336 10092
  1337 10092
  1338 10092
  1346 10092
  1347 10092
  1348 10092
  1349 10092
  1350 10092
  1351 10092
  1352 10092
  1353 10092
  1354 10092
  1356 10092
  1357 10092
  1358 10092
  1359 10092
  1360 10092
  1361 10092
  1362 10092
  1363 10092
  1364 10092
  1373 10092
  1374 10092
  1375 10092
  1376 10092
  1377 10092
  1378 10092
  1379 10092
  1380 10092
  1389 10092
  1390 10092
  1391 10092
  1392 10092
  1402 10092
  1403 10092
  1404 10092
  1412 10092
  1413 10092
  1414 10092
  1425 10092
  1426 10092
  1427 10092
  1428 10092
  1429 10092
  1430 10092
  1431 10092
  1432 10092
  1433 10092
  1434 10092
  1435 10092
  1442 10084
  1443 10084
  1444 10084
  1445 10084
  1446 10084
  1447 10084
  1448 10084
  1449 10084
  1450 10098
  1451 10098
  1452 10084
  1453 10018
  1454 10018
  1455 10084
  1456 10040
  1457 10040
  1458 10040
  1459 10040
  1460 10040
  1461 10078
  1462 10040
  1465 10018
  1466 10018
  1467 10018
  1468 10018
  1469 10018
  1470 10018
  1471 10084
  1472 10084
  1473 10084
  1474 10084
  1475 10084
  1476 10084
  1477 10084
  1478 10084
  1479 10084
  1480 10084
  1481 10084
  1482 10084
  1483 10084
  1484 10084
  1487 10092
  1488 10092
  1489 10092
  1490 10092
  1491 10092
  1494 10084
  1495 10084
  1496 10084
  1498 10018
  1499 10040
  1500 10040
  1501 10040
  1502 10040
  1505 10092
  1506 10092
  1507 10092
  1508 10092
  1509 10092
  1510 10092
  1511 10092
  1512 10092
  1513 10092
  1514 10092
  1515 10092
  1516 10092
  1517 10092
  1518 10092
  1527 10092
  1528 10092
  1529 10092
  1530 10092
  1531 10092
  1578 10092
  1579 10092
  1580 10092
  1581 10092
  1582 10092
  1591 10092
  1592 10092
  1593 10092
  1594 10092
  1595 10092
  1596 10171
  1597 10171
  1598 10171
  1607 10084
  1608 10084
  1609 10084
  1614 10098
  1616 10098
  1617 10098
  1618 10098
  1619 10084
  1620 10084
  1621 10084
  1622 10084
  1623 10084
  1624 10084
  1625 10084
  1626 10092
  1627 10092
  1628 10092
  1629 10092
  1630 10092
  1638 10092
  1639 10092
  1640 10092
  1641 10092
  1642 10092
  1643 10092
  1645 10052
  1646 10052
  1647 10052
  1656 10092
  1663 10092
  1664 10092
  1666 10092
  1668 10092
  1669 10092
  1677 10092
  1678 10092
  1679 10092
  1680 10092
  1681 10092
  1683 10092
  1684 10092
  1685 10092
  1686 10092
  1687 10092
  1688 10092
  1689 10092
  1690 10092
  1691 10092
  1692 10092
  1693 10092
  1694 10092
  1695 10092
  1705 10092
  1706 10092
  1707 10092
  1708 10092
  1709 10092
  1710 10092
  1711 10092
  1712 10092
  1713 10092
  1714 10092
  1715 10092
  1716 10084
  1717 10084
  1718 10084
  1719 10084
  1720 10084
  1723 10098
  1724 10098
  1725 10098
  1726 10098
  1727 10098
  1728 10078
  1729 10098
  1730 10078
  1794 10040
  1795 10040
  1796 10040
  1797 10040
  1798 10040
  1799 10040
  1804 10040
  1805 10040
  1806 10040
  1807 10040
  1808 10040
  1809 10040
  1810 10040
  1811 10040
  1812 10040
  1813 10040
  1814 10040
  1815 10040
  1816 10040
  1817 10040
  1818 10040
  1819 10040
  1820 10040
  1821 10040
  1822 10040
  1823 10040
  1824 10040
  1825 10040
  1826 10040
  1827 10040
  1828 10040
  1829 10040
  1830 10040
  1831 10040
  1832 10040
  1833 10040
  1834 10040
  1835 10040
  1836 10040
  1837 10040
  1838 10040
  1839 10040
  1840 10040
  1841 10040
  1842 10040
  1843 10040
  1844 10040
  1845 10040
  1846 10040
  1847 10040
  1848 10040
  1849 10040
  1854 10040
  1855 10040
  1856 10040
  1857 10040
  1858 10040
  1859 10040
  1860 10040
  1861 10040
  1862 10040
  1863 10040
  1864 10040
  1865 10040
  1866 10040
  1867 10040
  1868 10040
  1869 10040
  1870 10040
  1871 10040
  1882 10098
  1884 10018
  1887 10040
  1889 10084
  1890 10084
  1891 10084
  1892 10084
  1893 10084
  1894 10084
  1895 10018
  1896 10018
  1897 10018
  1902 10040
  1903 10040
  1904 10040
  1905 10078
  1906 10078
  1907 10078
  1908 10078
  1909 10078
  1910 10078
  1911 10078
  1912 10055
  1916 10078
  1917 10078
  1919 10040
  1920 10040
  1921 10040
  1922 10040
  1923 10092
  1924 10092
  1925 10092
  1926 10092
  1927 10092
  1928 10092
  1929 10092
  1930 10092
  1931 10092
  1932 10092
  1933 10092
  1934 10092
  1935 10092
  1938 10092
  1939 10092
  1940 10092
  1941 10092
  1942 10092
  1943 10092
  1944 10092
  1945 10092
  1946 10092
  1947 10092
  1948 10092
  1949 10092
  1950 10092
  1951 10092
  1952 10092
  1953 10092
  1954 10092
  1955 10092
  1956 10092
  1957 10092
  1958 10092
  1959 10092
  1960 10092
  1961 10092
  1962 10092
  1963 10092
  1964 10092
  1965 10092
  1966 10092
  1967 10092
  1968 10092
  1969 10092
  1970 10092
  1971 10092
  1972 10092
  1973 10092
  1974 10092
  1975 10092
  1976 10092
  1977 10092
  1978 10092
  1979 10092
  1980 10092
  1981 10092
  1982 10092
  1983 10092
  1984 10092
  1985 10092
  1986 10092
  1987 10092
  1988 10092
  1989 10092
  1990 10092
  1991 10092
  1992 10092
  1993 10092
  1994 10092
  1995 10092
  1996 10092
  1997 10092
  1998 10092
  1999 10092
  2000 10092
  2001 10092
  2002 10092
  2003 10092
  2004 10092
  2005 10092
  2006 10092
  2007 10092
  2008 10092
  2009 10092
  2010 10092
  2011 10092
  2012 10092
  2013 10092
  2014 10092
  2015 10092
  2016 10092
  2017 10092
  2018 10092
  2019 10092
  2020 10092
  2021 10092
  2022 10092
  2023 10092
  2024 10092
  2025 10092
  2026 10092
  2027 10092
  2028 10092
  2029 10092
  2030 10092
  2031 10092
  2032 10092
  2033 10092
  2034 10092
  2035 10092
  2036 10092
  2037 10092
  2038 10092
  2039 10092
  2040 10092
