   687 10034
   688 10034
   689 10034
   783 10086
   784 10086
   785 10086
   786 10086
   787 10086
   788 10086
   789 10086
   790 10086
   791 10086
   792 10086
   793 10086
   794 10086
   795 10086
   796 10086
   797 10086
   798 10086
   799 10086
   800 10086
   801 10086
   802 10086
   803 10086
   804 10086
   805 10086
   806 10086
   807 10086
   808 10086
   809 10086
   810 10086
   811 10086
   812 10086
   813 10086
   814 10086
   815 10086
   816 10086
   817 10086
   818 10086
   819 10086
   820 10086
   821 10086
   822 10086
   823 10086
   824 10086
   825 10086
   826 10086
   827 10086
   828 10086
   829 10086
   830 10086
   831 10086
   832 10086
   833 10086
   834 10086
   835 10086
   836 10086
   837 10086
   838 10086
   839 10086
   840 10086
   841 10086
   842 10086
   843 10086
   844 10086
   845 10086
   846 10086
   847 10086
   848 10086
   849 10086
   850 10086
   851 10086
   852 10086
   853 10086
   854 10086
   855 10086
   856 10086
   857 10086
   858 10086
   859 10086
   860 10086
   861 10086
   862 10086
   863 10086
   864 10086
   865 10086
   866 10086
   867 10086
   868 10086
   869 10086
   870 10086
   871 10086
   872 10086
   873 10086
   874 10086
   875 10086
   876 10086
   877 10086
   878 10086
   879 10086
   880 10086
   881 10086
   882 10086
   883 10086
   884 10086
   885 10086
   886 10086
   887 10086
   888 10086
   889 10086
   890 10086
   891 10086
   892 10086
   893 10086
   894 10086
   895 10086
   896 10086
   897 10086
   898 10086
   899 10086
   900 10086
   901 10086
   902 10086
   903 10086
   904 10086
   905 10086
   906 10086
   907 10086
   908 10086
   909 10086
   910 10086
   911 10086
   912 10086
   913 10086
   914 10086
   915 10086
   916 10086
   917 10086
   918 10086
   919 10086
   920 10086
   921 10086
   922 10086
   923 10086
   924 10086
   925 10086
   926 10086
   927 10086
   928 10086
   929 10086
   930 10086
   931 10086
   932 10086
   933 10086
   934 10086
   935 10086
   936 10086
   937 10086
   938 10086
   939 10086
   940 10086
   941 10086
   942 10086
   943 10086
   944 10086
   945 10086
   946 10086
   947 10086
   948 10086
   949 10086
   950 10086
   951 10086
   952 10086
   953 10086
   954 10086
   955 10086
   956 10086
   957 10086
   958 10086
   959 10086
   960 10086
   961 10086
   962 10086
   963 10086
   964 10086
   965 10086
   966 10086
   967 10086
   968 10086
   969 10086
   970 10086
   971 10086
   972 10086
   973 10086
   974 10086
   975 10086
   976 10086
   977 10086
   978 10086
   979 10086
   980 10086
   981 10086
   982 10086
   983 10086
   984 10086
   985 10086
   986 10086
   987 10086
   988 10086
   989 10086
   990 10086
   991 10086
   992 10086
   993 10086
   994 10086
   995 10086
   996 10086
   997 10086
   998 10086
   999 10086
  1000 10086
  1001 10086
  1002 10086
  1003 10086
  1004 10086
  1005 10086
  1006 10086
  1007 10086
  1008 10086
  1009 10086
  1010 10086
  1011 10086
  1012 10086
  1013 10086
  1014 10086
  1015 10086
  1016 10086
  1017 10086
  1018 10086
  1019 10086
  1020 10086
  1025 10137
  1026 10137
  1029 10113
  1030 10113
  1031 10113
  1032 10113
  1033 10113
  1034 10113
  1035 10113
  1036 10113
  1037 10113
  1038 10113
  1039 10113
  1040 10113
  1041 10113
  1042 10113
  1043 10113
  1044 10113
  1045 10113
  1046 10113
  1047 10113
  1048 10113
  1049 10113
  1050 10113
  1051 10113
  1052 10113
  1053 10113
  1054 10113
  1055 10113
  1056 10113
  1057 10113
  1058 10113
  1059 10113
  1060 10113
  1061 10113
  1062 10113
  1063 10113
  1064 10113
  1065 10113
  1066 10113
  1067 10113
  1068 10113
  1069 10113
  1070 10113
  1071 10113
  1072 10113
  1073 10113
  1074 10113
  1075 10113
  1076 10113
  1077 10113
  1078 10113
  1079 10113
  1080 10113
  1081 10113
  1082 10113
  1083 10113
  1084 10113
  1085 10113
  1086 10113
  1087 10113
  1088 10113
  1089 10113
  1090 10113
  1091 10113
  1092 10113
  1093 10113
  1094 10113
  1095 10113
  1096 10113
  1097 10113
  1098 10113
  1099 10113
  1100 10113
  1101 10113
  1102 10113
  1103 10113
  1104 10113
  1105 10113
  1106 10113
  1107 10113
  1108 10113
  1109 10113
  1110 10113
  1111 10113
  1112 10113
  1113 10113
  1114 10113
  1115 10113
  1116 10113
  1117 10113
  1118 10113
  1119 10113
  1120 10113
  1121 10113
  1122 10113
  1123 10113
  1124 10113
  1125 10113
  1126 10113
  1127 10113
  1128 10113
  1129 10113
  1130 10113
  1131 10113
  1132 10113
  1133 10113
  1134 10113
  1135 10113
  1136 10113
  1137 10113
  1138 10113
  1139 10113
  1140 10113
  1141 10113
  1142 10113
  1143 10113
  1144 10113
  1145 10113
  1146 10113
  1147 10113
  1148 10113
  1149 10113
  1150 10113
  1151 10113
  1152 10113
  1153 10113
  1154 10113
  1155 10113
  1156 10113
  1157 10113
  1158 10113
  1159 10113
  1160 10113
  1161 10113
  1162 10113
  1163 10113
  1164 10113
  1165 10113
  1166 10113
  1167 10113
  1168 10113
  1169 10113
  1170 10113
  1171 10113
  1172 10113
  1173 10113
  1174 10113
  1175 10113
  1176 10113
  1177 10113
  1178 10113
  1179 10113
  1180 10113
  1181 10113
  1182 10113
  1183 10113
  1184 10113
  1185 10113
  1186 10113
  1187 10113
  1188 10113
  1189 10113
  1190 10113
  1191 10113
  1192 10113
  1193 10113
  1194 10113
  1195 10113
  1196 10113
  1197 10113
  1198 10113
  1199 10113
  1200 10113
  1201 10113
  1202 10113
  1203 10113
  1204 10113
  1205 10113
  1206 10113
  1207 10113
  1208 10113
  1209 10113
  1210 10113
  1211 10113
  1212 10113
  1213 10113
  1214 10113
  1215 10113
  1216 10113
  1217 10113
  1218 10113
  1219 10113
  1220 10113
  1221 10113
  1222 10113
  1223 10113
  1224 10113
  1225 10113
  1226 10113
  1227 10113
  1228 10113
  1229 10113
  1230 10113
  1231 10113
  1232 10113
  1233 10113
  1234 10113
  1235 10113
  1236 10113
  1237 10113
  1238 10113
  1239 10113
  1240 10113
  1241 10113
  1242 10113
  1243 10113
  1244 10113
  1245 10113
  1246 10113
  1247 10113
  1248 10113
  1249 10113
  1250 10113
  1251 10113
  1252 10113
  1253 10113
  1254 10113
  1255 10113
  1256 10113
  1257 10113
  1258 10113
  1259 10113
  1260 10113
  1261 10120
  1262 10120
  1264 10029
  1265 10029
  1273 10040
  1274 10018
  1275 10018
  1276 10018
  1302 10101
  1318 10086
  1366 10086
  1367 10071
  1368 10149
  1369 10080
  1370 10086
  1371 10138
  1372 10086
  1374 10028
  1375 10072
  1376 10072
  1377 10072
  1378 10072
  1379 10151
  1380 10151
  1381 10151
  1382 10034
  1383 10151
  1384 10034
  1385 10034
  1386 10034
  1387 10034
  1388 10034
  1389 10034
  1390 10034
  1391 10034
  1392 10034
  1393 10034
  1394 10034
  1395 10034
  1396 10034
  1397 10034
  1398 10034
  1399 10034
  1400 10034
  1401 10034
  1402 10034
  1403 10034
  1404 10034
  1405 10034
  1406 10034
  1407 10034
  1408 10034
  1409 10034
  1410 10034
  1411 10034
  1412 10034
  1413 10034
  1414 10034
  1415 10034
  1416 10034
  1417 10034
  1418 10034
  1419 10034
  1420 10034
  1421 10034
  1422 10034
  1423 10034
  1424 10034
  1425 10034
  1426 10034
  1427 10034
  1428 10034
  1429 10034
  1430 10034
  1431 10034
  1432 10034
  1433 10034
  1434 10034
  1435 10034
  1436 10034
  1437 10034
  1438 10034
  1439 10034
  1440 10034
  1441 10034
  1442 10034
  1443 10034
  1444 10034
  1445 10034
  1446 10034
  1447 10034
  1448 10034
  1449 10034
  1450 10034
  1451 10034
  1452 10034
  1453 10034
  1454 10034
  1455 10034
  1456 10034
  1457 10034
  1458 10034
  1459 10034
  1460 10034
  1461 10034
  1462 10034
  1463 10034
  1464 10034
  1465 10034
  1466 10034
  1467 10034
  1468 10034
  1469 10034
  1470 10034
  1471 10034
  1472 10034
  1473 10034
  1474 10034
  1475 10034
  1476 10034
  1477 10034
  1478 10034
  1479 10034
  1480 10034
  1481 10034
  1482 10034
  1483 10034
  1484 10034
  1485 10034
  1486 10034
  1487 10034
  1488 10034
  1489 10034
  1490 10034
  1491 10034
  1492 10034
  1493 10034
  1494 10034
  1495 10034
  1496 10034
  1497 10034
  1498 10034
  1499 10034
  1500 10034
  1501 10034
  1502 10034
  1503 10034
  1504 10034
  1505 10034
  1506 10034
  1507 10034
  1508 10034
  1509 10034
  1510 10034
  1511 10034
  1512 10034
  1513 10034
  1514 10034
  1515 10034
  1516 10034
  1517 10034
  1518 10034
  1519 10034
  1520 10034
  1521 10034
  1522 10034
  1523 10034
  1524 10034
  1525 10034
  1526 10034
  1527 10034
  1528 10034
  1529 10034
  1530 10034
  1531 10034
  1532 10034
  1533 10034
  1534 10034
  1535 10034
  1536 10034
  1537 10034
  1538 10034
  1539 10034
  1540 10034
  1541 10034
  1542 10034
  1543 10034
  1544 10034
  1545 10034
  1546 10034
  1547 10034
  1548 10034
  1549 10034
  1550 10034
  1551 10034
  1552 10034
  1553 10034
  1554 10034
  1555 10034
  1556 10034
  1557 10034
  1558 10034
  1559 10034
  1560 10034
  1561 10034
  1562 10034
  1563 10034
  1564 10034
  1565 10034
  1566 10034
  1567 10034
  1568 10034
  1569 10034
  1570 10034
  1571 10034
  1572 10034
  1573 10034
  1574 10034
  1575 10034
  1576 10034
  1577 10034
  1578 10034
  1579 10034
  1580 10034
  1581 10034
  1582 10034
  1583 10034
  1584 10034
  1585 10034
  1586 10034
  1587 10034
  1588 10034
  1589 10034
  1590 10034
  1591 10034
  1592 10034
  1593 10034
  1594 10034
  1595 10034
  1596 10034
  1597 10034
  1598 10034
  1599 10034
  1600 10034
  1601 10034
  1602 10034
  1603 10034
  1604 10034
  1605 10034
  1606 10034
  1607 10034
  1608 10034
  1609 10034
  1610 10034
  1611 10034
  1612 10034
  1613 10034
  1614 10034
  1615 10034
  1616 10034
  1617 10034
  1618 10034
  1619 10034
  1620 10034
  1625 10123
  1626 10120
  1627 10120
  1628 10120
  1629 10120
  1630 10120
  1631 10120
  1632 10120
  1633 10120
  1634 10120
  1635 10120
  1636 10120
  1637 10120
  1638 10120
  1639 10120
  1640 10120
  1641 10120
  1642 10120
  1643 10120
  1644 10120
  1645 10120
  1646 10120
  1647 10120
  1648 10120
  1649 10120
  1650 10120
  1651 10120
  1652 10120
  1653 10120
  1654 10120
  1655 10120
  1656 10120
  1657 10120
  1658 10120
  1659 10120
  1660 10120
  1661 10120
  1662 10120
  1663 10120
  1664 10120
  1665 10120
  1666 10120
  1667 10120
  1668 10120
  1669 10120
  1670 10120
  1671 10120
  1672 10120
  1673 10120
  1674 10120
  1675 10120
  1676 10120
  1677 10120
  1678 10120
  1679 10120
  1680 10120
  1681 10120
  1682 10120
  1683 10120
  1684 10120
  1685 10120
  1686 10120
  1687 10120
  1688 10120
  1689 10120
  1690 10120
  1691 10120
  1692 10120
  1693 10120
  1694 10120
  1695 10120
  1696 10120
  1697 10120
  1698 10120
  1699 10120
  1700 10120
  1701 10120
  1702 10120
  1703 10120
  1704 10120
  1705 10120
  1706 10120
  1707 10120
  1708 10120
  1709 10120
  1710 10120
  1711 10120
  1712 10120
  1713 10120
  1714 10120
  1715 10120
  1716 10120
  1717 10120
  1718 10120
  1719 10120
  1720 10120
  1721 10120
  1722 10120
  1723 10120
  1724 10120
  1725 10120
  1726 10120
  1727 10120
  1728 10120
  1729 10120
  1730 10120
  1731 10120
  1732 10120
  1733 10120
  1734 10120
  1735 10120
  1736 10120
  1737 10120
  1738 10120
  1739 10120
  1740 10120
  1741 10120
  1742 10120
  1743 10120
  1744 10120
  1745 10120
  1746 10120
  1747 10120
  1748 10120
  1749 10120
  1750 10120
  1751 10120
  1752 10120
  1753 10120
  1754 10120
  1755 10120
  1756 10120
  1757 10120
  1758 10120
  1759 10120
  1760 10120
  1761 10120
  1762 10120
  1763 10120
  1764 10120
  1765 10120
  1766 10120
  1767 10120
  1768 10120
  1769 10120
  1770 10120
  1771 10120
  1772 10120
  1773 10120
  1774 10120
  1775 10120
  1776 10120
  1777 10120
  1778 10120
  1779 10120
  1780 10120
  1781 10120
  1782 10120
  1783 10120
  1784 10120
  1785 10120
  1786 10120
  1787 10120
  1788 10120
  1789 10120
  1790 10120
  1791 10120
  1792 10120
  1793 10120
  1794 10120
  1795 10120
  1796 10120
  1797 10120
  1798 10120
  1799 10120
  1800 10120
  1801 10120
  1802 10120
  1803 10120
  1804 10120
  1805 10120
  1806 10120
  1807 10120
  1808 10120
  1809 10120
  1810 10120
  1811 10120
  1812 10120
  1813 10120
  1814 10120
  1815 10120
  1816 10120
  1817 10120
  1818 10120
  1819 10120
  1820 10120
  1821 10120
  1822 10120
  1823 10120
  1824 10120
  1825 10120
  1826 10120
  1827 10120
  1828 10120
  1829 10120
  1830 10120
  1831 10120
  1832 10120
  1833 10120
  1834 10120
  1835 10120
  1836 10120
  1837 10120
  1838 10120
  1839 10120
  1840 10120
  1841 10120
  1842 10120
  1843 10120
  1844 10120
  1845 10120
  1846 10120
  1847 10120
  1848 10120
  1849 10120
  1850 10120
  1851 10120
  1852 10120
  1853 10120
  1854 10120
  1855 10120
  1856 10120
  1857 10120
  1858 10120
  1859 10120
  1860 10120
  1861 10120
  1866 10101
  1867 10101
  1868 10101
  1870 10062
  1871 10062
  1872 10062
  1873 10062
  1874 10062
  1875 10062
  1876 10062
  1877 10062
  1878 10062
  1879 10062
  1880 10062
  1881 10062
  1882 10062
  1883 10062
  1884 10062
  1885 10062
  1886 10062
  1887 10062
  1888 10062
  1889 10062
  1890 10062
  1891 10062
  1892 10062
  1893 10062
  1894 10062
  1895 10062
  1896 10062
  1897 10062
  1898 10062
  1899 10062
  1900 10062
  1901 10062
  1902 10062
  1903 10062
  1904 10062
  1905 10062
  1906 10062
  1907 10062
  1908 10062
  1909 10062
  1910 10062
  1911 10062
  1912 10062
  1913 10062
  1914 10062
  1915 10062
  1916 10062
  1917 10062
  1918 10062
  1919 10062
  1920 10062
  1921 10062
  1922 10062
  1923 10062
  1924 10062
  1925 10062
  1926 10062
  1927 10062
  1928 10062
  1929 10062
  1930 10062
  1931 10062
  1932 10062
  1933 10062
  1934 10062
  1935 10062
  1936 10062
  1937 10062
  1938 10062
  1939 10062
  1940 10062
  1941 10062
  1942 10062
  1943 10062
  1944 10062
  1945 10062
  1946 10062
  1947 10062
  1948 10062
  1949 10062
  1950 10062
  1951 10062
  1952 10062
  1953 10062
  1954 10062
  1955 10062
  1956 10062
  1957 10062
  1958 10062
  1959 10062
  1960 10062
  1961 10062
  1962 10062
  1963 10062
  1964 10062
  1965 10062
  1966 10062
  1967 10062
  1968 10062
  1969 10062
  1970 10062
  1971 10062
  1972 10062
  1973 10062
  1974 10062
  1975 10062
  1976 10062
  1977 10062
  1978 10062
  1979 10062
  1980 10062
  1981 10062
  1982 10062
  1983 10062
  1984 10062
  1985 10062
  1986 10062
  1987 10062
  1988 10062
  1989 10062
  1990 10062
  1991 10062
  1992 10062
  1993 10062
  1994 10062
  1995 10062
  1996 10062
  1997 10062
  1998 10062
  1999 10062
  2000 10062
  2001 10062
  2002 10062
  2003 10062
  2004 10062
  2005 10062
  2006 10062
  2007 10062
  2008 10062
  2009 10062
  2010 10062
  2011 10062
  2012 10062
  2013 10062
  2014 10062
  2015 10062
  2016 10062
  2017 10062
  2018 10062
  2019 10062
  2020 10062
  2021 10061
  2022 10063
  2023 10063
  2024 10063
  2027 10028
