   690 10100
   691 10100
   692 10100
   693 10100
   694 10100
   695 10100
   696 10100
   697 10100
   698 10100
   699 10100
   700 10100
   701 10100
   702 10100
   703 10100
   704 10100
   705 10100
   706 10100
   707 10100
   708 10100
   709 10100
   710 10100
   711 10100
   712 10100
   713 10100
   714 10100
   715 10100
   716 10100
   717 10100
   718 10100
   719 10100
   720 10100
   721 10100
   722 10100
   723 10100
   724 10100
   725 10100
   726 10100
   727 10100
   728 10100
   729 10100
   730 10100
   731 10100
   732 10100
   733 10100
   734 10100
   735 10100
   736 10100
   737 10100
   738 10100
   739 10100
   740 10100
   741 10100
   742 10100
   743 10100
   744 10100
   745 10100
   746 10100
   747 10100
   748 10100
   749 10100
   750 10100
   751 10100
   752 10100
   753 10100
   754 10100
   755 10100
   756 10100
   757 10100
   758 10100
   759 10100
   760 10100
   761 10100
   762 10100
   763 10100
   764 10100
   765 10100
   766 10100
   767 10100
   768 10100
   769 10100
   770 10100
   771 10100
   772 10100
   773 10100
   774 10100
   775 10100
   776 10100
   777 10100
   778 10100
   779 10100
   780 10100
   781 10100
   782 10100
   783 10100
   784 10100
   785 10100
   786 10100
   787 10100
   788 10100
   789 10100
   790 10100
   791 10100
   792 10100
   793 10100
   794 10100
   795 10100
   796 10100
   797 10100
   798 10100
   799 10100
   800 10100
   801 10100
   802 10100
   803 10100
   804 10100
   805 10100
   806 10100
   807 10100
   808 10100
   809 10100
   810 10100
   811 10100
   812 10100
   813 10100
   814 10100
   815 10100
   816 10100
   817 10100
   818 10100
   819 10100
   820 10100
   821 10100
   822 10100
   823 10100
   824 10100
   825 10100
   826 10100
   827 10100
   828 10100
   829 10100
   830 10100
   831 10100
   832 10100
   833 10100
   834 10100
   835 10100
   836 10100
   837 10100
   838 10100
   839 10100
   840 10100
   841 10100
   842 10100
   843 10100
   844 10100
   845 10100
   846 10100
   847 10100
   848 10100
   849 10100
   850 10100
   851 10100
   852 10100
   853 10100
   854 10100
   855 10100
   856 10100
   857 10100
   858 10100
   859 10100
   860 10100
   861 10100
   862 10100
   863 10100
   864 10100
   865 10100
   866 10100
   867 10100
   868 10100
   869 10100
   870 10100
   871 10100
   872 10100
   873 10100
   874 10100
   875 10100
   876 10100
   877 10100
   878 10100
   879 10100
   880 10100
   881 10100
   882 10100
   883 10100
   884 10100
   885 10100
   886 10100
   887 10100
   888 10100
   889 10100
   890 10100
   891 10100
   892 10100
   893 10100
   894 10100
   895 10100
   896 10100
   897 10100
   898 10100
   899 10100
   900 10100
   901 10100
   902 10100
   903 10100
   904 10100
   905 10100
   906 10100
   907 10100
   908 10100
   909 10100
   910 10100
   911 10100
   912 10100
   913 10100
   914 10100
   915 10100
   916 10100
   917 10100
   918 10100
   919 10100
   920 10100
   921 10100
   922 10100
   923 10100
   924 10100
   925 10100
   926 10100
   927 10100
   928 10100
   929 10100
   930 10100
   931 10100
   932 10100
   933 10100
   934 10100
   935 10100
   936 10100
   937 10100
   938 10100
   939 10100
   940 10100
   941 10100
   942 10100
   943 10100
   944 10100
   945 10100
   946 10100
   947 10100
   948 10100
   949 10100
   950 10100
   951 10100
   952 10100
   953 10100
   954 10100
   955 10100
   956 10100
   957 10100
   958 10100
   959 10100
   960 10100
   961 10100
   962 10100
   963 10100
   964 10100
   965 10100
   966 10100
   967 10100
   968 10100
   969 10100
   970 10100
   971 10100
   972 10100
   973 10100
   974 10100
   975 10100
   976 10100
   977 10100
   978 10100
   979 10100
   980 10100
   981 10100
   982 10100
   983 10100
   984 10100
   985 10100
   986 10100
   987 10100
   988 10100
   989 10100
   990 10100
   991 10100
   992 10100
   993 10100
   994 10100
   995 10100
   996 10100
   997 10100
   998 10100
   999 10100
  1000 10100
  1001 10100
  1002 10100
  1003 10100
  1004 10100
  1005 10100
  1006 10100
  1007 10100
  1008 10100
  1009 10100
  1010 10100
  1011 10100
  1012 10100
  1013 10100
  1014 10100
  1015 10100
  1016 10100
  1017 10100
  1018 10100
  1019 10100
  1020 10100
  1021 10100
  1022 10100
  1023 10100
  1024 10100
  1025 10137
  1026 10137
  1027 10100
  1028 10137
  1029 10137
  1030 10100
  1031 10100
  1032 10100
  1033 10100
  1034 10100
  1035 10100
  1036 10100
  1037 10100
  1038 10100
  1039 10100
  1040 10100
  1041 10100
  1042 10100
  1043 10100
  1044 10100
  1045 10100
  1046 10100
  1047 10100
  1048 10100
  1049 10100
  1050 10100
  1051 10100
  1052 10100
  1053 10100
  1054 10100
  1055 10100
  1056 10100
  1057 10100
  1058 10100
  1059 10100
  1060 10100
  1061 10100
  1062 10100
  1063 10100
  1064 10100
  1065 10100
  1066 10100
  1067 10100
  1068 10100
  1069 10100
  1070 10100
  1071 10100
  1072 10100
  1073 10100
  1074 10100
  1075 10100
  1076 10100
  1077 10100
  1078 10100
  1079 10100
  1080 10100
  1081 10100
  1082 10100
  1083 10100
  1084 10100
  1085 10100
  1086 10100
  1087 10100
  1088 10100
  1089 10100
  1090 10100
  1091 10100
  1092 10100
  1093 10100
  1094 10100
  1095 10100
  1096 10100
  1097 10100
  1098 10100
  1099 10100
  1100 10100
  1101 10100
  1102 10100
  1103 10100
  1104 10100
  1105 10100
  1106 10100
  1107 10100
  1108 10100
  1109 10100
  1110 10100
  1111 10100
  1112 10100
  1113 10100
  1114 10100
  1115 10100
  1116 10100
  1117 10100
  1118 10100
  1119 10100
  1120 10100
  1121 10100
  1122 10100
  1123 10100
  1124 10100
  1125 10100
  1126 10100
  1127 10100
  1128 10100
  1129 10100
  1130 10100
  1131 10100
  1132 10100
  1133 10100
  1134 10100
  1135 10100
  1136 10100
  1137 10100
  1138 10100
  1139 10100
  1140 10100
  1141 10100
  1142 10100
  1143 10100
  1144 10100
  1145 10100
  1146 10100
  1147 10100
  1148 10100
  1149 10100
  1150 10100
  1151 10100
  1152 10100
  1153 10100
  1154 10100
  1155 10100
  1156 10100
  1157 10100
  1158 10100
  1159 10100
  1160 10100
  1161 10100
  1162 10100
  1163 10100
  1164 10100
  1165 10100
  1166 10100
  1167 10100
  1168 10100
  1169 10100
  1170 10100
  1171 10100
  1172 10100
  1173 10100
  1174 10100
  1175 10100
  1176 10100
  1177 10100
  1178 10100
  1179 10100
  1180 10100
  1181 10100
  1182 10100
  1183 10100
  1184 10100
  1185 10100
  1186 10100
  1187 10100
  1188 10100
  1189 10100
  1190 10100
  1191 10100
  1192 10100
  1193 10100
  1194 10100
  1195 10100
  1196 10100
  1197 10100
  1198 10100
  1199 10100
  1200 10100
  1201 10100
  1202 10100
  1203 10100
  1204 10100
  1205 10100
  1206 10100
  1207 10100
  1208 10100
  1209 10100
  1210 10100
  1211 10100
  1212 10100
  1213 10100
  1214 10100
  1215 10100
  1216 10100
  1217 10100
  1218 10100
  1219 10100
  1220 10100
  1221 10100
  1222 10100
  1223 10100
  1224 10100
  1225 10100
  1226 10100
  1227 10100
  1228 10100
  1229 10100
  1230 10100
  1231 10100
  1232 10100
  1233 10100
  1234 10100
  1235 10100
  1236 10100
  1237 10100
  1238 10100
  1239 10100
  1240 10100
  1241 10100
  1242 10100
  1243 10100
  1244 10100
  1245 10100
  1246 10100
  1247 10100
  1248 10100
  1249 10100
  1250 10100
  1251 10100
  1252 10100
  1253 10100
  1254 10100
  1255 10100
  1256 10100
  1257 10100
  1258 10101
  1259 10098
  1260 10055
  1261 10018
  1262 10018
  1263 10018
  1264 10018
  1265 10018
  1266 10018
  1267 10018
  1268 10018
  1269 10018
  1270 10018
  1271 10018
  1272 10106
  1273 10106
  1274 10106
  1275 10106
  1276 10106
  1277 10106
  1278 10106
  1279 10106
  1280 10106
  1281 10106
  1282 10106
  1283 10106
  1284 10106
  1285 10106
  1286 10106
  1287 10106
  1288 10106
  1289 10106
  1290 10106
  1291 10106
  1292 10106
  1293 10106
  1294 10106
  1295 10106
  1296 10106
  1297 10106
  1298 10018
  1299 10018
  1300 10018
  1301 10158
  1302 10158
  1303 10158
  1417 10141
  1419 10101
  1420 10101
  1421 10101
  1426 10100
  1427 10100
  1428 10100
  1429 10100
  1430 10100
  1431 10100
  1432 10100
  1433 10100
  1434 10100
  1435 10100
  1436 10100
  1437 10100
  1438 10100
  1439 10100
  1440 10100
  1441 10100
  1442 10100
  1443 10100
  1444 10100
  1445 10100
  1446 10100
  1447 10100
  1448 10100
  1449 10100
  1450 10100
  1451 10100
  1452 10100
  1453 10100
  1454 10100
  1455 10100
  1456 10100
  1457 10100
  1458 10100
  1459 10100
  1460 10100
  1461 10100
  1462 10100
  1463 10100
  1464 10100
  1465 10100
  1466 10100
  1467 10100
  1468 10100
  1469 10100
  1470 10100
  1471 10100
  1472 10100
  1473 10100
  1474 10100
  1475 10100
  1476 10100
  1477 10100
  1478 10100
  1479 10100
  1480 10100
  1481 10100
  1482 10100
  1483 10100
  1484 10100
  1485 10100
  1486 10100
  1487 10100
  1488 10100
  1489 10100
  1490 10100
  1491 10100
  1492 10100
  1493 10100
  1494 10100
  1495 10066
  1496 10100
  1497 10100
  1498 10100
  1499 10100
  1500 10100
  1501 10100
  1502 10100
  1503 10100
  1504 10100
  1505 10100
  1506 10100
  1507 10100
  1508 10100
  1509 10100
  1510 10100
  1511 10101
  1512 10100
  1513 10100
  1514 10100
  1515 10100
  1516 10100
  1517 10100
  1518 10100
  1519 10100
  1520 10100
  1521 10100
  1522 10100
  1523 10100
  1524 10100
  1525 10100
  1526 10100
  1527 10100
  1528 10100
  1529 10100
  1530 10100
  1531 10100
  1532 10100
  1533 10100
  1534 10100
  1535 10100
  1536 10100
  1537 10100
  1538 10100
  1539 10100
  1540 10100
  1541 10100
  1542 10100
  1543 10100
  1544 10100
  1545 10100
  1546 10100
  1547 10100
  1548 10100
  1549 10100
  1550 10100
  1551 10100
  1552 10100
  1553 10100
  1554 10100
  1555 10100
  1556 10100
  1557 10100
  1558 10100
  1559 10100
  1560 10100
  1561 10100
  1562 10100
  1563 10100
  1564 10100
  1565 10100
  1566 10100
  1567 10100
  1568 10100
  1569 10100
  1570 10100
  1571 10100
  1572 10100
  1573 10100
  1574 10100
  1575 10100
  1576 10100
  1577 10100
  1578 10100
  1579 10100
  1580 10100
  1581 10100
  1582 10100
  1583 10100
  1584 10100
  1585 10100
  1586 10100
  1587 10100
  1588 10100
  1589 10100
  1590 10100
  1591 10100
  1592 10100
  1593 10100
  1594 10100
  1595 10100
  1596 10100
  1597 10100
  1598 10100
  1599 10100
  1600 10100
  1601 10100
  1602 10100
  1603 10100
  1604 10100
  1605 10100
  1606 10100
  1607 10100
  1608 10100
  1609 10100
  1610 10100
  1611 10100
  1612 10100
  1613 10100
  1614 10100
  1615 10100
  1616 10100
  1617 10100
  1618 10100
  1619 10100
  1620 10100
  1621 10100
  1622 10100
  1623 10100
  1624 10100
  1625 10100
  1626 10100
  1627 10100
  1628 10100
  1629 10100
  1630 10100
  1631 10100
  1632 10100
  1633 10100
  1634 10100
  1635 10100
  1636 10100
  1637 10080
  1638 10080
  1639 10080
  1641 10080
  1643 10100
  1644 10100
  1645 10100
  1646 10100
  1647 10100
  1648 10100
  1649 10100
  1650 10100
  1651 10100
  1652 10100
  1653 10100
  1654 10100
  1655 10100
  1656 10100
  1657 10100
  1658 10100
  1659 10100
  1660 10100
  1661 10100
  1662 10100
  1663 10100
  1664 10100
  1665 10100
  1666 10100
  1667 10100
  1668 10100
  1669 10100
  1670 10100
  1671 10100
  1672 10100
  1673 10100
  1674 10100
  1675 10100
  1676 10100
  1677 10100
  1678 10100
  1687 10080
  1688 10080
  1689 10080
  1690 10080
  1691 10080
  1692 10080
  1693 10080
  1694 10080
  1695 10100
  1696 10100
  1697 10100
  1698 10100
  1699 10100
  1700 10100
  1701 10100
  1702 10100
  1703 10100
  1704 10100
  1705 10100
  1706 10100
  1707 10100
  1708 10100
  1709 10100
  1710 10100
  1711 10100
  1712 10100
  1713 10100
  1714 10100
  1715 10100
  1716 10100
  1717 10100
  1718 10100
  1719 10100
  1720 10100
  1721 10100
  1722 10100
  1723 10100
  1724 10100
  1725 10100
  1726 10100
  1727 10100
  1728 10100
  1729 10100
  1730 10100
  1731 10100
  1732 10100
  1733 10100
  1734 10100
  1735 10100
  1736 10100
  1739 10100
  1740 10100
  1741 10100
  1742 10100
  1743 10100
  1744 10100
  1745 10100
  1746 10100
  1747 10100
  1748 10100
  1749 10100
  1750 10100
  1751 10100
  1752 10100
  1753 10100
  1754 10100
  1755 10100
  1756 10100
  1757 10100
  1758 10100
  1759 10100
  1760 10046
  1761 10080
  1762 10080
  1763 10080
  1764 10080
  1769 10134
  1770 10134
  1866 10100
  1867 10100
  1868 10100
  1869 10100
  1870 10100
  1871 10100
  1872 10100
  1873 10100
  1874 10100
  1875 10100
  1876 10100
  1877 10100
  1878 10100
  1879 10100
  1880 10100
  1881 10100
  1882 10100
  1883 10100
  1884 10100
  1885 10100
  1886 10100
  1887 10100
  1888 10100
  1889 10100
  1890 10100
  1891 10100
  1892 10100
  1893 10100
  1894 10100
  1895 10100
  1896 10100
  1897 10100
  1898 10100
  1899 10100
  1900 10100
  1901 10100
  1902 10100
  1903 10100
  1904 10100
  1905 10100
  1906 10100
  1907 10100
  1908 10100
  1909 10100
  1910 10100
  1911 10100
  1912 10100
  1913 10100
  1914 10100
  1915 10100
  1916 10100
  1917 10100
  1918 10100
  1919 10100
  1920 10100
  1921 10100
  1922 10100
  1923 10100
  1924 10100
  1925 10100
  1926 10100
  1927 10100
  1928 10100
  1929 10100
  1930 10100
  1931 10100
  1932 10100
  1933 10100
  1934 10100
  1935 10100
  1936 10100
  1937 10100
  1938 10100
  1939 10100
  1940 10100
  1941 10100
  1942 10100
  1943 10100
  1944 10100
  1945 10100
  1946 10100
  1947 10100
  1948 10100
  1949 10100
  1950 10100
  1951 10100
  1952 10100
  1953 10100
  1954 10100
  1955 10100
  1956 10100
  1957 10100
  1958 10100
  1959 10100
  1960 10100
  1961 10100
  1962 10100
  1963 10100
  1964 10100
  1965 10100
  1966 10100
  1967 10100
  1968 10100
  1969 10100
  1970 10100
  1971 10100
  1972 10100
  1973 10100
  1974 10100
  1975 10100
  1976 10100
  1977 10100
  1978 10100
  1979 10100
  1980 10100
  1981 10100
  1982 10100
  1983 10100
  1984 10100
  1985 10100
  1986 10100
  1987 10100
  1988 10100
  1989 10100
  1990 10100
  1991 10100
  1992 10100
  1993 10100
  1994 10100
  1995 10100
  1996 10100
  1997 10100
  1998 10100
  1999 10100
  2000 10100
  2001 10100
  2002 10100
  2003 10100
  2004 10100
  2005 10100
  2006 10100
  2007 10100
  2008 10100
  2009 10100
  2010 10100
  2011 10100
  2012 10100
  2013 10100
  2014 10100
  2015 10100
  2016 10100
  2017 10100
  2018 10100
  2019 10100
  2020 10100
  2022 10100
  2023 10100
  2024 10100
  2025 10100
  2026 10100
