   922 10158
   923 10084
   924 10084
   925 10158
   926 10158
   927 10084
   928 10084
   929 10084
   930 10084
   931 10158
   932 10158
   933 10158
   934 10158
   935 10158
   936 10158
   937 10158
   938 10158
   939 10158
   940 10158
   941 10158
   942 10084
   943 10084
   944 10158
   945 10158
   946 10158
   947 10158
   948 10158
   949 10158
   950 10158
   951 10158
   952 10158
   953 10158
   954 10084
   955 10084
   956 10084
   957 10084
   958 10084
   959 10158
   960 10084
   961 10158
   962 10084
   963 10084
   964 10084
   965 10084
   966 10084
   967 10084
   968 10084
   969 10084
   970 10084
   971 10084
   972 10084
   973 10084
   974 10084
   975 10084
   976 10084
   977 10084
   978 10084
   979 10084
   980 10084
   981 10084
   982 10084
   983 10084
   984 10084
   985 10084
   986 10084
   987 10084
   988 10084
   989 10084
   990 10084
   991 10084
   992 10084
   993 10084
   994 10084
   995 10084
   996 10084
   997 10084
   998 10040
   999 10084
  1000 10084
  1001 10084
  1002 10084
  1003 10158
  1004 10158
  1005 10158
  1006 10158
  1007 10158
  1008 10158
  1009 10158
  1010 10158
  1011 10084
  1012 10084
  1013 10084
  1014 10084
  1015 10084
  1016 10084
  1017 10084
  1018 10084
  1019 10084
  1020 10084
  1021 10084
  1022 10084
  1023 10084
  1024 10084
  1025 10084
  1026 10084
  1027 10084
  1028 10084
  1029 10084
  1030 10084
  1031 10084
  1032 10084
  1033 10018
  1034 10018
  1035 10084
  1036 10018
  1037 10018
  1038 10084
  1039 10084
  1040 10084
  1041 10084
  1042 10084
  1043 10084
  1044 10084
  1045 10158
  1046 10158
  1047 10158
  1048 10084
  1049 10158
  1050 10084
  1051 10084
  1052 10084
  1053 10084
  1054 10084
  1055 10084
  1056 10084
  1057 10084
  1058 10084
  1059 10084
  1060 10084
  1061 10084
  1062 10084
  1063 10084
  1064 10084
  1065 10084
  1066 10084
  1067 10084
  1068 10084
  1069 10084
  1070 10084
  1071 10084
  1072 10084
  1073 10084
  1074 10084
  1075 10084
  1076 10084
  1077 10084
  1078 10084
  1079 10084
  1080 10084
  1081 10084
  1082 10084
  1083 10084
  1084 10084
  1085 10084
  1086 10084
  1087 10084
  1088 10018
  1089 10018
  1090 10018
  1091 10018
  1092 10018
  1093 10018
  1094 10018
  1095 10018
  1096 10018
  1097 10018
  1098 10018
  1099 10018
  1100 10018
  1101 10018
  1102 10018
  1103 10018
  1104 10018
  1105 10018
  1106 10018
  1107 10018
  1108 10018
  1109 10018
  1110 10018
  1111 10084
  1112 10084
  1113 10084
  1114 10084
  1115 10040
  1116 10040
  1117 10040
  1118 10040
  1119 10040
  1120 10040
  1121 10040
  1122 10018
  1123 10018
  1124 10098
  1125 10098
  1126 10098
  1127 10098
  1128 10098
  1129 10098
  1130 10098
  1131 10098
  1132 10018
  1133 10018
  1134 10018
  1135 10084
  1136 10084
  1137 10084
  1138 10084
  1139 10018
  1140 10018
  1141 10018
  1142 10018
  1143 10084
  1144 10098
  1145 10040
  1146 10018
  1147 10018
  1148 10084
  1149 10084
  1150 10084
  1151 10084
  1152 10084
  1153 10084
  1154 10098
  1155 10084
  1156 10084
  1157 10084
  1158 10018
  1159 10018
  1160 10018
  1161 10018
  1162 10018
  1163 10018
  1164 10018
  1165 10040
  1166 10078
  1167 10018
  1168 10018
  1169 10158
  1170 10018
  1171 10018
  1172 10018
  1173 10018
  1174 10084
  1175 10084
  1176 10084
  1177 10084
  1178 10084
  1179 10084
  1180 10084
  1181 10084
  1182 10084
  1183 10084
  1184 10084
  1185 10098
  1186 10098
  1187 10098
  1188 10084
  1189 10084
  1190 10018
  1191 10158
  1192 10158
  1193 10158
  1194 10158
  1195 10158
  1196 10158
  1197 10158
  1198 10158
  1199 10158
  1200 10158
  1201 10084
  1202 10084
  1203 10158
  1204 10018
  1205 10018
  1206 10018
  1207 10018
  1208 10084
  1209 10084
  1210 10084
  1211 10084
  1212 10084
  1213 10084
  1214 10084
  1215 10084
  1216 10084
  1217 10084
  1218 10084
  1219 10018
  1220 10018
  1221 10018
  1222 10018
  1223 10018
  1224 10018
  1225 10018
  1226 10018
  1227 10018
  1228 10084
  1229 10084
  1230 10098
  1231 10098
  1232 10098
  1233 10098
  1234 10098
  1235 10098
  1236 10084
  1237 10084
  1238 10084
  1239 10084
  1240 10084
  1241 10084
  1242 10084
  1243 10084
  1244 10084
  1245 10084
  1246 10084
  1247 10084
  1248 10084
  1249 10084
  1250 10084
  1251 10084
  1252 10084
  1253 10084
  1254 10084
  1255 10084
  1256 10084
  1257 10084
  1258 10084
  1259 10084
  1260 10158
  1261 10158
  1262 10018
  1263 10158
  1264 10158
  1265 10018
  1266 10018
  1267 10018
  1268 10158
  1269 10018
  1270 10018
  1271 10018
  1272 10018
  1273 10018
  1274 10158
  1275 10018
  1276 10018
  1277 10018
  1278 10018
  1279 10018
  1280 10018
  1281 10018
  1282 10018
  1283 10018
  1284 10018
  1285 10018
  1286 10018
  1287 10018
  1288 10084
  1289 10018
  1290 10018
  1291 10018
  1292 10018
  1293 10018
  1294 10018
  1295 10018
  1296 10018
  1297 10018
  1298 10018
  1299 10018
  1300 10018
  1301 10018
  1302 10018
  1303 10018
  1304 10018
  1305 10018
  1306 10018
  1307 10018
  1308 10018
  1309 10018
  1310 10018
  1311 10018
  1312 10018
  1313 10018
  1314 10084
  1315 10084
  1316 10084
  1317 10084
  1318 10084
  1319 10084
  1320 10084
  1321 10084
  1322 10084
  1323 10084
  1324 10084
  1325 10084
  1326 10084
  1327 10084
  1328 10084
  1329 10018
  1330 10084
  1331 10018
  1332 10018
  1333 10018
  1334 10018
  1335 10018
  1336 10084
  1337 10158
  1338 10018
  1339 10018
  1340 10018
  1341 10018
  1342 10084
  1343 10018
  1344 10084
  1345 10055
  1346 10084
  1347 10084
  1348 10084
  1349 10084
  1350 10084
  1351 10084
  1352 10084
  1353 10084
  1354 10084
  1355 10084
  1356 10098
  1357 10084
  1358 10084
  1359 10084
  1360 10084
  1361 10084
  1362 10084
  1363 10084
  1364 10018
  1365 10018
  1366 10055
  1367 10018
  1368 10106
  1369 10106
  1372 10106
  1373 10078
  1374 10098
  1375 10106
  1377 10098
  1383 10084
  1384 10084
  1385 10084
  1386 10018
  1387 10018
  1388 10018
  1389 10018
  1390 10018
  1391 10158
  1392 10158
  1393 10158
  1394 10158
  1397 10040
  1399 10040
  1400 10040
  1401 10040
  1402 10040
  1403 10040
  1404 10040
  1405 10040
  1410 10040
  1411 10040
  1412 10040
  1414 10040
  1415 10040
  1419 10040
  1420 10040
  1421 10040
  1422 10040
  1423 10040
  1424 10040
  1425 10040
  1426 10040
  1427 10040
  1428 10040
  1429 10040
  1430 10040
  1431 10040
  1432 10106
  1433 10106
  1434 10040
  1435 10040
  1436 10040
  1437 10040
  1438 10040
  1439 10040
  1440 10040
  1441 10018
  1442 10040
  1443 10040
  1444 10040
  1445 10040
  1446 10040
  1447 10040
  1449 10078
  1450 10078
  1451 10078
  1452 10078
  1453 10078
  1454 10106
  1455 10106
  1456 10078
  1457 10078
  1458 10078
  1459 10078
  1460 10078
  1461 10078
  1462 10078
  1463 10078
  1464 10078
  1465 10078
  1466 10078
  1467 10078
  1468 10078
  1469 10078
  1470 10078
  1471 10078
  1472 10078
  1473 10078
  1474 10078
  1475 10078
  1476 10098
  1477 10084
  1478 10098
  1479 10084
  1480 10084
  1481 10084
  1482 10018
  1483 10084
  1484 10084
  1485 10084
  1486 10084
  1487 10084
  1488 10084
  1489 10084
  1490 10084
  1491 10084
  1492 10084
  1493 10084
  1494 10084
  1495 10084
  1497 10018
  1498 10018
  1499 10018
  1500 10018
  1501 10018
  1502 10018
  1503 10018
  1504 10018
  1505 10018
  1506 10018
  1507 10158
  1508 10158
  1509 10018
  1510 10018
  1511 10018
  1512 10018
  1513 10018
  1514 10158
  1515 10018
  1516 10158
  1517 10158
  1518 10158
  1519 10158
  1520 10158
  1521 10158
  1522 10018
  1523 10018
  1524 10158
  1525 10158
  1526 10158
  1527 10158
  1528 10158
  1529 10158
  1530 10158
  1531 10018
  1532 10084
  1533 10084
  1534 10018
  1535 10018
  1536 10055
  1537 10084
  1538 10018
  1539 10084
  1540 10084
  1541 10084
  1542 10084
  1543 10084
  1544 10018
  1545 10084
  1546 10084
  1547 10084
  1548 10084
  1549 10084
  1550 10018
  1551 10084
  1552 10084
  1553 10084
  1554 10084
  1555 10084
  1556 10084
  1557 10098
  1558 10084
  1562 10018
  1563 10084
  1564 10084
  1565 10084
  1566 10084
  1567 10084
  1568 10084
  1569 10018
  1570 10084
  1571 10084
  1572 10084
  1573 10084
  1574 10084
  1575 10084
  1576 10084
  1577 10084
  1578 10084
  1579 10084
  1580 10084
  1581 10098
  1582 10158
  1583 10084
  1584 10084
  1585 10084
  1586 10084
  1587 10084
  1588 10084
  1589 10084
  1590 10084
  1591 10084
  1592 10084
  1593 10084
  1594 10084
  1595 10084
  1596 10084
  1597 10084
  1598 10084
  1599 10084
  1600 10084
  1601 10084
  1602 10084
  1603 10084
  1604 10084
  1605 10084
  1606 10084
  1607 10084
  1608 10084
  1609 10084
  1610 10084
  1611 10084
  1612 10084
  1613 10084
  1614 10084
  1615 10084
  1616 10084
  1617 10084
  1618 10084
  1619 10084
  1620 10084
  1621 10084
  1622 10084
  1623 10084
  1624 10084
  1625 10084
  1626 10084
  1627 10084
  1628 10084
  1629 10084
  1630 10084
  1631 10084
  1632 10084
  1633 10084
  1634 10084
  1635 10084
  1636 10084
  1637 10084
  1638 10084
  1639 10084
  1640 10084
  1641 10084
  1642 10084
  1643 10084
  1644 10084
  1645 10084
  1646 10084
  1647 10084
  1648 10084
  1649 10084
  1650 10084
  1651 10084
  1652 10084
  1653 10084
  1654 10084
  1655 10084
  1656 10084
  1657 10084
  1658 10084
  1659 10084
  1660 10084
  1661 10084
  1662 10084
  1663 10084
  1664 10084
  1665 10084
  1666 10084
  1667 10084
  1668 10084
  1669 10084
  1670 10084
  1671 10084
  1672 10084
  1673 10084
  1674 10084
  1675 10084
  1676 10084
  1677 10084
  1678 10084
  1679 10084
  1680 10084
  1681 10084
  1682 10018
  1683 10018
  1684 10084
  1685 10078
  1686 10078
  1687 10078
  1688 10078
  1689 10078
  1690 10078
  1691 10078
  1692 10078
  1693 10040
  1694 10084
  1695 10084
  1696 10084
  1697 10084
  1698 10084
  1699 10084
  1700 10084
  1701 10084
  1702 10084
  1703 10084
  1704 10084
  1705 10084
  1706 10084
  1707 10084
  1708 10084
  1709 10084
  1710 10084
  1711 10084
  1712 10084
  1713 10084
  1714 10084
  1715 10084
  1716 10084
  1717 10084
  1718 10084
  1719 10084
  1720 10084
  1721 10084
  1722 10084
  1723 10084
  1724 10084
  1725 10084
  1726 10084
  1727 10084
  1728 10084
  1729 10084
  1730 10084
  1731 10084
  1732 10084
  1733 10084
  1734 10084
  1735 10084
  1736 10084
  1737 10084
  1738 10084
  1739 10084
  1740 10084
  1741 10084
  1742 10084
  1743 10084
  1744 10084
  1745 10018
  1746 10018
  1747 10018
  1748 10018
  1749 10018
  1750 10084
  1751 10084
  1752 10084
  1753 10084
  1754 10084
  1755 10084
  1756 10084
  1757 10084
  1758 10084
  1759 10040
  1760 10040
  1761 10084
  1762 10084
  1763 10084
  1764 10018
  1765 10018
  1766 10018
  1767 10084
  1768 10084
  1769 10084
  1770 10084
  1771 10098
  1772 10098
  1773 10098
  1774 10098
  1775 10084
  1776 10084
  1777 10084
  1778 10084
  1779 10084
  1780 10084
  1781 10084
  1782 10084
  1783 10084
  1784 10040
  1785 10040
  1786 10040
  1787 10040
  1788 10040
  1789 10040
  1790 10040
  1791 10040
  1792 10040
  1793 10040
  1794 10040
  1795 10040
  1796 10040
  1797 10040
  1798 10040
  1799 10040
  1800 10040
  1802 10040
  1804 10040
  1805 10040
  1806 10040
  1807 10106
  1808 10040
  1809 10106
  1812 10040
  1816 10040
  1817 10040
  1818 10040
  1819 10040
  1821 10040
  1823 10040
  1824 10040
  1825 10040
  1826 10040
  1827 10040
  1828 10040
  1830 10040
  1831 10040
  1832 10040
  1833 10040
  1834 10040
  1835 10040
  1836 10040
  1837 10040
  1838 10040
  1839 10040
  1840 10040
  1841 10098
  1842 10040
  1843 10098
  1844 10098
  1845 10098
  1846 10084
  1847 10084
  1848 10084
  1849 10084
  1850 10084
  1851 10084
  1852 10158
  1853 10158
  1854 10158
  1855 10084
  1856 10084
  1857 10084
  1858 10084
  1859 10084
  1860 10084
  1861 10084
  1862 10040
  1863 10084
  1864 10040
  1865 10040
  1866 10040
  1867 10018
  1910 10092
  1912 10092
  1913 10092
  1914 10092
  1915 10092
  1916 10092
  1917 10092
  1918 10092
  1919 10092
  1920 10092
  1923 10092
  1924 10092
  1925 10092
  1926 10092
  1927 10092
  1929 10092
  1930 10092
  1931 10092
  1932 10092
  1933 10092
  1934 10092
  1935 10092
  1952 10092
  1955 10092
  1976 10092
  1977 10092
  1978 10092
  1979 10092
  1990 10092
  1997 10094
