   686 10029
   687 10029
   690 10007
   691 10007
   692 10007
   693 10007
   694 10007
   695 10007
   696 10007
   697 10007
   698 10007
   699 10007
   700 10007
   701 10007
   702 10007
   703 10007
   704 10007
   705 10007
   706 10007
   707 10007
   708 10007
   709 10007
   710 10007
   711 10007
   712 10007
   713 10007
   714 10007
   715 10007
   716 10007
   717 10007
   718 10007
   719 10007
   720 10007
   721 10007
   722 10007
   723 10007
   724 10007
   725 10007
   726 10007
   727 10007
   728 10007
   729 10007
   730 10007
   731 10007
   732 10007
   733 10007
   734 10007
   735 10007
   736 10007
   737 10007
   738 10007
   739 10007
   740 10007
   741 10007
   742 10007
   743 10007
   744 10007
   745 10007
   746 10007
   747 10007
   748 10007
   749 10007
   750 10007
   751 10007
   752 10007
   753 10007
   754 10007
   755 10007
   756 10007
   757 10007
   758 10007
   759 10007
   760 10007
   761 10007
   762 10007
   763 10007
   764 10007
   765 10007
   766 10007
   767 10007
   768 10007
   769 10007
   770 10007
   771 10007
   772 10007
   773 10007
   774 10007
   775 10007
   776 10007
   777 10007
   778 10007
   779 10007
   780 10007
   781 10007
   782 10007
   783 10007
   784 10007
   785 10007
   786 10007
   787 10007
   788 10007
   789 10007
   790 10007
   791 10007
   792 10007
   793 10007
   794 10007
   795 10007
   796 10007
   797 10007
   798 10007
   799 10007
   800 10007
   801 10007
   802 10007
   803 10007
   804 10007
   805 10007
   806 10007
   807 10007
   808 10007
   809 10007
   810 10007
   811 10007
   812 10007
   813 10007
   814 10007
   815 10007
   816 10007
   817 10007
   818 10007
   819 10007
   820 10007
   821 10007
   822 10007
   823 10007
   824 10007
   825 10007
   826 10007
   827 10007
   828 10007
   829 10007
   830 10007
   831 10007
   832 10007
   833 10007
   834 10007
   835 10007
   836 10007
   837 10007
   838 10007
   839 10007
   840 10007
   841 10007
   842 10007
   843 10007
   844 10007
   845 10007
   846 10007
   847 10007
   848 10007
   849 10007
   850 10007
   851 10007
   852 10007
   853 10007
   854 10007
   855 10007
   856 10007
   857 10007
   858 10007
   859 10007
   860 10007
   861 10007
   862 10007
   863 10007
   864 10007
   865 10007
   866 10007
   867 10007
   868 10007
   869 10007
   870 10007
   871 10007
   872 10007
   873 10007
   874 10007
   875 10007
   876 10007
   877 10007
   878 10007
   879 10007
   880 10007
   881 10007
   882 10007
   883 10007
   884 10007
   885 10007
   886 10007
   887 10007
   888 10007
   889 10007
   890 10007
   891 10007
   892 10007
   893 10007
   894 10007
   895 10007
   896 10007
   897 10007
   898 10007
   899 10007
   900 10007
   901 10007
   902 10007
   903 10007
   904 10007
   905 10007
   906 10007
   907 10007
   908 10007
   909 10007
   910 10007
   911 10007
   912 10007
   913 10007
   914 10007
   915 10007
   916 10007
   917 10007
   918 10007
   919 10007
   920 10007
   921 10007
   922 10007
   923 10007
   924 10007
   925 10007
   926 10007
   927 10007
   928 10007
   929 10007
   930 10007
   931 10007
   932 10007
   933 10007
   934 10007
   935 10007
   936 10007
   937 10007
   938 10007
   939 10007
   940 10007
   941 10007
   942 10007
   943 10007
   944 10007
   945 10007
   946 10007
   947 10007
   948 10007
   949 10007
   950 10007
   951 10007
   952 10007
   953 10007
   954 10007
   955 10007
   956 10007
   957 10007
   958 10007
   959 10007
   960 10007
   961 10007
   962 10007
   963 10007
   964 10007
   965 10007
   966 10007
   967 10007
   968 10007
   969 10007
   970 10007
   971 10007
   972 10007
   973 10007
   974 10007
   975 10007
   976 10007
   977 10007
   978 10007
   979 10007
   980 10007
   981 10007
   982 10007
   983 10007
   984 10007
   985 10007
   986 10007
   987 10007
   988 10007
   989 10007
   990 10007
   991 10007
   992 10007
   993 10007
   994 10007
   995 10007
   996 10007
   997 10007
   998 10007
   999 10007
  1000 10007
  1001 10007
  1002 10007
  1003 10007
  1004 10007
  1005 10007
  1006 10007
  1007 10007
  1008 10007
  1009 10007
  1010 10007
  1011 10007
  1012 10007
  1013 10007
  1014 10007
  1015 10007
  1016 10007
  1017 10007
  1018 10007
  1019 10007
  1020 10007
  1021 10029
  1022 10029
  1023 10029
  1024 10029
  1025 10029
  1026 10029
  1027 10029
  1028 10029
  1029 10029
  1030 10029
  1031 10029
  1032 10029
  1033 10029
  1034 10029
  1035 10029
  1036 10029
  1037 10029
  1038 10029
  1039 10029
  1040 10029
  1041 10029
  1042 10029
  1043 10029
  1044 10029
  1045 10029
  1046 10029
  1047 10029
  1048 10029
  1049 10029
  1050 10029
  1051 10029
  1052 10029
  1053 10029
  1054 10029
  1055 10029
  1056 10029
  1057 10029
  1058 10029
  1059 10029
  1060 10029
  1061 10029
  1062 10029
  1063 10029
  1064 10029
  1065 10029
  1066 10029
  1067 10029
  1068 10029
  1069 10029
  1070 10029
  1071 10029
  1072 10029
  1073 10029
  1074 10029
  1075 10029
  1076 10029
  1077 10029
  1078 10029
  1079 10029
  1080 10029
  1081 10029
  1082 10029
  1083 10029
  1084 10029
  1085 10029
  1086 10029
  1087 10029
  1088 10029
  1089 10029
  1090 10029
  1091 10029
  1092 10029
  1093 10029
  1094 10029
  1095 10029
  1096 10029
  1097 10029
  1098 10029
  1099 10029
  1100 10029
  1101 10029
  1102 10029
  1103 10029
  1104 10029
  1105 10029
  1106 10029
  1107 10029
  1108 10029
  1109 10029
  1110 10029
  1111 10029
  1112 10029
  1113 10029
  1114 10029
  1115 10029
  1116 10029
  1117 10029
  1118 10029
  1119 10029
  1120 10029
  1121 10029
  1122 10029
  1123 10029
  1124 10029
  1125 10029
  1126 10029
  1127 10029
  1128 10029
  1129 10029
  1130 10029
  1131 10029
  1132 10029
  1133 10029
  1134 10029
  1135 10029
  1136 10029
  1137 10029
  1138 10029
  1139 10029
  1140 10029
  1141 10029
  1142 10029
  1143 10029
  1144 10029
  1145 10029
  1146 10029
  1147 10029
  1148 10029
  1149 10029
  1150 10029
  1151 10029
  1152 10029
  1153 10029
  1154 10029
  1155 10029
  1156 10029
  1157 10029
  1158 10029
  1159 10029
  1160 10029
  1161 10029
  1162 10029
  1163 10029
  1164 10029
  1165 10029
  1166 10029
  1167 10029
  1168 10029
  1169 10029
  1170 10029
  1171 10029
  1172 10029
  1173 10029
  1174 10029
  1175 10029
  1176 10029
  1177 10029
  1178 10029
  1179 10029
  1180 10029
  1181 10029
  1182 10029
  1183 10029
  1184 10029
  1185 10029
  1186 10029
  1187 10029
  1188 10029
  1189 10029
  1190 10029
  1191 10029
  1192 10029
  1193 10029
  1194 10029
  1195 10029
  1196 10029
  1197 10029
  1198 10029
  1199 10029
  1200 10029
  1201 10029
  1202 10029
  1203 10029
  1204 10029
  1205 10029
  1206 10029
  1207 10029
  1208 10029
  1209 10029
  1210 10029
  1211 10029
  1212 10029
  1213 10029
  1214 10029
  1215 10029
  1216 10029
  1217 10029
  1218 10029
  1219 10029
  1220 10029
  1221 10029
  1222 10029
  1223 10029
  1224 10029
  1225 10029
  1226 10029
  1227 10029
  1228 10029
  1229 10029
  1230 10029
  1231 10029
  1232 10029
  1233 10029
  1234 10029
  1235 10029
  1236 10029
  1237 10029
  1238 10029
  1239 10029
  1240 10029
  1241 10029
  1242 10029
  1243 10029
  1244 10029
  1245 10029
  1246 10029
  1247 10029
  1248 10029
  1249 10029
  1250 10029
  1251 10029
  1252 10029
  1253 10029
  1254 10029
  1255 10029
  1256 10029
  1257 10029
  1258 10029
  1259 10029
  1260 10029
  1261 10029
  1262 10029
  1263 10007
  1264 10007
  1265 10007
  1266 10137
  1267 10137
  1268 10137
  1269 10137
  1270 10137
  1271 10137
  1272 10112
  1273 10112
  1274 10007
  1283 10105
  1290 10146
  1292 10146
  1325 10105
  1326 10105
  1329 10105
  1372 10101
  1373 10101
  1374 10101
  1381 10101
  1382 10101
  1383 10061
  1384 10169
  1385 10169
  1386 10169
  1387 10169
  1388 10169
  1389 10169
  1390 10169
  1391 10169
  1392 10169
  1393 10169
  1394 10169
  1395 10169
  1396 10169
  1397 10169
  1398 10169
  1399 10169
  1400 10169
  1401 10169
  1402 10169
  1403 10169
  1404 10169
  1405 10169
  1406 10169
  1407 10169
  1408 10169
  1409 10169
  1410 10169
  1411 10169
  1412 10169
  1413 10169
  1414 10169
  1415 10169
  1416 10169
  1417 10169
  1418 10169
  1419 10169
  1420 10169
  1421 10169
  1422 10169
  1423 10169
  1424 10169
  1425 10169
  1426 10169
  1427 10169
  1428 10169
  1429 10169
  1430 10169
  1431 10169
  1432 10169
  1433 10169
  1434 10169
  1435 10169
  1436 10169
  1437 10169
  1438 10169
  1439 10169
  1440 10169
  1441 10169
  1442 10169
  1443 10169
  1444 10169
  1445 10169
  1446 10169
  1447 10169
  1448 10169
  1449 10169
  1450 10169
  1451 10169
  1452 10169
  1453 10169
  1454 10169
  1455 10169
  1456 10169
  1457 10169
  1458 10169
  1459 10169
  1460 10169
  1461 10169
  1462 10169
  1463 10169
  1464 10169
  1465 10169
  1466 10169
  1467 10169
  1468 10169
  1469 10169
  1470 10169
  1471 10169
  1472 10169
  1473 10169
  1474 10169
  1475 10169
  1476 10169
  1477 10169
  1478 10169
  1479 10169
  1480 10169
  1481 10169
  1482 10169
  1483 10169
  1484 10169
  1485 10169
  1486 10169
  1487 10169
  1488 10169
  1489 10169
  1490 10169
  1491 10169
  1492 10169
  1493 10169
  1494 10169
  1495 10169
  1496 10169
  1497 10169
  1498 10169
  1499 10169
  1500 10169
  1501 10169
  1502 10169
  1503 10169
  1504 10169
  1505 10169
  1506 10169
  1507 10169
  1508 10169
  1509 10169
  1510 10169
  1511 10169
  1512 10169
  1513 10169
  1514 10169
  1515 10169
  1516 10169
  1517 10169
  1518 10169
  1519 10169
  1520 10169
  1521 10169
  1522 10169
  1523 10169
  1524 10169
  1525 10169
  1526 10169
  1527 10169
  1528 10169
  1529 10169
  1530 10169
  1531 10169
  1532 10169
  1533 10169
  1534 10169
  1535 10169
  1536 10169
  1537 10169
  1538 10169
  1539 10169
  1540 10169
  1541 10169
  1542 10169
  1543 10169
  1544 10169
  1545 10169
  1546 10169
  1547 10169
  1548 10169
  1549 10169
  1550 10169
  1551 10169
  1552 10169
  1553 10169
  1554 10169
  1555 10169
  1556 10169
  1557 10169
  1558 10169
  1559 10169
  1560 10169
  1561 10169
  1562 10169
  1563 10169
  1564 10169
  1565 10169
  1566 10169
  1567 10169
  1568 10169
  1569 10169
  1570 10169
  1571 10169
  1572 10169
  1573 10169
  1574 10169
  1575 10169
  1576 10169
  1577 10169
  1578 10169
  1579 10169
  1580 10169
  1581 10169
  1582 10169
  1583 10169
  1584 10169
  1585 10169
  1586 10169
  1587 10169
  1588 10169
  1589 10169
  1590 10169
  1591 10169
  1592 10169
  1593 10169
  1594 10169
  1595 10169
  1596 10169
  1597 10169
  1598 10169
  1599 10169
  1600 10169
  1601 10169
  1602 10169
  1603 10169
  1604 10169
  1605 10169
  1606 10169
  1607 10169
  1608 10169
  1609 10169
  1610 10169
  1611 10169
  1612 10169
  1613 10169
  1614 10169
  1615 10169
  1616 10169
  1617 10169
  1618 10169
  1619 10169
  1620 10169
  1623 10098
  1624 10098
  1625 10098
  1626 10098
  1628 10106
  1629 10106
  1630 10101
  1631 10101
  1632 10101
  1633 10101
  1634 10101
  1635 10101
  1636 10101
  1637 10101
  1638 10101
  1639 10101
  1640 10101
  1641 10101
  1642 10101
  1643 10101
  1644 10101
  1645 10101
  1646 10101
  1647 10101
  1648 10101
  1649 10101
  1650 10101
  1651 10101
  1652 10101
  1653 10101
  1654 10101
  1655 10101
  1656 10101
  1657 10101
  1658 10101
  1659 10101
  1660 10101
  1661 10101
  1662 10101
  1663 10101
  1664 10101
  1665 10101
  1666 10101
  1667 10101
  1668 10101
  1669 10101
  1670 10101
  1671 10101
  1672 10101
  1673 10101
  1674 10101
  1675 10101
  1676 10101
  1677 10101
  1678 10101
  1679 10101
  1680 10101
  1681 10101
  1682 10101
  1683 10101
  1684 10101
  1685 10101
  1686 10101
  1687 10101
  1688 10101
  1689 10101
  1690 10101
  1691 10101
  1692 10101
  1693 10101
  1694 10101
  1695 10101
  1696 10101
  1697 10101
  1698 10101
  1699 10101
  1700 10101
  1701 10101
  1702 10101
  1703 10101
  1704 10101
  1705 10101
  1706 10101
  1707 10101
  1708 10101
  1709 10101
  1710 10101
  1711 10101
  1712 10101
  1713 10101
  1714 10101
  1715 10101
  1716 10101
  1717 10101
  1718 10101
  1719 10101
  1720 10101
  1721 10101
  1722 10101
  1723 10101
  1724 10101
  1725 10101
  1726 10101
  1727 10101
  1728 10101
  1729 10101
  1730 10101
  1731 10101
  1732 10101
  1733 10101
  1734 10101
  1735 10101
  1736 10101
  1737 10101
  1738 10101
  1739 10101
  1740 10101
  1741 10101
  1742 10101
  1743 10101
  1744 10101
  1745 10101
  1746 10101
  1747 10101
  1748 10101
  1749 10101
  1750 10101
  1751 10101
  1752 10101
  1753 10101
  1754 10101
  1755 10101
  1756 10101
  1757 10101
  1758 10101
  1759 10101
  1760 10101
  1761 10101
  1762 10101
  1763 10101
  1764 10101
  1765 10101
  1766 10101
  1767 10101
  1768 10101
  1769 10101
  1770 10101
  1771 10101
  1772 10101
  1773 10101
  1774 10101
  1775 10101
  1776 10101
  1777 10101
  1778 10101
  1779 10101
  1780 10101
  1781 10101
  1782 10101
  1783 10101
  1784 10101
  1785 10101
  1786 10101
  1787 10101
  1788 10101
  1789 10101
  1790 10101
  1791 10101
  1792 10101
  1793 10101
  1794 10101
  1795 10101
  1796 10101
  1797 10101
  1798 10101
  1799 10101
  1800 10101
  1801 10101
  1802 10101
  1803 10101
  1804 10101
  1805 10101
  1806 10101
  1807 10101
  1808 10101
  1809 10101
  1810 10101
  1811 10101
  1812 10101
  1813 10101
  1814 10101
  1815 10101
  1816 10101
  1817 10101
  1818 10101
  1819 10101
  1820 10101
  1821 10101
  1822 10101
  1823 10101
  1824 10101
  1825 10101
  1826 10101
  1827 10101
  1828 10101
  1829 10101
  1830 10101
  1831 10101
  1832 10101
  1833 10101
  1834 10101
  1835 10101
  1836 10101
  1837 10101
  1838 10101
  1839 10101
  1840 10101
  1841 10101
  1842 10101
  1843 10101
  1844 10101
  1845 10101
  1846 10101
  1847 10101
  1848 10101
  1849 10101
  1850 10101
  1851 10101
  1852 10101
  1853 10101
  1854 10101
  1855 10101
  1856 10101
  1857 10101
  1858 10101
  1859 10101
  1863 10115
  1864 10096
  1865 10096
  1866 10096
  1867 10096
  1868 10096
  1869 10096
  1870 10096
  1871 10096
  1872 10096
  1873 10096
  1874 10096
  1875 10096
  1876 10096
  1877 10096
  1878 10096
  1879 10096
  1880 10096
  1881 10096
  1882 10096
  1883 10096
  1884 10096
  1885 10096
  1886 10096
  1887 10096
  1888 10096
  1889 10096
  1890 10096
  1891 10096
  1892 10096
  1893 10096
  1894 10096
  1895 10096
  1896 10096
  1897 10096
  1898 10096
  1899 10096
  1900 10096
  1901 10096
  1902 10096
  1903 10096
  1904 10096
  1905 10096
  1906 10096
  1907 10096
  1908 10096
  1909 10096
  1910 10096
  1911 10096
  1912 10096
  1913 10096
  1914 10096
  1915 10096
  1916 10096
  1917 10096
  1918 10096
  1919 10096
  1920 10096
  1921 10096
  1922 10096
  1923 10096
  1924 10096
  1925 10096
  1926 10096
  1927 10096
  1928 10096
  1929 10096
  1930 10096
  1931 10096
  1932 10096
  1933 10096
  1934 10096
  1935 10096
  1936 10096
  1937 10096
  1938 10096
  1939 10096
  1940 10096
  1941 10096
  1942 10096
  1943 10096
  1944 10096
  1945 10096
  1946 10096
  1947 10096
  1948 10096
  1949 10096
  1950 10096
  1951 10096
  1952 10096
  1953 10096
  1954 10096
  1955 10096
  1956 10096
  1957 10096
  1958 10096
  1959 10096
  1960 10096
  1961 10096
  1962 10096
  1963 10096
  1964 10096
  1965 10096
  1966 10096
  1967 10096
  1968 10096
  1969 10096
  1970 10096
  1971 10096
  1972 10096
  1973 10096
  1974 10096
  1975 10096
  1976 10096
  1977 10096
  1978 10096
  1979 10096
  1980 10096
  1981 10096
  1982 10096
  1983 10096
  1984 10096
  1985 10096
  1986 10096
  1987 10096
  1988 10096
  1989 10096
  1990 10096
  1991 10096
  1992 10096
  1993 10096
  1994 10096
  1995 10096
  1996 10096
  1997 10096
  1998 10096
  1999 10096
  2000 10096
  2001 10096
  2002 10096
  2003 10096
  2004 10096
  2005 10096
  2006 10096
  2007 10096
  2008 10096
  2009 10096
  2010 10096
  2011 10096
  2012 10096
  2013 10096
  2014 10096
  2015 10096
  2016 10096
  2017 10096
  2018 10096
  2019 10096
  2020 10096
  2022 10111
  2023 10111
  2024 10111
  2028 10137
  2034 10007
  2035 10007
  2036 10007
  2037 10007
  2038 10007
  2039 10007
  2040 10007
  2041 10007
  2042 10007
