   690 10059
   691 10059
   692 10059
   693 10059
   694 10059
   695 10059
   696 10059
   697 10059
   698 10059
   699 10059
   700 10059
   701 10059
   702 10059
   703 10059
   704 10059
   705 10059
   706 10059
   707 10059
   708 10059
   709 10059
   710 10059
   711 10059
   712 10059
   713 10059
   714 10059
   715 10059
   716 10059
   717 10059
   718 10059
   719 10059
   720 10059
   721 10059
   722 10059
   723 10059
   724 10059
   725 10059
   726 10059
   727 10059
   728 10059
   729 10059
   730 10059
   731 10059
   732 10059
   733 10059
   734 10059
   735 10059
   736 10059
   737 10059
   738 10059
   739 10059
   740 10059
   741 10059
   742 10059
   743 10059
   744 10059
   745 10059
   746 10059
   747 10059
   748 10059
   749 10059
   750 10059
   751 10059
   752 10059
   753 10059
   754 10059
   755 10059
   756 10059
   757 10059
   758 10059
   759 10059
   760 10059
   761 10059
   762 10059
   763 10059
   764 10059
   765 10059
   766 10059
   767 10059
   768 10059
   769 10059
   770 10059
   771 10059
   772 10059
   773 10059
   774 10059
   775 10059
   776 10059
   777 10059
   778 10059
   779 10059
   780 10059
   781 10154
   782 10154
   783 10154
   784 10154
   785 10085
   786 10085
   787 10085
   788 10085
   789 10156
   790 10156
   791 10156
   792 10156
   793 10156
   794 10156
   795 10156
   796 10156
   797 10156
   798 10156
   799 10156
   800 10156
   801 10156
   802 10156
   803 10156
   804 10156
   805 10156
   806 10156
   807 10156
   808 10156
   809 10156
   810 10156
   811 10156
   812 10156
   813 10156
   814 10156
   815 10156
   816 10156
   817 10156
   818 10156
   819 10156
   820 10156
   821 10156
   822 10156
   823 10156
   824 10156
   825 10156
   826 10156
   827 10156
   828 10156
   829 10156
   830 10156
   831 10156
   832 10156
   833 10156
   834 10156
   835 10156
   836 10156
   837 10156
   838 10156
   839 10156
   840 10156
   841 10156
   842 10156
   843 10156
   844 10156
   845 10156
   846 10156
   847 10156
   848 10156
   849 10156
   850 10156
   851 10156
   852 10156
   853 10156
   854 10156
   855 10156
   856 10156
   857 10156
   858 10156
   859 10156
   860 10156
   861 10156
   862 10156
   863 10156
   864 10156
   865 10156
   866 10156
   867 10156
   868 10156
   869 10156
   870 10156
   871 10156
   872 10156
   873 10156
   874 10156
   875 10156
   876 10156
   877 10156
   878 10156
   879 10156
   880 10156
   881 10156
   882 10156
   883 10156
   884 10156
   885 10156
   886 10156
   887 10156
   888 10156
   889 10156
   890 10156
   891 10156
   892 10156
   893 10156
   894 10156
   895 10156
   896 10156
   897 10156
   898 10156
   899 10156
   900 10156
   901 10156
   902 10156
   903 10156
   904 10156
   905 10156
   906 10156
   907 10156
   908 10156
   909 10156
   910 10156
   911 10156
   912 10156
   913 10156
   914 10156
   915 10156
   916 10156
   917 10156
   918 10156
   919 10156
   920 10156
   921 10156
   922 10156
   923 10156
   924 10156
   925 10156
   926 10156
   927 10156
   928 10156
   929 10156
   930 10156
   931 10156
   932 10156
   933 10156
   934 10156
   935 10156
   936 10156
   937 10156
   938 10156
   939 10156
   940 10156
   941 10156
   942 10156
   943 10156
   944 10156
   945 10156
   946 10156
   947 10156
   948 10156
   949 10156
   950 10156
   951 10156
   952 10156
   953 10156
   954 10156
   955 10156
   956 10156
   957 10156
   958 10156
   959 10156
   960 10156
   961 10156
   962 10156
   963 10156
   964 10156
   965 10156
   966 10156
   967 10156
   968 10156
   969 10156
   970 10156
   971 10156
   972 10156
   973 10156
   974 10156
   975 10156
   976 10156
   977 10156
   978 10156
   979 10156
   980 10156
   981 10156
   982 10156
   983 10156
   984 10156
   985 10156
   986 10156
   987 10156
   988 10156
   989 10156
   990 10156
   991 10156
   992 10156
   993 10156
   994 10156
   995 10156
   996 10156
   997 10156
   998 10156
   999 10156
  1000 10156
  1001 10156
  1002 10156
  1003 10156
  1004 10156
  1005 10156
  1006 10156
  1007 10156
  1008 10156
  1009 10156
  1010 10156
  1011 10156
  1012 10156
  1013 10156
  1014 10156
  1015 10156
  1016 10156
  1017 10156
  1018 10156
  1019 10156
  1020 10156
  1022 10088
  1023 10088
  1024 10088
  1025 10088
  1026 10088
  1027 10088
  1028 10088
  1029 10088
  1030 10088
  1031 10088
  1032 10088
  1033 10088
  1034 10088
  1035 10088
  1036 10088
  1037 10088
  1038 10088
  1039 10088
  1040 10088
  1041 10088
  1042 10088
  1043 10088
  1044 10088
  1045 10088
  1046 10088
  1047 10088
  1048 10088
  1049 10088
  1050 10088
  1051 10088
  1052 10088
  1053 10088
  1054 10088
  1055 10088
  1056 10088
  1057 10088
  1058 10088
  1059 10088
  1060 10088
  1061 10088
  1062 10088
  1063 10088
  1064 10088
  1065 10088
  1066 10088
  1067 10088
  1068 10088
  1069 10088
  1070 10088
  1071 10088
  1072 10088
  1073 10088
  1074 10088
  1075 10088
  1076 10088
  1077 10088
  1078 10088
  1079 10088
  1080 10088
  1081 10088
  1082 10088
  1083 10088
  1084 10088
  1085 10088
  1086 10088
  1087 10088
  1088 10088
  1089 10088
  1090 10088
  1091 10088
  1092 10088
  1093 10088
  1094 10088
  1095 10088
  1096 10088
  1097 10088
  1098 10088
  1099 10088
  1100 10088
  1101 10088
  1102 10088
  1103 10088
  1104 10088
  1105 10088
  1106 10088
  1107 10088
  1108 10088
  1109 10088
  1110 10088
  1111 10088
  1112 10088
  1113 10088
  1114 10088
  1115 10088
  1116 10088
  1117 10088
  1118 10088
  1119 10088
  1120 10088
  1121 10088
  1122 10088
  1123 10088
  1124 10088
  1125 10088
  1126 10088
  1127 10088
  1128 10088
  1129 10088
  1130 10088
  1131 10088
  1132 10088
  1133 10088
  1134 10088
  1135 10088
  1136 10088
  1137 10088
  1138 10088
  1139 10088
  1140 10088
  1141 10088
  1142 10088
  1143 10088
  1144 10088
  1145 10088
  1146 10088
  1147 10088
  1148 10088
  1149 10088
  1150 10088
  1151 10088
  1152 10088
  1153 10088
  1154 10088
  1155 10088
  1156 10088
  1157 10088
  1158 10088
  1159 10088
  1160 10088
  1161 10088
  1162 10088
  1163 10088
  1164 10088
  1165 10088
  1166 10088
  1167 10088
  1168 10088
  1169 10088
  1170 10088
  1171 10088
  1172 10088
  1173 10088
  1174 10088
  1175 10088
  1176 10088
  1177 10088
  1178 10088
  1179 10088
  1180 10088
  1181 10088
  1182 10088
  1183 10088
  1184 10088
  1185 10088
  1186 10088
  1187 10088
  1188 10088
  1189 10088
  1190 10088
  1191 10088
  1192 10088
  1193 10088
  1194 10088
  1195 10088
  1196 10088
  1197 10088
  1198 10088
  1199 10088
  1200 10088
  1201 10088
  1202 10088
  1203 10088
  1204 10088
  1205 10088
  1206 10088
  1207 10088
  1208 10088
  1209 10088
  1210 10088
  1211 10088
  1212 10088
  1213 10088
  1214 10088
  1215 10088
  1216 10088
  1217 10088
  1218 10088
  1219 10088
  1220 10088
  1221 10088
  1222 10088
  1223 10088
  1224 10088
  1225 10088
  1226 10088
  1227 10088
  1228 10088
  1229 10088
  1230 10088
  1231 10088
  1232 10088
  1233 10088
  1234 10088
  1235 10088
  1236 10088
  1237 10088
  1238 10088
  1239 10088
  1240 10088
  1241 10088
  1242 10088
  1243 10088
  1244 10088
  1245 10088
  1246 10088
  1247 10088
  1248 10088
  1249 10088
  1250 10088
  1251 10088
  1252 10088
  1253 10088
  1254 10088
  1255 10088
  1256 10088
  1257 10088
  1258 10088
  1259 10018
  1260 10018
  1261 10018
  1262 10018
  1263 10040
  1264 10040
  1265 10040
  1266 10040
  1267 10040
  1268 10040
  1269 10040
  1270 10040
  1271 10040
  1272 10106
  1273 10106
  1274 10106
  1275 10106
  1276 10018
  1279 10018
  1280 10106
  1281 10106
  1282 10106
  1283 10106
  1284 10106
  1285 10106
  1286 10106
  1287 10106
  1288 10106
  1289 10106
  1290 10106
  1291 10106
  1292 10106
  1293 10106
  1294 10106
  1295 10106
  1296 10106
  1297 10106
  1298 10106
  1299 10106
  1300 10106
  1301 10106
  1302 10106
  1303 10106
  1304 10106
  1305 10106
  1306 10106
  1307 10106
  1308 10106
  1309 10106
  1310 10106
  1311 10106
  1312 10106
  1313 10106
  1314 10106
  1315 10106
  1316 10106
  1317 10106
  1318 10106
  1319 10106
  1320 10106
  1321 10106
  1322 10106
  1323 10106
  1324 10106
  1325 10106
  1326 10106
  1327 10106
  1328 10106
  1329 10106
  1330 10106
  1331 10106
  1332 10106
  1333 10106
  1334 10106
  1335 10106
  1336 10106
  1337 10106
  1338 10106
  1339 10106
  1340 10106
  1341 10106
  1342 10106
  1343 10106
  1344 10106
  1345 10106
  1346 10106
  1347 10106
  1348 10106
  1349 10106
  1350 10106
  1351 10106
  1352 10106
  1353 10106
  1354 10106
  1355 10106
  1356 10106
  1357 10040
  1358 10106
  1359 10040
  1360 10040
  1361 10106
  1362 10040
  1363 10040
  1364 10106
  1365 10040
  1366 10106
  1367 10106
  1368 10106
  1369 10106
  1370 10106
  1371 10106
  1372 10106
  1373 10106
  1374 10106
  1375 10106
  1376 10106
  1377 10106
  1378 10106
  1379 10040
  1380 10040
  1390 10028
  1391 10028
  1392 10028
  1393 10028
  1394 10028
  1395 10028
  1396 10028
  1397 10028
  1398 10028
  1399 10028
  1400 10028
  1401 10028
  1402 10028
  1403 10028
  1404 10028
  1405 10028
  1406 10028
  1407 10028
  1408 10028
  1409 10028
  1410 10028
  1411 10028
  1412 10028
  1413 10028
  1414 10028
  1415 10028
  1416 10028
  1417 10028
  1418 10028
  1419 10028
  1420 10028
  1421 10028
  1422 10028
  1423 10075
  1424 10028
  1425 10028
  1426 10028
  1427 10028
  1428 10028
  1429 10028
  1430 10028
  1431 10028
  1432 10028
  1433 10028
  1434 10028
  1439 10028
  1440 10028
  1441 10028
  1442 10028
  1443 10028
  1444 10028
  1445 10028
  1446 10028
  1447 10028
  1448 10028
  1449 10028
  1450 10028
  1451 10028
  1452 10028
  1453 10028
  1454 10028
  1455 10028
  1456 10028
  1457 10028
  1458 10028
  1459 10028
  1460 10028
  1461 10028
  1462 10028
  1463 10028
  1464 10028
  1465 10028
  1466 10028
  1467 10028
  1468 10028
  1469 10028
  1470 10028
  1471 10028
  1478 10045
  1479 10045
  1483 10164
  1488 10106
  1489 10106
  1490 10106
  1491 10106
  1492 10106
  1493 10106
  1494 10106
  1495 10106
  1496 10106
  1497 10106
  1498 10106
  1499 10106
  1500 10106
  1501 10106
  1502 10055
  1503 10106
  1504 10040
  1505 10106
  1506 10106
  1507 10106
  1508 10106
  1509 10106
  1510 10106
  1511 10106
  1512 10106
  1513 10106
  1514 10106
  1515 10106
  1516 10106
  1517 10106
  1518 10106
  1519 10106
  1520 10106
  1521 10106
  1522 10106
  1523 10106
  1524 10106
  1525 10106
  1526 10106
  1527 10106
  1528 10106
  1529 10106
  1530 10106
  1531 10106
  1532 10106
  1533 10106
  1534 10106
  1535 10106
  1536 10106
  1537 10106
  1538 10106
  1539 10106
  1540 10106
  1541 10106
  1542 10106
  1543 10106
  1544 10106
  1545 10106
  1546 10106
  1547 10106
  1548 10106
  1549 10106
  1550 10106
  1551 10106
  1552 10106
  1553 10106
  1554 10106
  1555 10106
  1556 10106
  1557 10106
  1558 10106
  1559 10106
  1560 10106
  1561 10106
  1562 10055
  1563 10158
  1564 10055
  1565 10106
  1566 10106
  1567 10055
  1568 10055
  1569 10055
  1570 10055
  1572 10106
  1574 10164
  1577 10047
  1579 10066
  1583 10066
  1584 10066
  1585 10028
  1586 10042
  1587 10042
  1588 10042
  1589 10042
  1590 10042
  1600 10152
  1602 10152
  1621 10151
  1622 10152
  1623 10151
  1624 10152
  1625 10034
  1626 10072
  1627 10034
  1628 10034
  1629 10034
  1630 10034
  1631 10034
  1632 10034
  1633 10034
  1634 10034
  1635 10034
  1636 10034
  1637 10034
  1638 10034
  1639 10034
  1640 10034
  1641 10034
  1642 10034
  1643 10034
  1644 10034
  1645 10034
  1646 10034
  1647 10034
  1648 10034
  1649 10034
  1650 10034
  1651 10034
  1652 10034
  1653 10034
  1654 10034
  1655 10034
  1656 10034
  1657 10034
  1658 10034
  1659 10034
  1660 10034
  1661 10034
  1662 10034
  1663 10034
  1664 10034
  1665 10034
  1666 10034
  1667 10034
  1668 10034
  1669 10034
  1670 10034
  1671 10034
  1672 10034
  1673 10034
  1674 10034
  1675 10034
  1676 10034
  1677 10034
  1678 10034
  1679 10034
  1680 10034
  1681 10034
  1682 10034
  1683 10034
  1684 10034
  1685 10034
  1686 10034
  1687 10034
  1688 10034
  1689 10034
  1690 10034
  1691 10034
  1692 10034
  1693 10034
  1694 10034
  1695 10034
  1696 10034
  1697 10034
  1698 10034
  1699 10034
  1700 10034
  1701 10034
  1702 10034
  1703 10034
  1704 10034
  1705 10034
  1706 10034
  1707 10034
  1708 10034
  1709 10034
  1710 10034
  1711 10034
  1712 10034
  1713 10034
  1714 10034
  1715 10034
  1716 10034
  1717 10034
  1718 10034
  1719 10034
  1720 10034
  1721 10034
  1722 10034
  1723 10034
  1724 10034
  1725 10034
  1726 10034
  1727 10034
  1728 10034
  1729 10034
  1730 10034
  1731 10034
  1732 10034
  1733 10034
  1734 10034
  1735 10034
  1736 10034
  1737 10034
  1738 10034
  1739 10034
  1740 10034
  1741 10034
  1742 10034
  1743 10034
  1744 10034
  1745 10034
  1746 10034
  1747 10034
  1748 10034
  1749 10034
  1750 10034
  1751 10034
  1752 10034
  1753 10034
  1754 10034
  1755 10034
  1756 10034
  1757 10034
  1758 10034
  1759 10034
  1760 10034
  1761 10034
  1762 10034
  1763 10034
  1764 10034
  1765 10034
  1766 10034
  1767 10034
  1768 10034
  1769 10034
  1770 10034
  1771 10034
  1772 10034
  1773 10034
  1774 10034
  1775 10034
  1776 10034
  1777 10034
  1778 10034
  1779 10034
  1780 10034
  1781 10034
  1782 10034
  1783 10034
  1784 10034
  1785 10034
  1786 10034
  1787 10034
  1788 10034
  1789 10034
  1790 10034
  1791 10034
  1792 10034
  1793 10034
  1794 10034
  1795 10034
  1796 10034
  1797 10034
  1798 10034
  1799 10034
  1800 10034
  1801 10034
  1802 10034
  1803 10034
  1804 10034
  1805 10034
  1806 10034
  1807 10034
  1808 10034
  1809 10034
  1810 10034
  1811 10034
  1812 10034
  1813 10034
  1814 10034
  1815 10034
  1816 10034
  1817 10034
  1818 10034
  1819 10034
  1820 10034
  1821 10034
  1822 10034
  1823 10034
  1824 10034
  1825 10034
  1826 10034
  1827 10034
  1828 10034
  1829 10034
  1830 10034
  1831 10034
  1832 10034
  1833 10034
  1834 10034
  1835 10034
  1836 10034
  1837 10034
  1838 10034
  1839 10034
  1840 10034
  1841 10034
  1842 10034
  1843 10034
  1844 10034
  1845 10034
  1846 10034
  1847 10034
  1848 10034
  1849 10034
  1850 10034
  1851 10034
  1852 10034
  1853 10034
  1854 10034
  1855 10034
  1856 10034
  1857 10034
  1858 10034
  1859 10034
  1860 10034
  1861 10034
  1862 10023
  1865 10090
  1866 10090
  1867 10090
  1868 10090
  1869 10090
  1870 10090
  1871 10090
  1872 10090
  1873 10090
  1874 10090
  1875 10090
  1876 10090
  1877 10090
  1878 10090
  1879 10090
  1880 10090
  1881 10090
  1882 10090
  1883 10090
  1884 10090
  1885 10090
  1886 10090
  1887 10090
  1888 10090
  1889 10090
  1890 10090
  1891 10090
  1892 10090
  1893 10090
  1894 10090
  1895 10090
  1896 10090
  1897 10090
  1898 10090
  1899 10090
  1900 10090
  1901 10090
  1902 10090
  1903 10090
  1904 10090
  1905 10090
  1906 10090
  1907 10090
  1908 10090
  1909 10090
  1910 10090
  1911 10090
  1912 10090
  1913 10090
  1914 10090
  1915 10090
  1916 10090
  1917 10090
  1918 10090
  1919 10090
  1920 10090
  1921 10090
  1922 10090
  1923 10090
  1924 10090
  1925 10090
  1926 10090
  1927 10090
  1928 10090
  1929 10090
  1930 10090
  1931 10090
  1932 10090
  1933 10090
  1934 10090
  1935 10090
  1936 10090
  1937 10090
  1938 10090
  1939 10090
  1940 10090
  1941 10090
  1942 10090
  1943 10090
  1944 10090
  1945 10090
  1946 10090
  1947 10090
  1948 10090
  1949 10090
  1950 10090
  1951 10090
  1952 10090
  1953 10090
  1954 10090
  1955 10090
  1956 10090
  1957 10090
  1958 10090
  1959 10090
  1960 10090
  1961 10090
  1962 10090
  1963 10090
  1964 10090
  1965 10090
  1966 10090
  1967 10090
  1968 10090
  1969 10090
  1970 10090
  1971 10090
  1972 10090
  1973 10090
  1974 10090
  1975 10090
  1976 10090
  1977 10090
  1978 10090
  1979 10090
  1980 10090
  1981 10090
  1982 10090
  1983 10090
  1984 10090
  1985 10090
  1986 10090
  1987 10090
  1988 10090
  1989 10090
  1990 10090
  1991 10090
  1992 10090
  1993 10090
  1994 10090
  1995 10090
  1996 10090
  1997 10090
  1998 10090
  1999 10090
  2000 10090
  2001 10090
  2002 10090
  2003 10090
  2004 10090
  2005 10090
  2006 10090
  2007 10090
  2008 10090
  2009 10090
  2010 10090
  2011 10090
  2012 10090
  2013 10090
  2014 10090
  2015 10090
  2016 10090
  2017 10090
  2018 10090
  2019 10090
  2020 10090
  2021 10090
  2022 10090
  2023 10090
  2024 10090
  2025 10090
  2026 10090
  2027 10154
  2029 10154
  2030 10154
  2031 10154
  2032 10154
  2033 10154
  2034 10143
  2035 10016
  2036 10016
