   690 10009
   691 10009
   692 10009
   693 10009
   694 10009
   695 10009
   696 10009
   697 10009
   698 10009
   699 10009
   700 10009
   701 10009
   702 10009
   703 10009
   704 10009
   705 10009
   706 10009
   707 10009
   708 10009
   709 10009
   710 10009
   711 10009
   712 10009
   713 10009
   714 10009
   715 10009
   716 10009
   717 10009
   718 10009
   719 10009
   720 10009
   721 10009
   722 10009
   723 10009
   724 10009
   725 10009
   726 10009
   727 10009
   728 10009
   729 10009
   730 10009
   731 10009
   732 10009
   733 10009
   734 10009
   735 10009
   736 10009
   737 10009
   738 10009
   739 10009
   740 10009
   741 10009
   742 10009
   743 10009
   744 10009
   745 10009
   746 10009
   747 10009
   748 10009
   749 10009
   750 10009
   751 10009
   752 10009
   753 10009
   754 10009
   755 10009
   756 10009
   757 10009
   758 10009
   759 10009
   760 10009
   761 10009
   762 10009
   763 10009
   764 10009
   765 10009
   766 10009
   767 10009
   768 10009
   769 10009
   770 10009
   771 10009
   772 10009
   773 10009
   774 10009
   775 10009
   776 10009
   777 10009
   778 10009
   779 10009
   780 10009
   781 10009
   782 10009
   783 10009
   784 10009
   785 10009
   786 10009
   787 10009
   788 10009
   789 10009
   790 10009
   791 10009
   792 10009
   793 10009
   794 10009
   795 10009
   796 10009
   797 10009
   798 10009
   799 10009
   800 10009
   801 10009
   802 10009
   803 10009
   804 10009
   805 10009
   806 10009
   807 10009
   808 10009
   809 10009
   810 10009
   811 10009
   812 10009
   813 10009
   814 10009
   815 10009
   816 10009
   817 10009
   818 10009
   819 10009
   820 10009
   821 10009
   822 10009
   823 10009
   824 10009
   825 10009
   826 10009
   827 10009
   828 10009
   829 10009
   830 10009
   831 10009
   832 10009
   833 10009
   834 10009
   835 10009
   836 10009
   837 10009
   838 10009
   839 10009
   840 10009
   841 10009
   842 10009
   843 10009
   844 10009
   845 10009
   846 10009
   847 10009
   848 10009
   849 10009
   850 10009
   851 10009
   852 10009
   853 10009
   854 10009
   855 10009
   856 10009
   857 10009
   858 10009
   859 10009
   860 10009
   861 10009
   862 10009
   863 10009
   864 10009
   865 10009
   866 10009
   867 10009
   868 10009
   869 10009
   870 10009
   871 10009
   872 10009
   873 10009
   874 10009
   875 10009
   876 10009
   877 10009
   878 10009
   879 10009
   880 10009
   881 10009
   882 10009
   883 10009
   884 10009
   885 10009
   886 10009
   887 10009
   888 10009
   889 10009
   890 10009
   891 10009
   892 10009
   893 10009
   894 10009
   895 10009
   896 10009
   897 10009
   898 10009
   899 10009
   900 10009
   901 10009
   902 10009
   903 10009
   904 10009
   905 10009
   906 10009
   907 10009
   908 10009
   909 10009
   910 10009
   911 10009
   912 10009
   913 10009
   914 10009
   915 10009
   916 10009
   917 10009
   918 10009
   919 10009
   920 10009
   921 10009
   922 10009
   923 10009
   924 10009
   925 10009
   926 10009
   927 10009
   928 10009
   929 10009
   930 10009
   931 10009
   932 10009
   933 10009
   934 10009
   935 10009
   936 10009
   937 10009
   938 10009
   939 10009
   940 10009
   941 10009
   942 10009
   943 10009
   944 10009
   945 10009
   946 10009
   947 10009
   948 10009
   949 10009
   950 10009
   951 10009
   952 10009
   953 10009
   954 10009
   955 10009
   956 10009
   957 10009
   958 10009
   959 10009
   960 10009
   961 10009
   962 10009
   963 10009
   964 10009
   965 10009
   966 10009
   967 10009
   968 10009
   969 10009
   970 10009
   971 10009
   972 10009
   973 10009
   974 10009
   975 10009
   976 10009
   977 10009
   978 10009
   979 10009
   980 10009
   981 10009
   982 10009
   983 10009
   984 10009
   985 10009
   986 10009
   987 10009
   988 10009
   989 10009
   990 10009
   991 10009
   992 10009
   993 10009
   994 10009
   995 10009
   996 10009
   997 10009
   998 10009
   999 10009
  1000 10009
  1001 10009
  1002 10009
  1003 10009
  1004 10009
  1005 10009
  1006 10009
  1007 10009
  1008 10009
  1009 10009
  1010 10009
  1011 10009
  1012 10009
  1013 10009
  1014 10009
  1015 10009
  1016 10009
  1017 10009
  1018 10009
  1019 10009
  1020 10009
  1021 10009
  1022 10009
  1023 10009
  1024 10009
  1025 10009
  1026 10009
  1027 10009
  1028 10009
  1029 10009
  1030 10009
  1031 10134
  1044 10080
  1045 10080
  1046 10080
  1047 10080
  1048 10149
  1049 10064
  1050 10064
  1051 10064
  1052 10064
  1053 10064
  1054 10064
  1055 10064
  1056 10064
  1057 10064
  1058 10094
  1059 10094
  1060 10094
  1061 10094
  1063 10173
  1064 10173
  1065 10173
  1066 10173
  1067 10173
  1068 10173
  1069 10173
  1070 10173
  1071 10173
  1072 10173
  1073 10173
  1074 10173
  1075 10173
  1076 10173
  1077 10173
  1078 10173
  1079 10173
  1080 10173
  1081 10173
  1082 10173
  1083 10173
  1084 10173
  1085 10173
  1086 10173
  1087 10173
  1088 10173
  1089 10173
  1090 10173
  1091 10173
  1092 10173
  1093 10173
  1094 10173
  1095 10173
  1096 10173
  1097 10173
  1099 10134
  1100 10009
  1101 10009
  1102 10009
  1103 10009
  1104 10009
  1105 10009
  1106 10009
  1110 10009
  1111 10009
  1112 10009
  1113 10009
  1114 10009
  1115 10009
  1116 10009
  1117 10009
  1118 10009
  1119 10009
  1120 10009
  1121 10009
  1122 10009
  1123 10009
  1124 10009
  1125 10009
  1126 10009
  1127 10009
  1128 10009
  1129 10009
  1130 10009
  1131 10009
  1136 10009
  1137 10009
  1141 10009
  1142 10009
  1159 10009
  1160 10009
  1161 10009
  1162 10009
  1163 10009
  1164 10009
  1165 10009
  1166 10009
  1167 10009
  1168 10009
  1175 10009
  1176 10009
  1187 10009
  1188 10009
  1189 10009
  1196 10009
  1197 10009
  1198 10009
  1199 10009
  1200 10009
  1201 10009
  1204 10009
  1205 10009
  1206 10009
  1207 10009
  1237 10009
  1238 10009
  1239 10009
  1240 10009
  1241 10009
  1242 10009
  1243 10009
  1258 10050
  1259 10065
  1260 10065
  1261 10065
  1262 10065
  1263 10065
  1264 10009
  1265 10009
  1266 10009
  1267 10009
  1268 10009
  1269 10009
  1270 10009
  1271 10009
  1272 10009
  1273 10009
  1274 10009
  1275 10009
  1276 10009
  1277 10009
  1278 10009
  1279 10009
  1280 10009
  1281 10009
  1282 10009
  1283 10009
  1284 10009
  1285 10009
  1286 10009
  1287 10009
  1288 10009
  1289 10009
  1290 10009
  1291 10009
  1292 10009
  1293 10009
  1294 10009
  1295 10009
  1296 10009
  1297 10009
  1298 10009
  1299 10009
  1300 10009
  1301 10009
  1302 10009
  1303 10009
  1304 10009
  1305 10009
  1306 10009
  1307 10009
  1308 10009
  1309 10009
  1310 10009
  1311 10009
  1312 10009
  1313 10009
  1314 10009
  1315 10009
  1316 10009
  1317 10009
  1318 10009
  1319 10009
  1320 10009
  1321 10009
  1322 10009
  1323 10009
  1324 10009
  1325 10009
  1326 10009
  1327 10009
  1328 10009
  1329 10009
  1330 10009
  1331 10009
  1332 10009
  1333 10009
  1334 10009
  1335 10009
  1336 10009
  1337 10009
  1338 10009
  1339 10009
  1340 10009
  1341 10009
  1342 10009
  1343 10009
  1344 10009
  1345 10009
  1346 10009
  1347 10009
  1348 10009
  1349 10009
  1350 10009
  1351 10009
  1352 10009
  1353 10009
  1354 10009
  1355 10009
  1356 10009
  1357 10009
  1358 10009
  1359 10009
  1360 10009
  1361 10009
  1362 10009
  1363 10009
  1364 10009
  1365 10009
  1366 10009
  1367 10009
  1368 10009
  1369 10009
  1370 10009
  1371 10009
  1372 10009
  1373 10009
  1374 10009
  1375 10009
  1376 10009
  1377 10009
  1378 10009
  1379 10009
  1380 10009
  1381 10009
  1382 10009
  1383 10009
  1384 10009
  1385 10009
  1386 10009
  1387 10009
  1388 10009
  1389 10009
  1390 10009
  1391 10009
  1392 10009
  1393 10009
  1394 10009
  1395 10009
  1396 10009
  1397 10009
  1398 10009
  1399 10009
  1400 10009
  1401 10009
  1402 10009
  1403 10009
  1404 10009
  1405 10009
  1406 10009
  1407 10009
  1408 10009
  1409 10009
  1410 10009
  1411 10009
  1412 10009
  1413 10009
  1414 10009
  1415 10009
  1416 10009
  1417 10009
  1418 10009
  1419 10009
  1420 10009
  1421 10009
  1422 10009
  1423 10009
  1424 10009
  1425 10009
  1426 10009
  1427 10009
  1428 10009
  1429 10009
  1430 10009
  1431 10009
  1432 10009
  1433 10009
  1434 10009
  1435 10009
  1436 10009
  1437 10009
  1438 10009
  1439 10009
  1440 10009
  1441 10009
  1442 10009
  1443 10009
  1444 10009
  1445 10009
  1446 10009
  1447 10009
  1448 10009
  1449 10009
  1450 10009
  1451 10009
  1452 10009
  1453 10009
  1454 10009
  1455 10009
  1456 10009
  1457 10009
  1458 10009
  1459 10009
  1460 10009
  1461 10009
  1462 10009
  1463 10009
  1464 10009
  1465 10009
  1466 10009
  1467 10009
  1468 10009
  1469 10009
  1470 10009
  1471 10009
  1472 10009
  1473 10009
  1474 10009
  1475 10009
  1476 10009
  1477 10009
  1478 10009
  1479 10009
  1480 10009
  1481 10009
  1482 10009
  1483 10009
  1484 10009
  1485 10009
  1486 10009
  1487 10009
  1488 10009
  1489 10009
  1490 10009
  1491 10009
  1492 10009
  1493 10009
  1494 10009
  1495 10009
  1496 10009
  1497 10009
  1498 10009
  1499 10009
  1500 10009
  1501 10055
  1502 10134
  1503 10134
  1530 10009
  1531 10009
  1532 10009
  1533 10009
  1534 10009
  1535 10009
  1536 10101
  1537 10055
  1538 10018
  1539 10173
  1540 10173
  1541 10173
  1542 10173
  1544 10055
  1547 10018
  1548 10018
  1549 10018
  1550 10106
  1551 10106
  1552 10106
  1553 10106
  1554 10106
  1555 10106
  1556 10106
  1557 10106
  1558 10106
  1559 10106
  1560 10106
  1561 10106
  1562 10106
  1563 10106
  1564 10106
  1565 10106
  1566 10106
  1567 10106
  1568 10106
  1569 10106
  1570 10106
  1571 10106
  1572 10106
  1573 10106
  1574 10106
  1575 10106
  1576 10106
  1577 10106
  1578 10106
  1579 10106
  1580 10106
  1581 10106
  1582 10106
  1583 10106
  1584 10106
  1585 10106
  1586 10106
  1587 10106
  1588 10106
  1589 10106
  1590 10106
  1591 10106
  1592 10106
  1593 10106
  1594 10106
  1595 10106
  1596 10106
  1597 10106
  1598 10106
  1599 10106
  1600 10106
  1601 10106
  1602 10106
  1603 10106
  1604 10106
  1605 10106
  1606 10106
  1607 10106
  1608 10106
  1610 10106
  1611 10106
  1612 10106
  1613 10098
  1614 10018
  1615 10018
  1623 10134
  1624 10009
  1625 10009
  1626 10009
  1627 10009
  1628 10009
  1629 10009
  1630 10009
  1631 10009
  1632 10009
  1633 10009
  1634 10009
  1635 10009
  1636 10009
  1637 10009
  1638 10009
  1639 10009
  1640 10009
  1641 10009
  1642 10009
  1643 10009
  1644 10009
  1645 10009
  1646 10009
  1647 10009
  1648 10009
  1649 10009
  1650 10009
  1651 10009
  1652 10009
  1653 10009
  1654 10009
  1655 10009
  1656 10009
  1657 10009
  1658 10009
  1659 10009
  1660 10009
  1661 10009
  1662 10009
  1663 10009
  1664 10009
  1665 10009
  1666 10009
  1667 10009
  1668 10009
  1669 10009
  1670 10009
  1671 10009
  1672 10009
  1673 10009
  1674 10009
  1675 10009
  1676 10009
  1677 10009
  1678 10009
  1679 10009
  1680 10009
  1681 10009
  1682 10009
  1683 10009
  1684 10009
  1685 10009
  1686 10009
  1687 10009
  1688 10009
  1689 10009
  1690 10009
  1691 10009
  1692 10009
  1693 10009
  1694 10009
  1695 10009
  1696 10009
  1697 10009
  1698 10009
  1699 10009
  1700 10009
  1701 10009
  1702 10009
  1703 10009
  1704 10009
  1705 10009
  1706 10009
  1707 10009
  1708 10009
  1709 10009
  1710 10009
  1711 10009
  1712 10009
  1713 10009
  1714 10009
  1715 10009
  1716 10009
  1717 10009
  1718 10009
  1719 10009
  1720 10009
  1721 10009
  1722 10009
  1723 10009
  1724 10009
  1725 10009
  1726 10009
  1727 10009
  1728 10009
  1729 10009
  1730 10009
  1731 10009
  1732 10009
  1733 10009
  1734 10009
  1735 10009
  1736 10009
  1737 10009
  1738 10009
  1739 10009
  1740 10009
  1741 10009
  1742 10009
  1743 10009
  1744 10009
  1745 10009
  1746 10009
  1747 10009
  1748 10009
  1749 10009
  1750 10009
  1751 10009
  1752 10009
  1753 10009
  1754 10009
  1755 10009
  1756 10009
  1757 10009
  1758 10009
  1759 10009
  1760 10009
  1761 10009
  1762 10009
  1763 10009
  1764 10009
  1765 10009
  1766 10009
  1767 10009
  1768 10009
  1769 10009
  1770 10009
  1771 10009
  1772 10009
  1773 10009
  1774 10009
  1775 10009
  1776 10009
  1777 10009
  1778 10009
  1779 10009
  1780 10009
  1781 10009
  1782 10009
  1783 10009
  1784 10009
  1785 10009
  1786 10009
  1787 10009
  1788 10009
  1789 10009
  1790 10009
  1791 10009
  1792 10009
  1793 10009
  1794 10009
  1795 10009
  1796 10009
  1797 10009
  1798 10009
  1799 10009
  1800 10009
  1801 10009
  1802 10009
  1803 10009
  1804 10009
  1805 10009
  1806 10009
  1807 10009
  1808 10009
  1809 10009
  1810 10009
  1811 10009
  1812 10009
  1813 10009
  1814 10009
  1815 10009
  1816 10009
  1817 10009
  1818 10009
  1819 10009
  1820 10009
  1821 10009
  1822 10009
  1823 10009
  1824 10009
  1825 10009
  1826 10009
  1827 10009
  1828 10009
  1829 10009
  1830 10009
  1831 10009
  1832 10009
  1833 10009
  1834 10009
  1835 10009
  1836 10009
  1837 10009
  1838 10009
  1839 10009
  1840 10009
  1841 10009
  1842 10009
  1843 10009
  1844 10009
  1845 10009
  1846 10009
  1847 10009
  1848 10009
  1849 10009
  1850 10009
  1851 10009
  1852 10009
  1853 10009
  1854 10009
  1855 10009
  1856 10009
  1857 10009
  1858 10009
  1859 10009
  1860 10009
  1861 10009
  1863 10009
  1864 10009
  1879 10009
  1880 10009
  1881 10009
  1882 10009
  1886 10009
  1887 10009
  1888 10009
  1889 10009
  1893 10009
  1894 10009
  1895 10009
  1896 10009
  1897 10009
  1907 10009
  1908 10009
  1909 10009
  1912 10009
  1913 10009
  1914 10009
  1915 10009
  1954 10009
  1955 10009
  1956 10009
  1957 10009
  1973 10009
  1974 10009
  1975 10009
  1976 10009
  1977 10009
  1978 10009
  1979 10009
  2002 10009
  2003 10009
  2004 10009
  2005 10055
  2006 10009
  2007 10009
  2014 10009
  2015 10009
  2016 10009
  2018 10009
  2019 10009
  2022 10009
  2023 10009
