   690 10028
   691 10028
   692 10028
   693 10028
   694 10028
   695 10028
   696 10028
   697 10028
   698 10028
   699 10028
   700 10028
   701 10028
   702 10028
   703 10028
   704 10028
   705 10028
   706 10028
   707 10028
   708 10028
   709 10028
   710 10028
   711 10028
   712 10028
   713 10028
   714 10028
   715 10028
   716 10028
   717 10028
   718 10028
   719 10028
   720 10028
   721 10028
   722 10028
   723 10028
   724 10028
   725 10028
   726 10028
   727 10028
   728 10028
   729 10028
   730 10028
   731 10028
   732 10028
   733 10028
   734 10028
   735 10028
   736 10028
   737 10028
   738 10028
   739 10028
   740 10028
   741 10028
   742 10028
   743 10028
   744 10028
   745 10028
   746 10028
   747 10028
   748 10028
   749 10028
   750 10028
   751 10028
   752 10028
   753 10028
   754 10028
   755 10028
   756 10028
   757 10028
   758 10028
   759 10028
   760 10028
   761 10028
   762 10028
   763 10028
   764 10028
   765 10028
   766 10028
   767 10028
   768 10028
   769 10028
   770 10028
   771 10028
   772 10028
   773 10028
   774 10028
   775 10028
   776 10028
   777 10028
   778 10028
   779 10028
   780 10028
   781 10028
   782 10028
   783 10028
   784 10028
   785 10028
   786 10028
   787 10028
   788 10028
   789 10028
   790 10028
   791 10028
   792 10028
   793 10028
   794 10028
   795 10028
   796 10028
   797 10028
   798 10028
   799 10028
   800 10028
   801 10028
   802 10028
   803 10028
   804 10028
   805 10028
   806 10028
   807 10028
   808 10028
   809 10028
   810 10028
   811 10028
   812 10028
   813 10028
   814 10028
   815 10028
   816 10028
   820 10028
   821 10020
   822 10028
   823 10028
   824 10028
   825 10028
   826 10028
   827 10028
   828 10028
   829 10028
   830 10028
   831 10028
   832 10028
   833 10028
   834 10028
   835 10028
   836 10028
   837 10028
   838 10028
   839 10028
   840 10028
   841 10028
   842 10028
   843 10028
   844 10028
   845 10028
   846 10028
   847 10028
   848 10028
   849 10028
   850 10028
   851 10028
   852 10028
   853 10028
   854 10028
   855 10028
   856 10028
   857 10028
   858 10028
   859 10028
   860 10028
   861 10028
   894 10072
   895 10028
   896 10028
   897 10028
   898 10028
   899 10028
   900 10028
   901 10028
   902 10028
   903 10028
   904 10028
   905 10028
   906 10028
   907 10028
   908 10028
   909 10028
   910 10028
   911 10028
   912 10028
   913 10028
   914 10028
   919 10028
   920 10028
   921 10028
   922 10028
   923 10028
   924 10028
   925 10028
   926 10028
   927 10028
   928 10028
   929 10028
   930 10028
   931 10028
   932 10028
   933 10028
   934 10028
   935 10028
   936 10028
   937 10028
   938 10028
   939 10028
   940 10028
   941 10028
   942 10028
   943 10028
   944 10028
   945 10028
   946 10028
   947 10028
   948 10028
   949 10028
   950 10028
   951 10028
   952 10028
   953 10028
   954 10028
   955 10045
   956 10045
   957 10045
   958 10045
   959 10045
   960 10028
   961 10028
   962 10028
   963 10028
   965 10028
   966 10028
   967 10028
   968 10028
   969 10028
   970 10028
   971 10028
   972 10028
   973 10028
   974 10028
   975 10028
   976 10028
   977 10028
   978 10028
   979 10028
   980 10028
   981 10028
   982 10028
   983 10028
   984 10028
   985 10028
   986 10028
   987 10028
   988 10028
   989 10028
   990 10028
   991 10028
   992 10028
   993 10028
   994 10028
   995 10028
   996 10028
   998 10028
   999 10028
  1000 10028
  1001 10028
  1002 10028
  1003 10028
  1004 10028
  1005 10028
  1006 10045
  1007 10045
  1008 10045
  1009 10045
  1011 10045
  1012 10028
  1013 10072
  1016 10072
  1017 10072
  1019 10028
  1020 10028
  1022 10028
  1023 10072
  1024 10028
  1025 10028
  1026 10022
  1027 10028
  1030 10082
  1032 10028
  1033 10049
  1034 10028
  1035 10028
  1036 10028
  1037 10028
  1038 10028
  1039 10028
  1040 10028
  1041 10028
  1042 10028
  1043 10028
  1044 10028
  1045 10028
  1046 10028
  1047 10028
  1048 10028
  1049 10028
  1050 10028
  1051 10028
  1052 10028
  1053 10028
  1054 10028
  1055 10028
  1056 10028
  1057 10028
  1058 10028
  1059 10028
  1060 10028
  1061 10028
  1062 10028
  1063 10028
  1064 10028
  1065 10028
  1066 10028
  1067 10028
  1068 10028
  1069 10028
  1070 10028
  1071 10028
  1072 10028
  1073 10028
  1074 10028
  1075 10028
  1076 10028
  1077 10028
  1078 10028
  1079 10028
  1080 10028
  1081 10028
  1082 10028
  1083 10028
  1084 10028
  1085 10028
  1086 10028
  1087 10028
  1088 10028
  1089 10028
  1090 10028
  1091 10028
  1092 10028
  1093 10028
  1094 10028
  1095 10028
  1096 10028
  1097 10028
  1098 10028
  1099 10028
  1100 10028
  1101 10028
  1102 10028
  1103 10028
  1104 10028
  1105 10028
  1106 10028
  1107 10028
  1108 10028
  1109 10028
  1110 10028
  1111 10028
  1112 10028
  1113 10028
  1114 10028
  1115 10028
  1116 10028
  1117 10028
  1118 10028
  1119 10028
  1120 10028
  1121 10028
  1122 10028
  1123 10028
  1124 10028
  1125 10028
  1126 10028
  1127 10028
  1128 10028
  1129 10072
  1130 10072
  1131 10072
  1132 10072
  1133 10072
  1134 10072
  1135 10028
  1136 10028
  1137 10028
  1138 10028
  1139 10028
  1140 10028
  1141 10028
  1142 10028
  1143 10028
  1144 10028
  1145 10028
  1146 10028
  1147 10028
  1148 10028
  1149 10028
  1150 10028
  1151 10028
  1152 10028
  1153 10028
  1154 10028
  1155 10028
  1156 10028
  1157 10028
  1158 10028
  1159 10028
  1160 10028
  1161 10028
  1162 10028
  1163 10042
  1164 10028
  1166 10028
  1167 10028
  1168 10028
  1169 10028
  1170 10028
  1171 10028
  1172 10028
  1173 10028
  1174 10028
  1175 10028
  1176 10028
  1177 10028
  1178 10028
  1179 10028
  1180 10028
  1181 10028
  1182 10028
  1183 10028
  1184 10028
  1185 10028
  1186 10028
  1187 10028
  1188 10028
  1189 10028
  1190 10028
  1191 10028
  1192 10028
  1193 10028
  1194 10028
  1195 10028
  1196 10028
  1199 10028
  1200 10028
  1201 10028
  1202 10028
  1203 10028
  1204 10028
  1205 10028
  1206 10028
  1207 10028
  1208 10028
  1209 10028
  1210 10028
  1211 10028
  1212 10028
  1213 10028
  1214 10028
  1215 10028
  1216 10028
  1217 10028
  1218 10028
  1219 10028
  1220 10028
  1221 10028
  1222 10028
  1223 10028
  1224 10028
  1225 10072
  1226 10072
  1227 10028
  1228 10028
  1229 10028
  1230 10028
  1231 10028
  1232 10028
  1233 10028
  1245 10028
  1246 10028
  1247 10028
  1248 10028
  1250 10028
  1251 10028
  1252 10028
  1253 10028
  1254 10028
  1255 10028
  1256 10028
  1257 10028
  1258 10041
  1259 10028
  1260 10041
  1261 10028
  1262 10028
  1263 10028
  1264 10028
  1265 10028
  1266 10028
  1267 10045
  1268 10045
  1269 10045
  1270 10028
  1271 10028
  1272 10028
  1273 10072
  1274 10072
  1275 10072
  1276 10072
  1277 10072
  1278 10072
  1279 10072
  1280 10072
  1281 10072
  1282 10072
  1289 10072
  1290 10072
  1291 10072
  1292 10072
  1293 10072
  1294 10028
  1295 10028
  1296 10072
  1297 10072
  1298 10072
  1313 10028
  1314 10028
  1315 10028
  1316 10028
  1317 10028
  1318 10028
  1321 10028
  1322 10028
  1323 10028
  1324 10028
  1325 10028
  1357 10028
  1358 10028
  1359 10028
  1360 10028
  1361 10045
  1362 10045
  1363 10045
  1364 10045
  1365 10045
  1366 10045
  1367 10045
  1368 10045
  1369 10045
  1370 10045
  1371 10045
  1372 10045
  1373 10045
  1374 10045
  1375 10045
  1376 10045
  1377 10045
  1378 10028
  1379 10028
  1380 10028
  1382 10072
  1384 10072
  1385 10072
  1386 10072
  1387 10072
  1388 10082
  1390 10028
  1391 10028
  1392 10028
  1393 10028
  1394 10028
  1395 10028
  1396 10028
  1397 10028
  1398 10028
  1399 10028
  1400 10028
  1401 10028
  1402 10028
  1403 10028
  1404 10028
  1405 10028
  1406 10028
  1407 10028
  1408 10028
  1409 10028
  1410 10028
  1411 10028
  1412 10028
  1413 10028
  1414 10028
  1415 10028
  1416 10028
  1417 10028
  1418 10028
  1419 10028
  1420 10028
  1421 10028
  1422 10028
  1423 10028
  1424 10028
  1425 10028
  1426 10028
  1427 10028
  1428 10028
  1429 10028
  1430 10028
  1431 10028
  1432 10028
  1433 10028
  1434 10028
  1435 10028
  1436 10028
  1437 10028
  1438 10028
  1439 10028
  1440 10028
  1441 10028
  1442 10028
  1443 10028
  1444 10028
  1445 10028
  1446 10028
  1447 10028
  1448 10028
  1449 10028
  1450 10028
  1451 10028
  1452 10028
  1453 10028
  1454 10028
  1455 10028
  1456 10028
  1457 10028
  1458 10028
  1459 10028
  1460 10028
  1461 10028
  1462 10028
  1463 10028
  1464 10028
  1465 10028
  1466 10028
  1467 10028
  1468 10028
  1469 10028
  1470 10028
  1471 10028
  1472 10028
  1473 10028
  1474 10028
  1475 10028
  1476 10028
  1477 10028
  1478 10028
  1479 10028
  1480 10028
  1481 10028
  1482 10028
  1483 10028
  1484 10028
  1485 10028
  1486 10028
  1487 10028
  1488 10028
  1489 10028
  1490 10028
  1491 10028
  1492 10028
  1493 10028
  1494 10028
  1495 10028
  1496 10028
  1497 10028
  1498 10028
  1499 10028
  1500 10028
  1501 10028
  1502 10028
  1503 10028
  1504 10028
  1505 10028
  1506 10028
  1507 10028
  1508 10028
  1509 10028
  1510 10021
  1511 10028
  1512 10028
  1513 10066
  1514 10045
  1515 10066
  1516 10066
  1517 10072
  1518 10072
  1519 10072
  1520 10072
  1521 10072
  1522 10072
  1523 10072
  1524 10072
  1525 10045
  1526 10045
  1527 10045
  1528 10072
  1529 10072
  1530 10072
  1531 10028
  1532 10028
  1533 10028
  1534 10066
  1535 10028
  1536 10028
  1537 10028
  1538 10028
  1539 10072
  1540 10072
  1541 10072
  1542 10072
  1543 10072
  1544 10072
  1545 10072
  1546 10072
  1547 10072
  1548 10072
  1549 10072
  1550 10028
  1551 10028
  1552 10028
  1553 10028
  1555 10028
  1556 10028
  1557 10028
  1558 10028
  1559 10028
  1560 10028
  1561 10028
  1562 10028
  1563 10028
  1564 10028
  1565 10028
  1566 10028
  1567 10028
  1568 10028
  1569 10028
  1570 10028
  1571 10028
  1572 10028
  1573 10028
  1574 10028
  1575 10028
  1576 10028
  1577 10028
  1578 10028
  1579 10028
  1580 10028
  1581 10028
  1582 10028
  1583 10028
  1584 10028
  1585 10028
  1586 10028
  1587 10028
  1588 10028
  1589 10028
  1590 10028
  1591 10028
  1592 10028
  1593 10028
  1594 10028
  1595 10028
  1596 10028
  1597 10028
  1601 10028
  1602 10028
  1603 10028
  1604 10028
  1605 10028
  1606 10028
  1611 10028
  1612 10072
  1613 10072
  1614 10072
  1615 10028
  1616 10028
  1617 10028
  1618 10042
  1621 10041
  1622 10072
  1623 10072
  1624 10072
  1625 10028
  1626 10028
  1627 10020
  1635 10036
  1651 10094
  1652 10094
  1653 10094
  1654 10064
  1655 10064
  1656 10064
  1668 10028
  1669 10028
  1670 10028
  1671 10028
  1672 10028
  1673 10028
  1674 10028
  1684 10028
  1685 10028
  1686 10028
  1687 10028
  1688 10028
  1689 10028
  1690 10028
  1691 10028
  1692 10028
  1693 10028
  1694 10028
  1697 10028
  1698 10028
  1699 10028
  1704 10072
  1705 10072
  1706 10072
  1707 10028
  1708 10028
  1709 10028
  1710 10028
  1711 10028
  1712 10028
  1713 10028
  1714 10028
  1715 10028
  1716 10028
  1719 10028
  1720 10028
  1721 10028
  1722 10028
  1723 10028
  1724 10028
  1725 10028
  1726 10028
  1727 10028
  1728 10028
  1730 10028
  1731 10028
  1732 10028
  1733 10028
  1734 10028
  1735 10028
  1736 10028
  1737 10028
  1738 10028
  1739 10028
  1740 10028
  1741 10028
  1742 10028
  1743 10028
  1744 10028
  1745 10028
  1746 10028
  1747 10028
  1748 10028
  1749 10028
  1750 10028
  1751 10028
  1752 10028
  1753 10028
  1754 10028
  1755 10028
  1756 10028
  1757 10028
  1758 10028
  1759 10028
  1760 10028
  1761 10028
  1762 10028
  1763 10028
  1764 10028
  1765 10028
  1766 10028
  1767 10028
  1768 10028
  1769 10028
  1770 10028
  1771 10028
  1772 10028
  1773 10028
  1774 10028
  1775 10028
  1776 10028
  1777 10028
  1778 10028
  1779 10028
  1780 10028
  1781 10028
  1782 10028
  1783 10028
  1784 10028
  1785 10028
  1786 10028
  1787 10028
  1788 10028
  1789 10028
  1790 10028
  1791 10028
  1792 10028
  1793 10028
  1794 10028
  1795 10028
  1796 10028
  1797 10028
  1798 10028
  1799 10028
  1800 10028
  1801 10028
  1802 10028
  1803 10028
  1804 10028
  1805 10028
  1806 10028
  1807 10028
  1808 10028
  1809 10028
  1810 10028
  1811 10028
  1812 10028
  1813 10028
  1814 10028
  1815 10028
  1816 10028
  1817 10028
  1818 10028
  1819 10028
  1820 10028
  1821 10028
  1822 10028
  1823 10028
  1824 10028
  1825 10028
  1826 10028
  1827 10028
  1828 10028
  1829 10028
  1830 10028
  1831 10028
  1832 10028
  1833 10028
  1834 10028
  1835 10028
  1836 10028
  1837 10028
  1838 10028
  1839 10028
  1840 10028
  1841 10028
  1842 10028
  1843 10028
  1844 10028
  1845 10028
  1846 10028
  1847 10028
  1848 10028
  1849 10028
  1850 10028
  1851 10028
  1852 10028
  1853 10028
  1854 10028
  1855 10072
  1856 10072
  1857 10072
  1858 10072
  1859 10072
  1860 10072
  1861 10072
  1862 10072
  1863 10028
  1864 10028
  1865 10028
  1866 10028
  1867 10028
  1868 10028
  1869 10028
  1870 10028
  1871 10028
  1872 10028
  1873 10028
  1874 10028
  1875 10028
  1876 10028
  1877 10028
  1878 10028
  1879 10028
  1880 10028
  1881 10028
  1882 10028
  1883 10028
  1884 10028
  1885 10028
  1886 10028
  1887 10028
  1888 10028
  1889 10028
  1893 10028
  1894 10028
  1896 10066
  1897 10066
  1898 10066
  1899 10066
  1900 10066
  1901 10066
  1902 10066
  1903 10066
  1904 10066
  1905 10066
  1906 10066
  1907 10066
  1908 10020
  1909 10020
  1910 10020
  1911 10020
  1912 10020
  1913 10020
  1914 10066
  1915 10066
  1916 10066
  1917 10066
  1918 10066
  1919 10066
  1920 10066
  1921 10066
  1922 10066
  1923 10066
  1924 10066
  1925 10066
  1926 10066
  1927 10066
  1928 10066
  1929 10066
  1930 10066
  1931 10066
  1932 10066
  1933 10066
  1934 10066
  1935 10066
  1936 10066
  1937 10066
  1938 10066
  1939 10066
  1940 10066
  1941 10066
  1942 10066
  1943 10066
  1944 10066
  1945 10020
  1946 10020
  1947 10020
  1948 10020
  1949 10020
  1950 10020
  1951 10066
  1952 10066
  1953 10066
  1954 10066
  1955 10066
  1956 10066
  1957 10066
  1958 10066
  1959 10066
  1960 10066
  1961 10066
  1962 10066
  1963 10066
  1964 10066
  1965 10066
  1966 10066
  1967 10066
  1968 10066
  1969 10066
  1970 10066
  1971 10066
  1972 10066
  1973 10066
  1974 10066
  1975 10066
  1976 10066
  1977 10066
  1978 10066
  1979 10066
  1980 10066
  1981 10066
  1982 10066
  1983 10066
  1984 10066
  1985 10066
  1986 10066
  1987 10066
  1988 10066
  1989 10066
  1990 10066
  1991 10066
  1992 10066
  1993 10066
  1994 10066
  1995 10066
  1996 10066
  1997 10066
  1998 10066
  1999 10066
  2000 10066
  2001 10066
  2002 10066
  2003 10066
  2004 10066
  2005 10066
  2006 10066
  2007 10066
  2008 10066
  2009 10066
  2010 10066
  2011 10066
  2012 10066
  2013 10066
  2014 10066
  2015 10066
  2016 10066
  2017 10066
  2018 10066
  2019 10066
  2020 10066
  2021 10066
  2022 10066
  2023 10066
  2024 10066
  2025 10066
  2026 10066
  2027 10066
  2028 10066
  2029 10066
  2030 10066
  2031 10066
  2032 10066
  2033 10066
  2034 10066
  2035 10066
  2036 10066
  2037 10066
  2038 10066
  2039 10066
  2040 10066
  2041 10066
  2042 10066
  2043 10066
  2044 10066
  2045 10066
  2046 10066
  2047 10066
  2048 10066
  2049 10066
  2050 10066
  2051 10066
  2052 10066
  2053 10066
  2054 10066
  2055 10066
  2056 10066
  2057 10066
  2058 10028
  2059 10028
  2060 10028
  2061 10028
  2062 10028
  2063 10028
  2064 10028
