   690 10028
   691 10028
   692 10028
   693 10028
   694 10028
   695 10028
   696 10028
   697 10028
   698 10028
   699 10028
   700 10028
   701 10028
   702 10028
   703 10028
   704 10028
   705 10028
   706 10028
   707 10028
   708 10028
   709 10028
   710 10028
   711 10028
   712 10028
   713 10028
   714 10028
   715 10028
   716 10028
   717 10028
   718 10028
   719 10028
   720 10028
   721 10028
   722 10028
   723 10028
   724 10028
   725 10028
   726 10028
   727 10028
   728 10028
   729 10028
   730 10028
   731 10028
   732 10028
   733 10028
   734 10028
   735 10028
   736 10028
   737 10028
   738 10028
   739 10028
   740 10028
   741 10028
   742 10028
   743 10028
   744 10028
   745 10028
   746 10028
   747 10028
   748 10028
   749 10028
   750 10028
   751 10028
   752 10028
   753 10028
   754 10028
   755 10028
   756 10028
   757 10028
   758 10028
   759 10028
   760 10028
   761 10028
   762 10028
   763 10028
   764 10028
   765 10028
   766 10028
   767 10028
   768 10028
   769 10028
   770 10028
   771 10028
   772 10028
   773 10028
   774 10028
   775 10028
   776 10028
   777 10028
   778 10028
   779 10028
   780 10028
   781 10025
   782 10025
   783 10044
   784 10044
   785 10044
   786 10044
   787 10044
   788 10044
   789 10044
   790 10044
   791 10044
   792 10044
   793 10044
   794 10044
   795 10044
   796 10044
   797 10044
   798 10044
   799 10044
   800 10044
   801 10044
   802 10044
   803 10044
   804 10044
   805 10044
   806 10044
   807 10044
   808 10044
   809 10044
   810 10044
   811 10044
   812 10044
   813 10044
   814 10044
   815 10044
   816 10044
   817 10044
   818 10044
   819 10044
   820 10044
   821 10044
   822 10044
   823 10044
   824 10044
   825 10044
   826 10044
   827 10044
   828 10044
   829 10044
   830 10044
   831 10044
   832 10044
   833 10044
   834 10044
   835 10044
   836 10044
   837 10044
   838 10044
   839 10044
   840 10044
   841 10044
   842 10044
   843 10044
   844 10044
   845 10044
   846 10044
   847 10044
   848 10044
   849 10044
   850 10044
   851 10044
   852 10044
   853 10044
   854 10044
   855 10044
   856 10044
   857 10044
   858 10044
   859 10044
   860 10044
   861 10044
   862 10044
   863 10044
   864 10044
   865 10044
   866 10044
   867 10044
   868 10044
   869 10044
   870 10044
   871 10044
   872 10044
   873 10044
   874 10044
   875 10044
   876 10044
   877 10044
   878 10044
   879 10044
   880 10044
   881 10044
   882 10044
   883 10044
   884 10044
   885 10044
   886 10044
   887 10044
   888 10044
   889 10044
   890 10044
   891 10044
   892 10044
   893 10044
   894 10044
   895 10044
   896 10044
   897 10044
   898 10044
   899 10044
   900 10044
   901 10044
   902 10044
   903 10044
   904 10044
   905 10044
   906 10044
   907 10044
   908 10044
   909 10044
   910 10044
   911 10044
   912 10044
   913 10044
   914 10044
   915 10044
   916 10044
   917 10044
   918 10044
   919 10044
   920 10044
   921 10044
   922 10044
   923 10044
   924 10044
   925 10044
   926 10044
   927 10044
   928 10044
   929 10044
   930 10044
   931 10044
   932 10044
   933 10044
   934 10044
   935 10044
   936 10044
   937 10044
   938 10044
   939 10044
   940 10044
   941 10044
   942 10044
   943 10044
   944 10044
   945 10044
   946 10044
   947 10044
   948 10044
   949 10044
   950 10044
   951 10044
   952 10044
   953 10044
   954 10044
   955 10044
   956 10044
   957 10044
   958 10044
   959 10044
   960 10044
   961 10044
   962 10044
   963 10044
   964 10044
   965 10044
   966 10044
   967 10044
   968 10044
   969 10044
   970 10044
   971 10044
   972 10044
   973 10044
   974 10044
   975 10044
   976 10044
   977 10044
   978 10044
   979 10044
   980 10044
   981 10044
   982 10044
   983 10044
   984 10044
   985 10044
   986 10044
   987 10044
   988 10044
   989 10044
   990 10044
   991 10044
   992 10044
   993 10044
   994 10044
   995 10044
   996 10044
   997 10044
   998 10044
   999 10044
  1000 10044
  1001 10044
  1002 10044
  1003 10044
  1004 10044
  1005 10044
  1006 10044
  1007 10044
  1008 10044
  1009 10044
  1010 10044
  1011 10044
  1012 10044
  1013 10044
  1014 10044
  1015 10044
  1016 10044
  1017 10044
  1018 10044
  1019 10044
  1020 10044
  1025 10029
  1026 10029
  1027 10029
  1028 10029
  1029 10029
  1030 10029
  1031 10029
  1032 10029
  1033 10029
  1034 10029
  1035 10029
  1036 10029
  1037 10029
  1038 10029
  1039 10029
  1040 10029
  1041 10029
  1042 10029
  1043 10029
  1044 10029
  1045 10029
  1046 10029
  1047 10029
  1048 10029
  1049 10029
  1050 10029
  1051 10029
  1052 10029
  1053 10029
  1054 10029
  1055 10029
  1056 10029
  1057 10029
  1058 10029
  1059 10029
  1060 10029
  1061 10029
  1062 10029
  1063 10029
  1064 10029
  1065 10029
  1066 10029
  1067 10029
  1068 10029
  1069 10029
  1070 10029
  1071 10029
  1072 10029
  1073 10029
  1074 10029
  1075 10029
  1076 10029
  1077 10029
  1078 10029
  1079 10029
  1080 10029
  1081 10029
  1082 10029
  1083 10029
  1084 10029
  1085 10029
  1086 10029
  1087 10029
  1088 10029
  1089 10029
  1090 10029
  1091 10029
  1092 10029
  1093 10029
  1094 10029
  1095 10029
  1096 10029
  1097 10029
  1098 10029
  1099 10029
  1100 10029
  1101 10029
  1102 10029
  1103 10029
  1104 10029
  1105 10029
  1106 10029
  1107 10029
  1108 10029
  1109 10029
  1110 10029
  1111 10029
  1112 10029
  1113 10029
  1114 10029
  1115 10029
  1116 10029
  1117 10029
  1118 10029
  1119 10029
  1120 10029
  1121 10029
  1122 10029
  1123 10029
  1124 10029
  1125 10029
  1126 10029
  1127 10029
  1128 10029
  1129 10029
  1130 10029
  1131 10029
  1132 10029
  1133 10029
  1134 10029
  1135 10029
  1136 10029
  1137 10029
  1138 10029
  1139 10029
  1140 10029
  1141 10029
  1142 10029
  1143 10029
  1144 10029
  1145 10029
  1146 10029
  1147 10029
  1148 10029
  1149 10029
  1150 10029
  1151 10029
  1152 10029
  1153 10029
  1154 10029
  1155 10029
  1156 10029
  1157 10029
  1158 10029
  1159 10029
  1160 10029
  1161 10029
  1162 10029
  1163 10029
  1164 10029
  1165 10029
  1166 10029
  1167 10029
  1168 10029
  1169 10029
  1170 10029
  1171 10029
  1172 10029
  1173 10029
  1174 10029
  1175 10029
  1176 10029
  1177 10029
  1178 10029
  1179 10029
  1180 10029
  1181 10029
  1182 10029
  1183 10029
  1184 10029
  1185 10029
  1186 10029
  1187 10029
  1188 10029
  1189 10029
  1190 10029
  1191 10029
  1192 10029
  1193 10029
  1194 10029
  1195 10029
  1196 10029
  1197 10029
  1198 10029
  1199 10029
  1200 10029
  1201 10029
  1202 10029
  1203 10029
  1204 10029
  1205 10029
  1206 10029
  1207 10029
  1208 10029
  1209 10029
  1210 10029
  1211 10029
  1212 10029
  1213 10029
  1214 10029
  1215 10029
  1216 10029
  1217 10029
  1218 10029
  1219 10029
  1220 10029
  1221 10029
  1222 10029
  1223 10029
  1224 10029
  1225 10029
  1226 10029
  1227 10029
  1228 10029
  1229 10029
  1230 10029
  1231 10029
  1232 10029
  1233 10029
  1234 10029
  1235 10029
  1236 10029
  1237 10029
  1238 10029
  1239 10029
  1240 10029
  1241 10029
  1242 10029
  1243 10029
  1244 10029
  1245 10029
  1246 10029
  1247 10029
  1248 10029
  1249 10029
  1250 10029
  1251 10029
  1252 10029
  1253 10029
  1254 10029
  1255 10029
  1256 10029
  1257 10029
  1258 10154
  1259 10154
  1260 10154
  1261 10154
  1262 10014
  1263 10154
  1264 10014
  1265 10014
  1266 10154
  1267 10074
  1268 10074
  1269 10074
  1270 10074
  1271 10074
  1272 10074
  1273 10074
  1274 10074
  1275 10074
  1276 10074
  1277 10074
  1278 10074
  1279 10074
  1280 10074
  1281 10074
  1282 10074
  1283 10074
  1284 10074
  1285 10074
  1286 10074
  1287 10074
  1288 10074
  1289 10074
  1290 10074
  1291 10074
  1292 10074
  1293 10074
  1294 10074
  1295 10074
  1296 10074
  1297 10074
  1298 10074
  1299 10074
  1300 10074
  1301 10074
  1302 10074
  1303 10074
  1304 10074
  1305 10074
  1306 10074
  1307 10074
  1308 10074
  1309 10074
  1310 10074
  1311 10074
  1312 10074
  1313 10074
  1314 10074
  1315 10074
  1316 10074
  1317 10074
  1318 10074
  1319 10074
  1320 10074
  1321 10074
  1322 10074
  1323 10074
  1324 10074
  1325 10074
  1326 10074
  1327 10074
  1328 10074
  1329 10074
  1330 10074
  1331 10074
  1332 10074
  1333 10074
  1334 10074
  1335 10074
  1336 10074
  1337 10074
  1338 10074
  1339 10074
  1340 10074
  1341 10074
  1342 10074
  1343 10074
  1344 10074
  1345 10074
  1346 10074
  1347 10074
  1348 10074
  1349 10074
  1350 10074
  1351 10074
  1352 10074
  1353 10074
  1354 10074
  1355 10074
  1356 10074
  1357 10074
  1358 10074
  1359 10074
  1360 10074
  1361 10074
  1362 10074
  1363 10074
  1364 10074
  1365 10074
  1366 10074
  1367 10074
  1368 10074
  1369 10074
  1370 10074
  1371 10074
  1372 10074
  1373 10074
  1374 10074
  1375 10074
  1376 10074
  1377 10074
  1378 10074
  1379 10074
  1380 10074
  1381 10074
  1382 10074
  1383 10074
  1384 10074
  1385 10074
  1386 10074
  1387 10074
  1388 10074
  1389 10074
  1390 10074
  1391 10074
  1392 10074
  1393 10074
  1394 10074
  1395 10074
  1396 10074
  1397 10074
  1398 10074
  1399 10074
  1400 10074
  1401 10074
  1402 10074
  1403 10074
  1404 10074
  1405 10074
  1406 10074
  1407 10074
  1408 10074
  1409 10074
  1410 10074
  1411 10074
  1412 10074
  1413 10074
  1414 10074
  1415 10074
  1416 10074
  1417 10074
  1418 10074
  1419 10074
  1420 10074
  1421 10074
  1422 10074
  1423 10074
  1424 10074
  1425 10074
  1426 10074
  1427 10074
  1428 10074
  1429 10074
  1430 10074
  1431 10074
  1432 10074
  1433 10074
  1434 10074
  1435 10074
  1436 10074
  1437 10074
  1438 10074
  1439 10074
  1440 10074
  1441 10074
  1442 10074
  1443 10074
  1444 10074
  1445 10074
  1446 10074
  1447 10074
  1448 10074
  1449 10074
  1450 10074
  1451 10074
  1452 10074
  1453 10074
  1454 10074
  1455 10074
  1456 10074
  1457 10074
  1458 10074
  1459 10074
  1460 10074
  1461 10074
  1462 10074
  1463 10074
  1464 10074
  1465 10074
  1466 10074
  1467 10074
  1468 10074
  1469 10074
  1470 10074
  1471 10074
  1472 10074
  1473 10074
  1474 10074
  1475 10074
  1476 10074
  1477 10074
  1478 10074
  1479 10074
  1480 10074
  1481 10074
  1482 10074
  1483 10074
  1484 10074
  1485 10074
  1486 10074
  1487 10074
  1488 10074
  1489 10074
  1490 10074
  1491 10074
  1492 10074
  1493 10074
  1494 10074
  1495 10074
  1496 10074
  1497 10154
  1501 10018
  1502 10018
  1503 10018
  1504 10018
  1505 10018
  1506 10018
  1507 10018
  1508 10018
  1529 10010
  1531 10010
  1532 10010
  1533 10010
  1537 10055
  1538 10055
  1539 10055
  1553 10016
  1557 10114
  1558 10114
  1559 10114
  1560 10114
  1561 10114
  1562 10114
  1563 10114
  1564 10114
  1565 10114
  1566 10114
  1567 10114
  1568 10114
  1569 10114
  1570 10114
  1571 10114
  1572 10114
  1573 10114
  1574 10114
  1575 10114
  1576 10114
  1577 10114
  1578 10114
  1579 10114
  1580 10114
  1622 10118
  1623 10118
  1624 10118
  1625 10118
  1626 10118
  1629 10118
  1630 10132
  1631 10132
  1632 10132
  1633 10132
  1634 10132
  1635 10132
  1636 10132
  1637 10132
  1638 10132
  1639 10132
  1640 10132
  1641 10132
  1642 10132
  1643 10132
  1644 10132
  1645 10132
  1646 10132
  1647 10132
  1648 10132
  1649 10132
  1650 10132
  1651 10132
  1652 10132
  1653 10132
  1654 10132
  1655 10132
  1656 10132
  1657 10132
  1658 10132
  1659 10132
  1660 10132
  1661 10132
  1662 10132
  1663 10132
  1664 10132
  1665 10132
  1666 10132
  1667 10132
  1668 10132
  1669 10132
  1670 10132
  1671 10132
  1672 10132
  1673 10132
  1674 10132
  1675 10132
  1676 10132
  1677 10132
  1678 10132
  1679 10132
  1680 10132
  1681 10132
  1682 10132
  1683 10132
  1684 10132
  1685 10132
  1686 10132
  1687 10132
  1688 10132
  1689 10132
  1690 10132
  1691 10132
  1692 10132
  1693 10132
  1694 10132
  1695 10132
  1696 10132
  1697 10132
  1698 10132
  1699 10132
  1700 10132
  1701 10132
  1702 10132
  1703 10132
  1704 10132
  1705 10132
  1706 10132
  1707 10132
  1708 10132
  1709 10132
  1710 10132
  1711 10132
  1712 10132
  1713 10132
  1714 10132
  1715 10132
  1716 10132
  1717 10132
  1718 10132
  1719 10132
  1720 10132
  1721 10132
  1722 10132
  1723 10132
  1724 10132
  1725 10132
  1726 10132
  1727 10132
  1728 10132
  1729 10132
  1730 10132
  1731 10132
  1732 10132
  1733 10132
  1734 10132
  1735 10132
  1736 10132
  1737 10132
  1738 10132
  1739 10132
  1740 10132
  1741 10132
  1742 10132
  1743 10132
  1744 10132
  1745 10132
  1746 10132
  1747 10132
  1748 10132
  1749 10132
  1750 10132
  1751 10132
  1752 10132
  1753 10132
  1754 10132
  1755 10132
  1756 10132
  1757 10132
  1758 10132
  1759 10132
  1760 10132
  1761 10132
  1762 10132
  1763 10132
  1764 10132
  1765 10132
  1766 10132
  1767 10132
  1768 10132
  1769 10132
  1770 10132
  1771 10132
  1772 10132
  1773 10132
  1774 10132
  1775 10132
  1776 10132
  1777 10132
  1778 10132
  1779 10132
  1780 10132
  1781 10132
  1782 10132
  1783 10132
  1784 10132
  1785 10132
  1786 10132
  1787 10132
  1788 10132
  1789 10132
  1790 10132
  1791 10132
  1792 10132
  1793 10132
  1794 10132
  1795 10132
  1796 10132
  1797 10132
  1798 10132
  1799 10132
  1800 10132
  1801 10132
  1802 10132
  1803 10132
  1804 10132
  1805 10132
  1806 10132
  1807 10132
  1808 10132
  1809 10132
  1810 10132
  1811 10132
  1812 10132
  1813 10132
  1814 10132
  1815 10132
  1816 10132
  1817 10132
  1818 10132
  1819 10132
  1820 10132
  1821 10132
  1822 10132
  1823 10132
  1824 10132
  1825 10132
  1826 10132
  1827 10132
  1828 10132
  1829 10132
  1830 10132
  1831 10132
  1832 10132
  1833 10132
  1834 10132
  1835 10132
  1836 10132
  1837 10132
  1838 10132
  1839 10132
  1840 10132
  1841 10132
  1842 10132
  1843 10132
  1844 10132
  1845 10132
  1846 10132
  1847 10132
  1848 10132
  1849 10132
  1850 10132
  1851 10132
  1852 10132
  1853 10132
  1854 10132
  1855 10132
  1856 10118
  1857 10118
  1858 10118
  1859 10118
  1860 10118
  1861 10118
  1862 10118
  1863 10122
  1864 10122
  1865 10102
  1866 10102
  1867 10117
  1868 10117
  1869 10117
  1870 10117
  1871 10117
  1872 10117
  1874 10117
  1875 10102
  1876 10102
  1877 10102
  1878 10102
  1879 10025
  1880 10025
  1881 10025
  1882 10025
  1883 10025
  1884 10025
  1885 10025
  1886 10025
  1887 10025
  1888 10025
  1889 10025
  1890 10025
  1891 10025
  1892 10025
  1893 10025
  1894 10025
  1895 10025
  1896 10025
  1897 10025
  1898 10025
  1899 10025
  1900 10025
  1901 10025
  1902 10025
  1903 10025
  1904 10025
  1905 10025
  1906 10025
  1907 10025
  1908 10025
  1909 10025
  1910 10025
  1911 10025
  1912 10025
  1913 10025
  1914 10025
  1915 10025
  1916 10025
  1917 10025
  1918 10025
  1919 10025
  1920 10025
  1921 10025
  1922 10025
  1923 10025
  1924 10025
  1925 10025
  1926 10025
  1927 10025
  1928 10025
  1929 10025
  1930 10025
  1931 10025
  1932 10025
  1933 10025
  1934 10025
  1935 10025
  1936 10025
  1937 10025
  1938 10025
  1939 10025
  1940 10025
  1941 10025
  1942 10025
  1943 10025
  1944 10025
  1945 10025
  1946 10025
  1947 10025
  1948 10025
  1949 10025
  1950 10025
  1951 10025
  1952 10025
  1953 10025
  1954 10025
  1955 10025
  1956 10025
  1957 10025
  1958 10025
  1959 10025
  1960 10025
  1961 10025
  1962 10025
  1963 10025
  1964 10025
  1965 10025
  1966 10025
  1967 10025
  1968 10025
  1969 10025
  1970 10025
  1971 10025
  1972 10025
  1973 10025
  1974 10025
  1975 10025
  1976 10025
  1977 10025
  1978 10025
  1979 10025
  1980 10025
  1981 10025
  1982 10025
  1983 10025
  1984 10025
  1985 10025
  1986 10025
  1987 10025
  1988 10025
  1989 10025
  1990 10025
  1991 10025
  1992 10025
  1993 10025
  1994 10025
  1995 10025
  1996 10025
  1997 10025
  1998 10025
  1999 10025
  2000 10025
  2001 10025
  2002 10025
  2003 10025
  2004 10025
  2005 10025
  2006 10025
  2007 10025
  2008 10025
  2009 10025
  2010 10025
  2011 10025
  2012 10025
  2013 10025
  2014 10025
  2015 10025
  2016 10025
  2017 10025
  2029 10049
  2030 10028
  2031 10028
  2032 10028
  2033 10028
