   688 10162
   689 10162
   690 10162
   691 10162
   692 10162
   693 10162
   694 10162
   695 10162
   696 10162
   697 10162
   698 10162
   699 10162
   700 10162
   701 10162
   702 10162
   703 10162
   704 10162
   705 10162
   706 10162
   707 10162
   708 10162
   709 10162
   710 10162
   711 10162
   712 10162
   713 10162
   714 10162
   715 10162
   716 10162
   717 10162
   718 10162
   719 10162
   720 10162
   721 10162
   722 10162
   723 10162
   724 10162
   725 10162
   726 10162
   727 10162
   728 10162
   729 10162
   730 10162
   731 10162
   732 10162
   733 10162
   734 10162
   735 10162
   736 10162
   737 10162
   738 10162
   739 10162
   740 10162
   741 10162
   742 10162
   743 10162
   744 10162
   745 10162
   746 10162
   747 10162
   748 10162
   749 10162
   750 10162
   751 10162
   752 10162
   753 10162
   754 10162
   755 10162
   756 10162
   757 10162
   758 10162
   759 10162
   760 10162
   761 10162
   762 10162
   763 10162
   764 10162
   765 10162
   766 10162
   767 10162
   768 10162
   769 10162
   770 10162
   771 10162
   772 10162
   773 10162
   774 10162
   775 10162
   776 10162
   777 10162
   778 10162
   779 10097
   785 10108
   788 10151
   986 10072
   987 10072
   988 10072
   989 10072
   991 10066
  1017 10072
  1018 10072
  1026 10162
  1027 10162
  1028 10162
  1029 10162
  1030 10162
  1031 10162
  1032 10162
  1033 10162
  1034 10162
  1035 10162
  1036 10162
  1037 10162
  1038 10162
  1039 10162
  1040 10162
  1041 10162
  1042 10162
  1043 10162
  1044 10162
  1045 10162
  1046 10162
  1047 10162
  1048 10162
  1049 10162
  1050 10162
  1051 10162
  1052 10162
  1053 10162
  1054 10162
  1055 10162
  1056 10162
  1057 10162
  1058 10162
  1059 10162
  1060 10162
  1061 10162
  1062 10162
  1063 10162
  1064 10162
  1065 10162
  1066 10162
  1067 10162
  1068 10162
  1069 10162
  1070 10162
  1071 10162
  1072 10162
  1073 10162
  1074 10162
  1075 10162
  1076 10162
  1077 10162
  1078 10162
  1079 10162
  1080 10162
  1081 10162
  1082 10162
  1083 10162
  1084 10162
  1085 10162
  1086 10162
  1087 10162
  1088 10162
  1089 10162
  1090 10162
  1091 10162
  1092 10162
  1093 10162
  1094 10162
  1095 10162
  1096 10162
  1097 10162
  1098 10162
  1099 10162
  1100 10162
  1101 10162
  1102 10162
  1103 10162
  1104 10162
  1105 10162
  1106 10162
  1107 10162
  1108 10162
  1109 10162
  1110 10162
  1111 10162
  1112 10162
  1113 10162
  1114 10162
  1115 10162
  1116 10162
  1117 10162
  1118 10162
  1119 10162
  1120 10162
  1121 10162
  1122 10162
  1123 10162
  1124 10162
  1125 10162
  1126 10162
  1127 10162
  1128 10162
  1129 10162
  1130 10162
  1131 10162
  1132 10162
  1133 10162
  1134 10162
  1135 10162
  1136 10162
  1137 10162
  1138 10162
  1139 10162
  1140 10162
  1141 10162
  1142 10162
  1143 10162
  1144 10162
  1145 10162
  1146 10162
  1147 10162
  1148 10162
  1149 10162
  1150 10162
  1151 10162
  1152 10162
  1153 10162
  1154 10162
  1155 10162
  1156 10162
  1157 10162
  1158 10162
  1159 10162
  1160 10162
  1161 10162
  1162 10162
  1163 10162
  1164 10162
  1165 10162
  1166 10162
  1167 10162
  1168 10162
  1169 10162
  1170 10162
  1171 10162
  1172 10162
  1173 10162
  1174 10162
  1175 10162
  1176 10162
  1177 10162
  1178 10162
  1179 10162
  1180 10162
  1181 10162
  1182 10162
  1183 10162
  1184 10162
  1185 10162
  1186 10162
  1187 10162
  1188 10162
  1189 10162
  1190 10162
  1191 10162
  1192 10162
  1193 10162
  1194 10162
  1195 10162
  1196 10162
  1197 10162
  1198 10162
  1199 10162
  1200 10162
  1201 10162
  1202 10162
  1203 10162
  1204 10162
  1205 10162
  1206 10162
  1207 10162
  1208 10162
  1209 10162
  1210 10162
  1211 10162
  1212 10162
  1213 10162
  1214 10162
  1215 10162
  1216 10162
  1217 10162
  1218 10162
  1219 10162
  1220 10162
  1221 10162
  1222 10162
  1223 10162
  1224 10162
  1225 10162
  1226 10162
  1227 10162
  1228 10162
  1229 10162
  1230 10162
  1231 10162
  1232 10162
  1233 10162
  1234 10162
  1235 10162
  1236 10162
  1237 10162
  1238 10162
  1239 10162
  1240 10162
  1241 10162
  1242 10162
  1243 10162
  1244 10162
  1245 10162
  1246 10162
  1247 10162
  1248 10162
  1249 10162
  1250 10162
  1251 10162
  1252 10162
  1253 10162
  1254 10162
  1255 10162
  1256 10162
  1257 10162
  1260 10018
  1261 10018
  1262 10018
  1263 10018
  1264 10018
  1265 10018
  1266 10018
  1267 10018
  1268 10140
  1269 10140
  1270 10140
  1271 10140
  1272 10140
  1273 10140
  1274 10140
  1275 10095
  1276 10095
  1277 10095
  1278 10095
  1279 10095
  1280 10095
  1281 10095
  1282 10095
  1283 10095
  1284 10095
  1285 10095
  1286 10095
  1287 10095
  1288 10095
  1289 10095
  1290 10095
  1291 10095
  1292 10095
  1293 10095
  1294 10095
  1295 10095
  1296 10095
  1297 10095
  1298 10095
  1299 10095
  1300 10095
  1301 10095
  1302 10095
  1303 10095
  1304 10095
  1305 10095
  1306 10095
  1307 10095
  1308 10095
  1309 10095
  1310 10095
  1311 10095
  1312 10095
  1313 10095
  1314 10095
  1315 10095
  1316 10095
  1317 10095
  1318 10095
  1319 10095
  1320 10095
  1321 10095
  1322 10095
  1323 10095
  1324 10095
  1325 10095
  1326 10095
  1327 10095
  1328 10095
  1329 10095
  1330 10095
  1331 10095
  1332 10095
  1333 10095
  1334 10095
  1335 10095
  1336 10095
  1337 10095
  1338 10095
  1339 10095
  1340 10095
  1341 10095
  1342 10095
  1343 10095
  1344 10095
  1345 10095
  1346 10095
  1347 10095
  1348 10095
  1349 10095
  1350 10095
  1351 10095
  1352 10095
  1353 10095
  1354 10095
  1355 10095
  1356 10095
  1357 10095
  1358 10095
  1359 10095
  1360 10095
  1361 10095
  1362 10095
  1363 10095
  1364 10095
  1365 10095
  1366 10095
  1367 10095
  1368 10095
  1369 10095
  1370 10095
  1371 10095
  1372 10095
  1373 10095
  1374 10095
  1375 10095
  1376 10095
  1377 10095
  1378 10095
  1379 10095
  1380 10095
  1381 10095
  1382 10095
  1383 10095
  1384 10095
  1385 10095
  1386 10095
  1387 10095
  1388 10095
  1389 10095
  1390 10095
  1391 10095
  1392 10095
  1393 10095
  1394 10095
  1395 10095
  1396 10095
  1397 10095
  1398 10095
  1399 10095
  1400 10095
  1401 10095
  1402 10095
  1403 10095
  1404 10095
  1405 10095
  1406 10095
  1407 10095
  1408 10095
  1409 10095
  1410 10095
  1411 10095
  1412 10095
  1413 10095
  1414 10095
  1415 10095
  1416 10095
  1417 10095
  1418 10095
  1419 10095
  1420 10095
  1421 10095
  1422 10095
  1423 10095
  1424 10095
  1425 10095
  1426 10095
  1427 10095
  1428 10095
  1429 10095
  1430 10095
  1431 10095
  1432 10095
  1433 10095
  1434 10095
  1435 10095
  1436 10095
  1437 10095
  1438 10095
  1439 10095
  1440 10095
  1441 10095
  1442 10095
  1443 10095
  1444 10095
  1445 10095
  1446 10095
  1447 10095
  1448 10095
  1449 10095
  1450 10095
  1451 10095
  1452 10095
  1453 10095
  1454 10095
  1455 10095
  1456 10095
  1457 10095
  1458 10095
  1459 10095
  1460 10095
  1461 10095
  1462 10095
  1463 10095
  1464 10095
  1465 10095
  1466 10095
  1467 10095
  1468 10095
  1469 10095
  1470 10095
  1471 10095
  1472 10095
  1473 10095
  1474 10095
  1475 10095
  1476 10095
  1477 10095
  1478 10095
  1479 10095
  1480 10095
  1481 10095
  1482 10095
  1483 10095
  1484 10095
  1485 10095
  1486 10095
  1487 10095
  1488 10095
  1489 10095
  1490 10095
  1491 10095
  1492 10095
  1493 10095
  1494 10095
  1495 10095
  1496 10095
  1497 10095
  1498 10095
  1499 10095
  1500 10095
  1501 10095
  1502 10095
  1503 10095
  1504 10095
  1505 10095
  1506 10095
  1507 10095
  1508 10095
  1509 10095
  1510 10095
  1511 10095
  1512 10095
  1513 10095
  1514 10095
  1515 10095
  1516 10095
  1517 10095
  1518 10095
  1519 10095
  1520 10095
  1521 10095
  1522 10095
  1523 10095
  1524 10095
  1525 10095
  1526 10095
  1527 10095
  1528 10095
  1529 10095
  1530 10095
  1531 10095
  1532 10095
  1533 10095
  1534 10095
  1535 10095
  1536 10095
  1537 10095
  1538 10095
  1539 10095
  1540 10095
  1541 10095
  1542 10095
  1543 10095
  1544 10095
  1545 10095
  1546 10095
  1547 10095
  1548 10095
  1549 10095
  1550 10095
  1551 10095
  1552 10095
  1553 10095
  1554 10095
  1555 10095
  1556 10095
  1557 10095
  1558 10095
  1559 10095
  1560 10095
  1561 10095
  1562 10095
  1563 10095
  1564 10095
  1565 10095
  1566 10095
  1567 10095
  1568 10095
  1569 10095
  1570 10095
  1571 10095
  1572 10095
  1573 10095
  1574 10095
  1575 10095
  1576 10095
  1577 10095
  1578 10095
  1579 10095
  1580 10095
  1581 10095
  1582 10095
  1583 10095
  1584 10095
  1585 10095
  1586 10095
  1587 10095
  1588 10095
  1589 10095
  1590 10095
  1591 10095
  1592 10095
  1593 10095
  1594 10095
  1595 10095
  1596 10095
  1597 10095
  1598 10095
  1599 10095
  1600 10095
  1601 10095
  1602 10095
  1603 10095
  1604 10095
  1605 10095
  1606 10095
  1607 10095
  1608 10095
  1609 10095
  1610 10095
  1611 10095
  1612 10095
  1613 10095
  1614 10095
  1615 10095
  1623 10086
  1624 10086
  1625 10086
  1626 10086
  1627 10086
  1628 10094
  1630 10059
  1631 10059
  1632 10059
  1633 10059
  1634 10059
  1635 10059
  1636 10059
  1637 10059
  1638 10059
  1639 10059
  1640 10059
  1641 10059
  1642 10059
  1643 10059
  1644 10059
  1645 10059
  1646 10059
  1647 10059
  1648 10059
  1649 10059
  1650 10059
  1651 10059
  1652 10059
  1653 10059
  1654 10059
  1655 10059
  1656 10059
  1657 10059
  1658 10059
  1659 10059
  1660 10059
  1661 10059
  1662 10059
  1663 10059
  1664 10059
  1665 10059
  1666 10059
  1667 10059
  1668 10059
  1669 10059
  1670 10059
  1671 10059
  1672 10059
  1673 10059
  1674 10059
  1675 10059
  1676 10059
  1677 10059
  1678 10059
  1679 10059
  1680 10059
  1681 10059
  1682 10059
  1683 10059
  1684 10059
  1685 10059
  1686 10059
  1687 10059
  1688 10059
  1689 10059
  1690 10059
  1691 10059
  1692 10059
  1693 10059
  1694 10059
  1695 10059
  1696 10059
  1697 10059
  1698 10059
  1699 10059
  1700 10059
  1701 10059
  1702 10059
  1703 10059
  1704 10059
  1705 10059
  1706 10059
  1707 10059
  1708 10059
  1709 10059
  1710 10059
  1711 10059
  1712 10059
  1713 10059
  1714 10059
  1715 10059
  1716 10059
  1717 10059
  1718 10059
  1719 10059
  1720 10059
  1721 10059
  1722 10059
  1723 10059
  1724 10059
  1725 10059
  1726 10059
  1727 10059
  1728 10059
  1729 10059
  1730 10059
  1731 10059
  1732 10059
  1733 10059
  1734 10059
  1735 10059
  1736 10059
  1737 10059
  1738 10059
  1739 10059
  1740 10059
  1741 10059
  1742 10059
  1743 10059
  1744 10059
  1745 10059
  1746 10059
  1747 10059
  1748 10059
  1749 10059
  1750 10059
  1751 10059
  1752 10059
  1753 10059
  1754 10059
  1755 10059
  1756 10059
  1757 10059
  1758 10059
  1759 10059
  1760 10059
  1761 10059
  1762 10059
  1763 10059
  1764 10059
  1765 10059
  1766 10059
  1767 10059
  1768 10059
  1769 10059
  1770 10059
  1771 10059
  1772 10059
  1773 10059
  1774 10059
  1775 10059
  1776 10059
  1777 10059
  1778 10059
  1779 10059
  1780 10059
  1781 10059
  1782 10059
  1783 10059
  1784 10059
  1785 10059
  1786 10059
  1787 10059
  1788 10059
  1789 10059
  1790 10059
  1791 10059
  1792 10059
  1793 10059
  1794 10059
  1795 10059
  1796 10059
  1797 10059
  1798 10059
  1799 10059
  1800 10059
  1801 10059
  1802 10059
  1803 10059
  1804 10059
  1805 10059
  1806 10059
  1807 10059
  1808 10059
  1809 10059
  1810 10059
  1811 10059
  1812 10059
  1813 10059
  1814 10059
  1815 10059
  1816 10059
  1817 10059
  1818 10059
  1819 10059
  1820 10059
  1821 10059
  1822 10059
  1823 10059
  1824 10059
  1825 10059
  1826 10059
  1827 10059
  1828 10059
  1829 10059
  1830 10059
  1831 10059
  1832 10059
  1833 10059
  1834 10059
  1835 10059
  1836 10059
  1837 10059
  1838 10059
  1839 10059
  1840 10059
  1841 10059
  1842 10059
  1843 10059
  1844 10059
  1845 10059
  1846 10059
  1847 10059
  1848 10059
  1849 10059
  1850 10059
  1851 10059
  1852 10059
  1853 10059
  1854 10059
  1855 10059
  1856 10059
  1857 10059
  1858 10059
  1859 10059
  1860 10059
  1861 10059
  1862 10155
  1863 10155
  1864 10155
  1865 10155
  1866 10155
  1867 10155
  1868 10155
  1869 10155
  1870 10155
  1871 10155
  1872 10155
  1873 10155
  1874 10155
  1875 10155
  1876 10155
  1877 10155
  1878 10155
  1879 10155
  1880 10155
  1881 10155
  1882 10155
  1883 10155
  1884 10155
  1885 10155
  1886 10155
  1887 10155
  1888 10155
  1889 10155
  1890 10155
  1891 10155
  1892 10155
  1893 10155
  1894 10155
  1895 10155
  1896 10155
  1897 10155
  1898 10155
  1899 10155
  1900 10155
  1901 10155
  1902 10155
  1903 10155
  1904 10155
  1905 10155
  1906 10155
  1907 10155
  1908 10155
  1909 10155
  1910 10155
  1911 10155
  1912 10155
  1913 10155
  1914 10155
  1915 10155
  1916 10155
  1917 10155
  1918 10155
  1919 10155
  1920 10155
  1921 10155
  1922 10155
  1923 10155
  1924 10155
  1925 10155
  1926 10155
  1927 10155
  1928 10155
  1929 10155
  1930 10155
  1931 10155
  1932 10155
  1933 10155
  1934 10155
  1935 10155
  1936 10155
  1937 10155
  1938 10155
  1939 10155
  1940 10155
  1941 10155
  1942 10155
  1943 10155
  1944 10155
  1945 10155
  1946 10155
  1947 10155
  1948 10155
  1949 10155
  1950 10155
  1951 10155
  1952 10155
  1953 10155
  1954 10155
  1955 10155
  1956 10155
  1957 10155
  1958 10155
  1959 10155
  1960 10155
  1961 10155
  1962 10155
  1963 10155
  1964 10155
  1965 10155
  1966 10155
  1967 10155
  1968 10155
  1969 10155
  1970 10155
  1971 10155
  1972 10155
  1973 10155
  1974 10155
  1975 10155
  1976 10155
  1977 10155
  1978 10155
  1979 10155
  1980 10155
  1981 10155
  1982 10155
  1983 10155
  1984 10155
  1985 10155
  1986 10155
  1987 10155
  1988 10155
  1989 10155
  1990 10155
  1991 10155
  1992 10155
  1993 10155
  1994 10155
  1995 10155
  1996 10155
  1997 10155
  1998 10155
  1999 10155
  2000 10155
  2001 10155
  2002 10155
  2003 10155
  2004 10155
  2005 10155
  2006 10155
  2007 10155
  2008 10155
  2009 10155
  2010 10155
  2011 10155
  2012 10155
  2013 10155
  2014 10155
  2015 10155
  2016 10155
  2017 10155
  2018 10155
  2019 10155
  2020 10155
  2021 10155
  2022 10155
  2023 10155
  2024 10155
  2025 10155
  2026 10143
  2027 10143
  2028 10143
  2029 10096
  2030 10096
  2031 10096
  2032 10096
