   689 10134
   690 10134
   691 10134
   692 10134
   693 10134
   694 10134
   695 10134
   696 10134
   697 10134
   698 10134
   699 10134
   700 10134
   701 10134
   702 10134
   703 10134
   704 10134
   705 10134
   706 10134
   707 10134
   708 10134
   709 10134
   710 10134
   711 10134
   712 10134
   713 10134
   714 10134
   715 10134
   716 10134
   717 10134
   718 10134
   719 10134
   720 10134
   721 10134
   722 10134
   723 10134
   724 10134
   725 10134
   726 10134
   727 10134
   728 10134
   729 10134
   730 10134
   731 10134
   732 10134
   733 10134
   734 10134
   735 10134
   736 10134
   737 10134
   738 10134
   739 10134
   740 10134
   741 10134
   742 10134
   743 10134
   744 10134
   745 10134
   746 10134
   747 10134
   748 10134
   749 10134
   750 10134
   751 10134
   752 10134
   753 10134
   754 10134
   755 10134
   756 10134
   757 10134
   758 10134
   759 10134
   760 10134
   761 10134
   762 10134
   763 10134
   764 10134
   765 10134
   766 10134
   767 10134
   768 10134
   769 10134
   770 10134
   771 10134
   772 10134
   773 10134
   774 10134
   775 10134
   776 10134
   777 10134
   778 10134
   779 10134
   780 10134
   781 10134
   782 10134
   783 10134
   784 10065
   785 10065
   786 10065
   787 10065
   788 10065
   789 10065
   790 10065
   791 10065
   792 10065
   793 10065
   794 10065
   795 10065
   796 10065
   797 10065
   798 10065
   799 10065
   800 10065
   801 10065
   802 10065
   803 10065
   804 10065
   805 10065
   806 10065
   807 10065
   808 10065
   809 10065
   810 10065
   811 10065
   812 10065
   813 10065
   814 10065
   815 10065
   816 10065
   817 10065
   818 10065
   819 10065
   820 10065
   821 10065
   822 10065
   823 10065
   824 10065
   825 10065
   826 10065
   827 10065
   828 10065
   829 10065
   830 10065
   831 10065
   832 10065
   833 10065
   834 10065
   835 10065
   836 10065
   837 10065
   838 10065
   839 10065
   840 10065
   841 10065
   842 10065
   843 10065
   844 10065
   845 10065
   846 10065
   847 10065
   848 10065
   849 10065
   850 10065
   851 10065
   852 10065
   853 10065
   854 10065
   855 10065
   856 10065
   857 10065
   858 10065
   859 10065
   860 10065
   861 10065
   862 10065
   863 10065
   864 10065
   865 10065
   866 10065
   867 10065
   868 10065
   869 10065
   870 10065
   871 10065
   872 10065
   873 10065
   874 10065
   875 10065
   876 10065
   877 10065
   878 10065
   879 10065
   880 10065
   881 10065
   882 10065
   883 10065
   884 10065
   885 10065
   886 10065
   887 10065
   888 10065
   889 10065
   890 10065
   891 10065
   892 10065
   893 10065
   894 10065
   895 10065
   896 10065
   897 10065
   898 10065
   899 10065
   900 10065
   901 10065
   902 10065
   903 10065
   904 10065
   905 10065
   906 10065
   907 10065
   908 10065
   909 10065
   910 10065
   911 10065
   912 10065
   913 10065
   914 10065
   915 10065
   916 10065
   917 10065
   918 10065
   919 10065
   920 10065
   921 10065
   922 10065
   923 10065
   924 10065
   925 10065
   926 10065
   927 10065
   928 10065
   929 10065
   930 10065
   931 10065
   932 10065
   933 10065
   934 10065
   935 10065
   936 10065
   937 10065
   938 10065
   939 10065
   940 10065
   941 10065
   942 10065
   943 10065
   944 10065
   945 10065
   946 10065
   947 10065
   948 10065
   949 10065
   950 10065
   951 10065
   952 10065
   953 10065
   954 10065
   955 10065
   956 10065
   957 10065
   958 10065
   959 10065
   960 10065
   961 10065
   962 10065
   963 10065
   964 10065
   965 10065
   966 10065
   967 10065
   968 10065
   969 10065
   970 10065
   971 10065
   972 10065
   973 10065
   974 10065
   975 10065
   976 10065
   977 10065
   978 10065
   979 10065
   980 10065
   981 10065
   982 10065
   983 10065
   984 10065
   985 10065
   986 10065
   987 10065
   988 10065
   989 10065
   990 10065
   991 10065
   992 10065
   993 10065
   994 10065
   995 10065
   996 10065
   997 10065
   998 10065
   999 10065
  1000 10065
  1001 10065
  1002 10065
  1003 10065
  1004 10065
  1005 10065
  1006 10065
  1007 10065
  1008 10065
  1009 10065
  1010 10065
  1011 10065
  1012 10065
  1013 10065
  1014 10065
  1015 10065
  1016 10065
  1017 10065
  1018 10065
  1019 10065
  1020 10065
  1021 10061
  1022 10101
  1023 10101
  1024 10128
  1025 10043
  1029 10011
  1030 10011
  1031 10011
  1032 10011
  1033 10011
  1034 10011
  1035 10011
  1036 10011
  1037 10011
  1038 10011
  1039 10011
  1040 10011
  1041 10011
  1042 10011
  1043 10011
  1044 10011
  1045 10011
  1046 10011
  1047 10011
  1048 10011
  1049 10011
  1050 10011
  1051 10011
  1052 10011
  1053 10011
  1054 10011
  1055 10011
  1056 10011
  1057 10011
  1058 10011
  1059 10011
  1060 10011
  1061 10011
  1062 10011
  1063 10011
  1064 10011
  1065 10011
  1066 10011
  1067 10011
  1068 10011
  1069 10011
  1070 10011
  1071 10011
  1072 10011
  1073 10011
  1074 10011
  1075 10011
  1076 10011
  1077 10011
  1078 10011
  1079 10011
  1080 10011
  1081 10011
  1082 10011
  1083 10011
  1084 10011
  1085 10011
  1086 10011
  1087 10011
  1088 10011
  1089 10011
  1090 10011
  1091 10011
  1092 10011
  1093 10011
  1094 10011
  1095 10011
  1096 10011
  1097 10011
  1098 10011
  1099 10011
  1100 10011
  1101 10011
  1102 10011
  1103 10011
  1104 10011
  1105 10011
  1106 10011
  1107 10011
  1108 10011
  1109 10011
  1110 10011
  1111 10011
  1112 10011
  1113 10011
  1114 10011
  1115 10011
  1116 10011
  1117 10011
  1118 10011
  1119 10011
  1120 10011
  1121 10011
  1122 10011
  1123 10011
  1124 10011
  1125 10011
  1126 10011
  1127 10011
  1128 10011
  1129 10011
  1130 10011
  1131 10011
  1132 10011
  1133 10011
  1134 10011
  1135 10011
  1136 10011
  1137 10011
  1138 10011
  1139 10011
  1140 10011
  1141 10011
  1142 10011
  1143 10011
  1144 10011
  1145 10011
  1146 10011
  1147 10011
  1148 10011
  1149 10011
  1150 10011
  1151 10011
  1152 10011
  1153 10011
  1154 10011
  1155 10011
  1156 10011
  1157 10011
  1158 10011
  1159 10011
  1160 10011
  1161 10011
  1162 10011
  1163 10011
  1164 10011
  1165 10011
  1166 10011
  1167 10011
  1168 10011
  1169 10011
  1170 10011
  1171 10011
  1172 10011
  1173 10011
  1174 10011
  1175 10011
  1176 10011
  1177 10011
  1178 10011
  1179 10011
  1180 10011
  1181 10011
  1182 10011
  1183 10011
  1184 10011
  1185 10011
  1186 10011
  1187 10011
  1188 10011
  1189 10011
  1190 10011
  1191 10011
  1192 10011
  1193 10011
  1194 10011
  1195 10011
  1196 10011
  1197 10011
  1198 10011
  1199 10011
  1200 10011
  1201 10011
  1202 10011
  1203 10011
  1204 10011
  1205 10011
  1206 10011
  1207 10011
  1208 10011
  1209 10011
  1210 10011
  1211 10011
  1212 10011
  1213 10011
  1214 10011
  1215 10011
  1216 10011
  1217 10011
  1218 10011
  1219 10011
  1220 10011
  1221 10011
  1222 10011
  1223 10011
  1224 10011
  1225 10011
  1226 10011
  1227 10011
  1228 10011
  1229 10011
  1230 10011
  1231 10011
  1232 10011
  1233 10011
  1234 10011
  1235 10011
  1236 10011
  1237 10011
  1238 10011
  1239 10011
  1240 10011
  1241 10011
  1242 10011
  1243 10011
  1244 10011
  1245 10011
  1246 10011
  1247 10011
  1248 10011
  1249 10011
  1250 10011
  1251 10011
  1252 10011
  1253 10011
  1254 10011
  1255 10011
  1256 10011
  1257 10011
  1267 10122
  1268 10122
  1269 10122
  1270 10122
  1271 10122
  1272 10122
  1273 10122
  1274 10122
  1275 10122
  1276 10122
  1277 10122
  1278 10122
  1279 10122
  1280 10122
  1281 10122
  1282 10122
  1283 10122
  1284 10122
  1285 10122
  1286 10122
  1287 10122
  1288 10122
  1289 10122
  1290 10122
  1291 10122
  1292 10122
  1293 10122
  1294 10122
  1295 10122
  1296 10122
  1297 10122
  1298 10122
  1299 10122
  1300 10122
  1301 10122
  1302 10122
  1303 10122
  1304 10122
  1305 10122
  1306 10122
  1307 10122
  1308 10122
  1309 10122
  1310 10122
  1311 10122
  1312 10122
  1313 10122
  1314 10122
  1315 10122
  1316 10122
  1317 10122
  1318 10122
  1319 10122
  1320 10122
  1321 10122
  1322 10122
  1323 10122
  1324 10122
  1325 10122
  1326 10122
  1327 10122
  1328 10122
  1329 10122
  1330 10122
  1331 10122
  1332 10122
  1333 10122
  1334 10122
  1335 10122
  1336 10122
  1337 10122
  1338 10122
  1339 10122
  1340 10122
  1341 10122
  1342 10122
  1343 10122
  1344 10122
  1345 10122
  1346 10122
  1347 10122
  1348 10122
  1349 10122
  1350 10122
  1351 10122
  1352 10122
  1353 10122
  1354 10122
  1355 10122
  1356 10122
  1357 10122
  1358 10122
  1359 10122
  1360 10122
  1361 10122
  1362 10122
  1363 10122
  1364 10122
  1365 10122
  1366 10122
  1367 10122
  1368 10122
  1369 10122
  1370 10122
  1371 10122
  1372 10122
  1373 10122
  1374 10122
  1375 10122
  1376 10122
  1377 10122
  1378 10122
  1379 10122
  1380 10122
  1381 10122
  1382 10122
  1383 10122
  1384 10122
  1385 10122
  1386 10122
  1387 10122
  1388 10122
  1389 10122
  1390 10122
  1391 10122
  1392 10122
  1393 10122
  1394 10122
  1395 10122
  1396 10122
  1397 10122
  1398 10122
  1399 10122
  1400 10122
  1401 10122
  1402 10122
  1403 10122
  1404 10122
  1405 10122
  1406 10122
  1407 10122
  1408 10122
  1409 10122
  1410 10122
  1411 10122
  1412 10122
  1413 10122
  1414 10122
  1415 10122
  1416 10122
  1417 10122
  1418 10122
  1419 10122
  1420 10122
  1421 10122
  1422 10122
  1423 10122
  1424 10122
  1425 10122
  1426 10122
  1427 10122
  1428 10122
  1429 10122
  1430 10122
  1431 10122
  1432 10122
  1433 10122
  1434 10122
  1435 10122
  1436 10122
  1437 10122
  1438 10122
  1439 10122
  1440 10122
  1441 10122
  1442 10122
  1443 10122
  1444 10122
  1445 10122
  1446 10122
  1447 10122
  1448 10122
  1449 10122
  1450 10122
  1451 10122
  1452 10122
  1453 10122
  1454 10122
  1455 10122
  1456 10122
  1457 10122
  1458 10122
  1459 10122
  1460 10122
  1461 10122
  1462 10122
  1463 10122
  1464 10122
  1465 10122
  1466 10122
  1467 10122
  1468 10122
  1469 10122
  1470 10122
  1471 10122
  1472 10122
  1473 10122
  1474 10122
  1475 10122
  1476 10122
  1477 10122
  1478 10122
  1479 10122
  1480 10122
  1481 10122
  1482 10122
  1483 10122
  1484 10122
  1485 10122
  1486 10122
  1487 10122
  1488 10122
  1493 10106
  1494 10098
  1495 10098
  1496 10018
  1497 10098
  1498 10018
  1499 10018
  1500 10018
  1501 10018
  1502 10158
  1503 10018
  1504 10018
  1505 10018
  1506 10018
  1507 10018
  1508 10018
  1509 10018
  1510 10018
  1511 10018
  1512 10018
  1513 10018
  1514 10018
  1515 10018
  1516 10018
  1517 10018
  1518 10018
  1519 10018
  1520 10023
  1521 10018
  1522 10018
  1523 10018
  1524 10018
  1525 10158
  1526 10018
  1527 10018
  1528 10018
  1529 10055
  1530 10055
  1531 10018
  1532 10018
  1533 10018
  1534 10018
  1535 10018
  1536 10018
  1537 10018
  1538 10018
  1539 10018
  1540 10018
  1541 10018
  1542 10018
  1543 10018
  1544 10018
  1545 10018
  1546 10055
  1547 10018
  1548 10140
  1575 10016
  1576 10016
  1577 10154
  1578 10154
  1579 10154
  1580 10154
  1581 10154
  1618 10143
  1619 10143
  1620 10143
  1621 10143
  1622 10059
  1623 10059
  1624 10059
  1625 10059
  1626 10059
  1627 10059
  1628 10059
  1629 10059
  1630 10059
  1631 10059
  1632 10059
  1633 10059
  1634 10059
  1635 10059
  1636 10059
  1637 10059
  1638 10059
  1639 10059
  1640 10059
  1641 10059
  1642 10059
  1643 10059
  1644 10059
  1645 10059
  1646 10059
  1647 10059
  1648 10059
  1649 10059
  1650 10059
  1651 10059
  1652 10059
  1653 10059
  1654 10059
  1655 10059
  1656 10059
  1657 10059
  1658 10059
  1659 10059
  1660 10059
  1661 10059
  1662 10059
  1663 10059
  1664 10059
  1665 10059
  1666 10059
  1667 10059
  1668 10059
  1669 10059
  1670 10059
  1671 10059
  1672 10059
  1673 10059
  1674 10059
  1675 10059
  1676 10059
  1677 10059
  1678 10059
  1679 10059
  1680 10059
  1681 10059
  1682 10059
  1683 10059
  1684 10059
  1685 10059
  1686 10059
  1687 10059
  1688 10059
  1689 10059
  1690 10059
  1691 10059
  1692 10059
  1693 10059
  1694 10059
  1695 10059
  1696 10059
  1697 10059
  1698 10059
  1699 10059
  1700 10059
  1701 10059
  1702 10059
  1703 10059
  1704 10059
  1705 10059
  1706 10059
  1707 10059
  1708 10059
  1709 10059
  1710 10059
  1711 10059
  1712 10059
  1713 10059
  1714 10059
  1715 10059
  1716 10059
  1717 10059
  1718 10059
  1719 10059
  1720 10059
  1721 10059
  1722 10059
  1723 10059
  1724 10059
  1725 10059
  1726 10059
  1727 10059
  1728 10059
  1729 10059
  1730 10059
  1731 10059
  1732 10059
  1733 10059
  1734 10059
  1735 10059
  1736 10059
  1737 10059
  1738 10059
  1739 10059
  1740 10059
  1741 10059
  1742 10059
  1743 10059
  1744 10059
  1745 10059
  1746 10059
  1747 10059
  1748 10059
  1749 10059
  1750 10059
  1751 10059
  1752 10059
  1753 10059
  1754 10059
  1755 10059
  1756 10059
  1757 10059
  1758 10059
  1759 10059
  1760 10059
  1761 10059
  1762 10059
  1763 10059
  1764 10059
  1765 10059
  1766 10059
  1767 10059
  1768 10059
  1769 10059
  1770 10059
  1771 10059
  1772 10059
  1773 10059
  1774 10059
  1775 10059
  1776 10059
  1777 10059
  1778 10059
  1779 10059
  1780 10059
  1781 10059
  1782 10059
  1783 10059
  1784 10059
  1785 10059
  1786 10059
  1787 10059
  1788 10059
  1789 10059
  1790 10059
  1791 10059
  1792 10059
  1793 10059
  1794 10059
  1795 10059
  1796 10059
  1797 10059
  1798 10059
  1799 10059
  1800 10059
  1801 10059
  1802 10059
  1803 10059
  1804 10059
  1805 10059
  1806 10059
  1807 10059
  1808 10059
  1809 10059
  1810 10059
  1811 10059
  1812 10059
  1813 10059
  1814 10059
  1815 10059
  1816 10059
  1817 10059
  1818 10059
  1819 10059
  1820 10059
  1821 10059
  1822 10059
  1823 10059
  1824 10059
  1825 10059
  1826 10059
  1827 10059
  1828 10059
  1829 10059
  1830 10059
  1831 10059
  1832 10059
  1833 10059
  1834 10059
  1835 10059
  1836 10059
  1837 10059
  1838 10059
  1839 10059
  1840 10059
  1841 10059
  1842 10059
  1843 10059
  1844 10059
  1845 10059
  1846 10059
  1847 10059
  1848 10059
  1849 10059
  1850 10059
  1851 10059
  1852 10059
  1853 10059
  1854 10059
  1855 10059
  1856 10036
  1857 10059
  1858 10095
  1859 10095
  1860 10095
  1861 10095
  1862 10095
  1863 10095
  1864 10095
  1865 10036
  1866 10036
  1867 10036
  1868 10036
  1869 10095
  1870 10095
  1871 10095
  1872 10095
  1873 10095
  1874 10095
  1875 10095
  1876 10095
  1877 10095
  1878 10095
  1879 10095
  1880 10095
  1881 10095
  1882 10095
  1883 10095
  1884 10095
  1885 10095
  1886 10095
  1887 10095
  1888 10095
  1889 10095
  1890 10095
  1891 10095
  1892 10095
  1893 10095
  1894 10095
  1895 10095
  1896 10095
  1897 10095
  1898 10095
  1899 10095
  1900 10095
  1901 10095
  1902 10095
  1903 10095
  1904 10095
  1905 10095
  1906 10095
  1907 10095
  1908 10095
  1909 10095
  1910 10095
  1911 10095
  1912 10095
  1913 10095
  1914 10095
  1915 10095
  1916 10095
  1917 10095
  1918 10095
  1919 10095
  1920 10095
  1921 10095
  1922 10095
  1923 10095
  1924 10095
  1925 10095
  1926 10095
  1927 10095
  1928 10095
  1929 10095
  1930 10095
  1931 10095
  1932 10095
  1933 10095
  1934 10095
  1935 10095
  1936 10095
  1937 10095
  1938 10095
  1939 10095
  1940 10095
  1941 10095
  1942 10095
  1943 10095
  1944 10095
  1945 10095
  1946 10095
  1947 10095
  1948 10095
  1949 10095
  1950 10095
  1951 10095
  1952 10095
  1953 10095
  1954 10095
  1955 10095
  1956 10095
  1957 10095
  1958 10095
  1959 10095
  1960 10095
  1961 10095
  1962 10095
  1963 10095
  1964 10095
  1965 10095
  1966 10095
  1967 10095
  1968 10095
  1969 10095
  1970 10095
  1971 10095
  1972 10095
  1973 10095
  1974 10095
  1975 10095
  1976 10095
  1977 10095
  1978 10095
  1979 10095
  1980 10095
  1981 10095
  1982 10095
  1983 10095
  1984 10095
  1985 10095
  1986 10095
  1987 10095
  1988 10095
  1989 10095
  1990 10095
  1991 10095
  1992 10095
  1993 10095
  1994 10095
  1995 10095
  1996 10095
  1997 10095
  1998 10095
  1999 10095
  2000 10095
  2001 10095
  2002 10095
  2003 10095
  2004 10095
  2005 10095
  2006 10095
  2007 10095
  2008 10095
  2009 10095
  2010 10095
  2011 10095
  2012 10095
  2013 10095
  2014 10095
  2015 10095
  2016 10095
  2017 10095
  2018 10095
  2019 10095
  2020 10095
  2021 10095
  2022 10095
  2023 10095
  2024 10095
  2025 10016
  2026 10143
  2027 10154
  2028 10154
  2029 10154
