   616 10021
   617 10021
   618 10021
   619 10021
   620 10021
   621 10021
   622 10021
   623 10021
   624 10021
   625 10021
   626 10021
   627 10021
   628 10082
   629 10021
   630 10021
   631 10021
   632 10021
   633 10021
   634 10082
   635 10082
   636 10045
   637 10045
   638 10045
   639 10045
   640 10045
   641 10045
   642 10045
   648 10021
   649 10021
   650 10021
   651 10082
   652 10082
   653 10082
   654 10082
   655 10021
   656 10082
   657 10021
   658 10021
   663 10021
   664 10021
   665 10021
   666 10021
   667 10021
   668 10045
   669 10045
   670 10045
   671 10045
   672 10045
   673 10045
   674 10045
   680 10045
   681 10082
   682 10082
   683 10082
   684 10021
   685 10021
   686 10021
   687 10021
   688 10021
   689 10021
   690 10021
   691 10021
   692 10021
   693 10021
   694 10021
   695 10021
   696 10021
   697 10021
   698 10021
   699 10021
   700 10021
   701 10021
   702 10021
   703 10021
   704 10021
   705 10021
   706 10021
   707 10021
   708 10021
   709 10021
   710 10021
   711 10021
   712 10021
   713 10021
   714 10021
   715 10021
   716 10021
   717 10021
   718 10021
   719 10021
   720 10021
   721 10021
   722 10021
   723 10021
   724 10021
   725 10021
   726 10021
   727 10021
   728 10021
   729 10021
   730 10021
   731 10021
   732 10021
   733 10021
   734 10021
   735 10021
   736 10021
   737 10021
   738 10021
   739 10021
   740 10021
   741 10021
   742 10021
   743 10021
   744 10021
   745 10021
   746 10021
   747 10021
   748 10021
   749 10021
   750 10021
   751 10021
   752 10021
   753 10021
   754 10021
   755 10021
   756 10021
   757 10021
   758 10021
   759 10021
   760 10021
   761 10021
   762 10021
   763 10021
   764 10021
   765 10021
   766 10021
   767 10021
   768 10021
   769 10021
   770 10021
   771 10021
   772 10021
   773 10021
   774 10021
   775 10021
   776 10021
   777 10021
   778 10021
   779 10021
   780 10021
   781 10021
   782 10021
   783 10002
   784 10002
   785 10002
   786 10002
   787 10002
   788 10002
   789 10002
   790 10002
   791 10002
   792 10002
   793 10002
   794 10002
   795 10002
   796 10002
   797 10002
   798 10002
   799 10002
   800 10002
   801 10002
   802 10002
   803 10002
   804 10002
   805 10002
   806 10002
   807 10002
   808 10002
   809 10002
   810 10002
   811 10002
   812 10002
   813 10002
   814 10002
   815 10002
   816 10002
   817 10002
   818 10002
   819 10002
   820 10002
   821 10002
   822 10002
   823 10002
   824 10002
   825 10002
   826 10002
   827 10002
   828 10002
   829 10002
   830 10002
   831 10002
   832 10002
   833 10002
   834 10002
   835 10002
   836 10002
   837 10002
   838 10002
   839 10002
   840 10002
   841 10002
   842 10002
   843 10002
   844 10002
   845 10002
   846 10002
   847 10002
   848 10002
   849 10002
   850 10002
   851 10002
   852 10002
   853 10002
   854 10002
   855 10002
   856 10002
   857 10002
   858 10002
   859 10002
   860 10002
   861 10002
   862 10002
   863 10002
   864 10002
   865 10002
   866 10002
   867 10002
   868 10002
   869 10002
   870 10002
   871 10002
   872 10002
   873 10002
   874 10002
   875 10002
   876 10002
   877 10002
   878 10002
   879 10002
   880 10002
   881 10002
   882 10002
   883 10002
   884 10002
   885 10002
   886 10002
   887 10002
   888 10002
   889 10002
   890 10002
   891 10002
   892 10002
   893 10002
   894 10002
   895 10002
   896 10002
   897 10002
   898 10002
   899 10002
   900 10002
   901 10002
   902 10002
   903 10002
   904 10002
   905 10002
   906 10002
   907 10002
   908 10002
   909 10002
   910 10002
   911 10002
   912 10002
   913 10002
   914 10002
   915 10002
   916 10002
   917 10002
   918 10002
   919 10002
   920 10002
   921 10002
   922 10002
   923 10002
   924 10002
   925 10002
   926 10002
   927 10002
   928 10002
   929 10002
   930 10002
   931 10002
   932 10002
   933 10002
   934 10002
   935 10002
   936 10002
   937 10002
   938 10002
   939 10002
   940 10002
   941 10002
   942 10002
   943 10002
   944 10002
   945 10002
   946 10002
   947 10002
   948 10002
   949 10002
   950 10002
   951 10002
   952 10002
   953 10002
   954 10002
   955 10002
   956 10002
   957 10002
   958 10002
   959 10002
   960 10002
   961 10002
   962 10002
   963 10002
   964 10002
   965 10002
   966 10002
   967 10002
   968 10002
   969 10002
   970 10002
   971 10002
   972 10002
   973 10002
   974 10002
   975 10002
   976 10002
   977 10002
   978 10002
   979 10002
   980 10002
   981 10002
   982 10002
   983 10002
   984 10002
   985 10002
   986 10002
   987 10002
   988 10002
   989 10002
   990 10002
   991 10002
   992 10002
   993 10002
   994 10002
   995 10002
   996 10002
   997 10002
   998 10002
   999 10002
  1000 10002
  1001 10002
  1002 10002
  1003 10002
  1004 10002
  1005 10002
  1006 10002
  1007 10002
  1008 10002
  1009 10002
  1010 10002
  1011 10002
  1012 10002
  1013 10002
  1014 10002
  1015 10002
  1016 10002
  1017 10039
  1018 10039
  1019 10039
  1020 10039
  1021 10039
  1022 10039
  1023 10039
  1024 10039
  1025 10039
  1026 10039
  1027 10039
  1028 10039
  1029 10039
  1030 10039
  1031 10039
  1032 10039
  1033 10039
  1034 10039
  1035 10039
  1036 10039
  1037 10039
  1038 10039
  1039 10039
  1040 10039
  1041 10039
  1042 10039
  1043 10039
  1044 10039
  1045 10039
  1046 10039
  1047 10039
  1048 10039
  1049 10039
  1050 10039
  1051 10039
  1052 10039
  1053 10039
  1054 10039
  1055 10039
  1056 10039
  1057 10039
  1058 10039
  1059 10039
  1060 10039
  1061 10039
  1062 10039
  1063 10039
  1064 10039
  1065 10039
  1066 10039
  1067 10039
  1068 10039
  1069 10039
  1070 10039
  1071 10039
  1072 10039
  1073 10039
  1074 10039
  1075 10039
  1076 10039
  1077 10039
  1078 10039
  1079 10039
  1080 10039
  1081 10039
  1082 10039
  1083 10039
  1084 10039
  1085 10039
  1086 10039
  1087 10039
  1088 10039
  1089 10039
  1090 10039
  1091 10039
  1092 10039
  1093 10039
  1094 10039
  1095 10039
  1096 10039
  1097 10039
  1098 10039
  1099 10039
  1100 10039
  1101 10039
  1102 10039
  1103 10039
  1104 10039
  1105 10039
  1106 10039
  1107 10039
  1108 10039
  1109 10039
  1110 10039
  1111 10039
  1112 10039
  1113 10039
  1114 10039
  1115 10039
  1116 10039
  1117 10039
  1118 10039
  1119 10039
  1120 10039
  1121 10039
  1122 10039
  1123 10039
  1124 10039
  1125 10039
  1126 10039
  1127 10039
  1128 10039
  1129 10039
  1130 10039
  1131 10039
  1132 10039
  1133 10039
  1134 10039
  1135 10039
  1136 10039
  1137 10039
  1138 10039
  1139 10039
  1140 10039
  1141 10039
  1142 10039
  1143 10039
  1144 10039
  1145 10039
  1146 10039
  1147 10039
  1148 10039
  1149 10039
  1150 10039
  1151 10039
  1152 10039
  1153 10039
  1154 10039
  1155 10039
  1156 10039
  1157 10039
  1158 10039
  1159 10039
  1160 10039
  1161 10039
  1162 10039
  1163 10039
  1164 10039
  1165 10039
  1166 10039
  1167 10039
  1168 10039
  1169 10039
  1170 10039
  1171 10039
  1172 10039
  1173 10039
  1174 10039
  1175 10039
  1176 10039
  1177 10039
  1178 10039
  1179 10039
  1180 10039
  1181 10039
  1182 10039
  1183 10039
  1184 10039
  1185 10039
  1186 10039
  1187 10039
  1188 10039
  1189 10039
  1190 10039
  1191 10039
  1192 10039
  1193 10039
  1194 10039
  1195 10039
  1196 10039
  1197 10039
  1198 10039
  1199 10039
  1200 10039
  1201 10039
  1202 10039
  1203 10039
  1204 10039
  1205 10039
  1206 10039
  1207 10039
  1208 10039
  1209 10039
  1210 10039
  1211 10039
  1212 10039
  1213 10039
  1214 10039
  1215 10039
  1216 10039
  1217 10039
  1218 10039
  1219 10039
  1220 10039
  1221 10039
  1222 10039
  1223 10039
  1224 10039
  1225 10039
  1226 10039
  1227 10039
  1228 10039
  1229 10039
  1230 10039
  1231 10039
  1232 10039
  1233 10039
  1234 10039
  1235 10039
  1236 10039
  1237 10039
  1238 10039
  1239 10039
  1240 10039
  1241 10039
  1242 10039
  1243 10039
  1244 10039
  1245 10039
  1246 10039
  1247 10039
  1248 10039
  1249 10039
  1250 10039
  1251 10039
  1252 10039
  1253 10039
  1254 10039
  1255 10039
  1256 10039
  1257 10039
  1258 10071
  1259 10094
  1260 10094
  1261 10094
  1262 10094
  1266 10156
  1267 10095
  1268 10095
  1269 10095
  1270 10095
  1271 10095
  1272 10095
  1273 10095
  1274 10095
  1275 10095
  1276 10095
  1277 10095
  1278 10095
  1279 10095
  1280 10095
  1281 10095
  1282 10095
  1283 10095
  1284 10095
  1285 10095
  1286 10095
  1287 10095
  1288 10095
  1289 10095
  1290 10095
  1291 10095
  1292 10095
  1293 10095
  1294 10095
  1295 10095
  1296 10095
  1297 10095
  1298 10095
  1299 10095
  1300 10095
  1301 10095
  1302 10095
  1303 10095
  1304 10095
  1305 10095
  1306 10095
  1307 10095
  1308 10095
  1309 10095
  1310 10095
  1311 10095
  1312 10095
  1313 10095
  1314 10095
  1315 10095
  1316 10095
  1317 10095
  1318 10095
  1319 10095
  1320 10095
  1321 10095
  1322 10095
  1323 10095
  1324 10095
  1325 10095
  1326 10095
  1327 10095
  1328 10095
  1329 10095
  1330 10095
  1331 10095
  1332 10095
  1333 10095
  1334 10095
  1335 10095
  1336 10095
  1337 10095
  1338 10095
  1339 10095
  1340 10095
  1341 10095
  1342 10095
  1343 10095
  1344 10095
  1345 10095
  1346 10095
  1347 10095
  1348 10095
  1349 10095
  1350 10095
  1351 10095
  1352 10095
  1353 10095
  1354 10095
  1355 10095
  1356 10095
  1357 10095
  1358 10095
  1359 10095
  1360 10095
  1361 10095
  1362 10095
  1363 10095
  1364 10095
  1365 10095
  1366 10095
  1367 10095
  1368 10095
  1369 10095
  1370 10095
  1371 10095
  1372 10095
  1373 10095
  1374 10095
  1375 10095
  1376 10095
  1377 10095
  1378 10095
  1379 10095
  1380 10095
  1381 10095
  1382 10095
  1383 10095
  1384 10095
  1385 10095
  1386 10095
  1387 10095
  1388 10095
  1389 10095
  1390 10095
  1391 10095
  1392 10095
  1393 10095
  1394 10095
  1395 10095
  1396 10095
  1397 10095
  1398 10095
  1399 10095
  1400 10095
  1401 10095
  1402 10095
  1403 10095
  1404 10095
  1405 10095
  1406 10095
  1407 10095
  1408 10095
  1409 10095
  1410 10095
  1411 10095
  1412 10095
  1413 10095
  1414 10095
  1415 10095
  1416 10095
  1417 10095
  1418 10095
  1419 10095
  1420 10095
  1421 10095
  1422 10095
  1423 10095
  1424 10095
  1425 10095
  1426 10095
  1427 10095
  1428 10095
  1429 10095
  1430 10095
  1431 10095
  1432 10095
  1433 10095
  1434 10095
  1435 10095
  1436 10095
  1437 10095
  1438 10095
  1439 10095
  1440 10095
  1441 10095
  1442 10095
  1443 10095
  1444 10095
  1445 10095
  1446 10095
  1447 10095
  1448 10095
  1449 10095
  1450 10095
  1451 10095
  1452 10095
  1453 10095
  1454 10095
  1455 10095
  1456 10095
  1457 10095
  1458 10095
  1459 10095
  1460 10095
  1461 10095
  1462 10095
  1463 10095
  1464 10095
  1465 10095
  1466 10095
  1467 10095
  1468 10095
  1469 10095
  1470 10095
  1471 10095
  1472 10095
  1473 10095
  1474 10095
  1475 10095
  1476 10095
  1477 10095
  1478 10095
  1479 10095
  1480 10095
  1481 10095
  1482 10095
  1483 10095
  1484 10095
  1485 10095
  1486 10095
  1487 10095
  1488 10095
  1489 10095
  1490 10095
  1491 10095
  1492 10095
  1493 10095
  1494 10095
  1495 10095
  1496 10095
  1497 10095
  1498 10095
  1499 10095
  1500 10095
  1503 10106
  1504 10098
  1505 10018
  1506 10018
  1507 10018
  1508 10018
  1509 10018
  1510 10055
  1511 10158
  1512 10055
  1513 10055
  1514 10158
  1515 10055
  1516 10023
  1517 10055
  1518 10018
  1519 10055
  1520 10055
  1521 10055
  1522 10055
  1523 10055
  1524 10055
  1525 10055
  1526 10055
  1527 10055
  1528 10055
  1529 10055
  1530 10055
  1531 10055
  1532 10055
  1533 10055
  1534 10055
  1535 10055
  1536 10055
  1537 10140
  1538 10140
  1539 10140
  1540 10055
  1541 10055
  1542 10140
  1543 10140
  1544 10140
  1545 10140
  1546 10055
  1547 10055
  1548 10140
  1549 10140
  1550 10140
  1551 10140
  1552 10055
  1553 10055
  1554 10055
  1555 10055
  1556 10055
  1557 10055
  1558 10055
  1559 10055
  1560 10055
  1561 10055
  1562 10055
  1563 10055
  1564 10055
  1565 10055
  1566 10055
  1567 10055
  1568 10055
  1571 10055
  1573 10055
  1574 10016
  1575 10016
  1576 10143
  1577 10016
  1578 10016
  1579 10016
  1580 10016
  1581 10016
  1582 10016
  1583 10016
  1584 10016
  1585 10016
  1586 10016
  1587 10016
  1588 10016
  1589 10016
  1590 10036
  1591 10036
  1592 10036
  1593 10036
  1596 10115
  1597 10154
  1613 10143
  1615 10143
  1616 10016
  1617 10016
  1619 10103
  1620 10103
  1621 10103
  1622 10122
  1623 10122
  1624 10122
  1625 10122
  1626 10122
  1627 10122
  1628 10122
  1629 10122
  1630 10122
  1631 10122
  1632 10122
  1633 10122
  1634 10122
  1635 10122
  1636 10122
  1637 10122
  1638 10122
  1639 10122
  1640 10122
  1641 10122
  1642 10122
  1643 10122
  1644 10122
  1645 10122
  1646 10122
  1647 10122
  1648 10122
  1649 10122
  1650 10122
  1651 10122
  1652 10122
  1653 10122
  1654 10122
  1655 10122
  1656 10122
  1657 10122
  1658 10122
  1659 10122
  1660 10122
  1661 10122
  1662 10122
  1663 10122
  1664 10122
  1665 10122
  1666 10122
  1667 10122
  1668 10122
  1669 10122
  1670 10122
  1671 10122
  1672 10122
  1673 10122
  1674 10122
  1675 10122
  1676 10122
  1677 10122
  1678 10122
  1679 10122
  1680 10122
  1681 10122
  1682 10122
  1683 10122
  1684 10122
  1685 10122
  1686 10122
  1687 10122
  1688 10122
  1689 10122
  1690 10122
  1691 10122
  1692 10122
  1693 10122
  1694 10122
  1695 10122
  1696 10122
  1697 10122
  1698 10122
  1699 10122
  1700 10122
  1701 10122
  1702 10122
  1703 10122
  1704 10122
  1705 10122
  1706 10122
  1707 10122
  1708 10122
  1709 10122
  1710 10122
  1711 10122
  1712 10122
  1713 10122
  1714 10122
  1715 10122
  1716 10122
  1717 10122
  1718 10122
  1719 10122
  1720 10122
  1721 10122
  1722 10122
  1723 10122
  1724 10122
  1725 10122
  1726 10122
  1727 10122
  1728 10122
  1729 10122
  1730 10122
  1731 10122
  1732 10122
  1733 10122
  1734 10122
  1735 10122
  1736 10122
  1737 10122
  1738 10122
  1739 10122
  1740 10122
  1741 10122
  1742 10122
  1743 10122
  1744 10122
  1745 10122
  1746 10122
  1747 10122
  1748 10122
  1749 10122
  1750 10122
  1751 10122
  1752 10122
  1753 10122
  1754 10122
  1755 10122
  1756 10122
  1757 10122
  1758 10122
  1759 10122
  1760 10122
  1761 10122
  1762 10122
  1763 10122
  1764 10122
  1765 10122
  1766 10122
  1767 10122
  1768 10122
  1769 10122
  1770 10122
  1771 10122
  1772 10122
  1773 10122
  1774 10122
  1775 10122
  1776 10122
  1777 10122
  1778 10122
  1779 10122
  1780 10122
  1781 10122
  1782 10122
  1783 10122
  1784 10122
  1785 10122
  1786 10122
  1787 10122
  1788 10122
  1789 10122
  1790 10122
  1791 10122
  1792 10122
  1793 10122
  1794 10122
  1795 10122
  1796 10122
  1797 10122
  1798 10122
  1799 10122
  1800 10122
  1801 10122
  1802 10122
  1803 10122
  1804 10122
  1805 10122
  1806 10122
  1807 10122
  1808 10122
  1809 10122
  1810 10122
  1811 10122
  1812 10122
  1813 10122
  1814 10122
  1815 10122
  1816 10122
  1817 10122
  1818 10122
  1819 10122
  1820 10122
  1821 10122
  1822 10122
  1823 10122
  1824 10122
  1825 10122
  1826 10122
  1827 10122
  1828 10122
  1829 10122
  1830 10122
  1831 10122
  1832 10122
  1833 10122
  1834 10122
  1835 10122
  1836 10122
  1837 10122
  1838 10122
  1839 10122
  1840 10122
  1841 10122
  1842 10122
  1843 10122
  1844 10122
  1845 10122
  1846 10122
  1847 10122
  1848 10122
  1849 10122
  1850 10122
  1851 10122
  1852 10122
  1853 10122
  1854 10122
  1855 10122
  1856 10122
  1857 10122
  1858 10122
  1863 10062
  1864 10067
  1865 10067
  1866 10067
  1867 10067
  1868 10067
  1869 10067
  1870 10067
  1871 10067
  1872 10067
  1873 10067
  1874 10067
  1875 10067
  1876 10067
  1877 10067
  1878 10067
  1879 10067
  1880 10067
  1881 10067
  1882 10067
  1883 10067
  1884 10067
  1885 10067
  1886 10067
  1887 10067
  1888 10067
  1889 10067
  1890 10067
  1891 10067
  1892 10067
  1893 10067
  1894 10067
  1895 10067
  1896 10067
  1897 10067
  1898 10067
  1899 10067
  1900 10067
  1901 10067
  1902 10067
  1903 10067
  1904 10067
  1905 10067
  1906 10067
  1907 10067
  1908 10067
  1909 10067
  1910 10067
  1911 10067
  1912 10067
  1913 10067
  1914 10067
  1915 10067
  1916 10067
  1917 10067
  1918 10067
  1919 10067
  1920 10067
  1921 10067
  1922 10067
  1923 10067
  1924 10067
  1925 10067
  1926 10067
  1927 10067
  1928 10067
  1929 10067
  1930 10067
  1931 10067
  1932 10067
  1933 10067
  1934 10067
  1935 10067
  1936 10067
  1937 10067
  1938 10067
  1939 10067
  1940 10067
  1941 10067
  1942 10067
  1943 10067
  1944 10067
  1945 10067
  1946 10067
  1947 10067
  1948 10067
  1949 10067
  1950 10067
  1951 10067
  1952 10067
  1953 10067
  1954 10067
  1955 10067
  1956 10067
  1957 10067
  1958 10067
  1959 10067
  1960 10067
  1961 10067
  1962 10067
  1963 10067
  1964 10067
  1965 10067
  1966 10067
  1967 10067
  1968 10067
  1969 10067
  1970 10067
  1971 10067
  1972 10067
  1973 10067
  1974 10067
  1975 10067
  1976 10067
  1977 10067
  1978 10067
  1979 10067
  1980 10067
  1981 10067
  1982 10067
  1983 10067
  1984 10067
  1985 10067
  1986 10067
  1987 10067
  1988 10067
  1989 10067
  1990 10067
  1991 10067
  1992 10067
  1993 10067
  1994 10067
  1995 10067
  1996 10067
  1997 10067
  1998 10067
  1999 10067
  2000 10067
  2001 10067
  2002 10067
  2003 10067
  2004 10067
  2005 10067
  2006 10067
  2007 10067
  2008 10067
  2009 10067
  2010 10067
  2011 10067
  2012 10067
  2013 10067
  2014 10067
  2015 10067
  2016 10067
  2017 10067
  2018 10067
  2019 10067
  2020 10067
  2021 10067
  2022 10067
  2023 10063
  2024 10090
  2025 10039
  2026 10039
  2029 10072
  2030 10072
  2031 10021
  2032 10021
  2033 10045
  2034 10045
  2035 10045
  2036 10045
  2037 10045
  2038 10021
  2039 10021
  2040 10021
  2041 10021
