   670 10130
   671 10130
   672 10130
   673 10107
   674 10130
   675 10107
   690 10100
   691 10100
   692 10100
   693 10100
   694 10100
   695 10100
   696 10100
   697 10100
   698 10100
   699 10100
   700 10100
   701 10100
   702 10100
   703 10100
   704 10100
   705 10100
   706 10100
   707 10100
   708 10100
   709 10100
   710 10100
   711 10100
   712 10100
   713 10100
   714 10100
   715 10100
   716 10100
   717 10100
   718 10100
   719 10100
   720 10100
   721 10100
   722 10100
   723 10100
   724 10100
   725 10100
   726 10100
   727 10100
   728 10100
   729 10100
   730 10100
   731 10100
   732 10100
   733 10100
   734 10100
   735 10100
   736 10100
   737 10100
   738 10100
   739 10100
   740 10100
   741 10100
   742 10100
   743 10100
   744 10100
   745 10100
   746 10100
   747 10100
   748 10100
   749 10100
   750 10100
   751 10100
   752 10100
   753 10100
   754 10100
   755 10100
   756 10100
   757 10100
   758 10100
   759 10100
   760 10100
   761 10100
   762 10100
   763 10100
   764 10100
   765 10100
   766 10100
   767 10100
   768 10100
   769 10100
   770 10100
   771 10100
   772 10100
   773 10100
   774 10100
   775 10100
   776 10100
   777 10100
   778 10100
   779 10100
   780 10100
   782 10036
   783 10036
   784 10143
   785 10143
   786 10165
   787 10165
   788 10165
   789 10165
   790 10165
   791 10165
   792 10165
   793 10165
   794 10165
   795 10088
   796 10088
   797 10088
   798 10088
   799 10088
   800 10088
   801 10088
   802 10088
   803 10088
   804 10088
   805 10088
   806 10088
   807 10088
   808 10088
   809 10088
   810 10088
   811 10088
   812 10088
   813 10088
   814 10088
   815 10088
   816 10088
   817 10088
   818 10088
   819 10088
   820 10088
   821 10088
   822 10088
   823 10088
   824 10088
   825 10088
   826 10088
   827 10088
   828 10088
   829 10088
   830 10088
   831 10088
   832 10088
   833 10088
   834 10088
   835 10088
   836 10088
   837 10088
   838 10088
   839 10088
   840 10088
   841 10088
   842 10088
   843 10088
   844 10088
   845 10088
   846 10088
   847 10088
   848 10088
   849 10088
   850 10088
   851 10088
   852 10088
   853 10088
   854 10088
   855 10088
   856 10088
   857 10088
   858 10088
   859 10088
   860 10088
   861 10088
   862 10088
   863 10088
   864 10088
   865 10088
   866 10088
   867 10088
   868 10088
   869 10088
   870 10088
   871 10088
   872 10088
   873 10088
   874 10088
   875 10088
   876 10088
   877 10088
   878 10088
   879 10088
   880 10088
   881 10088
   882 10088
   883 10088
   884 10088
   885 10088
   886 10088
   887 10088
   888 10088
   889 10088
   890 10088
   891 10088
   892 10088
   893 10088
   894 10088
   895 10088
   896 10088
   897 10088
   898 10088
   899 10088
   900 10088
   901 10088
   902 10088
   903 10088
   904 10088
   905 10088
   906 10088
   907 10088
   908 10088
   909 10088
   910 10088
   911 10088
   912 10088
   913 10088
   914 10088
   915 10088
   916 10088
   917 10088
   918 10088
   919 10088
   920 10088
   921 10088
   922 10088
   923 10088
   924 10088
   925 10088
   926 10088
   927 10088
   928 10088
   929 10088
   930 10088
   931 10088
   932 10088
   933 10088
   934 10088
   935 10088
   936 10088
   937 10088
   938 10088
   939 10088
   940 10088
   941 10088
   942 10088
   943 10088
   944 10088
   945 10088
   946 10088
   947 10088
   948 10088
   949 10088
   950 10088
   951 10088
   952 10088
   953 10088
   954 10088
   955 10088
   956 10088
   957 10088
   958 10088
   959 10088
   960 10088
   961 10088
   962 10088
   963 10088
   964 10088
   965 10088
   966 10088
   967 10088
   968 10088
   969 10088
   970 10088
   971 10088
   972 10088
   973 10088
   974 10088
   975 10088
   976 10088
   977 10088
   978 10088
   979 10088
   980 10088
   981 10088
   982 10088
   983 10088
   984 10088
   985 10088
   986 10088
   987 10088
   988 10088
   989 10088
   990 10088
   991 10088
   992 10088
   993 10088
   994 10088
   995 10088
   996 10088
   997 10088
   998 10088
   999 10088
  1000 10088
  1001 10088
  1002 10088
  1003 10088
  1004 10088
  1005 10088
  1006 10088
  1007 10088
  1008 10088
  1009 10088
  1010 10088
  1011 10088
  1012 10088
  1013 10088
  1014 10088
  1015 10088
  1016 10088
  1017 10088
  1018 10088
  1019 10088
  1020 10088
  1023 10104
  1024 10104
  1025 10166
  1026 10014
  1027 10155
  1028 10155
  1029 10155
  1030 10155
  1031 10155
  1032 10059
  1033 10059
  1034 10059
  1035 10059
  1036 10059
  1037 10059
  1038 10059
  1039 10059
  1040 10059
  1041 10059
  1042 10059
  1043 10059
  1044 10059
  1045 10059
  1046 10059
  1047 10059
  1048 10059
  1049 10059
  1050 10059
  1051 10059
  1052 10059
  1053 10059
  1054 10059
  1055 10059
  1056 10059
  1057 10059
  1058 10059
  1059 10059
  1060 10059
  1061 10059
  1062 10059
  1063 10059
  1064 10059
  1065 10059
  1066 10059
  1067 10059
  1068 10059
  1069 10059
  1070 10059
  1071 10059
  1072 10059
  1073 10059
  1074 10059
  1075 10059
  1076 10059
  1077 10059
  1078 10059
  1079 10059
  1080 10059
  1081 10059
  1082 10059
  1083 10059
  1084 10059
  1085 10059
  1086 10059
  1087 10059
  1088 10059
  1089 10059
  1090 10059
  1091 10059
  1092 10059
  1093 10059
  1094 10059
  1095 10059
  1096 10059
  1097 10059
  1098 10059
  1099 10059
  1100 10059
  1101 10059
  1102 10059
  1103 10059
  1104 10059
  1105 10059
  1106 10059
  1107 10059
  1108 10059
  1109 10059
  1110 10059
  1111 10059
  1112 10059
  1113 10059
  1114 10059
  1115 10059
  1116 10059
  1117 10059
  1118 10059
  1119 10059
  1120 10059
  1121 10059
  1122 10059
  1123 10059
  1124 10059
  1125 10059
  1126 10059
  1127 10059
  1128 10059
  1129 10059
  1130 10059
  1131 10059
  1132 10059
  1133 10059
  1134 10059
  1135 10059
  1136 10059
  1137 10059
  1138 10059
  1139 10059
  1140 10059
  1141 10059
  1142 10059
  1143 10059
  1144 10059
  1145 10059
  1146 10059
  1147 10059
  1148 10059
  1149 10059
  1150 10059
  1151 10059
  1152 10059
  1153 10059
  1154 10059
  1155 10059
  1156 10059
  1157 10059
  1158 10059
  1159 10059
  1160 10059
  1161 10059
  1162 10059
  1163 10059
  1164 10059
  1165 10059
  1166 10059
  1167 10059
  1168 10059
  1169 10059
  1170 10059
  1171 10059
  1172 10059
  1173 10059
  1174 10059
  1175 10059
  1176 10059
  1177 10059
  1178 10059
  1179 10059
  1180 10059
  1181 10059
  1182 10059
  1183 10059
  1184 10059
  1185 10059
  1186 10059
  1187 10059
  1188 10059
  1189 10059
  1190 10059
  1191 10059
  1192 10059
  1193 10059
  1194 10059
  1195 10059
  1196 10059
  1197 10059
  1198 10059
  1199 10059
  1200 10059
  1201 10059
  1202 10059
  1203 10059
  1204 10059
  1205 10059
  1206 10059
  1207 10059
  1208 10059
  1209 10059
  1210 10059
  1211 10059
  1212 10059
  1213 10059
  1214 10059
  1215 10059
  1216 10059
  1217 10059
  1218 10059
  1219 10059
  1220 10059
  1221 10059
  1222 10059
  1223 10059
  1224 10059
  1225 10059
  1226 10059
  1227 10059
  1228 10059
  1229 10059
  1230 10059
  1231 10059
  1232 10059
  1233 10059
  1234 10059
  1235 10059
  1236 10059
  1237 10059
  1238 10059
  1239 10059
  1240 10059
  1241 10059
  1242 10059
  1243 10059
  1244 10059
  1245 10059
  1246 10059
  1247 10059
  1248 10059
  1249 10059
  1250 10059
  1251 10059
  1252 10059
  1253 10059
  1254 10059
  1255 10059
  1256 10059
  1257 10059
  1258 10014
  1259 10154
  1265 10134
  1266 10065
  1267 10061
  1268 10088
  1269 10088
  1270 10088
  1271 10088
  1272 10088
  1273 10088
  1274 10088
  1275 10088
  1276 10088
  1277 10088
  1278 10088
  1279 10088
  1280 10088
  1281 10088
  1282 10088
  1283 10088
  1284 10088
  1285 10088
  1286 10088
  1287 10088
  1288 10088
  1289 10088
  1290 10088
  1291 10088
  1292 10088
  1293 10088
  1294 10088
  1295 10088
  1296 10088
  1297 10088
  1298 10088
  1299 10088
  1300 10088
  1301 10088
  1302 10088
  1303 10088
  1304 10088
  1305 10088
  1306 10088
  1307 10088
  1308 10088
  1309 10088
  1310 10088
  1311 10088
  1312 10088
  1313 10088
  1314 10088
  1315 10088
  1316 10088
  1317 10088
  1318 10088
  1319 10088
  1320 10088
  1321 10088
  1322 10088
  1323 10088
  1324 10088
  1325 10088
  1326 10088
  1327 10088
  1328 10088
  1329 10088
  1330 10088
  1331 10088
  1332 10088
  1333 10088
  1334 10088
  1335 10088
  1336 10088
  1337 10088
  1338 10088
  1339 10088
  1340 10088
  1341 10088
  1342 10088
  1343 10088
  1344 10088
  1345 10088
  1346 10088
  1347 10088
  1348 10088
  1349 10088
  1350 10088
  1351 10088
  1352 10088
  1353 10088
  1354 10088
  1355 10088
  1356 10088
  1357 10088
  1358 10088
  1359 10088
  1360 10088
  1361 10088
  1362 10088
  1363 10088
  1364 10088
  1365 10088
  1366 10088
  1367 10088
  1368 10088
  1369 10088
  1370 10088
  1371 10088
  1372 10088
  1373 10088
  1374 10088
  1375 10088
  1376 10088
  1377 10088
  1378 10088
  1379 10088
  1380 10088
  1381 10088
  1382 10088
  1383 10088
  1384 10088
  1385 10088
  1386 10088
  1387 10088
  1388 10088
  1389 10088
  1390 10088
  1391 10088
  1392 10088
  1393 10088
  1394 10088
  1395 10088
  1396 10088
  1397 10088
  1398 10088
  1399 10088
  1400 10088
  1401 10088
  1402 10088
  1403 10088
  1404 10088
  1405 10088
  1406 10088
  1407 10088
  1408 10088
  1409 10088
  1410 10088
  1411 10088
  1412 10088
  1413 10088
  1414 10088
  1415 10088
  1416 10088
  1417 10088
  1418 10088
  1419 10088
  1420 10088
  1421 10088
  1422 10088
  1423 10088
  1424 10088
  1425 10088
  1426 10088
  1427 10088
  1428 10088
  1429 10088
  1430 10088
  1431 10088
  1432 10088
  1433 10088
  1434 10088
  1435 10088
  1436 10088
  1437 10088
  1438 10088
  1439 10088
  1440 10088
  1441 10088
  1442 10088
  1443 10088
  1444 10088
  1445 10088
  1446 10088
  1447 10088
  1448 10088
  1449 10088
  1450 10088
  1451 10088
  1452 10088
  1453 10088
  1454 10088
  1455 10088
  1456 10088
  1457 10088
  1458 10088
  1459 10088
  1460 10088
  1461 10088
  1462 10088
  1463 10088
  1464 10088
  1465 10088
  1466 10088
  1467 10088
  1468 10088
  1469 10088
  1470 10088
  1471 10088
  1472 10088
  1473 10088
  1474 10088
  1475 10088
  1476 10088
  1477 10088
  1478 10088
  1479 10088
  1480 10088
  1481 10088
  1482 10088
  1483 10088
  1484 10088
  1485 10088
  1486 10088
  1487 10088
  1488 10088
  1489 10088
  1490 10088
  1491 10088
  1492 10088
  1493 10088
  1494 10088
  1495 10088
  1496 10088
  1497 10088
  1498 10088
  1499 10088
  1500 10088
  1501 10088
  1503 10055
  1504 10018
  1505 10018
  1506 10018
  1507 10018
  1508 10018
  1509 10018
  1510 10018
  1511 10018
  1512 10018
  1513 10040
  1514 10055
  1515 10055
  1516 10055
  1517 10055
  1518 10055
  1519 10055
  1520 10055
  1521 10055
  1522 10055
  1523 10055
  1524 10055
  1525 10055
  1526 10055
  1527 10055
  1528 10055
  1529 10055
  1530 10055
  1531 10055
  1532 10055
  1533 10055
  1534 10055
  1535 10055
  1536 10055
  1537 10055
  1538 10055
  1539 10055
  1540 10055
  1541 10018
  1542 10018
  1543 10055
  1544 10055
  1545 10018
  1546 10018
  1547 10018
  1548 10055
  1549 10055
  1550 10055
  1554 10055
  1555 10055
  1556 10055
  1557 10055
  1558 10055
  1559 10055
  1560 10055
  1561 10055
  1562 10055
  1563 10055
  1564 10055
  1565 10055
  1566 10055
  1567 10055
  1589 10016
  1590 10016
  1591 10016
  1592 10143
  1593 10016
  1594 10016
  1595 10016
  1596 10016
  1599 10055
  1600 10055
  1601 10055
  1602 10055
  1603 10055
  1604 10055
  1618 10101
  1619 10138
  1620 10128
  1621 10128
  1622 10128
  1623 10128
  1624 10128
  1625 10128
  1626 10128
  1627 10128
  1628 10128
  1629 10128
  1630 10128
  1631 10128
  1632 10128
  1633 10128
  1634 10128
  1635 10128
  1636 10128
  1637 10128
  1638 10128
  1639 10128
  1640 10128
  1641 10128
  1642 10128
  1643 10128
  1644 10128
  1645 10128
  1646 10128
  1647 10128
  1648 10128
  1649 10128
  1650 10128
  1651 10128
  1652 10128
  1653 10128
  1654 10128
  1655 10128
  1656 10128
  1657 10128
  1658 10128
  1659 10128
  1660 10128
  1661 10128
  1662 10128
  1663 10128
  1664 10128
  1665 10128
  1666 10128
  1667 10128
  1668 10128
  1669 10128
  1670 10128
  1671 10128
  1672 10128
  1673 10128
  1674 10128
  1675 10128
  1676 10128
  1677 10128
  1678 10128
  1679 10128
  1680 10128
  1681 10128
  1682 10128
  1683 10128
  1684 10128
  1685 10128
  1686 10128
  1687 10128
  1688 10128
  1689 10128
  1690 10128
  1691 10128
  1692 10128
  1693 10128
  1694 10128
  1695 10128
  1696 10128
  1697 10128
  1698 10128
  1699 10128
  1700 10128
  1701 10128
  1702 10128
  1703 10128
  1704 10128
  1705 10128
  1706 10128
  1707 10128
  1708 10128
  1709 10128
  1710 10128
  1711 10128
  1712 10128
  1713 10128
  1714 10128
  1715 10128
  1716 10128
  1717 10128
  1718 10128
  1719 10128
  1720 10128
  1721 10128
  1722 10128
  1723 10128
  1724 10128
  1725 10128
  1726 10128
  1727 10128
  1728 10128
  1729 10128
  1730 10128
  1731 10128
  1732 10128
  1733 10128
  1734 10128
  1735 10128
  1736 10128
  1737 10128
  1738 10128
  1739 10128
  1740 10128
  1741 10128
  1742 10128
  1743 10128
  1744 10128
  1745 10128
  1746 10128
  1747 10128
  1748 10128
  1749 10128
  1750 10128
  1751 10128
  1752 10128
  1753 10128
  1754 10128
  1755 10128
  1756 10128
  1757 10128
  1758 10128
  1759 10128
  1760 10128
  1761 10128
  1762 10128
  1763 10128
  1764 10128
  1765 10128
  1766 10128
  1767 10128
  1768 10128
  1769 10128
  1770 10128
  1771 10128
  1772 10128
  1773 10128
  1774 10128
  1775 10128
  1776 10128
  1777 10128
  1778 10128
  1779 10128
  1780 10128
  1781 10128
  1782 10128
  1783 10128
  1784 10128
  1785 10128
  1786 10128
  1787 10128
  1788 10128
  1789 10128
  1790 10128
  1791 10128
  1792 10128
  1793 10128
  1794 10128
  1795 10128
  1796 10128
  1797 10128
  1798 10128
  1799 10128
  1800 10128
  1801 10128
  1802 10128
  1803 10128
  1804 10128
  1805 10128
  1806 10128
  1807 10128
  1808 10128
  1809 10128
  1810 10128
  1811 10128
  1812 10128
  1813 10128
  1814 10128
  1815 10128
  1816 10128
  1817 10128
  1818 10128
  1819 10128
  1820 10128
  1821 10128
  1822 10128
  1823 10128
  1824 10128
  1825 10128
  1826 10128
  1827 10128
  1828 10128
  1829 10128
  1830 10128
  1831 10128
  1832 10128
  1833 10128
  1834 10128
  1835 10128
  1836 10128
  1837 10128
  1838 10128
  1839 10128
  1840 10128
  1841 10128
  1842 10128
  1843 10128
  1844 10128
  1845 10128
  1846 10128
  1847 10128
  1848 10128
  1849 10128
  1850 10128
  1851 10128
  1852 10128
  1853 10128
  1854 10128
  1855 10128
  1856 10128
  1857 10128
  1858 10128
  1859 10128
  1860 10128
  1861 10128
  1862 10128
  1863 10128
  1864 10128
  1865 10128
  1866 10128
  1867 10007
  1868 10101
  1869 10007
  1870 10007
  1871 10007
  1872 10007
  1873 10007
  1874 10007
  1875 10007
  1876 10007
  1877 10007
  1878 10007
  1879 10007
  1880 10007
  1881 10007
  1882 10007
  1883 10007
  1884 10007
  1885 10007
  1886 10007
  1887 10007
  1888 10007
  1889 10007
  1890 10007
  1891 10007
  1892 10007
  1893 10007
  1894 10007
  1895 10007
  1896 10007
  1897 10007
  1898 10007
  1899 10007
  1900 10007
  1901 10007
  1902 10007
  1903 10007
  1904 10007
  1905 10007
  1906 10007
  1907 10007
  1908 10007
  1909 10007
  1910 10007
  1911 10007
  1912 10007
  1913 10007
  1914 10007
  1915 10007
  1916 10007
  1917 10007
  1918 10007
  1919 10007
  1920 10007
  1921 10007
  1922 10007
  1923 10007
  1924 10007
  1925 10007
  1926 10007
  1927 10007
  1928 10007
  1929 10007
  1930 10007
  1931 10007
  1932 10007
  1933 10007
  1934 10007
  1935 10007
  1936 10007
  1937 10007
  1938 10007
  1939 10007
  1940 10007
  1941 10007
  1942 10007
  1943 10007
  1944 10007
  1945 10007
  1946 10007
  1947 10007
  1948 10007
  1949 10007
  1950 10007
  1951 10007
  1952 10007
  1953 10007
  1954 10007
  1955 10007
  1956 10007
  1957 10007
  1958 10007
  1959 10007
  1960 10007
  1961 10007
  1962 10007
  1963 10007
  1964 10007
  1965 10007
  1966 10007
  1967 10007
  1968 10007
  1969 10007
  1970 10007
  1971 10007
  1972 10007
  1973 10007
  1974 10007
  1975 10007
  1976 10007
  1977 10007
  1978 10007
  1979 10007
  1980 10007
  1981 10007
  1982 10007
  1983 10007
  1984 10007
  1985 10007
  1986 10007
  1987 10007
  1988 10007
  1989 10007
  1990 10007
  1991 10007
  1992 10007
  1993 10007
  1994 10007
  1995 10007
  1996 10007
  1997 10007
  1998 10007
  1999 10007
  2000 10007
  2001 10007
  2002 10007
  2003 10007
  2004 10007
  2005 10007
  2006 10007
  2007 10007
  2008 10007
  2009 10007
  2010 10007
  2011 10007
  2012 10007
  2013 10007
  2014 10007
  2015 10007
  2016 10007
  2017 10007
  2018 10007
  2019 10007
  2020 10007
  2021 10007
  2022 10007
  2023 10007
  2024 10007
  2025 10007
  2029 10113
