   690 10104
   691 10104
   692 10104
   693 10104
   694 10104
   695 10104
   696 10104
   697 10104
   698 10104
   699 10104
   700 10104
   701 10104
   702 10104
   703 10104
   704 10104
   705 10104
   706 10104
   707 10104
   708 10104
   709 10104
   710 10104
   711 10104
   712 10104
   713 10104
   714 10104
   715 10104
   716 10104
   717 10104
   718 10104
   719 10104
   720 10104
   721 10104
   722 10104
   723 10104
   724 10104
   725 10104
   726 10104
   727 10104
   728 10104
   729 10104
   730 10104
   731 10104
   732 10104
   733 10104
   734 10104
   735 10104
   736 10104
   737 10104
   738 10104
   739 10104
   740 10104
   741 10104
   742 10104
   743 10104
   744 10104
   745 10104
   746 10104
   747 10104
   748 10104
   749 10104
   750 10104
   751 10104
   752 10104
   753 10104
   754 10104
   755 10104
   756 10104
   757 10104
   758 10104
   759 10104
   760 10104
   761 10104
   762 10104
   763 10104
   764 10104
   765 10104
   766 10104
   767 10104
   768 10104
   769 10104
   770 10104
   771 10104
   772 10104
   773 10104
   774 10104
   775 10104
   776 10104
   777 10104
   778 10104
   779 10104
   780 10104
   781 10146
   782 10146
   783 10146
   784 10146
   785 10146
   786 10146
   787 10146
   788 10146
   789 10146
   790 10146
   791 10146
   792 10146
   793 10146
   794 10146
   795 10146
   796 10146
   797 10146
   798 10146
   799 10146
   800 10146
   801 10146
   802 10146
   803 10146
   804 10146
   805 10146
   806 10146
   807 10146
   808 10146
   809 10146
   810 10146
   811 10146
   812 10146
   813 10146
   814 10146
   815 10146
   816 10146
   817 10146
   818 10146
   819 10146
   820 10146
   821 10146
   822 10146
   823 10146
   824 10146
   825 10146
   826 10146
   827 10146
   828 10146
   829 10146
   830 10146
   831 10146
   832 10146
   833 10146
   834 10146
   835 10146
   836 10146
   837 10146
   838 10146
   839 10146
   840 10146
   841 10146
   842 10146
   843 10146
   844 10146
   845 10146
   846 10146
   847 10146
   848 10146
   849 10146
   850 10146
   851 10146
   852 10146
   853 10146
   854 10146
   855 10146
   856 10146
   857 10146
   858 10146
   859 10146
   860 10146
   861 10146
   862 10146
   863 10146
   864 10146
   865 10146
   866 10146
   867 10146
   868 10146
   869 10146
   870 10146
   871 10146
   872 10146
   873 10146
   874 10146
   875 10146
   876 10146
   877 10146
   878 10146
   879 10146
   880 10146
   881 10146
   882 10146
   883 10146
   884 10146
   885 10146
   886 10146
   887 10146
   888 10146
   889 10146
   890 10146
   891 10146
   892 10146
   893 10146
   894 10146
   895 10146
   896 10146
   897 10146
   898 10146
   899 10146
   900 10146
   901 10146
   902 10146
   903 10146
   904 10146
   905 10146
   906 10146
   907 10146
   908 10146
   909 10146
   910 10146
   911 10146
   912 10146
   913 10146
   914 10146
   915 10146
   916 10146
   917 10146
   918 10146
   919 10146
   920 10146
   921 10146
   922 10146
   923 10146
   924 10146
   925 10146
   926 10146
   927 10146
   928 10146
   929 10146
   930 10146
   931 10146
   932 10146
   933 10146
   934 10146
   935 10146
   936 10146
   937 10146
   938 10146
   939 10146
   940 10146
   941 10146
   942 10146
   943 10146
   944 10146
   945 10146
   946 10146
   947 10146
   948 10146
   949 10146
   950 10146
   951 10146
   952 10146
   953 10146
   954 10146
   955 10146
   956 10146
   957 10146
   958 10146
   959 10146
   960 10146
   961 10146
   962 10146
   963 10146
   964 10146
   965 10146
   966 10146
   967 10146
   968 10146
   969 10146
   970 10146
   971 10146
   972 10146
   973 10146
   974 10146
   975 10146
   976 10146
   977 10146
   978 10146
   979 10146
   980 10146
   981 10146
   982 10146
   983 10146
   984 10146
   985 10146
   986 10146
   987 10146
   988 10146
   989 10146
   990 10146
   991 10146
   992 10146
   993 10146
   994 10146
   995 10146
   996 10146
   997 10146
   998 10146
   999 10146
  1000 10146
  1001 10146
  1002 10146
  1003 10146
  1004 10146
  1005 10146
  1006 10146
  1007 10146
  1008 10146
  1009 10146
  1010 10146
  1011 10146
  1012 10146
  1013 10146
  1014 10146
  1015 10146
  1016 10146
  1017 10146
  1018 10146
  1019 10146
  1020 10146
  1021 10140
  1022 10140
  1023 10050
  1025 10128
  1026 10128
  1027 10007
  1028 10007
  1029 10007
  1030 10007
  1031 10007
  1032 10007
  1033 10007
  1034 10007
  1035 10007
  1036 10007
  1037 10007
  1038 10007
  1039 10007
  1040 10007
  1041 10007
  1042 10007
  1043 10007
  1044 10007
  1045 10007
  1046 10007
  1047 10007
  1048 10007
  1049 10007
  1050 10007
  1051 10007
  1052 10007
  1053 10007
  1054 10007
  1055 10007
  1056 10007
  1057 10007
  1058 10007
  1059 10007
  1060 10007
  1061 10007
  1062 10007
  1063 10007
  1064 10007
  1065 10007
  1066 10007
  1067 10007
  1068 10007
  1069 10007
  1070 10007
  1071 10007
  1072 10007
  1073 10007
  1074 10007
  1075 10007
  1076 10007
  1077 10007
  1078 10007
  1079 10007
  1080 10007
  1081 10007
  1082 10007
  1083 10007
  1084 10007
  1085 10007
  1086 10007
  1087 10007
  1088 10007
  1089 10007
  1090 10007
  1091 10007
  1092 10007
  1093 10007
  1094 10007
  1095 10007
  1096 10007
  1097 10007
  1098 10007
  1099 10007
  1100 10007
  1101 10007
  1102 10007
  1103 10007
  1104 10007
  1105 10007
  1106 10007
  1107 10007
  1108 10007
  1109 10007
  1110 10007
  1111 10007
  1112 10007
  1113 10007
  1114 10007
  1115 10007
  1116 10007
  1117 10007
  1118 10007
  1119 10007
  1120 10007
  1121 10007
  1122 10007
  1123 10007
  1124 10007
  1125 10007
  1126 10007
  1127 10007
  1128 10007
  1129 10007
  1130 10007
  1131 10007
  1132 10007
  1133 10007
  1134 10007
  1135 10007
  1136 10007
  1137 10007
  1138 10007
  1139 10007
  1140 10007
  1141 10007
  1142 10007
  1143 10007
  1144 10007
  1145 10007
  1146 10007
  1147 10007
  1148 10007
  1149 10007
  1150 10007
  1151 10007
  1152 10007
  1153 10007
  1154 10007
  1155 10007
  1156 10007
  1157 10007
  1158 10007
  1159 10007
  1160 10007
  1161 10007
  1162 10007
  1163 10007
  1164 10007
  1165 10007
  1166 10007
  1167 10007
  1168 10007
  1169 10007
  1170 10007
  1171 10007
  1172 10007
  1173 10007
  1174 10007
  1175 10007
  1176 10007
  1177 10007
  1178 10007
  1179 10007
  1180 10007
  1181 10007
  1182 10007
  1183 10007
  1184 10007
  1185 10007
  1186 10007
  1187 10007
  1188 10007
  1189 10007
  1190 10007
  1191 10007
  1192 10007
  1193 10007
  1194 10007
  1195 10007
  1196 10007
  1197 10007
  1198 10007
  1199 10007
  1200 10007
  1201 10007
  1202 10007
  1203 10007
  1204 10007
  1205 10007
  1206 10007
  1207 10007
  1208 10007
  1209 10007
  1210 10007
  1211 10007
  1212 10007
  1213 10007
  1214 10007
  1215 10007
  1216 10007
  1217 10007
  1218 10007
  1219 10007
  1220 10007
  1221 10007
  1222 10007
  1223 10007
  1224 10007
  1225 10007
  1226 10007
  1227 10007
  1228 10007
  1229 10007
  1230 10007
  1231 10007
  1232 10007
  1233 10007
  1234 10007
  1235 10007
  1236 10007
  1237 10007
  1238 10007
  1239 10007
  1240 10007
  1241 10007
  1242 10007
  1243 10007
  1244 10007
  1245 10007
  1246 10007
  1247 10007
  1248 10007
  1249 10007
  1250 10007
  1251 10007
  1252 10007
  1253 10007
  1254 10007
  1255 10007
  1256 10007
  1257 10007
  1258 10007
  1259 10007
  1260 10007
  1261 10007
  1262 10007
  1263 10007
  1264 10007
  1265 10007
  1266 10128
  1267 10128
  1268 10128
  1269 10101
  1270 10095
  1271 10101
  1272 10101
  1273 10101
  1274 10101
  1275 10055
  1393 10078
  1394 10078
  1395 10078
  1396 10078
  1397 10018
  1398 10018
  1399 10055
  1400 10055
  1498 10154
  1501 10101
  1502 10101
  1503 10101
  1554 10101
  1555 10101
  1556 10055
  1557 10055
  1558 10055
  1559 10055
  1560 10055
  1561 10055
  1562 10018
  1563 10018
  1564 10018
  1565 10055
  1566 10018
  1567 10055
  1568 10018
  1569 10018
  1570 10018
  1571 10018
  1572 10018
  1573 10055
  1574 10055
  1575 10055
  1576 10055
  1577 10055
  1578 10055
  1579 10055
  1580 10055
  1581 10055
  1582 10055
  1583 10055
  1588 10130
  1589 10115
  1590 10016
  1591 10016
  1592 10143
  1593 10016
  1594 10016
  1595 10016
  1596 10016
  1599 10101
  1600 10101
  1601 10101
  1602 10101
  1603 10101
  1616 10101
  1617 10101
  1618 10101
  1619 10138
  1620 10138
  1630 10101
  1631 10101
  1632 10101
  1633 10101
  1634 10101
  1635 10101
  1636 10101
  1637 10101
  1638 10101
  1639 10101
  1640 10101
  1641 10101
  1642 10101
  1643 10101
  1644 10101
  1645 10101
  1646 10101
  1647 10101
  1648 10101
  1649 10101
  1650 10101
  1651 10101
  1652 10101
  1653 10101
  1654 10101
  1655 10101
  1656 10101
  1657 10101
  1658 10101
  1659 10101
  1660 10101
  1661 10101
  1662 10101
  1663 10101
  1664 10101
  1665 10101
  1666 10101
  1667 10101
  1668 10101
  1669 10101
  1670 10101
  1671 10101
  1672 10101
  1673 10101
  1674 10101
  1675 10101
  1676 10101
  1677 10101
  1678 10101
  1679 10101
  1680 10101
  1681 10101
  1682 10101
  1683 10101
  1684 10101
  1685 10101
  1686 10101
  1687 10101
  1688 10101
  1689 10101
  1690 10101
  1691 10101
  1692 10101
  1693 10101
  1694 10101
  1695 10101
  1696 10101
  1697 10101
  1698 10101
  1699 10101
  1700 10101
  1701 10101
  1702 10101
  1703 10101
  1704 10101
  1705 10101
  1706 10101
  1707 10101
  1708 10101
  1709 10101
  1710 10101
  1711 10101
  1712 10101
  1713 10101
  1714 10101
  1715 10101
  1716 10101
  1717 10101
  1718 10101
  1719 10101
  1720 10101
  1721 10101
  1722 10101
  1723 10101
  1724 10101
  1725 10101
  1726 10101
  1727 10101
  1728 10101
  1729 10101
  1730 10101
  1731 10101
  1732 10101
  1733 10101
  1734 10101
  1735 10101
  1736 10101
  1737 10101
  1738 10101
  1739 10101
  1740 10101
  1741 10101
  1742 10101
  1743 10101
  1744 10101
  1745 10101
  1746 10101
  1747 10101
  1748 10101
  1749 10101
  1750 10101
  1751 10101
  1752 10101
  1753 10101
  1754 10101
  1755 10101
  1756 10101
  1757 10101
  1758 10101
  1759 10101
  1760 10101
  1761 10101
  1762 10101
  1763 10101
  1764 10101
  1765 10101
  1766 10101
  1767 10101
  1768 10101
  1769 10101
  1770 10101
  1771 10101
  1772 10101
  1773 10101
  1774 10101
  1775 10101
  1776 10101
  1777 10101
  1778 10101
  1779 10101
  1780 10101
  1781 10101
  1782 10101
  1783 10101
  1784 10101
  1785 10101
  1786 10101
  1787 10101
  1788 10101
  1789 10101
  1790 10101
  1791 10101
  1792 10101
  1793 10101
  1794 10101
  1795 10101
  1796 10101
  1797 10101
  1798 10101
  1799 10101
  1800 10101
  1801 10101
  1802 10101
  1803 10101
  1804 10101
  1805 10101
  1806 10101
  1807 10101
  1808 10101
  1809 10101
  1810 10101
  1811 10101
  1812 10101
  1813 10101
  1814 10101
  1815 10101
  1816 10101
  1817 10101
  1818 10101
  1819 10101
  1820 10101
  1821 10101
  1822 10101
  1823 10101
  1824 10101
  1825 10101
  1826 10101
  1827 10101
  1828 10101
  1829 10101
  1830 10101
  1831 10101
  1832 10101
  1833 10101
  1834 10101
  1835 10101
  1836 10101
  1837 10101
  1838 10101
  1839 10101
  1840 10101
  1841 10101
  1842 10101
  1843 10101
  1844 10101
  1845 10101
  1846 10101
  1847 10101
  1848 10101
  1849 10101
  1850 10101
  1851 10101
  1852 10101
  1853 10101
  1854 10101
  1855 10101
  1856 10152
  1857 10039
  1858 10039
  1859 10039
  1861 10039
  1862 10039
  1863 10039
  1864 10039
  1865 10039
  1866 10039
  1867 10039
  1868 10039
  1869 10039
  1870 10039
  1871 10039
  1872 10039
  1873 10039
  1874 10039
  1875 10039
  1876 10039
  1877 10039
  1878 10039
  1879 10039
  1880 10039
  1881 10039
  1882 10039
  1883 10039
  1884 10039
  1885 10039
  1886 10039
  1887 10039
  1888 10039
  1889 10039
  1890 10039
  1891 10039
  1892 10039
  1893 10039
  1894 10039
  1895 10039
  1896 10039
  1897 10039
  1898 10039
  1899 10039
  1900 10039
  1901 10039
  1902 10039
  1903 10039
  1904 10039
  1905 10039
  1906 10039
  1907 10039
  1908 10039
  1909 10039
  1910 10039
  1911 10039
  1912 10039
  1913 10039
  1914 10039
  1915 10039
  1916 10039
  1917 10039
  1918 10039
  1919 10039
  1920 10039
  1921 10039
  1922 10039
  1923 10039
  1924 10039
  1925 10039
  1926 10039
  1927 10039
  1928 10039
  1929 10039
  1930 10039
  1931 10039
  1932 10039
  1933 10039
  1934 10039
  1935 10039
  1936 10039
  1937 10039
  1938 10039
  1939 10039
  1940 10039
  1941 10039
  1942 10039
  1943 10039
  1944 10039
  1945 10039
  1946 10039
  1947 10039
  1948 10039
  1949 10039
  1950 10039
  1951 10039
  1952 10039
  1953 10039
  1954 10039
  1955 10039
  1956 10039
  1957 10039
  1958 10039
  1959 10039
  1960 10039
  1961 10039
  1962 10039
  1963 10039
  1964 10039
  1965 10039
  1966 10039
  1967 10039
  1968 10039
  1969 10039
  1970 10039
  1971 10039
  1972 10039
  1973 10039
  1974 10039
  1975 10039
  1976 10039
  1977 10039
  1978 10039
  1979 10039
  1980 10039
  1981 10039
  1982 10039
  1983 10039
  1984 10039
  1985 10039
  1986 10039
  1987 10039
  1988 10039
  1989 10039
  1990 10039
  1991 10039
  1992 10039
  1993 10039
  1994 10039
  1995 10039
  1996 10039
  1997 10039
  1998 10039
  1999 10039
  2000 10039
  2001 10039
  2002 10039
  2003 10039
  2004 10039
  2005 10039
  2006 10039
  2007 10039
  2008 10039
  2009 10039
  2010 10039
  2011 10039
  2012 10039
  2013 10039
  2014 10039
  2015 10039
  2016 10039
  2017 10039
  2018 10039
  2019 10039
  2020 10039
  2021 10039
  2022 10039
  2023 10039
  2024 10039
  2025 10039
  2026 10039
  2027 10039
  2028 10039
  2029 10039
  2030 10039
  2031 10039
  2032 10039
  2033 10039
  2034 10039
  2035 10039
  2036 10039
  2037 10039
  2038 10039
  2039 10039
  2040 10039
  2041 10039
  2042 10039
  2043 10039
  2044 10039
  2045 10090
  2046 10090
  2047 10039
  2048 10039
  2049 10039
  2050 10039
  2051 10039
  2052 10090
  2058 10125
  2059 10125
  2060 10125
  2061 10125
  2062 10125
  2063 10125
