   690 10154
   691 10154
  1023 10074
  1024 10014
  1025 10137
  1026 10014
  1027 10137
  1028 10137
  1029 10031
  1030 10031
  1031 10031
  1032 10031
  1033 10031
  1034 10031
  1035 10031
  1036 10031
  1037 10031
  1038 10031
  1039 10031
  1040 10031
  1041 10031
  1042 10031
  1043 10031
  1044 10031
  1045 10031
  1046 10031
  1047 10031
  1048 10031
  1049 10031
  1050 10031
  1051 10031
  1052 10031
  1053 10031
  1054 10031
  1055 10031
  1056 10031
  1057 10031
  1058 10031
  1059 10031
  1060 10031
  1061 10031
  1062 10031
  1063 10031
  1064 10031
  1065 10031
  1066 10031
  1067 10031
  1068 10031
  1069 10031
  1070 10031
  1071 10031
  1072 10031
  1073 10031
  1074 10031
  1075 10031
  1076 10031
  1077 10031
  1078 10031
  1079 10031
  1080 10031
  1081 10031
  1082 10031
  1083 10031
  1084 10031
  1085 10031
  1086 10031
  1087 10031
  1088 10031
  1089 10031
  1090 10031
  1091 10031
  1092 10031
  1093 10031
  1094 10031
  1095 10031
  1096 10031
  1097 10031
  1098 10031
  1099 10031
  1100 10031
  1101 10031
  1102 10031
  1103 10031
  1104 10031
  1105 10031
  1106 10031
  1107 10031
  1108 10031
  1109 10031
  1110 10031
  1111 10031
  1112 10031
  1113 10031
  1114 10031
  1115 10031
  1116 10031
  1117 10031
  1118 10031
  1119 10031
  1120 10031
  1121 10031
  1122 10031
  1123 10031
  1124 10031
  1125 10031
  1126 10031
  1127 10031
  1128 10031
  1129 10031
  1130 10031
  1131 10031
  1132 10031
  1133 10031
  1134 10031
  1135 10031
  1136 10031
  1137 10031
  1138 10031
  1139 10031
  1140 10031
  1141 10031
  1142 10031
  1143 10031
  1144 10031
  1145 10031
  1146 10031
  1147 10031
  1148 10031
  1149 10031
  1150 10031
  1151 10031
  1152 10031
  1153 10031
  1154 10031
  1155 10031
  1156 10031
  1157 10031
  1158 10031
  1159 10031
  1160 10031
  1161 10031
  1162 10031
  1163 10031
  1164 10031
  1165 10031
  1166 10031
  1167 10031
  1168 10031
  1169 10031
  1170 10031
  1171 10031
  1172 10031
  1173 10031
  1174 10031
  1175 10031
  1176 10031
  1177 10031
  1178 10031
  1179 10031
  1180 10031
  1181 10031
  1182 10031
  1183 10031
  1184 10031
  1185 10031
  1186 10031
  1187 10031
  1188 10031
  1189 10031
  1190 10031
  1191 10031
  1192 10031
  1193 10031
  1194 10031
  1195 10031
  1196 10031
  1197 10031
  1198 10031
  1199 10031
  1200 10031
  1201 10031
  1202 10031
  1203 10031
  1204 10031
  1205 10031
  1206 10031
  1207 10031
  1208 10031
  1209 10031
  1210 10031
  1211 10031
  1212 10031
  1213 10031
  1214 10031
  1215 10031
  1216 10031
  1217 10031
  1218 10031
  1219 10031
  1220 10031
  1221 10031
  1222 10031
  1223 10031
  1224 10031
  1225 10031
  1226 10031
  1227 10031
  1228 10031
  1229 10031
  1230 10031
  1231 10031
  1232 10031
  1233 10031
  1234 10031
  1235 10031
  1236 10031
  1237 10031
  1238 10031
  1239 10031
  1240 10031
  1241 10031
  1242 10031
  1243 10031
  1244 10031
  1245 10031
  1246 10031
  1247 10031
  1248 10031
  1249 10031
  1250 10031
  1251 10031
  1252 10031
  1253 10031
  1254 10031
  1255 10031
  1256 10031
  1257 10031
  1258 10098
  1259 10018
  1260 10018
  1261 10018
  1262 10158
  1263 10018
  1264 10158
  1266 10010
  1272 10010
  1273 10010
  1274 10010
  1275 10010
  1276 10010
  1291 10010
  1310 10010
  1311 10010
  1314 10010
  1317 10010
  1319 10010
  1325 10010
  1327 10010
  1328 10010
  1331 10010
  1337 10010
  1338 10010
  1344 10010
  1345 10010
  1348 10055
  1350 10169
  1351 10101
  1352 10101
  1353 10101
  1354 10169
  1355 10169
  1356 10101
  1357 10101
  1358 10101
  1359 10101
  1360 10101
  1361 10101
  1362 10101
  1363 10101
  1364 10101
  1365 10101
  1366 10101
  1367 10101
  1368 10061
  1369 10061
  1370 10169
  1371 10169
  1372 10169
  1373 10169
  1374 10101
  1375 10128
  1376 10128
  1377 10101
  1378 10101
  1379 10101
  1380 10128
  1381 10101
  1382 10141
  1383 10141
  1384 10128
  1385 10128
  1386 10101
  1387 10128
  1388 10128
  1389 10128
  1390 10128
  1391 10128
  1392 10128
  1393 10128
  1394 10128
  1395 10128
  1396 10128
  1397 10128
  1398 10128
  1399 10128
  1400 10128
  1401 10128
  1402 10128
  1403 10128
  1404 10128
  1405 10128
  1406 10128
  1407 10128
  1408 10128
  1409 10128
  1410 10128
  1411 10128
  1412 10128
  1413 10128
  1419 10128
  1420 10128
  1421 10128
  1422 10128
  1423 10128
  1424 10128
  1425 10128
  1426 10128
  1427 10128
  1428 10128
  1429 10128
  1430 10128
  1431 10128
  1432 10128
  1433 10128
  1434 10128
  1435 10128
  1436 10128
  1437 10128
  1438 10128
  1439 10128
  1440 10128
  1441 10128
  1442 10128
  1443 10128
  1444 10128
  1445 10128
  1446 10128
  1447 10128
  1448 10128
  1449 10128
  1450 10128
  1451 10128
  1452 10128
  1453 10128
  1454 10128
  1455 10128
  1456 10128
  1457 10128
  1458 10128
  1459 10128
  1460 10128
  1461 10128
  1462 10128
  1463 10128
  1464 10128
  1465 10128
  1466 10128
  1467 10128
  1468 10128
  1469 10128
  1470 10128
  1471 10128
  1472 10128
  1473 10128
  1474 10128
  1475 10128
  1476 10128
  1477 10128
  1478 10128
  1479 10128
  1480 10128
  1481 10128
  1482 10128
  1483 10128
  1484 10128
  1485 10128
  1486 10128
  1487 10128
  1488 10128
  1489 10128
  1490 10128
  1491 10128
  1492 10128
  1493 10128
  1494 10128
  1495 10128
  1496 10128
  1497 10128
  1498 10128
  1499 10128
  1500 10128
  1501 10128
  1502 10128
  1503 10128
  1504 10128
  1505 10128
  1506 10128
  1507 10128
  1508 10128
  1509 10128
  1510 10128
  1511 10128
  1512 10128
  1513 10128
  1514 10128
  1515 10128
  1516 10128
  1517 10128
  1518 10128
  1519 10128
  1520 10128
  1521 10128
  1522 10128
  1523 10128
  1524 10128
  1525 10128
  1526 10128
  1527 10128
  1528 10128
  1529 10128
  1530 10128
  1531 10128
  1532 10128
  1533 10128
  1534 10128
  1535 10128
  1536 10128
  1537 10128
  1538 10128
  1539 10128
  1540 10128
  1541 10128
  1542 10128
  1543 10128
  1544 10128
  1545 10128
  1546 10128
  1547 10128
  1548 10128
  1549 10128
  1550 10128
  1551 10128
  1552 10128
  1553 10128
  1554 10128
  1555 10128
  1556 10128
  1557 10128
  1558 10128
  1559 10128
  1560 10128
  1561 10128
  1562 10128
  1563 10128
  1564 10128
  1565 10128
  1566 10128
  1567 10128
  1568 10128
  1569 10128
  1570 10128
  1571 10128
  1572 10128
  1573 10128
  1574 10128
  1575 10128
  1576 10128
  1577 10128
  1578 10128
  1579 10128
  1580 10128
  1581 10128
  1582 10128
  1583 10128
  1584 10128
  1585 10128
  1586 10128
  1587 10128
  1588 10128
  1589 10128
  1590 10128
  1591 10128
  1592 10128
  1593 10128
  1594 10128
  1595 10128
  1596 10128
  1597 10128
  1598 10128
  1599 10128
  1600 10128
  1601 10128
  1602 10128
  1603 10128
  1604 10128
  1605 10128
  1606 10128
  1607 10128
  1608 10128
  1609 10128
  1610 10128
  1611 10128
  1612 10128
  1613 10128
  1614 10128
  1615 10128
  1616 10128
  1617 10128
  1618 10128
  1619 10101
  1620 10101
  1621 10101
  1622 10101
  1623 10101
  1625 10098
  1626 10098
  1627 10098
  1628 10055
  1629 10055
  1630 10101
  1631 10101
  1632 10101
  1633 10101
  1634 10101
  1635 10101
  1636 10101
  1637 10101
  1638 10101
  1639 10101
  1640 10101
  1641 10101
  1642 10101
  1643 10101
  1644 10101
  1645 10101
  1646 10101
  1647 10101
  1648 10101
  1649 10101
  1650 10101
  1651 10101
  1652 10101
  1653 10101
  1654 10101
  1655 10101
  1656 10101
  1657 10101
  1658 10101
  1659 10101
  1660 10101
  1661 10101
  1662 10101
  1663 10101
  1664 10101
  1665 10101
  1666 10101
  1667 10101
  1668 10101
  1669 10101
  1670 10101
  1671 10101
  1672 10101
  1673 10101
  1674 10101
  1675 10101
  1676 10101
  1677 10101
  1678 10101
  1679 10101
  1680 10101
  1681 10101
  1682 10101
  1683 10101
  1684 10101
  1685 10101
  1686 10101
  1687 10101
  1688 10101
  1689 10101
  1690 10101
  1691 10101
  1692 10101
  1693 10101
  1694 10101
  1695 10101
  1696 10101
  1697 10101
  1698 10101
  1699 10101
  1700 10101
  1701 10101
  1702 10101
  1703 10101
  1704 10101
  1705 10101
  1706 10101
  1707 10101
  1708 10101
  1709 10101
  1710 10101
  1711 10101
  1712 10101
  1713 10101
  1714 10101
  1715 10101
  1716 10101
  1717 10101
  1718 10101
  1719 10101
  1720 10101
  1721 10101
  1722 10101
  1723 10101
  1724 10101
  1725 10101
  1726 10101
  1727 10101
  1728 10101
  1729 10101
  1730 10101
  1731 10101
  1732 10101
  1733 10101
  1734 10101
  1735 10101
  1736 10101
  1737 10101
  1738 10101
  1739 10101
  1740 10101
  1741 10101
  1742 10101
  1743 10101
  1744 10101
  1745 10101
  1746 10101
  1747 10101
  1748 10101
  1749 10101
  1750 10101
  1751 10101
  1752 10101
  1753 10101
  1754 10101
  1755 10101
  1756 10101
  1757 10101
  1758 10101
  1759 10101
  1760 10101
  1761 10101
  1762 10101
  1763 10101
  1764 10101
  1765 10101
  1766 10101
  1767 10101
  1768 10101
  1769 10101
  1770 10101
  1771 10101
  1772 10101
  1773 10101
  1774 10101
  1775 10101
  1776 10101
  1777 10101
  1778 10101
  1779 10101
  1780 10101
  1781 10101
  1782 10101
  1783 10101
  1784 10101
  1785 10101
  1786 10101
  1787 10101
  1788 10101
  1789 10101
  1790 10101
  1791 10101
  1792 10101
  1793 10101
  1794 10101
  1795 10101
  1796 10101
  1797 10101
  1798 10101
  1799 10101
  1800 10101
  1801 10101
  1802 10101
  1803 10101
  1804 10101
  1805 10101
  1806 10101
  1807 10101
  1808 10101
  1809 10101
  1810 10101
  1811 10101
  1812 10101
  1813 10101
  1814 10101
  1815 10101
  1816 10101
  1817 10101
  1818 10101
  1819 10101
  1820 10101
  1821 10101
  1822 10101
  1823 10101
  1824 10101
  1825 10101
  1826 10101
  1827 10101
  1828 10101
  1829 10101
  1830 10101
  1831 10101
  1832 10101
  1833 10101
  1834 10101
  1835 10101
  1836 10101
  1837 10101
  1838 10101
  1839 10101
  1840 10101
  1841 10101
  1842 10101
  1843 10101
  1844 10101
  1845 10101
  1846 10101
  1847 10101
  1848 10101
  1849 10101
  1850 10101
  1851 10101
  1852 10101
  1853 10101
  1854 10101
  1855 10101
  1856 10101
  1857 10101
  1858 10101
  1864 10028
  1865 10028
  1866 10017
  1867 10017
  1868 10017
  1869 10017
  1870 10017
  1871 10017
  1872 10017
  1873 10017
  1874 10017
  1875 10017
  1876 10017
  1877 10017
  1878 10017
  1879 10017
  1880 10017
  1881 10017
  1882 10017
  1883 10017
  1884 10017
  1885 10017
  1886 10017
  1887 10017
  1888 10017
  1889 10017
  1890 10017
  1891 10017
  1892 10017
  1893 10017
  1894 10017
  1895 10017
  1896 10017
  1897 10017
  1898 10017
  1899 10017
  1900 10017
  1901 10017
  1902 10017
  1903 10017
  1904 10017
  1905 10017
  1906 10017
  1907 10017
  1908 10017
  1909 10017
  1910 10017
  1911 10017
  1912 10017
  1913 10017
  1914 10017
  1915 10017
  1916 10017
  1917 10017
  1918 10017
  1919 10017
  1920 10017
  1921 10017
  1922 10017
  1923 10017
  1924 10017
  1925 10017
  1926 10017
  1927 10017
  1928 10017
  1929 10017
  1930 10017
  1931 10017
  1932 10017
  1933 10017
  1934 10017
  1935 10017
  1936 10017
  1937 10017
  1938 10017
  1939 10017
  1940 10017
  1941 10017
  1942 10017
  1943 10017
  1944 10017
  1945 10017
  1946 10017
  1947 10017
  1948 10017
  1949 10017
  1950 10017
  1951 10017
  1952 10017
  1953 10017
  1954 10017
  1955 10017
  1956 10017
  1957 10017
  1958 10017
  1959 10017
  1960 10017
  1961 10017
  1962 10017
  1963 10017
  1964 10017
  1965 10017
  1966 10017
  1967 10017
  1968 10017
  1969 10017
  1970 10017
  1971 10017
  1972 10017
  1973 10017
  1974 10017
  1975 10017
  1976 10017
  1977 10017
  1978 10017
  1979 10017
  1980 10017
  1981 10017
  1982 10017
  1983 10017
  1984 10017
  1985 10017
  1986 10017
  1987 10017
  1988 10017
  1989 10017
  1990 10017
  1991 10017
  1992 10017
  1993 10017
  1994 10017
  1995 10017
  1996 10017
  1997 10017
  1998 10017
  1999 10017
  2000 10017
  2001 10017
  2002 10017
  2003 10017
  2004 10017
  2005 10017
  2006 10017
  2007 10017
  2008 10017
  2009 10017
  2010 10017
  2011 10017
  2012 10017
  2013 10017
  2014 10017
  2015 10017
  2016 10017
  2017 10017
  2018 10017
  2019 10017
  2020 10017
  2021 10017
  2022 10017
  2025 10043
  2026 10062
  2027 10062
  2028 10062
  2029 10062
  2030 10101
  2031 10101
  2032 10101
  2033 10101
