   690 10052
   691 10052
   692 10052
   693 10052
   694 10052
   695 10052
   696 10052
   697 10052
   698 10052
   699 10052
   700 10052
   701 10052
   702 10052
   703 10052
   704 10052
   705 10052
   706 10052
   707 10052
   708 10052
   709 10052
   710 10052
   711 10052
   712 10052
   713 10052
   714 10052
   715 10052
   716 10052
   717 10052
   718 10052
   719 10052
   720 10052
   721 10052
   722 10052
   723 10052
   724 10052
   725 10052
   726 10052
   727 10052
   728 10052
   729 10052
   730 10052
   731 10052
   732 10052
   733 10052
   734 10052
   735 10052
   736 10052
   737 10052
   738 10052
   739 10052
   740 10052
   741 10052
   742 10052
   743 10052
   744 10052
   745 10052
   746 10052
   747 10052
   748 10052
   749 10052
   750 10052
   751 10052
   752 10052
   753 10052
   754 10052
   755 10052
   756 10052
   757 10052
   758 10052
   759 10052
   760 10052
   761 10052
   762 10052
   763 10052
   764 10052
   765 10052
   766 10052
   767 10052
   768 10052
   769 10052
   770 10052
   771 10052
   772 10052
   773 10052
   774 10052
   775 10052
   776 10052
   777 10052
   778 10052
   779 10052
   780 10052
   786 10041
   787 10022
   788 10151
   789 10151
   790 10151
   791 10151
   792 10151
   793 10017
   794 10017
   795 10151
   796 10151
   797 10151
   798 10151
   799 10151
   800 10151
   801 10151
   802 10151
   803 10151
   804 10151
   805 10151
   806 10151
   807 10151
   808 10151
   809 10151
   810 10151
   811 10151
   812 10151
   813 10151
   814 10151
   815 10151
   816 10151
   817 10151
   818 10151
   819 10151
   820 10151
   821 10151
   822 10151
   823 10151
   824 10151
   825 10151
   826 10151
   827 10151
   828 10151
   829 10151
   830 10151
   831 10151
   832 10151
   833 10151
   834 10151
   835 10151
   836 10151
   837 10151
   838 10151
   839 10151
   840 10151
   841 10151
   842 10151
   843 10151
   844 10151
   845 10151
   846 10151
   847 10151
   848 10151
   849 10151
   850 10151
   851 10151
   852 10151
   853 10151
   854 10151
   855 10151
   856 10151
   857 10151
   858 10151
   859 10151
   860 10151
   861 10151
   862 10151
   863 10151
   864 10151
   865 10151
   866 10151
   867 10151
   868 10151
   869 10151
   870 10151
   871 10151
   872 10151
   873 10151
   874 10151
   875 10151
   876 10151
   877 10151
   878 10151
   879 10151
   880 10151
   881 10151
   882 10151
   883 10151
   884 10151
   885 10151
   886 10151
   887 10151
   888 10151
   889 10151
   890 10151
   891 10151
   892 10151
   893 10151
   894 10151
   895 10151
   896 10151
   897 10151
   898 10151
   899 10151
   900 10151
   901 10151
   902 10151
   903 10151
   904 10151
   905 10151
   906 10151
   907 10151
   908 10151
   909 10151
   910 10151
   911 10151
   912 10151
   913 10151
   914 10151
   915 10151
   916 10151
   917 10151
   918 10151
   919 10151
   920 10151
   921 10151
   922 10151
   923 10151
   924 10151
   925 10151
   926 10151
   927 10151
   928 10151
   929 10151
   930 10151
   931 10151
   932 10151
   933 10151
   934 10151
   935 10151
   936 10151
   937 10151
   938 10151
   939 10151
   940 10151
   941 10151
   942 10151
   943 10151
   944 10151
   945 10151
   946 10151
   947 10151
   948 10151
   949 10151
   950 10151
   951 10151
   952 10151
   953 10151
   954 10151
   955 10151
   956 10151
   957 10151
   958 10151
   959 10151
   960 10151
   961 10151
   962 10151
   963 10151
   964 10151
   965 10151
   966 10151
   967 10151
   968 10151
   969 10151
   970 10151
   971 10151
   972 10151
   973 10151
   974 10151
   975 10151
   976 10151
   977 10151
   978 10151
   979 10151
   980 10151
   981 10151
   982 10151
   983 10151
   984 10151
   985 10151
   986 10151
   987 10151
   988 10151
   989 10151
   990 10151
   991 10151
   992 10151
   993 10151
   994 10151
   995 10151
   996 10151
   997 10151
   998 10151
   999 10151
  1000 10151
  1001 10151
  1002 10151
  1003 10151
  1004 10151
  1005 10151
  1006 10151
  1007 10151
  1008 10151
  1009 10151
  1010 10151
  1011 10151
  1012 10151
  1013 10151
  1014 10151
  1015 10151
  1016 10151
  1017 10151
  1018 10151
  1019 10151
  1020 10151
  1025 10067
  1026 10022
  1027 10022
  1028 10022
  1029 10022
  1030 10022
  1031 10022
  1032 10022
  1033 10022
  1034 10022
  1035 10022
  1036 10022
  1037 10022
  1038 10022
  1039 10022
  1040 10022
  1041 10022
  1042 10022
  1043 10022
  1044 10022
  1045 10022
  1046 10022
  1047 10022
  1048 10022
  1049 10022
  1050 10022
  1051 10022
  1052 10022
  1053 10022
  1054 10022
  1055 10022
  1056 10022
  1057 10022
  1058 10022
  1059 10022
  1060 10022
  1061 10022
  1062 10022
  1063 10022
  1064 10022
  1065 10022
  1066 10022
  1067 10022
  1068 10022
  1069 10022
  1070 10022
  1071 10022
  1072 10022
  1073 10022
  1074 10022
  1075 10022
  1076 10022
  1077 10022
  1078 10022
  1079 10022
  1080 10022
  1081 10022
  1082 10022
  1083 10022
  1084 10022
  1085 10022
  1086 10022
  1087 10022
  1088 10022
  1089 10022
  1090 10022
  1091 10022
  1092 10022
  1093 10022
  1094 10022
  1095 10022
  1096 10022
  1097 10022
  1098 10022
  1099 10022
  1100 10022
  1101 10022
  1102 10022
  1103 10022
  1104 10022
  1105 10022
  1106 10022
  1107 10022
  1108 10022
  1109 10022
  1110 10022
  1111 10022
  1112 10022
  1113 10022
  1114 10022
  1115 10022
  1116 10022
  1117 10022
  1118 10022
  1119 10022
  1120 10022
  1121 10022
  1122 10022
  1123 10022
  1124 10022
  1125 10022
  1126 10022
  1127 10022
  1128 10022
  1129 10022
  1130 10022
  1131 10022
  1132 10022
  1133 10022
  1134 10022
  1135 10022
  1136 10022
  1137 10022
  1138 10022
  1139 10022
  1140 10022
  1141 10022
  1142 10022
  1143 10022
  1144 10022
  1145 10022
  1146 10022
  1147 10022
  1148 10022
  1149 10022
  1150 10022
  1151 10022
  1152 10022
  1153 10022
  1154 10022
  1155 10022
  1156 10022
  1157 10022
  1158 10022
  1159 10022
  1160 10022
  1161 10022
  1162 10022
  1163 10022
  1164 10022
  1165 10022
  1166 10022
  1167 10022
  1168 10022
  1169 10022
  1170 10022
  1171 10022
  1172 10022
  1173 10022
  1174 10022
  1175 10022
  1176 10022
  1177 10022
  1178 10022
  1179 10022
  1180 10022
  1181 10022
  1182 10022
  1183 10022
  1184 10022
  1185 10022
  1186 10022
  1187 10022
  1188 10022
  1189 10022
  1190 10022
  1191 10022
  1192 10022
  1193 10022
  1194 10022
  1195 10022
  1196 10022
  1197 10022
  1198 10022
  1199 10022
  1200 10022
  1201 10022
  1202 10022
  1203 10022
  1204 10022
  1205 10022
  1206 10022
  1207 10022
  1208 10022
  1209 10022
  1210 10022
  1211 10022
  1212 10022
  1213 10022
  1214 10022
  1215 10022
  1216 10022
  1217 10022
  1218 10022
  1219 10022
  1220 10022
  1221 10022
  1222 10022
  1223 10022
  1224 10022
  1225 10022
  1226 10022
  1227 10022
  1228 10022
  1229 10022
  1230 10022
  1231 10022
  1232 10022
  1233 10022
  1234 10022
  1235 10022
  1236 10022
  1237 10022
  1238 10022
  1239 10022
  1240 10022
  1241 10022
  1242 10022
  1243 10022
  1244 10022
  1245 10022
  1246 10022
  1247 10022
  1248 10022
  1249 10022
  1250 10022
  1251 10022
  1252 10022
  1253 10022
  1254 10022
  1255 10022
  1256 10022
  1257 10022
  1258 10101
  1259 10101
  1260 10101
  1261 10101
  1262 10101
  1264 10130
  1266 10118
  1267 10118
  1268 10118
  1269 10007
  1270 10137
  1271 10137
  1272 10137
  1273 10137
  1274 10137
  1275 10127
  1276 10127
  1277 10127
  1278 10127
  1279 10127
  1280 10127
  1281 10127
  1282 10127
  1283 10127
  1284 10127
  1285 10127
  1286 10127
  1287 10127
  1288 10127
  1289 10127
  1290 10127
  1291 10127
  1292 10127
  1293 10127
  1294 10127
  1295 10127
  1296 10127
  1297 10127
  1298 10127
  1299 10127
  1300 10127
  1301 10127
  1302 10127
  1303 10127
  1304 10127
  1305 10127
  1306 10127
  1307 10127
  1308 10127
  1309 10127
  1310 10127
  1311 10127
  1312 10127
  1313 10127
  1314 10127
  1315 10127
  1316 10127
  1317 10127
  1318 10127
  1319 10127
  1320 10127
  1321 10127
  1322 10127
  1323 10127
  1324 10127
  1325 10127
  1326 10127
  1327 10127
  1328 10127
  1329 10127
  1330 10127
  1331 10127
  1332 10127
  1333 10127
  1334 10127
  1335 10127
  1336 10127
  1337 10127
  1338 10127
  1339 10127
  1340 10127
  1341 10127
  1342 10127
  1343 10127
  1344 10127
  1345 10127
  1346 10127
  1347 10127
  1348 10127
  1349 10127
  1350 10127
  1351 10127
  1352 10127
  1353 10127
  1354 10127
  1355 10127
  1356 10127
  1357 10127
  1358 10127
  1359 10127
  1360 10127
  1361 10127
  1362 10127
  1363 10127
  1364 10127
  1365 10127
  1366 10127
  1367 10127
  1368 10127
  1369 10127
  1370 10127
  1371 10127
  1372 10127
  1373 10127
  1374 10127
  1375 10127
  1376 10127
  1377 10127
  1378 10127
  1379 10127
  1380 10127
  1381 10127
  1382 10127
  1383 10127
  1384 10127
  1385 10127
  1386 10127
  1387 10127
  1388 10127
  1389 10127
  1390 10127
  1391 10127
  1392 10127
  1393 10127
  1394 10127
  1395 10127
  1396 10127
  1397 10127
  1398 10127
  1399 10127
  1400 10127
  1401 10127
  1402 10127
  1403 10127
  1404 10127
  1405 10127
  1406 10127
  1407 10127
  1408 10127
  1409 10127
  1410 10127
  1411 10127
  1412 10127
  1413 10127
  1414 10127
  1415 10127
  1416 10127
  1417 10127
  1418 10127
  1419 10127
  1420 10127
  1421 10127
  1422 10127
  1423 10127
  1424 10127
  1425 10127
  1426 10127
  1427 10127
  1428 10127
  1429 10127
  1430 10127
  1431 10127
  1432 10127
  1433 10127
  1434 10127
  1435 10127
  1436 10127
  1437 10127
  1438 10127
  1439 10127
  1440 10127
  1441 10127
  1442 10127
  1443 10127
  1444 10127
  1445 10127
  1446 10127
  1447 10127
  1448 10127
  1449 10127
  1450 10127
  1451 10127
  1452 10127
  1453 10127
  1454 10127
  1455 10127
  1456 10127
  1457 10127
  1458 10127
  1459 10127
  1460 10127
  1461 10127
  1462 10127
  1463 10127
  1464 10127
  1465 10127
  1466 10127
  1467 10127
  1468 10127
  1469 10127
  1470 10127
  1471 10127
  1472 10127
  1473 10127
  1474 10127
  1475 10127
  1476 10127
  1477 10127
  1478 10127
  1479 10127
  1480 10127
  1481 10127
  1482 10127
  1483 10127
  1484 10127
  1485 10127
  1486 10127
  1487 10127
  1488 10127
  1489 10127
  1490 10127
  1491 10127
  1492 10127
  1493 10127
  1494 10127
  1495 10127
  1496 10127
  1497 10127
  1498 10127
  1499 10127
  1500 10127
  1504 10085
  1506 10085
  1507 10085
  1508 10085
  1509 10085
  1510 10085
  1511 10085
  1512 10085
  1513 10085
  1514 10085
  1515 10085
  1516 10085
  1517 10085
  1518 10085
  1519 10085
  1520 10085
  1521 10085
  1522 10085
  1523 10085
  1524 10085
  1525 10085
  1526 10085
  1527 10085
  1528 10085
  1529 10085
  1530 10085
  1531 10085
  1532 10085
  1533 10085
  1534 10085
  1535 10085
  1536 10085
  1537 10085
  1538 10085
  1540 10173
  1541 10055
  1542 10173
  1543 10040
  1544 10040
  1545 10106
  1546 10040
  1547 10040
  1548 10040
  1549 10040
  1550 10040
  1551 10040
  1552 10040
  1553 10040
  1554 10040
  1555 10040
  1556 10040
  1557 10040
  1558 10040
  1559 10106
  1560 10040
  1561 10040
  1562 10040
  1563 10040
  1564 10040
  1565 10040
  1566 10040
  1567 10040
  1568 10040
  1569 10040
  1570 10040
  1571 10106
  1572 10106
  1573 10040
  1574 10040
  1575 10040
  1576 10040
  1577 10106
  1578 10106
  1579 10106
  1580 10106
  1581 10040
  1582 10040
  1583 10040
  1584 10040
  1585 10040
  1586 10106
  1587 10106
  1588 10158
  1589 10158
  1590 10158
  1591 10106
  1592 10106
  1593 10106
  1594 10106
  1595 10040
  1596 10040
  1597 10040
  1598 10106
  1599 10040
  1600 10040
  1601 10040
  1602 10040
  1603 10040
  1604 10106
  1609 10106
  1610 10134
  1611 10134
  1612 10134
  1613 10134
  1614 10134
  1615 10065
  1616 10065
  1617 10065
  1618 10065
  1619 10065
  1620 10050
  1621 10050
  1622 10065
  1623 10065
  1624 10065
  1625 10065
  1626 10065
  1627 10065
  1628 10065
  1629 10065
  1630 10065
  1631 10065
  1632 10065
  1633 10065
  1634 10065
  1635 10065
  1636 10065
  1637 10065
  1638 10065
  1639 10065
  1640 10065
  1641 10065
  1642 10065
  1643 10065
  1644 10065
  1645 10065
  1646 10065
  1647 10065
  1648 10065
  1649 10065
  1650 10065
  1651 10065
  1652 10065
  1653 10065
  1654 10065
  1655 10065
  1656 10065
  1657 10065
  1658 10065
  1659 10065
  1660 10065
  1661 10065
  1662 10065
  1663 10065
  1664 10065
  1665 10065
  1666 10065
  1667 10065
  1668 10065
  1669 10065
  1670 10065
  1671 10065
  1672 10065
  1673 10065
  1674 10065
  1675 10065
  1676 10065
  1677 10065
  1678 10065
  1679 10065
  1680 10065
  1681 10065
  1682 10065
  1683 10065
  1684 10065
  1685 10065
  1686 10065
  1687 10065
  1688 10065
  1689 10065
  1690 10065
  1691 10065
  1692 10065
  1693 10065
  1694 10065
  1695 10065
  1696 10065
  1697 10065
  1698 10065
  1699 10065
  1700 10065
  1701 10065
  1702 10065
  1703 10065
  1704 10065
  1705 10065
  1706 10065
  1707 10065
  1708 10065
  1709 10065
  1710 10065
  1711 10065
  1712 10065
  1713 10065
  1714 10065
  1715 10065
  1716 10065
  1717 10065
  1718 10065
  1719 10065
  1720 10065
  1721 10065
  1722 10065
  1723 10065
  1724 10065
  1725 10065
  1726 10065
  1727 10065
  1728 10065
  1729 10065
  1730 10065
  1731 10065
  1732 10065
  1733 10065
  1734 10065
  1735 10065
  1736 10065
  1737 10065
  1738 10065
  1739 10065
  1740 10065
  1741 10065
  1742 10065
  1743 10065
  1744 10065
  1745 10065
  1746 10065
  1747 10065
  1748 10065
  1749 10065
  1750 10065
  1751 10065
  1752 10065
  1753 10065
  1754 10065
  1755 10065
  1756 10065
  1757 10065
  1758 10065
  1759 10065
  1760 10065
  1761 10065
  1762 10065
  1763 10065
  1764 10065
  1765 10065
  1766 10065
  1767 10065
  1768 10065
  1769 10065
  1770 10065
  1771 10065
  1772 10065
  1773 10065
  1774 10065
  1775 10065
  1776 10065
  1777 10065
  1778 10065
  1779 10065
  1780 10065
  1781 10065
  1782 10065
  1783 10065
  1784 10065
  1785 10065
  1786 10065
  1787 10065
  1788 10065
  1789 10065
  1790 10065
  1791 10065
  1792 10065
  1793 10065
  1794 10065
  1795 10065
  1796 10065
  1797 10065
  1798 10065
  1799 10065
  1800 10065
  1801 10065
  1802 10065
  1803 10065
  1804 10065
  1805 10065
  1806 10065
  1807 10065
  1808 10065
  1809 10065
  1810 10065
  1811 10065
  1812 10065
  1813 10065
  1814 10065
  1815 10065
  1816 10065
  1817 10065
  1818 10065
  1819 10065
  1820 10065
  1821 10065
  1822 10065
  1823 10065
  1824 10065
  1825 10065
  1826 10065
  1827 10065
  1828 10065
  1829 10065
  1830 10065
  1831 10065
  1832 10065
  1833 10065
  1834 10065
  1835 10065
  1836 10065
  1837 10065
  1838 10065
  1839 10065
  1840 10065
  1841 10065
  1842 10065
  1843 10065
  1844 10065
  1845 10065
  1846 10065
  1847 10065
  1848 10065
  1849 10065
  1850 10065
  1851 10065
  1852 10065
  1853 10065
  1854 10065
  1855 10065
  1856 10101
  1912 10043
  1913 10043
  1914 10043
  1916 10043
  1936 10043
  1937 10043
  1938 10043
  1939 10043
  1940 10043
  1949 10043
  1951 10043
  1955 10063
  1956 10043
  1973 10043
  1989 10043
  1991 10043
  1992 10043
  1996 10043
  2020 10043
  2021 10043
  2022 10043
