   664 10028
   665 10028
   666 10028
   667 10028
   668 10028
   669 10028
   670 10028
   671 10028
   672 10028
   673 10028
   674 10028
   675 10028
   676 10028
   677 10028
   678 10028
   679 10028
   680 10028
   681 10028
   682 10028
   683 10028
   684 10028
   685 10020
   686 10020
   687 10028
   688 10028
   689 10028
   690 10028
   691 10028
   692 10028
   693 10028
   694 10028
   695 10028
   696 10028
   697 10028
   698 10028
   699 10028
   700 10028
   701 10028
   702 10028
   703 10028
   704 10028
   705 10028
   706 10028
   707 10028
   708 10028
   709 10028
   710 10028
   711 10028
   712 10028
   713 10028
   714 10028
   715 10028
   716 10028
   717 10028
   718 10028
   719 10028
   720 10028
   721 10028
   722 10028
   723 10028
   724 10028
   725 10028
   726 10028
   727 10028
   728 10028
   729 10028
   730 10028
   731 10028
   732 10028
   733 10028
   734 10028
   735 10028
   736 10028
   737 10028
   738 10028
   739 10028
   740 10028
   741 10028
   742 10028
   743 10028
   744 10028
   745 10028
   746 10028
   747 10028
   748 10028
   749 10028
   750 10028
   751 10028
   752 10028
   753 10028
   754 10028
   755 10028
   756 10028
   757 10028
   758 10028
   759 10028
   760 10028
   761 10028
   762 10028
   763 10028
   764 10028
   765 10028
   766 10028
   767 10028
   768 10028
   769 10028
   770 10028
   771 10028
   772 10028
   773 10028
   774 10028
   775 10028
   776 10028
   777 10028
   778 10028
   779 10028
   780 10028
   781 10028
   787 10044
   788 10044
   789 10044
   790 10044
   791 10044
   792 10044
   793 10044
   794 10044
   795 10044
   796 10044
   797 10044
   798 10044
   799 10044
   800 10044
   801 10044
   802 10044
   803 10044
   804 10044
   805 10044
   806 10044
   807 10044
   808 10044
   809 10044
   810 10044
   811 10044
   812 10044
   813 10044
   814 10044
   815 10044
   816 10044
   817 10044
   818 10044
   819 10044
   820 10044
   821 10044
   822 10044
   823 10044
   824 10044
   825 10044
   826 10044
   827 10044
   828 10044
   829 10044
   830 10044
   831 10044
   832 10044
   833 10044
   834 10044
   835 10044
   836 10044
   837 10044
   838 10044
   839 10044
   840 10044
   841 10044
   842 10044
   843 10044
   844 10044
   845 10044
   846 10044
   847 10044
   848 10044
   849 10044
   850 10044
   851 10044
   852 10044
   853 10044
   854 10044
   855 10044
   856 10044
   857 10044
   858 10044
   859 10044
   860 10044
   861 10044
   862 10044
   863 10044
   864 10044
   865 10044
   866 10044
   867 10044
   868 10044
   869 10044
   870 10044
   871 10044
   872 10044
   873 10044
   874 10044
   875 10044
   876 10044
   877 10044
   878 10044
   879 10044
   880 10044
   881 10044
   882 10044
   883 10044
   884 10044
   885 10044
   886 10044
   887 10044
   888 10044
   889 10044
   890 10044
   891 10044
   892 10044
   893 10044
   894 10044
   895 10044
   896 10044
   897 10044
   898 10044
   899 10044
   900 10044
   901 10044
   902 10044
   903 10044
   904 10044
   905 10044
   906 10044
   907 10044
   908 10044
   909 10044
   910 10044
   911 10044
   912 10044
   913 10044
   914 10044
   915 10044
   916 10044
   917 10044
   918 10044
   919 10044
   920 10044
   921 10044
   922 10044
   923 10044
   924 10044
   925 10044
   926 10044
   927 10044
   928 10044
   929 10044
   930 10044
   931 10044
   932 10044
   933 10044
   934 10044
   935 10044
   936 10044
   937 10044
   938 10044
   939 10044
   940 10044
   941 10044
   942 10044
   943 10044
   944 10044
   945 10044
   946 10044
   947 10044
   948 10044
   949 10044
   950 10044
   951 10044
   952 10044
   953 10044
   954 10044
   955 10044
   956 10044
   957 10044
   958 10044
   959 10044
   960 10044
   961 10044
   962 10044
   963 10044
   964 10044
   965 10044
   966 10044
   967 10044
   968 10044
   969 10044
   970 10044
   971 10044
   972 10044
   973 10044
   974 10044
   975 10044
   976 10044
   977 10044
   978 10044
   979 10044
   980 10044
   981 10044
   982 10044
   983 10044
   984 10044
   985 10044
   986 10044
   987 10044
   988 10044
   989 10044
   990 10044
   991 10044
   992 10044
   993 10044
   994 10044
   995 10044
   996 10044
   997 10044
   998 10044
   999 10044
  1000 10044
  1001 10044
  1002 10044
  1003 10044
  1004 10044
  1005 10044
  1006 10044
  1007 10044
  1008 10044
  1009 10044
  1010 10044
  1011 10044
  1012 10044
  1013 10044
  1014 10044
  1015 10044
  1016 10044
  1017 10044
  1018 10044
  1019 10044
  1020 10044
  1021 10011
  1022 10011
  1023 10011
  1024 10011
  1025 10034
  1026 10034
  1027 10034
  1028 10034
  1029 10034
  1030 10034
  1031 10034
  1032 10034
  1033 10034
  1034 10034
  1035 10034
  1036 10034
  1037 10034
  1038 10034
  1039 10034
  1040 10034
  1041 10034
  1042 10034
  1043 10034
  1044 10034
  1045 10034
  1046 10034
  1047 10034
  1048 10034
  1049 10034
  1050 10034
  1051 10034
  1052 10034
  1053 10034
  1054 10034
  1055 10034
  1056 10034
  1057 10034
  1058 10034
  1059 10034
  1060 10034
  1061 10034
  1062 10034
  1063 10034
  1064 10034
  1065 10034
  1066 10034
  1067 10034
  1068 10034
  1069 10034
  1070 10034
  1071 10034
  1072 10034
  1073 10034
  1074 10034
  1075 10034
  1076 10034
  1077 10034
  1078 10034
  1079 10034
  1080 10034
  1081 10034
  1082 10034
  1083 10034
  1084 10034
  1085 10034
  1086 10034
  1087 10034
  1088 10034
  1089 10034
  1090 10034
  1091 10034
  1092 10034
  1093 10034
  1094 10034
  1095 10034
  1096 10034
  1097 10034
  1098 10034
  1099 10034
  1100 10034
  1101 10034
  1102 10034
  1103 10034
  1104 10034
  1105 10034
  1106 10034
  1107 10034
  1108 10034
  1109 10034
  1110 10034
  1111 10034
  1112 10034
  1113 10034
  1114 10034
  1115 10034
  1116 10034
  1117 10034
  1118 10034
  1119 10034
  1120 10034
  1121 10034
  1122 10034
  1123 10034
  1124 10034
  1125 10034
  1126 10034
  1127 10034
  1128 10034
  1129 10034
  1130 10034
  1131 10034
  1132 10034
  1133 10034
  1134 10034
  1135 10034
  1136 10034
  1137 10034
  1138 10034
  1139 10034
  1140 10034
  1141 10034
  1142 10034
  1143 10034
  1144 10034
  1145 10034
  1146 10034
  1147 10034
  1148 10034
  1149 10034
  1150 10034
  1151 10034
  1152 10034
  1153 10034
  1154 10034
  1155 10034
  1156 10034
  1157 10034
  1158 10034
  1159 10034
  1160 10034
  1161 10034
  1162 10034
  1163 10034
  1164 10034
  1165 10034
  1166 10034
  1167 10034
  1168 10034
  1169 10034
  1170 10034
  1171 10034
  1172 10034
  1173 10034
  1174 10034
  1175 10034
  1176 10034
  1177 10034
  1178 10034
  1179 10034
  1180 10034
  1181 10034
  1182 10034
  1183 10034
  1184 10034
  1185 10034
  1186 10034
  1187 10034
  1188 10034
  1189 10034
  1190 10034
  1191 10034
  1192 10034
  1193 10034
  1194 10034
  1195 10034
  1196 10034
  1197 10034
  1198 10034
  1199 10034
  1200 10034
  1201 10034
  1202 10034
  1203 10034
  1204 10034
  1205 10034
  1206 10034
  1207 10034
  1208 10034
  1209 10034
  1210 10034
  1211 10034
  1212 10034
  1213 10034
  1214 10034
  1215 10034
  1216 10034
  1217 10034
  1218 10034
  1219 10034
  1220 10034
  1221 10034
  1222 10034
  1223 10034
  1224 10034
  1225 10034
  1226 10034
  1227 10034
  1228 10034
  1229 10034
  1230 10034
  1231 10034
  1232 10034
  1233 10034
  1234 10034
  1235 10034
  1236 10034
  1237 10034
  1238 10034
  1239 10034
  1240 10034
  1241 10034
  1242 10034
  1243 10034
  1244 10034
  1245 10034
  1246 10034
  1247 10034
  1248 10034
  1249 10034
  1250 10034
  1251 10034
  1252 10034
  1253 10034
  1254 10034
  1255 10034
  1256 10034
  1257 10034
  1259 10034
  1269 10136
  1270 10136
  1271 10136
  1272 10136
  1273 10136
  1274 10136
  1275 10136
  1276 10136
  1277 10136
  1278 10136
  1279 10136
  1280 10136
  1281 10136
  1282 10136
  1283 10136
  1284 10136
  1285 10136
  1286 10136
  1287 10136
  1288 10136
  1289 10136
  1290 10136
  1291 10136
  1292 10136
  1293 10136
  1294 10136
  1295 10136
  1296 10136
  1297 10136
  1298 10136
  1299 10136
  1300 10136
  1301 10136
  1302 10136
  1303 10136
  1304 10136
  1305 10136
  1306 10136
  1307 10136
  1308 10136
  1309 10136
  1310 10136
  1311 10136
  1312 10136
  1313 10136
  1314 10136
  1315 10136
  1316 10136
  1317 10136
  1318 10136
  1319 10136
  1320 10136
  1321 10136
  1322 10136
  1323 10136
  1324 10136
  1325 10136
  1326 10136
  1327 10136
  1328 10136
  1329 10136
  1330 10136
  1331 10136
  1332 10136
  1333 10136
  1334 10136
  1335 10136
  1336 10136
  1337 10136
  1338 10136
  1339 10136
  1340 10136
  1341 10136
  1342 10136
  1343 10136
  1344 10136
  1345 10136
  1346 10136
  1347 10136
  1348 10136
  1349 10136
  1350 10136
  1351 10136
  1352 10136
  1353 10136
  1354 10136
  1355 10136
  1356 10136
  1357 10136
  1358 10136
  1359 10136
  1360 10136
  1361 10136
  1362 10136
  1363 10136
  1364 10136
  1365 10136
  1366 10136
  1367 10136
  1368 10136
  1369 10136
  1370 10136
  1371 10136
  1372 10136
  1373 10136
  1374 10136
  1375 10136
  1376 10136
  1377 10136
  1378 10136
  1379 10136
  1380 10136
  1381 10136
  1382 10136
  1383 10136
  1384 10136
  1385 10136
  1386 10136
  1387 10136
  1388 10136
  1389 10136
  1390 10136
  1391 10136
  1392 10136
  1393 10136
  1394 10136
  1395 10136
  1396 10136
  1397 10136
  1398 10136
  1399 10136
  1400 10136
  1401 10136
  1402 10136
  1403 10136
  1404 10136
  1405 10136
  1406 10136
  1407 10136
  1408 10136
  1409 10136
  1410 10136
  1411 10136
  1412 10136
  1413 10136
  1414 10136
  1415 10136
  1416 10136
  1417 10136
  1418 10136
  1419 10136
  1420 10136
  1421 10136
  1422 10136
  1423 10136
  1424 10136
  1425 10136
  1426 10136
  1427 10136
  1428 10136
  1429 10136
  1430 10136
  1431 10136
  1432 10136
  1433 10136
  1434 10136
  1435 10136
  1436 10136
  1437 10136
  1438 10136
  1439 10136
  1440 10136
  1441 10136
  1442 10136
  1443 10136
  1444 10136
  1445 10136
  1446 10136
  1447 10136
  1448 10136
  1449 10136
  1450 10136
  1451 10136
  1452 10136
  1453 10136
  1454 10136
  1455 10136
  1456 10136
  1457 10136
  1458 10136
  1459 10136
  1460 10136
  1461 10136
  1462 10136
  1463 10136
  1464 10136
  1465 10136
  1466 10136
  1467 10136
  1468 10136
  1469 10136
  1470 10136
  1471 10136
  1472 10136
  1473 10136
  1474 10136
  1475 10136
  1476 10136
  1477 10136
  1478 10136
  1479 10136
  1480 10136
  1481 10136
  1482 10136
  1483 10136
  1484 10136
  1485 10136
  1486 10136
  1487 10136
  1488 10136
  1489 10136
  1490 10136
  1491 10136
  1492 10136
  1493 10136
  1494 10136
  1495 10136
  1496 10136
  1497 10136
  1498 10136
  1499 10136
  1500 10136
  1501 10018
  1502 10018
  1503 10018
  1504 10018
  1505 10018
  1506 10018
  1507 10018
  1508 10018
  1509 10018
  1510 10018
  1511 10018
  1512 10018
  1513 10055
  1514 10055
  1515 10055
  1516 10018
  1517 10055
  1518 10055
  1519 10023
  1520 10023
  1521 10018
  1522 10018
  1523 10018
  1524 10018
  1525 10018
  1526 10055
  1527 10055
  1528 10055
  1529 10055
  1530 10055
  1531 10055
  1532 10055
  1533 10055
  1534 10098
  1535 10078
  1536 10078
  1537 10078
  1538 10078
  1539 10078
  1540 10078
  1541 10055
  1542 10018
  1545 10018
  1546 10055
  1547 10018
  1548 10018
  1549 10106
  1550 10106
  1551 10055
  1552 10055
  1553 10055
  1576 10154
  1579 10098
  1580 10016
  1582 10143
  1583 10016
  1584 10143
  1585 10016
  1586 10036
  1587 10016
  1588 10016
  1589 10016
  1590 10143
  1591 10143
  1592 10143
  1593 10143
  1594 10016
  1615 10016
  1616 10016
  1617 10016
  1618 10016
  1619 10143
  1620 10143
  1621 10143
  1622 10143
  1623 10143
  1624 10143
  1625 10143
  1626 10143
  1627 10143
  1628 10145
  1629 10075
  1630 10075
  1631 10075
  1632 10075
  1633 10075
  1634 10075
  1635 10075
  1636 10075
  1637 10075
  1638 10075
  1639 10075
  1640 10075
  1641 10075
  1642 10075
  1643 10075
  1644 10075
  1645 10075
  1646 10075
  1647 10075
  1648 10075
  1649 10075
  1650 10075
  1651 10075
  1652 10075
  1653 10075
  1654 10075
  1655 10075
  1656 10075
  1657 10075
  1658 10075
  1659 10075
  1660 10075
  1661 10075
  1662 10075
  1663 10075
  1664 10075
  1665 10075
  1666 10075
  1667 10075
  1668 10075
  1669 10075
  1670 10075
  1671 10075
  1672 10075
  1673 10075
  1674 10075
  1675 10075
  1676 10075
  1677 10075
  1678 10075
  1679 10075
  1680 10075
  1681 10075
  1682 10075
  1683 10075
  1684 10075
  1685 10075
  1686 10075
  1687 10075
  1688 10075
  1689 10075
  1690 10075
  1691 10075
  1692 10075
  1693 10075
  1694 10075
  1695 10075
  1696 10075
  1697 10075
  1698 10075
  1699 10075
  1700 10075
  1701 10075
  1702 10075
  1703 10075
  1704 10075
  1705 10075
  1706 10075
  1707 10075
  1708 10075
  1709 10075
  1710 10075
  1711 10075
  1712 10075
  1713 10075
  1714 10075
  1715 10075
  1716 10075
  1717 10075
  1718 10075
  1719 10075
  1720 10075
  1721 10075
  1722 10075
  1723 10075
  1724 10075
  1725 10075
  1726 10075
  1727 10075
  1728 10075
  1729 10075
  1730 10075
  1731 10075
  1732 10075
  1733 10075
  1734 10075
  1735 10075
  1736 10075
  1737 10075
  1738 10075
  1739 10075
  1740 10075
  1741 10075
  1742 10075
  1743 10075
  1744 10075
  1745 10075
  1746 10075
  1747 10075
  1748 10075
  1749 10075
  1750 10075
  1751 10075
  1752 10075
  1753 10075
  1754 10075
  1755 10075
  1756 10075
  1757 10075
  1758 10075
  1759 10075
  1760 10075
  1761 10075
  1762 10075
  1763 10075
  1764 10075
  1765 10075
  1766 10075
  1767 10075
  1768 10075
  1769 10075
  1770 10075
  1771 10075
  1772 10075
  1773 10075
  1774 10075
  1775 10075
  1776 10075
  1777 10075
  1778 10075
  1779 10075
  1780 10075
  1781 10075
  1782 10075
  1783 10075
  1784 10075
  1785 10075
  1786 10075
  1787 10075
  1788 10075
  1789 10075
  1790 10075
  1791 10075
  1792 10075
  1793 10075
  1794 10075
  1795 10075
  1796 10075
  1797 10075
  1798 10075
  1799 10075
  1800 10075
  1801 10075
  1802 10075
  1803 10075
  1804 10075
  1805 10075
  1806 10075
  1807 10075
  1808 10075
  1809 10075
  1810 10075
  1811 10075
  1812 10075
  1813 10075
  1814 10075
  1815 10075
  1816 10075
  1817 10075
  1818 10075
  1819 10075
  1820 10075
  1821 10075
  1822 10075
  1823 10075
  1824 10075
  1825 10075
  1826 10075
  1827 10075
  1828 10075
  1829 10075
  1830 10075
  1831 10075
  1832 10075
  1833 10075
  1834 10075
  1835 10075
  1836 10075
  1837 10075
  1838 10075
  1839 10075
  1840 10075
  1841 10075
  1842 10075
  1843 10075
  1844 10075
  1845 10075
  1846 10075
  1847 10075
  1848 10075
  1849 10075
  1850 10075
  1851 10075
  1852 10075
  1853 10075
  1854 10075
  1855 10075
  1856 10143
  1857 10143
  1858 10154
  1859 10154
  1861 10101
  1862 10101
  1863 10101
  1864 10138
  1865 10138
  1866 10138
  1867 10070
  1868 10070
  1869 10070
  1870 10138
  1871 10138
  1872 10138
  1873 10138
  1874 10138
  1875 10138
  1876 10138
  1877 10138
  1878 10138
  1879 10138
  1880 10138
  1881 10138
  1882 10138
  1883 10138
  1884 10138
  1885 10138
  1886 10138
  1887 10138
  1888 10138
  1889 10138
  1890 10138
  1891 10138
  1892 10138
  1893 10138
  1894 10138
  1895 10138
  1896 10138
  1897 10138
  1898 10138
  1899 10138
  1900 10138
  1901 10138
  1902 10138
  1903 10138
  1904 10138
  1905 10138
  1906 10138
  1907 10138
  1908 10138
  1909 10138
  1910 10138
  1911 10138
  1912 10138
  1913 10138
  1914 10138
  1915 10138
  1916 10138
  1917 10138
  1918 10138
  1919 10138
  1920 10138
  1921 10138
  1922 10138
  1923 10138
  1924 10138
  1925 10138
  1926 10138
  1927 10138
  1928 10138
  1929 10138
  1930 10138
  1931 10138
  1932 10138
  1933 10138
  1934 10138
  1935 10138
  1936 10138
  1937 10138
  1938 10138
  1939 10138
  1940 10138
  1941 10138
  1942 10138
  1943 10138
  1944 10138
  1945 10138
  1946 10138
  1947 10138
  1948 10138
  1949 10138
  1950 10138
  1951 10138
  1952 10138
  1953 10138
  1954 10138
  1955 10138
  1956 10138
  1957 10138
  1958 10138
  1959 10138
  1960 10138
  1961 10138
  1962 10138
  1963 10138
  1964 10138
  1965 10138
  1966 10138
  1967 10138
  1968 10138
  1969 10138
  1970 10138
  1971 10138
  1972 10138
  1973 10138
  1974 10138
  1975 10138
  1976 10138
  1977 10138
  1978 10138
  1979 10138
  1980 10138
  1981 10138
  1982 10138
  1983 10138
  1984 10138
  1985 10138
  1986 10138
  1987 10138
  1988 10138
  1989 10138
  1990 10138
  1991 10138
  1992 10138
  1993 10138
  1994 10138
  1995 10138
  1996 10138
  1997 10138
  1998 10138
  1999 10138
  2000 10138
  2001 10138
  2002 10138
  2003 10138
  2004 10138
  2005 10138
  2006 10138
  2007 10138
  2008 10138
  2009 10138
  2010 10138
  2011 10138
  2012 10138
  2013 10138
  2014 10138
  2015 10138
  2016 10138
  2017 10138
  2018 10138
  2019 10138
  2020 10138
  2021 10070
  2022 10061
  2023 10061
  2024 10061
  2025 10061
  2029 10028
  2030 10028
  2031 10028
  2032 10028
  2033 10028
  2034 10028
  2035 10028
  2036 10045
  2037 10028
  2038 10028
  2039 10028
  2040 10028
  2041 10028
  2042 10028
  2043 10028
  2044 10028
  2045 10028
  2046 10028
  2047 10028
  2048 10028
  2049 10028
  2050 10028
  2051 10028
  2052 10028
  2053 10028
  2054 10028
  2055 10028
  2056 10028
  2057 10028
  2058 10028
  2059 10028
  2060 10028
  2061 10028
  2062 10028
  2063 10028
  2064 10028
  2065 10028
  2066 10028
  2067 10028
  2068 10028
  2069 10028
  2070 10028
  2071 10028
  2072 10028
  2073 10028
  2074 10028
  2075 10028
  2076 10028
  2077 10028
  2078 10028
  2079 10028
  2080 10028
  2081 10028
  2082 10028
  2083 10028
  2084 10028
  2085 10028
  2086 10028
  2087 10028
  2088 10028
  2089 10028
  2090 10028
  2091 10028
  2092 10028
  2093 10028
  2094 10028
  2095 10028
  2096 10028
  2097 10028
  2098 10028
  2099 10028
  2100 10028
  2101 10028
  2102 10028
  2103 10028
  2104 10028
  2105 10028
  2106 10028
  2107 10028
  2108 10028
  2109 10028
  2110 10028
  2111 10028
  2112 10028
  2113 10028
  2114 10028
  2115 10028
  2116 10028
  2117 10028
  2118 10028
  2119 10028
  2120 10028
  2121 10028
  2122 10028
  2123 10028
  2124 10028
  2125 10028
  2126 10028
  2127 10028
  2128 10028
  2129 10028
  2130 10028
  2131 10028
  2132 10028
  2133 10028
  2134 10028
  2135 10028
  2136 10028
  2137 10028
  2138 10028
  2139 10028
  2140 10028
  2141 10028
  2142 10028
  2143 10028
  2144 10028
  2145 10028
  2146 10028
  2147 10028
  2148 10028
  2149 10028
  2150 10028
  2151 10028
  2152 10028
  2153 10028
  2154 10028
  2155 10028
  2156 10028
  2157 10028
  2158 10028
  2159 10028
  2160 10028
  2161 10028
  2162 10028
  2163 10028
  2164 10028
  2165 10028
  2166 10028
  2167 10028
  2168 10028
  2169 10028
  2170 10028
  2171 10028
  2172 10028
  2173 10028
  2174 10028
  2175 10028
  2176 10028
  2177 10028
  2178 10028
  2179 10028
  2180 10028
  2181 10028
  2182 10028
  2183 10028
  2184 10028
  2185 10028
  2186 10028
  2187 10028
  2188 10028
  2189 10028
  2190 10028
  2191 10028
  2192 10028
  2193 10028
  2194 10028
  2195 10028
  2196 10028
  2197 10028
  2198 10028
  2199 10028
  2200 10028
  2201 10028
  2202 10028
  2203 10028
  2204 10028
  2205 10028
  2206 10028
  2207 10028
  2208 10028
  2209 10028
  2210 10028
  2211 10028
  2212 10028
  2213 10028
  2214 10028
  2215 10028
  2216 10028
  2217 10028
  2218 10028
  2219 10028
  2220 10028
  2221 10028
  2222 10028
  2223 10028
  2224 10028
  2225 10028
  2226 10028
  2227 10028
  2228 10028
  2229 10028
  2230 10028
  2231 10028
  2232 10028
  2233 10028
  2234 10028
  2235 10028
  2236 10028
  2237 10028
  2238 10028
  2239 10028
  2240 10028
  2241 10028
  2242 10028
  2243 10028
  2244 10028
  2245 10028
  2246 10028
  2247 10028
  2248 10028
  2249 10028
  2250 10028
  2251 10028
  2252 10028
  2253 10028
  2254 10028
  2255 10028
  2256 10028
  2257 10028
  2258 10028
  2259 10028
  2260 10028
  2261 10028
  2262 10028
  2263 10028
  2264 10028
  2265 10028
  2266 10028
  2267 10028
  2268 10028
  2269 10028
  2270 10028
  2271 10028
  2272 10028
  2273 10028
  2274 10028
  2275 10028
  2276 10028
  2277 10028
  2278 10028
  2279 10028
  2280 10028
  2281 10028
  2282 10028
  2283 10028
  2284 10028
  2285 10028
  2286 10028
  2287 10028
  2288 10028
  2289 10028
  2290 10028
  2291 10028
  2292 10028
  2293 10028
  2294 10028
  2295 10028
  2296 10028
  2297 10028
