   616 10021
   617 10021
   618 10021
   619 10021
   620 10021
   621 10021
   622 10021
   623 10021
   624 10021
   625 10021
   626 10021
   627 10021
   628 10021
   629 10021
   630 10021
   631 10021
   632 10021
   633 10021
   634 10082
   635 10082
   636 10045
   637 10045
   638 10045
   639 10045
   640 10021
   641 10021
   647 10082
   648 10082
   649 10021
   650 10082
   651 10082
   652 10082
   653 10082
   654 10082
   655 10082
   656 10082
   657 10082
   658 10021
   660 10082
   661 10082
   662 10082
   663 10045
   664 10045
   665 10021
   666 10021
   667 10021
   668 10021
   669 10021
   670 10045
   671 10045
   672 10045
   673 10045
   674 10082
   675 10082
   676 10082
   677 10082
   678 10082
   679 10082
   682 10021
   683 10021
   684 10021
   685 10021
   686 10021
   687 10082
   688 10045
   689 10045
   690 10021
   691 10021
   692 10021
   693 10021
   694 10021
   695 10021
   696 10021
   697 10021
   698 10021
   699 10021
   700 10021
   701 10021
   702 10021
   703 10021
   704 10021
   705 10021
   706 10021
   707 10021
   708 10021
   709 10021
   710 10021
   711 10021
   712 10021
   713 10021
   714 10021
   715 10021
   716 10021
   717 10021
   718 10021
   719 10021
   720 10021
   721 10021
   722 10021
   723 10021
   724 10021
   725 10021
   726 10021
   727 10021
   728 10021
   729 10021
   730 10021
   731 10021
   732 10021
   733 10021
   734 10021
   735 10021
   736 10021
   737 10021
   738 10021
   739 10021
   740 10021
   741 10021
   742 10021
   743 10021
   744 10021
   745 10021
   746 10021
   747 10021
   748 10021
   749 10021
   750 10021
   751 10021
   752 10021
   753 10021
   754 10021
   755 10021
   756 10021
   757 10021
   758 10021
   759 10021
   760 10021
   761 10021
   762 10021
   763 10021
   764 10021
   765 10021
   766 10021
   767 10021
   768 10021
   769 10021
   770 10021
   771 10021
   772 10021
   773 10021
   774 10021
   775 10021
   776 10021
   777 10021
   778 10021
   779 10021
   780 10021
   784 10101
   788 10005
   790 10005
   791 10005
   792 10005
   793 10005
   794 10005
   795 10082
   796 10082
   797 10082
   798 10082
   799 10082
   800 10082
   801 10082
   802 10082
   803 10082
   804 10082
   805 10082
   806 10082
   807 10082
   808 10082
   809 10082
   810 10082
   811 10082
   812 10082
   813 10082
   814 10082
   815 10082
   816 10082
   817 10082
   818 10082
   819 10082
   820 10082
   821 10082
   822 10082
   823 10082
   824 10082
   825 10082
   826 10082
   827 10082
   828 10082
   829 10082
   830 10082
   831 10082
   832 10082
   833 10082
   834 10082
   835 10082
   836 10082
   837 10082
   838 10082
   839 10082
   840 10082
   841 10082
   842 10082
   843 10082
   844 10082
   845 10082
   846 10082
   847 10082
   848 10082
   849 10082
   850 10082
   851 10082
   852 10082
   853 10082
   854 10082
   855 10082
   856 10082
   857 10082
   858 10082
   859 10082
   860 10082
   861 10082
   862 10082
   863 10082
   864 10082
   865 10082
   866 10082
   867 10082
   868 10082
   869 10082
   870 10082
   871 10082
   872 10082
   873 10082
   874 10082
   875 10082
   876 10082
   877 10082
   878 10082
   879 10082
   880 10082
   881 10082
   882 10082
   883 10082
   884 10082
   885 10082
   886 10082
   887 10082
   888 10082
   889 10082
   890 10082
   891 10082
   892 10082
   893 10082
   894 10082
   895 10082
   896 10082
   897 10082
   898 10082
   899 10082
   900 10082
   901 10082
   902 10082
   903 10082
   904 10082
   905 10082
   906 10082
   907 10082
   908 10082
   909 10082
   910 10082
   911 10082
   912 10082
   913 10082
   914 10082
   915 10082
   916 10082
   917 10082
   918 10082
   919 10082
   920 10082
   921 10082
   922 10082
   923 10082
   924 10082
   925 10082
   926 10082
   927 10082
   928 10082
   929 10082
   930 10082
   931 10082
   932 10082
   933 10082
   934 10082
   935 10082
   936 10082
   937 10082
   938 10082
   939 10082
   940 10082
   941 10082
   942 10082
   943 10082
   944 10082
   945 10082
   946 10082
   947 10082
   948 10082
   949 10082
   950 10082
   951 10082
   952 10082
   953 10082
   954 10082
   955 10082
   956 10082
   957 10082
   958 10082
   959 10082
   960 10082
   961 10082
   962 10082
   963 10082
   964 10082
   965 10082
   966 10082
   967 10082
   968 10082
   969 10082
   970 10082
   971 10082
   972 10082
   973 10082
   974 10082
   975 10082
   976 10082
   977 10082
   978 10082
   979 10082
   980 10082
   981 10082
   982 10082
   983 10082
   984 10082
   985 10082
   986 10082
   987 10082
   988 10082
   989 10082
   990 10082
   991 10082
   992 10082
   993 10082
   994 10082
   995 10082
   996 10082
   997 10082
   998 10082
   999 10082
  1000 10082
  1001 10082
  1002 10082
  1003 10082
  1004 10082
  1005 10082
  1006 10082
  1007 10082
  1008 10082
  1009 10082
  1010 10082
  1011 10082
  1012 10082
  1013 10082
  1014 10082
  1015 10082
  1016 10082
  1017 10082
  1018 10082
  1019 10082
  1020 10082
  1021 10120
  1026 10162
  1027 10162
  1028 10162
  1029 10162
  1030 10162
  1031 10162
  1032 10162
  1033 10162
  1034 10162
  1035 10162
  1036 10162
  1037 10162
  1038 10162
  1039 10162
  1040 10162
  1041 10162
  1042 10162
  1043 10162
  1044 10162
  1045 10162
  1046 10162
  1047 10162
  1048 10162
  1049 10162
  1050 10162
  1051 10162
  1052 10162
  1053 10162
  1054 10162
  1055 10162
  1056 10162
  1057 10162
  1058 10162
  1059 10162
  1060 10162
  1061 10162
  1062 10162
  1063 10162
  1064 10162
  1065 10162
  1066 10162
  1067 10162
  1068 10162
  1069 10162
  1070 10162
  1071 10162
  1072 10162
  1073 10162
  1074 10162
  1075 10162
  1076 10162
  1077 10162
  1078 10162
  1079 10162
  1080 10162
  1081 10162
  1082 10162
  1083 10162
  1084 10162
  1085 10162
  1086 10162
  1087 10162
  1088 10162
  1089 10162
  1090 10162
  1091 10162
  1092 10162
  1093 10162
  1094 10162
  1095 10162
  1096 10162
  1097 10162
  1098 10162
  1099 10162
  1100 10162
  1101 10162
  1102 10162
  1103 10162
  1104 10162
  1105 10162
  1106 10162
  1107 10162
  1108 10162
  1109 10162
  1110 10162
  1111 10162
  1112 10162
  1113 10162
  1114 10162
  1115 10162
  1116 10162
  1117 10162
  1118 10162
  1119 10162
  1120 10162
  1121 10162
  1122 10162
  1123 10162
  1124 10162
  1125 10162
  1126 10162
  1127 10162
  1128 10162
  1129 10162
  1130 10162
  1131 10162
  1132 10162
  1133 10162
  1134 10162
  1135 10162
  1136 10162
  1137 10162
  1138 10162
  1139 10162
  1140 10162
  1141 10162
  1142 10162
  1143 10162
  1144 10162
  1145 10162
  1146 10162
  1147 10162
  1148 10162
  1149 10162
  1150 10162
  1151 10162
  1152 10162
  1153 10162
  1154 10162
  1155 10162
  1156 10162
  1157 10162
  1158 10162
  1159 10162
  1160 10162
  1161 10162
  1162 10162
  1163 10162
  1164 10162
  1165 10162
  1166 10162
  1167 10162
  1168 10162
  1169 10162
  1170 10162
  1171 10162
  1172 10162
  1173 10162
  1174 10162
  1175 10162
  1176 10162
  1177 10162
  1178 10162
  1179 10162
  1180 10162
  1181 10162
  1182 10162
  1183 10162
  1184 10162
  1185 10162
  1186 10162
  1187 10162
  1188 10162
  1189 10162
  1190 10162
  1191 10162
  1192 10162
  1193 10162
  1194 10162
  1195 10162
  1196 10162
  1197 10162
  1198 10162
  1199 10162
  1200 10162
  1201 10162
  1202 10162
  1203 10162
  1204 10162
  1205 10162
  1206 10162
  1207 10162
  1208 10162
  1209 10162
  1210 10162
  1211 10162
  1212 10162
  1213 10162
  1214 10162
  1215 10162
  1216 10162
  1217 10162
  1218 10162
  1219 10162
  1220 10162
  1221 10162
  1222 10162
  1223 10162
  1224 10162
  1225 10162
  1226 10162
  1227 10162
  1228 10162
  1229 10162
  1230 10162
  1231 10162
  1232 10162
  1233 10162
  1234 10162
  1235 10162
  1236 10162
  1237 10162
  1238 10162
  1239 10162
  1240 10162
  1241 10162
  1242 10162
  1243 10162
  1244 10162
  1245 10162
  1246 10162
  1247 10162
  1248 10162
  1249 10162
  1250 10162
  1251 10162
  1252 10162
  1253 10162
  1254 10162
  1255 10162
  1256 10162
  1257 10162
  1258 10143
  1259 10143
  1260 10143
  1261 10143
  1262 10143
  1263 10075
  1264 10075
  1265 10075
  1266 10075
  1267 10075
  1268 10075
  1269 10075
  1270 10075
  1271 10075
  1272 10075
  1273 10075
  1274 10075
  1395 10075
  1396 10075
  1397 10075
  1398 10075
  1399 10075
  1400 10075
  1401 10075
  1402 10075
  1403 10075
  1404 10075
  1405 10075
  1406 10075
  1407 10075
  1408 10075
  1409 10062
  1410 10062
  1413 10075
  1414 10149
  1415 10075
  1416 10075
  1417 10075
  1418 10075
  1419 10075
  1420 10075
  1421 10075
  1422 10075
  1423 10075
  1424 10075
  1425 10075
  1426 10075
  1427 10075
  1428 10075
  1429 10075
  1430 10075
  1431 10075
  1432 10075
  1433 10075
  1434 10075
  1435 10075
  1436 10075
  1438 10075
  1439 10075
  1440 10075
  1441 10075
  1443 10075
  1444 10075
  1445 10075
  1446 10075
  1447 10075
  1448 10075
  1449 10075
  1450 10075
  1451 10075
  1452 10075
  1453 10075
  1454 10075
  1455 10075
  1456 10075
  1457 10075
  1458 10075
  1459 10075
  1460 10075
  1461 10075
  1462 10075
  1463 10075
  1464 10075
  1465 10075
  1466 10075
  1467 10075
  1468 10075
  1469 10075
  1470 10075
  1471 10075
  1472 10075
  1473 10075
  1474 10075
  1475 10075
  1476 10075
  1477 10075
  1478 10075
  1479 10075
  1480 10075
  1481 10075
  1482 10075
  1483 10075
  1484 10075
  1485 10075
  1486 10075
  1487 10075
  1488 10075
  1489 10075
  1490 10075
  1491 10075
  1492 10075
  1493 10075
  1494 10075
  1495 10075
  1496 10075
  1497 10075
  1498 10075
  1499 10075
  1500 10075
  1501 10075
  1502 10075
  1503 10075
  1504 10075
  1505 10075
  1506 10075
  1507 10016
  1508 10016
  1510 10023
  1511 10023
  1512 10023
  1520 10055
  1521 10055
  1522 10055
  1523 10018
  1524 10018
  1525 10018
  1526 10055
  1527 10055
  1528 10055
  1529 10055
  1530 10055
  1531 10055
  1532 10055
  1533 10055
  1534 10055
  1535 10055
  1536 10055
  1537 10055
  1538 10055
  1539 10055
  1540 10055
  1541 10055
  1542 10055
  1543 10055
  1544 10055
  1545 10055
  1546 10055
  1547 10055
  1548 10018
  1550 10055
  1551 10055
  1552 10055
  1553 10055
  1554 10055
  1555 10055
  1556 10055
  1557 10055
  1558 10055
  1559 10055
  1560 10055
  1561 10055
  1562 10018
  1563 10018
  1564 10055
  1566 10055
  1572 10055
  1573 10055
  1574 10106
  1576 10154
  1578 10154
  1579 10154
  1580 10154
  1581 10154
  1612 10031
  1613 10031
  1614 10143
  1615 10143
  1616 10130
  1617 10016
  1618 10016
  1619 10016
  1624 10031
  1625 10031
  1626 10031
  1627 10031
  1628 10031
  1629 10031
  1630 10031
  1631 10031
  1632 10031
  1633 10031
  1634 10031
  1635 10031
  1636 10031
  1637 10031
  1638 10031
  1639 10031
  1640 10031
  1641 10031
  1642 10031
  1643 10031
  1644 10031
  1645 10031
  1646 10031
  1647 10031
  1648 10031
  1649 10031
  1650 10031
  1651 10031
  1652 10031
  1653 10031
  1654 10031
  1655 10031
  1656 10031
  1657 10031
  1658 10031
  1659 10031
  1660 10031
  1661 10031
  1662 10031
  1663 10031
  1664 10031
  1665 10031
  1666 10031
  1667 10031
  1668 10031
  1669 10031
  1670 10031
  1671 10031
  1672 10031
  1673 10031
  1674 10031
  1675 10031
  1676 10031
  1677 10031
  1678 10031
  1679 10031
  1680 10031
  1681 10031
  1682 10031
  1683 10031
  1684 10031
  1685 10031
  1686 10031
  1687 10031
  1688 10031
  1689 10031
  1690 10031
  1691 10031
  1692 10031
  1693 10031
  1694 10031
  1695 10031
  1696 10031
  1697 10031
  1698 10031
  1699 10031
  1700 10031
  1701 10031
  1702 10031
  1703 10031
  1704 10031
  1705 10031
  1706 10031
  1707 10031
  1708 10031
  1709 10031
  1710 10031
  1711 10031
  1712 10031
  1713 10031
  1714 10031
  1715 10031
  1716 10031
  1717 10031
  1718 10031
  1719 10031
  1720 10031
  1721 10031
  1722 10031
  1723 10031
  1724 10031
  1725 10031
  1726 10031
  1727 10031
  1728 10031
  1729 10031
  1730 10031
  1731 10031
  1732 10031
  1733 10031
  1734 10031
  1735 10031
  1736 10031
  1737 10031
  1738 10031
  1739 10031
  1740 10031
  1741 10031
  1742 10031
  1743 10031
  1744 10031
  1745 10031
  1746 10031
  1747 10031
  1748 10031
  1749 10031
  1750 10031
  1751 10031
  1752 10031
  1753 10031
  1754 10031
  1755 10031
  1756 10031
  1757 10031
  1758 10031
  1759 10031
  1760 10031
  1761 10031
  1762 10031
  1763 10031
  1764 10031
  1765 10031
  1766 10031
  1767 10031
  1768 10031
  1769 10031
  1770 10031
  1771 10031
  1772 10031
  1773 10031
  1774 10031
  1775 10031
  1776 10031
  1777 10031
  1778 10031
  1779 10031
  1780 10031
  1781 10031
  1782 10031
  1783 10031
  1784 10031
  1785 10031
  1786 10031
  1787 10031
  1788 10031
  1789 10031
  1790 10031
  1791 10031
  1792 10031
  1793 10031
  1794 10031
  1795 10031
  1796 10031
  1797 10031
  1798 10031
  1799 10031
  1800 10031
  1801 10031
  1802 10031
  1803 10031
  1804 10031
  1805 10031
  1806 10031
  1807 10031
  1808 10031
  1809 10031
  1810 10031
  1811 10031
  1812 10031
  1813 10031
  1814 10031
  1815 10031
  1816 10031
  1817 10031
  1818 10031
  1819 10031
  1820 10031
  1821 10031
  1822 10031
  1823 10031
  1824 10031
  1825 10031
  1826 10031
  1827 10031
  1828 10031
  1829 10031
  1830 10031
  1831 10031
  1832 10031
  1833 10031
  1834 10031
  1835 10031
  1836 10031
  1837 10031
  1838 10031
  1839 10031
  1840 10031
  1841 10031
  1842 10031
  1843 10031
  1844 10031
  1845 10031
  1846 10031
  1847 10031
  1848 10031
  1849 10031
  1850 10031
  1851 10031
  1852 10031
  1853 10031
  1854 10031
  1855 10031
  1856 10031
  1857 10031
  1858 10031
  1859 10065
  1860 10031
  1861 10065
  1862 10065
  1863 10065
  1864 10065
  1865 10050
  1866 10050
  1867 10050
  1868 10050
  1869 10050
  1870 10065
  1871 10065
  1872 10065
  1873 10065
  1874 10065
  1875 10065
  1876 10065
  1877 10065
  1878 10065
  1879 10065
  1880 10065
  1881 10065
  1882 10065
  1883 10065
  1884 10065
  1885 10065
  1886 10065
  1887 10065
  1888 10065
  1889 10065
  1890 10065
  1891 10065
  1892 10065
  1893 10065
  1894 10065
  1895 10065
  1896 10065
  1897 10065
  1898 10065
  1899 10065
  1900 10065
  1901 10065
  1902 10065
  1903 10065
  1904 10065
  1905 10065
  1906 10065
  1907 10065
  1908 10065
  1909 10065
  1910 10065
  1911 10065
  1912 10065
  1913 10065
  1914 10065
  1915 10065
  1916 10065
  1917 10065
  1918 10065
  1919 10065
  1920 10065
  1921 10065
  1922 10065
  1923 10065
  1924 10065
  1925 10065
  1926 10065
  1927 10065
  1928 10065
  1929 10065
  1930 10065
  1931 10065
  1932 10065
  1933 10065
  1934 10065
  1935 10065
  1936 10065
  1937 10065
  1938 10065
  1939 10065
  1940 10065
  1941 10065
  1942 10065
  1943 10065
  1944 10065
  1945 10065
  1946 10065
  1947 10065
  1948 10065
  1949 10065
  1950 10065
  1951 10065
  1952 10065
  1953 10065
  1954 10065
  1955 10065
  1956 10065
  1957 10065
  1958 10065
  1959 10065
  1960 10065
  1961 10065
  1962 10065
  1963 10065
  1964 10065
  1965 10065
  1966 10065
  1967 10065
  1968 10065
  1969 10065
  1970 10065
  1971 10065
  1972 10065
  1973 10065
  1974 10065
  1975 10065
  1976 10065
  1977 10065
  1978 10065
  1979 10065
  1980 10065
  1981 10065
  1982 10065
  1983 10065
  1984 10065
  1985 10065
  1986 10065
  1987 10065
  1988 10065
  1989 10065
  1990 10065
  1991 10065
  1992 10065
  1993 10065
  1994 10065
  1995 10065
  1996 10065
  1997 10065
  1998 10065
  1999 10065
  2000 10065
  2001 10065
  2002 10065
  2003 10065
  2004 10065
  2005 10065
  2006 10065
  2007 10065
  2008 10065
  2009 10065
  2010 10065
  2011 10065
  2012 10065
  2013 10065
  2014 10065
  2015 10065
  2016 10065
  2017 10065
  2018 10065
  2019 10065
  2020 10065
  2022 10061
  2029 10072
  2030 10072
  2031 10021
  2032 10021
  2033 10045
  2034 10045
  2035 10045
  2036 10151
  2037 10045
  2038 10021
  2039 10021
  2040 10021
