   690 10131
   691 10131
   692 10131
   693 10131
   694 10131
   695 10131
   696 10131
   697 10131
   698 10131
   699 10131
   700 10131
   701 10131
   702 10131
   703 10131
   704 10131
   705 10131
   706 10131
   707 10131
   708 10131
   709 10131
   710 10131
   711 10131
   712 10131
   713 10131
   714 10131
   715 10131
   716 10131
   717 10131
   718 10131
   719 10131
   720 10131
   721 10131
   722 10131
   723 10131
   724 10131
   725 10131
   726 10131
   727 10131
   728 10131
   729 10131
   730 10131
   731 10131
   732 10131
   733 10131
   734 10131
   735 10131
   736 10131
   737 10131
   738 10131
   739 10131
   740 10131
   741 10131
   742 10131
   743 10131
   744 10131
   745 10131
   746 10131
   747 10131
   748 10131
   749 10131
   750 10131
   751 10131
   752 10131
   753 10131
   754 10131
   755 10131
   756 10131
   757 10131
   758 10131
   759 10131
   760 10131
   761 10131
   762 10131
   763 10131
   764 10131
   765 10131
   766 10131
   767 10131
   768 10131
   769 10131
   770 10131
   771 10131
   772 10131
   773 10131
   774 10131
   775 10131
   776 10131
   777 10131
   778 10131
   779 10131
   780 10131
   781 10108
   782 10031
   783 10031
   784 10031
   785 10031
   786 10031
   787 10031
   788 10031
   789 10031
   790 10031
   791 10031
   792 10031
   793 10031
   794 10031
   795 10031
   796 10031
   797 10031
   798 10031
   799 10031
   800 10031
   801 10031
   802 10031
   803 10031
   804 10031
   805 10031
   806 10031
   807 10031
   808 10031
   809 10031
   810 10031
   811 10031
   812 10031
   813 10031
   814 10031
   815 10031
   816 10031
   817 10031
   818 10031
   819 10031
   820 10031
   821 10031
   822 10031
   823 10031
   824 10031
   825 10031
   826 10031
   827 10031
   828 10031
   829 10031
   830 10031
   831 10031
   832 10031
   833 10031
   834 10031
   835 10031
   836 10031
   837 10031
   838 10031
   839 10031
   840 10031
   841 10031
   842 10031
   843 10031
   844 10031
   845 10031
   846 10031
   847 10031
   848 10031
   849 10031
   850 10031
   851 10031
   852 10031
   853 10031
   854 10031
   855 10031
   856 10031
   857 10031
   858 10031
   859 10031
   860 10031
   861 10031
   862 10031
   863 10031
   864 10031
   865 10031
   866 10031
   867 10031
   868 10031
   869 10031
   870 10031
   871 10031
   872 10031
   873 10031
   874 10031
   875 10031
   876 10031
   877 10031
   878 10031
   879 10031
   880 10031
   881 10031
   882 10031
   883 10031
   884 10031
   885 10031
   886 10031
   887 10031
   888 10031
   889 10031
   890 10031
   891 10031
   892 10031
   893 10031
   894 10031
   895 10031
   896 10031
   897 10031
   898 10031
   899 10031
   900 10031
   901 10031
   902 10031
   903 10031
   904 10031
   905 10031
   906 10031
   907 10031
   908 10031
   909 10031
   910 10031
   911 10031
   912 10031
   913 10031
   914 10031
   915 10031
   916 10031
   917 10031
   918 10031
   919 10031
   920 10031
   921 10031
   922 10031
   923 10031
   924 10031
   925 10031
   926 10031
   927 10031
   928 10031
   929 10031
   930 10031
   931 10031
   932 10031
   933 10031
   934 10031
   935 10031
   936 10031
   937 10031
   938 10031
   939 10031
   940 10031
   941 10031
   942 10031
   943 10031
   944 10031
   945 10031
   946 10031
   947 10031
   948 10031
   949 10031
   950 10031
   951 10031
   952 10031
   953 10031
   954 10031
   955 10031
   956 10031
   957 10031
   958 10031
   959 10031
   960 10031
   961 10031
   962 10031
   963 10031
   964 10031
   965 10031
   966 10031
   967 10031
   968 10031
   969 10031
   970 10031
   971 10031
   972 10031
   973 10031
   974 10031
   975 10031
   976 10031
   977 10031
   978 10031
   979 10031
   980 10031
   981 10031
   982 10031
   983 10031
   984 10031
   985 10031
   986 10031
   987 10031
   988 10031
   989 10031
   990 10031
   991 10031
   992 10031
   993 10031
   994 10031
   995 10031
   996 10031
   997 10031
   998 10031
   999 10031
  1000 10031
  1001 10031
  1002 10031
  1003 10031
  1004 10031
  1005 10031
  1006 10031
  1007 10031
  1008 10031
  1009 10031
  1010 10031
  1011 10031
  1012 10031
  1013 10031
  1014 10031
  1015 10031
  1016 10031
  1017 10031
  1018 10031
  1019 10031
  1020 10031
  1022 10101
  1026 10083
  1027 10071
  1028 10149
  1029 10149
  1030 10149
  1031 10149
  1032 10149
  1033 10149
  1034 10149
  1035 10149
  1036 10149
  1037 10149
  1038 10149
  1039 10149
  1040 10149
  1041 10149
  1042 10149
  1043 10149
  1044 10149
  1045 10149
  1046 10149
  1047 10149
  1048 10149
  1049 10149
  1050 10149
  1051 10149
  1052 10149
  1053 10149
  1054 10149
  1055 10149
  1056 10149
  1057 10149
  1058 10149
  1059 10149
  1060 10149
  1061 10149
  1062 10149
  1063 10149
  1064 10149
  1065 10149
  1066 10071
  1067 10071
  1071 10149
  1072 10149
  1073 10149
  1074 10149
  1075 10149
  1076 10149
  1077 10149
  1078 10149
  1079 10149
  1080 10149
  1081 10149
  1082 10149
  1083 10149
  1084 10071
  1085 10149
  1086 10149
  1087 10149
  1089 10134
  1090 10134
  1091 10134
  1092 10134
  1093 10134
  1094 10149
  1095 10149
  1096 10149
  1097 10149
  1098 10149
  1099 10149
  1100 10149
  1101 10149
  1102 10149
  1103 10149
  1104 10149
  1105 10149
  1106 10149
  1107 10149
  1108 10149
  1109 10149
  1110 10149
  1111 10149
  1112 10149
  1113 10149
  1114 10149
  1115 10080
  1116 10149
  1117 10149
  1118 10080
  1119 10149
  1120 10149
  1121 10149
  1122 10149
  1123 10149
  1124 10149
  1125 10149
  1126 10149
  1127 10149
  1128 10149
  1129 10149
  1130 10149
  1131 10149
  1132 10149
  1133 10149
  1134 10149
  1135 10149
  1136 10149
  1137 10149
  1138 10149
  1139 10149
  1140 10149
  1141 10149
  1142 10149
  1143 10149
  1144 10149
  1145 10149
  1146 10149
  1147 10149
  1148 10149
  1149 10149
  1150 10149
  1151 10149
  1152 10149
  1153 10149
  1154 10149
  1155 10149
  1156 10149
  1157 10149
  1158 10149
  1159 10149
  1160 10149
  1161 10149
  1162 10149
  1163 10149
  1164 10149
  1165 10149
  1168 10149
  1169 10149
  1170 10149
  1171 10149
  1172 10149
  1173 10149
  1174 10149
  1175 10149
  1176 10149
  1177 10149
  1178 10149
  1179 10149
  1180 10149
  1181 10149
  1182 10149
  1183 10149
  1184 10149
  1185 10149
  1186 10149
  1187 10149
  1188 10149
  1189 10149
  1190 10149
  1191 10149
  1192 10149
  1193 10149
  1194 10149
  1195 10149
  1196 10149
  1197 10149
  1198 10149
  1199 10149
  1200 10149
  1201 10149
  1202 10149
  1203 10149
  1204 10149
  1205 10149
  1206 10149
  1207 10149
  1208 10149
  1209 10149
  1210 10149
  1213 10149
  1214 10149
  1215 10149
  1216 10149
  1217 10149
  1220 10149
  1221 10149
  1222 10149
  1223 10149
  1224 10149
  1225 10149
  1226 10149
  1227 10149
  1228 10149
  1229 10149
  1230 10149
  1231 10149
  1232 10149
  1233 10149
  1234 10149
  1235 10149
  1236 10149
  1237 10149
  1238 10149
  1239 10149
  1240 10149
  1241 10149
  1242 10149
  1243 10149
  1244 10149
  1245 10149
  1246 10149
  1247 10149
  1248 10071
  1249 10149
  1250 10149
  1251 10071
  1252 10149
  1253 10149
  1254 10149
  1255 10149
  1256 10149
  1257 10149
  1258 10080
  1260 10141
  1261 10101
  1262 10134
  1263 10134
  1264 10134
  1265 10134
  1266 10134
  1267 10134
  1268 10134
  1269 10134
  1270 10134
  1271 10134
  1272 10134
  1273 10134
  1274 10134
  1275 10134
  1276 10134
  1277 10134
  1278 10134
  1279 10134
  1280 10134
  1281 10134
  1282 10134
  1283 10134
  1284 10134
  1285 10134
  1286 10134
  1287 10134
  1288 10134
  1289 10134
  1290 10134
  1291 10134
  1292 10134
  1293 10134
  1294 10134
  1295 10134
  1296 10134
  1297 10134
  1298 10134
  1299 10134
  1300 10134
  1301 10134
  1302 10134
  1303 10134
  1304 10134
  1305 10134
  1306 10134
  1307 10134
  1308 10134
  1309 10134
  1310 10134
  1311 10134
  1312 10134
  1313 10134
  1314 10134
  1315 10134
  1316 10134
  1317 10134
  1318 10134
  1319 10134
  1320 10134
  1321 10134
  1322 10134
  1323 10134
  1324 10134
  1325 10134
  1326 10134
  1327 10134
  1328 10134
  1329 10134
  1330 10134
  1331 10134
  1332 10134
  1333 10134
  1334 10134
  1335 10134
  1336 10134
  1337 10134
  1338 10134
  1339 10134
  1340 10134
  1341 10134
  1342 10134
  1343 10134
  1344 10134
  1345 10134
  1346 10134
  1347 10134
  1348 10134
  1349 10134
  1350 10134
  1351 10134
  1352 10134
  1353 10134
  1354 10134
  1355 10134
  1356 10134
  1357 10134
  1358 10134
  1359 10134
  1360 10134
  1361 10134
  1362 10134
  1363 10134
  1364 10134
  1365 10134
  1366 10134
  1367 10134
  1368 10134
  1369 10134
  1370 10134
  1371 10134
  1372 10134
  1373 10134
  1374 10134
  1375 10134
  1376 10134
  1377 10134
  1378 10134
  1379 10134
  1380 10134
  1381 10134
  1382 10134
  1383 10134
  1384 10134
  1385 10134
  1386 10134
  1387 10134
  1388 10134
  1389 10134
  1390 10134
  1391 10134
  1392 10134
  1393 10134
  1394 10134
  1395 10134
  1396 10134
  1397 10134
  1398 10134
  1399 10134
  1400 10134
  1401 10134
  1402 10134
  1403 10134
  1404 10134
  1405 10134
  1406 10134
  1407 10134
  1408 10134
  1409 10134
  1410 10134
  1411 10134
  1412 10134
  1413 10134
  1414 10134
  1415 10134
  1416 10134
  1417 10134
  1418 10134
  1419 10134
  1420 10134
  1421 10134
  1422 10134
  1423 10134
  1424 10134
  1425 10134
  1426 10134
  1427 10134
  1428 10134
  1429 10134
  1430 10134
  1431 10134
  1432 10134
  1433 10134
  1434 10134
  1435 10134
  1436 10134
  1437 10134
  1438 10134
  1439 10134
  1440 10134
  1441 10134
  1442 10134
  1443 10134
  1444 10134
  1445 10134
  1446 10134
  1447 10134
  1448 10134
  1449 10134
  1450 10134
  1451 10134
  1452 10134
  1453 10134
  1454 10134
  1455 10134
  1456 10134
  1457 10134
  1458 10134
  1459 10134
  1460 10134
  1461 10134
  1462 10134
  1463 10134
  1464 10134
  1465 10134
  1466 10134
  1467 10134
  1468 10134
  1469 10134
  1470 10134
  1471 10134
  1472 10134
  1473 10134
  1474 10134
  1475 10134
  1476 10134
  1477 10134
  1478 10134
  1479 10134
  1480 10134
  1481 10134
  1482 10134
  1483 10134
  1484 10134
  1485 10134
  1486 10134
  1487 10134
  1488 10134
  1489 10134
  1490 10134
  1491 10134
  1492 10134
  1493 10134
  1494 10134
  1495 10134
  1496 10134
  1497 10134
  1498 10134
  1499 10134
  1500 10134
  1501 10101
  1502 10138
  1503 10138
  1620 10101
  1621 10101
  1623 10101
  1626 10088
  1632 10118
  1635 10118
  1636 10118
  1637 10118
  1638 10118
  1639 10118
  1640 10118
  1641 10118
  1642 10118
  1643 10118
  1644 10118
  1645 10118
  1646 10118
  1647 10118
  1648 10118
  1649 10118
  1650 10118
  1651 10118
  1652 10118
  1653 10118
  1654 10118
  1655 10118
  1656 10118
  1657 10118
  1658 10118
  1659 10118
  1660 10118
  1661 10118
  1662 10118
  1663 10118
  1664 10118
  1665 10118
  1666 10118
  1667 10118
  1668 10118
  1669 10118
  1670 10118
  1671 10118
  1672 10118
  1673 10118
  1674 10118
  1675 10118
  1676 10118
  1677 10118
  1678 10118
  1679 10118
  1680 10118
  1681 10118
  1682 10118
  1683 10118
  1684 10118
  1685 10118
  1686 10118
  1687 10118
  1688 10118
  1689 10118
  1690 10118
  1691 10118
  1692 10118
  1693 10118
  1694 10118
  1695 10118
  1696 10118
  1697 10118
  1698 10118
  1699 10118
  1700 10118
  1701 10118
  1702 10118
  1703 10118
  1704 10118
  1705 10118
  1706 10118
  1707 10118
  1708 10118
  1709 10118
  1710 10118
  1711 10118
  1712 10118
  1713 10118
  1714 10118
  1715 10118
  1716 10118
  1717 10118
  1718 10118
  1719 10118
  1720 10118
  1721 10118
  1722 10118
  1723 10118
  1724 10118
  1725 10118
  1726 10118
  1727 10118
  1728 10118
  1729 10118
  1730 10118
  1731 10118
  1732 10118
  1733 10118
  1734 10118
  1735 10118
  1736 10118
  1737 10118
  1738 10118
  1739 10118
  1740 10118
  1741 10118
  1742 10118
  1743 10118
  1744 10118
  1745 10118
  1746 10118
  1747 10118
  1751 10118
  1752 10118
  1753 10118
  1754 10118
  1755 10118
  1756 10118
  1757 10118
  1758 10118
  1759 10118
  1760 10118
  1761 10118
  1762 10118
  1763 10118
  1764 10118
  1765 10118
  1766 10118
  1767 10118
  1768 10118
  1769 10118
  1770 10118
  1771 10118
  1772 10118
  1773 10118
  1774 10118
  1775 10118
  1776 10118
  1777 10118
  1778 10118
  1779 10118
  1780 10118
  1781 10118
  1782 10118
  1783 10118
  1784 10118
  1785 10118
  1786 10118
  1787 10118
  1788 10118
  1789 10118
  1790 10118
  1791 10118
  1792 10118
  1793 10118
  1794 10118
  1795 10118
  1796 10118
  1797 10118
  1798 10118
  1799 10118
  1800 10118
  1801 10118
  1802 10118
  1803 10118
  1804 10118
  1805 10118
  1806 10118
  1807 10118
  1808 10118
  1810 10118
  1811 10118
  1812 10118
  1813 10118
  1814 10118
  1815 10118
  1816 10118
  1817 10118
  1818 10118
  1821 10118
  1822 10118
  1823 10118
  1824 10118
  1831 10118
  1832 10118
  1833 10118
  1834 10118
  1835 10118
  1836 10118
  1837 10118
  1838 10118
  1839 10118
  1840 10118
  1841 10118
  1842 10118
  1843 10118
  1844 10118
  1845 10118
  1849 10118
  1850 10118
  1851 10118
  1852 10118
  1853 10118
  1854 10118
  1855 10118
  1856 10118
  1857 10118
  1858 10118
  1859 10118
  1860 10118
  1861 10118
  1862 10118
  1863 10118
  1867 10007
  1870 10033
  1871 10033
  1872 10033
  1873 10033
  1874 10033
  1875 10033
  1876 10033
  1877 10033
  1878 10033
  1879 10033
  1880 10033
  1881 10033
  1882 10033
  1883 10033
  1884 10033
  1885 10033
  1886 10033
  1887 10033
  1888 10033
  1889 10033
  1890 10033
  1891 10033
  1892 10033
  1893 10033
  1894 10033
  1895 10033
  1896 10033
  1897 10033
  1898 10033
  1899 10033
  1900 10033
  1901 10033
  1902 10033
  1903 10033
  1904 10033
  1905 10033
  1906 10033
  1907 10033
  1908 10033
  1909 10033
  1910 10033
  1911 10033
  1912 10033
  1913 10033
  1914 10033
  1915 10033
  1916 10033
  1917 10033
  1918 10033
  1919 10033
  1920 10033
  1921 10033
  1922 10033
  1923 10033
  1924 10033
  1925 10033
  1926 10033
  1927 10033
  1928 10033
  1929 10033
  1930 10033
  1931 10033
  1932 10033
  1933 10033
  1934 10033
  1935 10033
  1936 10033
  1937 10033
  1938 10033
  1939 10033
  1940 10033
  1941 10033
  1942 10033
  1943 10033
  1944 10033
  1945 10033
  1946 10033
  1947 10033
  1948 10033
  1949 10033
  1950 10033
  1951 10033
  1952 10033
  1953 10033
  1954 10033
  1955 10033
  1956 10033
  1957 10033
  1958 10033
  1959 10033
  1960 10033
  1961 10033
  1962 10033
  1963 10033
  1964 10033
  1965 10033
  1966 10033
  1967 10033
  1968 10033
  1969 10033
  1970 10033
  1971 10033
  1972 10033
  1973 10033
  1974 10033
  1975 10033
  1976 10033
  1977 10033
  1978 10033
  1979 10033
  1980 10033
  1981 10033
  1982 10033
  1983 10033
  1984 10033
  1985 10033
  1986 10033
  1987 10033
  1988 10033
  1989 10033
  1990 10033
  1991 10033
  1992 10033
  1993 10033
  1994 10033
  1995 10033
  1996 10033
  1997 10033
  1998 10033
  1999 10033
  2000 10033
  2001 10033
  2002 10033
  2003 10033
  2004 10033
  2005 10033
  2006 10033
  2007 10033
  2008 10033
  2009 10033
  2010 10033
  2011 10033
  2012 10033
  2013 10033
  2014 10033
  2015 10033
  2016 10033
  2017 10033
  2018 10033
  2019 10033
  2020 10033
