   688 10169
   689 10169
   690 10169
   691 10169
   692 10169
   693 10169
   694 10169
   695 10169
   696 10169
   697 10169
   698 10169
   699 10169
   700 10169
   701 10169
   702 10169
   703 10169
   704 10169
   705 10169
   706 10169
   707 10169
   708 10169
   709 10169
   710 10169
   711 10169
   712 10169
   713 10169
   714 10169
   715 10169
   716 10169
   717 10169
   718 10169
   719 10169
   720 10169
   721 10169
   722 10169
   723 10169
   724 10169
   725 10169
   726 10169
   727 10169
   728 10169
   729 10169
   730 10169
   731 10169
   732 10169
   733 10169
   734 10169
   735 10169
   736 10169
   737 10169
   738 10169
   739 10169
   740 10169
   741 10169
   742 10169
   743 10169
   744 10169
   745 10169
   746 10169
   747 10169
   748 10169
   749 10169
   750 10169
   751 10169
   752 10169
   753 10169
   754 10169
   755 10169
   756 10169
   757 10169
   758 10169
   759 10169
   760 10169
   761 10169
   762 10169
   763 10169
   764 10169
   765 10169
   766 10169
   767 10169
   768 10169
   769 10169
   770 10169
   771 10169
   772 10169
   773 10169
   774 10169
   775 10169
   776 10169
   777 10169
   778 10169
   779 10169
   780 10169
   782 10025
   783 10044
   784 10044
   785 10044
   786 10044
   787 10044
   788 10044
   789 10044
   790 10044
   791 10044
   792 10044
   793 10044
   794 10044
   795 10044
   796 10044
   797 10044
   798 10044
   799 10044
   800 10044
   801 10044
   802 10044
   803 10044
   804 10044
   805 10044
   806 10044
   807 10044
   808 10044
   809 10044
   810 10044
   811 10044
   812 10044
   813 10044
   814 10044
   815 10044
   816 10044
   817 10044
   818 10044
   819 10044
   820 10044
   821 10044
   822 10044
   823 10044
   824 10044
   825 10044
   826 10044
   827 10044
   828 10044
   829 10044
   830 10044
   831 10044
   832 10044
   833 10044
   834 10044
   835 10044
   836 10044
   837 10044
   838 10044
   839 10044
   840 10044
   841 10044
   842 10044
   843 10044
   844 10044
   845 10044
   846 10044
   847 10044
   848 10044
   849 10044
   850 10044
   851 10044
   852 10044
   853 10044
   854 10044
   855 10044
   856 10044
   857 10044
   858 10044
   859 10044
   860 10044
   861 10044
   862 10044
   863 10044
   864 10044
   865 10044
   866 10044
   867 10044
   868 10044
   869 10044
   870 10044
   871 10044
   872 10044
   873 10044
   874 10044
   875 10044
   876 10044
   877 10044
   878 10044
   879 10044
   880 10044
   881 10044
   882 10044
   883 10044
   884 10044
   885 10044
   886 10044
   887 10044
   888 10044
   889 10044
   890 10044
   891 10044
   892 10044
   893 10044
   894 10044
   895 10044
   896 10044
   897 10044
   898 10044
   899 10044
   900 10044
   901 10044
   902 10044
   903 10044
   904 10044
   905 10044
   906 10044
   907 10044
   908 10044
   909 10044
   910 10044
   911 10044
   912 10044
   913 10044
   914 10044
   915 10044
   916 10044
   917 10044
   918 10044
   919 10044
   920 10044
   921 10044
   922 10044
   923 10044
   924 10044
   925 10044
   926 10044
   927 10044
   928 10044
   929 10044
   930 10044
   931 10044
   932 10044
   933 10044
   934 10044
   935 10044
   936 10044
   937 10044
   938 10044
   939 10044
   940 10044
   941 10044
   942 10044
   943 10044
   944 10044
   945 10044
   946 10044
   947 10044
   948 10044
   949 10044
   950 10044
   951 10044
   952 10044
   953 10044
   954 10044
   955 10044
   956 10044
   957 10044
   958 10044
   959 10044
   960 10044
   961 10044
   962 10044
   963 10044
   964 10044
   965 10044
   966 10044
   967 10044
   968 10044
   969 10044
   970 10044
   971 10044
   972 10044
   973 10044
   974 10044
   975 10044
   976 10044
   977 10044
   978 10044
   979 10044
   980 10044
   981 10044
   982 10044
   983 10044
   984 10044
   985 10044
   986 10044
   987 10044
   988 10044
   989 10044
   990 10044
   991 10044
   992 10044
   993 10044
   994 10044
   995 10044
   996 10044
   997 10044
   998 10044
   999 10044
  1000 10044
  1001 10044
  1002 10044
  1003 10044
  1004 10044
  1005 10044
  1006 10044
  1007 10044
  1008 10044
  1009 10044
  1010 10044
  1011 10044
  1012 10044
  1013 10044
  1014 10044
  1015 10044
  1016 10044
  1017 10044
  1018 10044
  1019 10044
  1020 10044
  1024 10156
  1025 10068
  1026 10068
  1027 10068
  1028 10068
  1029 10068
  1030 10068
  1031 10068
  1032 10068
  1033 10068
  1034 10068
  1035 10068
  1036 10068
  1037 10068
  1038 10068
  1039 10068
  1040 10068
  1041 10068
  1042 10068
  1043 10068
  1044 10068
  1045 10068
  1046 10068
  1047 10068
  1048 10068
  1049 10068
  1050 10068
  1051 10068
  1052 10068
  1053 10068
  1054 10068
  1055 10068
  1056 10068
  1057 10068
  1058 10068
  1059 10068
  1060 10068
  1061 10068
  1062 10068
  1063 10068
  1064 10068
  1065 10068
  1066 10068
  1067 10068
  1068 10068
  1069 10068
  1070 10068
  1071 10068
  1072 10068
  1073 10068
  1074 10068
  1075 10068
  1076 10068
  1077 10068
  1078 10068
  1079 10068
  1080 10068
  1081 10068
  1082 10068
  1083 10068
  1084 10068
  1085 10068
  1086 10068
  1087 10068
  1088 10068
  1089 10068
  1090 10068
  1091 10068
  1092 10068
  1093 10068
  1094 10068
  1095 10068
  1096 10068
  1097 10068
  1098 10068
  1099 10068
  1100 10068
  1101 10068
  1102 10068
  1103 10068
  1104 10068
  1105 10068
  1106 10068
  1107 10068
  1108 10068
  1109 10068
  1110 10068
  1111 10068
  1112 10068
  1113 10068
  1114 10068
  1115 10068
  1116 10068
  1117 10068
  1118 10068
  1119 10068
  1120 10068
  1121 10068
  1122 10068
  1123 10068
  1124 10068
  1125 10068
  1126 10068
  1127 10068
  1128 10068
  1129 10068
  1130 10068
  1131 10068
  1132 10068
  1133 10068
  1134 10068
  1135 10068
  1136 10068
  1137 10068
  1138 10068
  1139 10068
  1140 10068
  1141 10068
  1142 10068
  1143 10068
  1144 10068
  1145 10068
  1146 10068
  1147 10068
  1148 10068
  1149 10068
  1150 10068
  1151 10068
  1152 10068
  1153 10068
  1154 10068
  1155 10068
  1156 10068
  1157 10068
  1158 10068
  1159 10068
  1160 10068
  1161 10068
  1162 10068
  1163 10068
  1164 10068
  1165 10068
  1166 10068
  1167 10068
  1168 10068
  1169 10068
  1170 10068
  1171 10068
  1172 10068
  1173 10068
  1174 10068
  1175 10068
  1176 10068
  1177 10068
  1178 10068
  1179 10068
  1180 10068
  1181 10068
  1182 10068
  1183 10068
  1184 10068
  1185 10068
  1186 10068
  1187 10068
  1188 10068
  1189 10068
  1190 10068
  1191 10068
  1192 10068
  1193 10068
  1194 10068
  1195 10068
  1196 10068
  1197 10068
  1198 10068
  1199 10068
  1200 10068
  1201 10068
  1202 10068
  1203 10068
  1204 10068
  1205 10068
  1206 10068
  1207 10068
  1208 10068
  1209 10068
  1210 10068
  1211 10068
  1212 10068
  1213 10068
  1214 10068
  1215 10068
  1216 10068
  1217 10068
  1218 10068
  1219 10068
  1220 10068
  1221 10068
  1222 10068
  1223 10068
  1224 10068
  1225 10068
  1226 10068
  1227 10068
  1228 10068
  1229 10068
  1230 10068
  1231 10068
  1232 10068
  1233 10068
  1234 10068
  1235 10068
  1236 10068
  1237 10068
  1238 10068
  1239 10068
  1240 10068
  1241 10068
  1242 10068
  1243 10068
  1244 10068
  1245 10068
  1246 10068
  1247 10068
  1248 10068
  1249 10068
  1250 10068
  1251 10068
  1252 10068
  1253 10068
  1254 10068
  1255 10068
  1256 10068
  1257 10068
  1258 10068
  1259 10141
  1260 10141
  1261 10141
  1262 10141
  1263 10141
  1264 10101
  1265 10141
  1266 10009
  1267 10009
  1268 10009
  1269 10009
  1270 10009
  1271 10009
  1272 10009
  1273 10009
  1274 10009
  1275 10009
  1276 10009
  1277 10009
  1278 10009
  1279 10009
  1280 10009
  1281 10009
  1282 10009
  1283 10009
  1284 10009
  1285 10009
  1286 10009
  1287 10009
  1288 10009
  1289 10009
  1290 10009
  1291 10009
  1292 10009
  1293 10009
  1294 10009
  1295 10009
  1296 10009
  1297 10009
  1298 10009
  1299 10009
  1300 10009
  1301 10009
  1302 10009
  1303 10009
  1304 10009
  1305 10009
  1306 10009
  1307 10009
  1308 10009
  1309 10009
  1310 10009
  1311 10009
  1312 10009
  1313 10009
  1314 10009
  1315 10009
  1316 10009
  1317 10009
  1318 10009
  1319 10009
  1320 10009
  1321 10009
  1322 10009
  1323 10009
  1324 10009
  1325 10009
  1326 10009
  1327 10009
  1328 10009
  1329 10009
  1330 10009
  1331 10009
  1332 10009
  1333 10009
  1334 10009
  1335 10009
  1336 10009
  1337 10009
  1338 10009
  1339 10009
  1340 10009
  1341 10009
  1342 10009
  1343 10009
  1344 10009
  1345 10009
  1346 10009
  1347 10009
  1348 10009
  1349 10009
  1350 10009
  1351 10009
  1352 10009
  1353 10009
  1354 10009
  1355 10009
  1356 10009
  1357 10009
  1358 10009
  1359 10009
  1360 10009
  1361 10009
  1362 10009
  1363 10009
  1364 10009
  1365 10009
  1366 10009
  1367 10009
  1368 10009
  1369 10009
  1370 10009
  1371 10009
  1372 10009
  1373 10009
  1374 10009
  1375 10009
  1376 10009
  1377 10009
  1378 10009
  1379 10009
  1380 10009
  1381 10009
  1382 10009
  1383 10009
  1384 10009
  1385 10009
  1386 10009
  1387 10009
  1388 10009
  1389 10009
  1390 10009
  1391 10009
  1392 10009
  1393 10009
  1394 10009
  1395 10009
  1396 10009
  1397 10009
  1398 10009
  1399 10009
  1400 10009
  1401 10009
  1402 10009
  1403 10009
  1404 10009
  1405 10009
  1406 10009
  1407 10009
  1408 10009
  1409 10009
  1410 10009
  1411 10009
  1412 10009
  1413 10009
  1414 10009
  1415 10009
  1416 10009
  1417 10009
  1418 10009
  1419 10009
  1420 10009
  1421 10009
  1422 10009
  1423 10009
  1424 10009
  1425 10009
  1426 10009
  1427 10009
  1428 10009
  1429 10009
  1430 10009
  1431 10009
  1432 10009
  1433 10009
  1434 10009
  1435 10009
  1436 10009
  1437 10009
  1438 10009
  1439 10009
  1440 10009
  1441 10009
  1442 10009
  1443 10009
  1444 10009
  1445 10009
  1446 10009
  1447 10009
  1448 10009
  1449 10009
  1450 10009
  1451 10009
  1452 10009
  1453 10009
  1454 10009
  1455 10009
  1456 10009
  1457 10009
  1458 10009
  1459 10009
  1460 10009
  1461 10009
  1462 10009
  1463 10009
  1464 10009
  1465 10009
  1466 10009
  1467 10009
  1468 10009
  1469 10009
  1470 10009
  1471 10009
  1472 10009
  1473 10009
  1474 10009
  1475 10009
  1476 10009
  1477 10009
  1478 10009
  1479 10009
  1480 10009
  1481 10009
  1482 10009
  1483 10009
  1484 10009
  1485 10009
  1486 10009
  1487 10009
  1488 10009
  1489 10009
  1490 10009
  1491 10009
  1492 10009
  1493 10009
  1494 10009
  1495 10009
  1496 10009
  1497 10009
  1498 10009
  1499 10009
  1500 10009
  1501 10151
  1502 10151
  1503 10151
  1504 10151
  1505 10151
  1506 10151
  1507 10151
  1508 10151
  1509 10151
  1510 10151
  1511 10151
  1512 10151
  1513 10151
  1514 10151
  1515 10151
  1516 10151
  1517 10151
  1518 10151
  1519 10151
  1520 10151
  1521 10151
  1522 10151
  1523 10151
  1524 10151
  1525 10151
  1526 10151
  1527 10151
  1528 10151
  1529 10151
  1530 10151
  1531 10151
  1532 10151
  1533 10151
  1534 10151
  1535 10151
  1536 10151
  1537 10151
  1538 10151
  1539 10151
  1540 10151
  1541 10151
  1542 10151
  1543 10151
  1544 10151
  1545 10151
  1546 10151
  1547 10151
  1548 10151
  1549 10151
  1550 10151
  1551 10151
  1552 10151
  1553 10151
  1554 10151
  1555 10151
  1556 10151
  1557 10151
  1558 10151
  1559 10151
  1560 10151
  1561 10151
  1562 10151
  1563 10151
  1564 10151
  1565 10151
  1566 10151
  1567 10151
  1568 10151
  1569 10151
  1570 10151
  1571 10151
  1572 10151
  1573 10151
  1574 10151
  1575 10151
  1576 10151
  1577 10151
  1578 10151
  1579 10151
  1580 10151
  1581 10151
  1582 10151
  1583 10151
  1584 10151
  1585 10151
  1586 10151
  1587 10151
  1588 10151
  1589 10151
  1590 10151
  1591 10151
  1592 10151
  1593 10151
  1594 10151
  1595 10151
  1596 10151
  1597 10151
  1598 10151
  1599 10151
  1600 10151
  1601 10151
  1602 10151
  1603 10151
  1604 10151
  1605 10151
  1606 10151
  1607 10151
  1608 10151
  1609 10151
  1610 10151
  1611 10151
  1612 10151
  1613 10151
  1614 10151
  1615 10151
  1616 10151
  1617 10151
  1618 10151
  1619 10151
  1620 10151
  1621 10151
  1622 10041
  1623 10041
  1624 10041
  1625 10041
  1626 10041
  1627 10041
  1628 10041
  1629 10041
  1630 10041
  1631 10041
  1632 10041
  1633 10041
  1634 10041
  1635 10041
  1636 10041
  1637 10041
  1638 10041
  1639 10041
  1640 10041
  1641 10041
  1642 10041
  1643 10041
  1644 10041
  1645 10041
  1646 10041
  1647 10041
  1648 10041
  1649 10041
  1650 10041
  1651 10041
  1652 10041
  1653 10041
  1654 10041
  1655 10041
  1656 10041
  1657 10041
  1658 10041
  1659 10041
  1660 10041
  1661 10041
  1662 10041
  1663 10041
  1664 10041
  1665 10041
  1666 10041
  1667 10041
  1668 10041
  1669 10041
  1670 10041
  1671 10041
  1672 10041
  1673 10041
  1674 10041
  1675 10041
  1676 10041
  1677 10041
  1678 10041
  1679 10041
  1680 10041
  1681 10041
  1682 10041
  1683 10041
  1684 10041
  1685 10041
  1686 10041
  1687 10041
  1688 10041
  1689 10041
  1690 10041
  1691 10041
  1692 10041
  1693 10041
  1694 10041
  1695 10041
  1696 10041
  1697 10041
  1698 10041
  1699 10041
  1700 10041
  1701 10041
  1702 10041
  1703 10041
  1704 10041
  1705 10041
  1706 10041
  1707 10041
  1708 10041
  1709 10041
  1710 10041
  1711 10041
  1712 10041
  1713 10041
  1714 10041
  1715 10041
  1716 10041
  1717 10041
  1718 10041
  1719 10041
  1720 10041
  1721 10041
  1722 10041
  1723 10041
  1724 10041
  1725 10041
  1726 10041
  1727 10041
  1728 10041
  1729 10041
  1730 10041
  1731 10041
  1732 10041
  1733 10041
  1734 10041
  1735 10041
  1736 10041
  1737 10041
  1738 10041
  1739 10041
  1740 10041
  1741 10041
  1742 10041
  1743 10041
  1744 10041
  1745 10041
  1746 10041
  1747 10041
  1748 10041
  1749 10041
  1750 10041
  1751 10041
  1752 10041
  1753 10041
  1754 10041
  1755 10041
  1756 10041
  1757 10041
  1758 10041
  1759 10041
  1760 10041
  1761 10041
  1762 10041
  1763 10041
  1764 10041
  1765 10041
  1766 10041
  1767 10041
  1768 10041
  1769 10041
  1770 10041
  1771 10041
  1772 10041
  1773 10041
  1774 10041
  1775 10041
  1776 10041
  1777 10041
  1778 10041
  1779 10041
  1780 10041
  1781 10041
  1782 10041
  1783 10041
  1784 10041
  1785 10041
  1786 10041
  1787 10041
  1788 10041
  1789 10041
  1790 10041
  1791 10041
  1792 10041
  1793 10041
  1794 10041
  1795 10041
  1796 10041
  1797 10041
  1798 10041
  1799 10041
  1800 10041
  1801 10041
  1802 10041
  1803 10041
  1804 10041
  1805 10041
  1806 10041
  1807 10041
  1808 10041
  1809 10041
  1810 10041
  1811 10041
  1812 10041
  1813 10041
  1814 10041
  1815 10041
  1816 10041
  1817 10041
  1818 10041
  1819 10041
  1820 10041
  1821 10041
  1822 10041
  1823 10041
  1824 10041
  1825 10041
  1826 10041
  1827 10041
  1828 10041
  1829 10041
  1830 10041
  1831 10041
  1832 10041
  1833 10041
  1834 10041
  1835 10041
  1836 10041
  1837 10041
  1838 10041
  1839 10041
  1840 10041
  1841 10041
  1842 10041
  1843 10041
  1844 10041
  1845 10041
  1846 10041
  1847 10041
  1848 10041
  1849 10041
  1850 10041
  1851 10041
  1852 10041
  1853 10041
  1854 10041
  1855 10041
  1856 10041
  1857 10041
  1858 10041
  1865 10153
  1866 10153
  1867 10153
  1868 10153
  1869 10153
  2021 10153
  2022 10153
  2023 10153
  2024 10153
  2025 10154
  2026 10016
  2027 10016
  2028 10036
  2029 10154
  2030 10036
  2034 10169
  2035 10169
  2036 10169
  2037 10169
