   615 10021
   616 10021
   617 10021
   618 10021
   619 10021
   620 10021
   621 10021
   622 10021
   623 10021
   624 10021
   625 10021
   626 10021
   627 10021
   628 10021
   629 10021
   630 10021
   631 10021
   632 10021
   633 10021
   634 10082
   635 10082
   636 10045
   637 10045
   638 10045
   639 10045
   640 10045
   641 10045
   642 10045
   643 10045
   644 10045
   645 10045
   646 10045
   647 10021
   648 10021
   649 10021
   650 10021
   651 10082
   652 10082
   653 10082
   654 10082
   655 10082
   656 10082
   657 10082
   658 10082
   659 10082
   660 10082
   661 10082
   662 10082
   663 10045
   664 10045
   665 10021
   666 10021
   667 10021
   668 10045
   669 10045
   670 10045
   671 10045
   672 10045
   673 10045
   674 10082
   675 10082
   676 10082
   677 10082
   678 10082
   679 10082
   680 10082
   681 10082
   682 10082
   683 10082
   684 10021
   685 10021
   686 10021
   687 10021
   688 10045
   689 10045
   690 10021
   691 10021
   692 10021
   693 10021
   694 10021
   695 10021
   696 10021
   697 10021
   698 10021
   699 10021
   700 10021
   701 10021
   702 10021
   703 10021
   704 10021
   705 10021
   706 10021
   707 10021
   708 10021
   709 10021
   710 10021
   711 10021
   712 10021
   713 10021
   714 10021
   715 10021
   716 10021
   717 10021
   718 10021
   719 10021
   720 10021
   721 10021
   722 10021
   723 10021
   724 10021
   725 10021
   726 10021
   727 10021
   728 10021
   729 10021
   730 10021
   731 10021
   732 10021
   733 10021
   734 10021
   735 10021
   736 10021
   737 10021
   738 10021
   739 10021
   740 10021
   741 10021
   742 10021
   743 10021
   744 10021
   745 10021
   746 10021
   747 10021
   748 10021
   749 10021
   750 10021
   751 10021
   752 10021
   753 10021
   754 10021
   755 10021
   756 10021
   757 10021
   758 10021
   759 10021
   760 10021
   761 10021
   762 10021
   763 10021
   764 10021
   765 10021
   766 10021
   767 10021
   768 10021
   769 10021
   770 10021
   771 10021
   772 10021
   773 10021
   774 10021
   775 10021
   776 10021
   777 10021
   778 10021
   779 10021
   780 10021
   781 10041
   782 10041
   783 10041
   784 10049
   785 10049
   786 10020
   787 10072
   788 10020
   789 10072
   790 10066
   791 10072
   792 10082
   793 10082
   794 10082
   796 10045
   797 10045
   805 10045
   806 10045
   807 10045
   808 10021
   809 10021
   810 10021
   811 10021
   812 10021
   818 10066
   821 10020
   822 10021
   823 10045
   825 10045
   826 10045
   832 10045
   833 10045
   839 10045
   840 10045
   841 10045
   842 10045
   843 10045
   844 10045
   845 10045
   846 10045
   847 10045
   848 10045
   849 10045
   850 10045
   851 10045
   852 10045
   853 10045
   854 10045
   855 10045
   856 10045
   857 10045
   858 10045
   861 10045
   862 10021
   863 10021
   864 10021
   865 10021
   867 10021
   868 10045
   869 10045
   870 10021
   871 10021
   872 10021
   873 10021
   874 10021
   875 10021
   876 10021
   877 10021
   878 10021
   888 10045
   889 10045
   890 10045
   891 10045
   892 10045
   893 10021
   897 10021
   898 10021
   899 10021
   900 10021
   901 10021
   902 10021
   903 10021
   906 10021
   907 10021
   908 10021
   909 10021
   910 10021
   911 10021
   912 10021
   913 10021
   917 10021
   918 10021
   919 10021
   920 10045
   921 10045
   922 10045
   923 10045
   924 10045
   931 10045
   932 10045
   933 10045
   937 10165
   957 10147
   965 10045
  1014 10021
  1021 10082
  1022 10021
  1023 10021
  1024 10021
  1025 10021
  1026 10021
  1027 10021
  1028 10021
  1029 10021
  1030 10021
  1031 10021
  1032 10021
  1033 10021
  1034 10021
  1035 10021
  1036 10021
  1037 10021
  1038 10021
  1039 10021
  1040 10021
  1041 10021
  1042 10021
  1043 10021
  1044 10021
  1045 10021
  1046 10021
  1047 10021
  1048 10021
  1049 10021
  1050 10021
  1051 10021
  1052 10021
  1053 10021
  1054 10021
  1055 10021
  1056 10021
  1057 10021
  1058 10021
  1059 10021
  1060 10021
  1061 10021
  1062 10021
  1063 10021
  1064 10021
  1065 10021
  1066 10021
  1067 10021
  1068 10021
  1069 10021
  1070 10021
  1071 10021
  1072 10021
  1073 10021
  1074 10021
  1075 10021
  1076 10021
  1077 10021
  1078 10021
  1079 10021
  1080 10021
  1081 10021
  1082 10021
  1083 10021
  1084 10021
  1085 10021
  1086 10021
  1087 10021
  1088 10021
  1089 10021
  1090 10021
  1091 10021
  1092 10021
  1093 10021
  1094 10021
  1095 10021
  1096 10021
  1097 10021
  1098 10021
  1099 10021
  1100 10021
  1101 10021
  1102 10021
  1103 10021
  1104 10021
  1105 10021
  1106 10021
  1107 10021
  1108 10021
  1109 10021
  1110 10021
  1111 10021
  1112 10021
  1113 10021
  1114 10021
  1115 10021
  1116 10021
  1117 10021
  1118 10021
  1119 10021
  1120 10021
  1121 10021
  1122 10021
  1123 10021
  1124 10021
  1125 10021
  1126 10021
  1127 10021
  1128 10021
  1129 10021
  1130 10021
  1131 10021
  1132 10021
  1133 10021
  1134 10021
  1135 10021
  1136 10021
  1137 10021
  1138 10021
  1139 10021
  1140 10021
  1141 10021
  1142 10021
  1143 10021
  1144 10021
  1145 10021
  1146 10021
  1147 10021
  1148 10021
  1149 10021
  1150 10021
  1151 10021
  1152 10021
  1153 10021
  1154 10021
  1155 10021
  1156 10021
  1157 10021
  1158 10021
  1159 10021
  1160 10021
  1161 10021
  1162 10021
  1163 10021
  1164 10021
  1165 10021
  1166 10021
  1167 10021
  1168 10021
  1169 10021
  1170 10021
  1171 10021
  1172 10021
  1173 10021
  1174 10021
  1175 10021
  1176 10021
  1177 10021
  1178 10021
  1179 10021
  1180 10021
  1181 10021
  1182 10021
  1183 10021
  1184 10021
  1185 10021
  1186 10021
  1187 10021
  1188 10021
  1189 10021
  1190 10021
  1191 10021
  1192 10021
  1193 10021
  1194 10021
  1195 10021
  1196 10021
  1197 10021
  1198 10021
  1199 10021
  1200 10021
  1201 10021
  1202 10021
  1203 10021
  1204 10021
  1205 10021
  1206 10021
  1207 10021
  1208 10021
  1209 10021
  1210 10021
  1211 10021
  1212 10021
  1213 10021
  1214 10021
  1215 10021
  1216 10021
  1217 10021
  1218 10021
  1219 10021
  1220 10021
  1221 10021
  1222 10021
  1223 10021
  1224 10021
  1225 10021
  1226 10021
  1227 10021
  1228 10021
  1229 10021
  1230 10021
  1231 10021
  1232 10021
  1233 10021
  1234 10021
  1235 10021
  1236 10021
  1237 10021
  1238 10021
  1239 10021
  1240 10021
  1241 10021
  1242 10021
  1243 10021
  1244 10021
  1245 10021
  1246 10021
  1247 10021
  1248 10021
  1249 10021
  1250 10021
  1251 10021
  1252 10021
  1253 10021
  1254 10021
  1255 10021
  1256 10021
  1257 10021
  1258 10028
  1259 10082
  1260 10021
  1261 10082
  1262 10082
  1263 10021
  1264 10021
  1265 10018
  1266 10018
  1267 10045
  1268 10021
  1269 10040
  1270 10125
  1271 10158
  1272 10158
  1273 10158
  1274 10098
  1275 10098
  1276 10106
  1277 10106
  1278 10106
  1279 10106
  1280 10106
  1281 10077
  1282 10077
  1287 10106
  1288 10106
  1289 10106
  1295 10106
  1296 10106
  1297 10106
  1298 10106
  1299 10106
  1300 10106
  1301 10106
  1302 10106
  1303 10106
  1304 10106
  1313 10004
  1314 10004
  1315 10106
  1316 10018
  1317 10018
  1318 10106
  1319 10106
  1320 10106
  1321 10106
  1322 10106
  1323 10106
  1324 10106
  1326 10098
  1327 10098
  1328 10098
  1331 10045
  1332 10045
  1333 10045
  1334 10045
  1335 10045
  1336 10045
  1352 10055
  1353 10055
  1354 10055
  1355 10055
  1356 10055
  1357 10084
  1358 10098
  1359 10098
  1360 10106
  1361 10106
  1362 10106
  1363 10106
  1364 10106
  1365 10106
  1366 10106
  1367 10106
  1368 10106
  1369 10106
  1370 10106
  1371 10106
  1372 10106
  1373 10106
  1374 10106
  1375 10106
  1376 10106
  1377 10106
  1378 10106
  1379 10106
  1380 10106
  1381 10106
  1382 10106
  1383 10106
  1384 10106
  1385 10106
  1386 10106
  1387 10106
  1388 10106
  1389 10106
  1390 10106
  1391 10106
  1392 10106
  1393 10106
  1394 10106
  1395 10106
  1396 10106
  1397 10106
  1398 10106
  1399 10106
  1400 10106
  1401 10106
  1402 10106
  1403 10106
  1404 10106
  1405 10106
  1406 10106
  1407 10106
  1408 10106
  1409 10106
  1410 10106
  1412 10088
  1413 10088
  1414 10088
  1415 10088
  1435 10129
  1436 10129
  1437 10129
  1450 10045
  1451 10045
  1452 10045
  1453 10021
  1454 10021
  1455 10021
  1456 10021
  1457 10045
  1458 10045
  1459 10021
  1460 10021
  1461 10021
  1462 10021
  1463 10021
  1464 10021
  1465 10021
  1473 10021
  1474 10021
  1475 10021
  1476 10021
  1477 10021
  1478 10021
  1479 10158
  1480 10021
  1481 10021
  1485 10021
  1486 10021
  1487 10021
  1488 10021
  1489 10021
  1490 10021
  1491 10021
  1497 10021
  1498 10021
  1499 10021
  1500 10021
  1503 10045
  1504 10045
  1505 10045
  1506 10045
  1507 10045
  1508 10021
  1509 10021
  1510 10021
  1511 10021
  1518 10045
  1526 10045
  1527 10045
  1528 10045
  1529 10045
  1530 10045
  1531 10045
  1532 10045
  1533 10045
  1534 10045
  1535 10045
  1536 10045
  1537 10045
  1538 10045
  1539 10045
  1540 10045
  1541 10045
  1542 10045
  1543 10045
  1545 10045
  1546 10021
  1547 10021
  1548 10021
  1549 10021
  1550 10021
  1551 10021
  1552 10016
  1553 10016
  1554 10016
  1555 10075
  1556 10016
  1557 10021
  1559 10173
  1560 10055
  1561 10055
  1563 10055
  1564 10055
  1570 10055
  1571 10055
  1572 10055
  1573 10055
  1574 10143
  1575 10143
  1576 10143
  1577 10143
  1578 10143
  1579 10055
  1580 10055
  1581 10055
  1582 10143
  1583 10143
  1584 10143
  1585 10016
  1586 10143
  1587 10016
  1589 10016
  1590 10016
  1595 10101
  1596 10143
  1600 10016
  1602 10016
  1603 10016
  1604 10016
  1605 10016
  1606 10016
  1609 10016
  1611 10016
  1617 10061
  1619 10061
  1620 10021
  1621 10021
  1622 10082
  1623 10082
  1624 10082
  1625 10045
  1626 10045
  1627 10021
  1628 10021
  1629 10021
  1630 10021
  1631 10021
  1632 10021
  1633 10021
  1634 10021
  1635 10021
  1636 10021
  1637 10021
  1638 10021
  1639 10021
  1640 10021
  1641 10021
  1642 10021
  1643 10021
  1644 10021
  1645 10021
  1646 10021
  1647 10021
  1648 10021
  1649 10021
  1650 10021
  1651 10021
  1652 10021
  1653 10021
  1654 10021
  1655 10021
  1656 10021
  1657 10021
  1658 10021
  1659 10021
  1660 10021
  1661 10021
  1662 10021
  1663 10021
  1664 10021
  1665 10021
  1666 10021
  1667 10021
  1668 10021
  1669 10021
  1670 10021
  1671 10021
  1672 10021
  1673 10021
  1674 10021
  1675 10021
  1676 10021
  1677 10021
  1678 10021
  1679 10021
  1680 10021
  1681 10021
  1682 10021
  1683 10021
  1684 10021
  1685 10021
  1686 10021
  1687 10021
  1688 10021
  1689 10021
  1690 10021
  1691 10021
  1692 10021
  1693 10021
  1694 10021
  1695 10021
  1696 10021
  1697 10021
  1698 10021
  1699 10021
  1700 10021
  1701 10021
  1702 10021
  1703 10021
  1704 10021
  1705 10021
  1706 10021
  1707 10021
  1708 10021
  1709 10021
  1710 10021
  1711 10021
  1712 10021
  1713 10021
  1714 10021
  1715 10021
  1716 10021
  1717 10021
  1718 10021
  1719 10021
  1720 10021
  1721 10021
  1722 10021
  1723 10021
  1724 10021
  1725 10021
  1726 10021
  1727 10021
  1728 10021
  1729 10021
  1730 10021
  1731 10021
  1732 10021
  1733 10021
  1734 10021
  1735 10021
  1736 10021
  1737 10021
  1738 10021
  1739 10021
  1740 10021
  1741 10021
  1742 10021
  1743 10021
  1744 10021
  1745 10021
  1746 10021
  1747 10021
  1748 10021
  1749 10021
  1750 10021
  1751 10021
  1752 10021
  1753 10021
  1754 10021
  1755 10021
  1756 10021
  1757 10021
  1758 10021
  1759 10021
  1760 10021
  1761 10021
  1762 10021
  1763 10021
  1764 10021
  1765 10021
  1766 10021
  1767 10021
  1768 10021
  1769 10021
  1770 10021
  1771 10021
  1772 10021
  1773 10021
  1774 10021
  1775 10021
  1776 10021
  1777 10021
  1778 10021
  1779 10021
  1780 10021
  1781 10021
  1782 10021
  1783 10021
  1784 10021
  1785 10021
  1786 10021
  1787 10021
  1788 10021
  1789 10021
  1790 10021
  1791 10021
  1792 10021
  1793 10021
  1794 10021
  1795 10021
  1796 10021
  1797 10021
  1798 10021
  1799 10021
  1800 10021
  1801 10021
  1802 10021
  1803 10021
  1804 10021
  1805 10021
  1806 10021
  1807 10021
  1808 10021
  1809 10021
  1810 10021
  1811 10021
  1812 10021
  1813 10021
  1814 10021
  1815 10021
  1816 10021
  1817 10021
  1818 10021
  1819 10021
  1820 10021
  1821 10021
  1822 10021
  1823 10021
  1824 10021
  1825 10021
  1826 10021
  1827 10021
  1828 10021
  1829 10021
  1830 10021
  1831 10021
  1832 10021
  1833 10021
  1834 10021
  1835 10021
  1836 10021
  1837 10021
  1838 10021
  1839 10021
  1840 10021
  1841 10021
  1842 10021
  1843 10021
  1844 10021
  1845 10021
  1846 10021
  1847 10021
  1848 10021
  1849 10021
  1850 10021
  1851 10021
  1852 10021
  1853 10021
  1854 10021
  1855 10021
  1856 10021
  1857 10072
  1858 10072
  1859 10066
  1860 10072
  1861 10045
  1862 10045
  1863 10021
  1864 10021
  1865 10021
  1866 10021
  1867 10021
  1868 10021
  1869 10045
  1870 10021
  1871 10021
  1872 10021
  1873 10021
  1874 10021
  1875 10021
  1876 10021
  1877 10021
  1878 10021
  1879 10021
  1880 10021
  1881 10021
  1882 10021
  1883 10021
  1884 10021
  1885 10021
  1886 10021
  1887 10021
  1888 10021
  1889 10021
  1890 10021
  1891 10021
  1892 10021
  1893 10021
  1894 10021
  1895 10021
  1896 10021
  1897 10021
  1898 10021
  1899 10021
  1900 10021
  1901 10021
  1902 10021
  1903 10021
  1904 10021
  1905 10021
  1906 10021
  1907 10021
  1908 10021
  1909 10021
  1910 10021
  1911 10021
  1912 10021
  1913 10021
  1914 10021
  1915 10021
  1916 10021
  1917 10021
  1918 10021
  1919 10021
  1920 10021
  1921 10021
  1922 10021
  1923 10021
  1924 10021
  1925 10021
  1926 10021
  1927 10021
  1928 10021
  1929 10021
  1930 10021
  1931 10021
  1932 10021
  1933 10021
  1934 10021
  1935 10021
  1936 10021
  1937 10021
  1938 10021
  1939 10021
  1940 10021
  1941 10021
  1942 10021
  1943 10021
  1944 10021
  1945 10021
  1946 10021
  1947 10021
  1948 10021
  1949 10021
  1950 10021
  1951 10021
  1952 10021
  1953 10021
  1954 10021
  1955 10021
  1956 10021
  1957 10021
  1958 10021
  1959 10021
  1960 10021
  1961 10021
  1962 10021
  1963 10021
  1964 10021
  1965 10021
  1966 10021
  1967 10021
  1968 10021
  1969 10021
  1970 10021
  1971 10021
  1972 10021
  1973 10021
  1974 10021
  1975 10021
  1976 10021
  1977 10021
  1978 10021
  1979 10021
  1980 10021
  1981 10021
  1982 10021
  1983 10021
  1984 10021
  1985 10021
  1986 10021
  1987 10021
  1988 10021
  1989 10021
  1990 10021
  1991 10021
  1992 10021
  1993 10021
  1994 10021
  1995 10021
  1996 10021
  1997 10021
  1998 10021
  1999 10021
  2000 10021
  2001 10021
  2002 10021
  2003 10021
  2004 10021
  2005 10021
  2006 10021
  2007 10021
  2008 10021
  2009 10021
  2010 10021
  2011 10021
  2012 10021
  2013 10021
  2014 10021
  2015 10021
  2016 10021
  2017 10021
  2018 10021
  2019 10021
  2020 10021
  2021 10045
  2022 10045
  2023 10045
  2024 10082
  2025 10082
  2026 10021
  2027 10021
  2028 10021
  2029 10021
  2030 10021
  2031 10021
  2032 10021
  2033 10045
  2034 10045
  2035 10045
  2036 10045
