   690 10033
   691 10033
   692 10033
   693 10033
   694 10033
   695 10033
   696 10033
   697 10033
   698 10033
   699 10033
   700 10033
   701 10033
   702 10033
   703 10033
   704 10033
   705 10033
   706 10033
   707 10033
   708 10033
   709 10033
   710 10033
   711 10033
   712 10033
   713 10033
   714 10033
   715 10033
   716 10033
   717 10033
   718 10033
   719 10033
   720 10033
   721 10033
   722 10033
   723 10033
   724 10033
   725 10033
   726 10033
   727 10033
   728 10033
   729 10033
   730 10033
   731 10033
   732 10033
   733 10033
   734 10033
   735 10033
   736 10033
   737 10033
   738 10033
   739 10033
   740 10033
   741 10033
   742 10033
   743 10033
   744 10033
   745 10033
   746 10033
   747 10033
   748 10033
   749 10033
   750 10033
   751 10033
   752 10033
   753 10033
   754 10033
   755 10033
   756 10033
   757 10033
   758 10033
   759 10033
   760 10033
   761 10033
   762 10033
   763 10033
   764 10033
   765 10033
   766 10033
   767 10033
   768 10033
   769 10033
   770 10033
   771 10033
   772 10033
   773 10033
   774 10033
   775 10033
   776 10033
   777 10033
   778 10033
   779 10033
   780 10033
   781 10087
   782 10087
   783 10087
   784 10080
   785 10080
   786 10080
   787 10080
   788 10083
   789 10083
   790 10033
   791 10033
   792 10033
   793 10033
   794 10033
   795 10033
   796 10033
   797 10033
   798 10033
   799 10033
   800 10033
   801 10033
   802 10033
   803 10033
   804 10033
   805 10033
   806 10033
   807 10033
   808 10033
   812 10033
   813 10033
   814 10033
   815 10033
   816 10033
   817 10033
   818 10033
   824 10033
   825 10033
   826 10033
   827 10033
   828 10033
   829 10033
   830 10033
   831 10033
   832 10033
   833 10033
   834 10033
   838 10033
   839 10033
   840 10033
   841 10033
   842 10033
   843 10033
   863 10033
   864 10033
   865 10033
   866 10033
   867 10033
   931 10033
   932 10033
   933 10033
   934 10033
   935 10033
   936 10033
   937 10033
   938 10033
   939 10033
   940 10033
   941 10033
   942 10033
   943 10033
   944 10033
   945 10033
   946 10033
   947 10033
   948 10033
   949 10033
   950 10033
   951 10033
   952 10033
   953 10033
   954 10033
   955 10033
   956 10033
   957 10033
   958 10033
   959 10033
   960 10033
   961 10033
   962 10033
   963 10033
   964 10033
   965 10033
   966 10033
   967 10033
   968 10033
   969 10033
   970 10033
   971 10083
   973 10080
   974 10080
   975 10080
   976 10080
   977 10080
   978 10080
   979 10080
   980 10080
   981 10080
   982 10080
   983 10080
   984 10080
   985 10080
   986 10080
   987 10080
   988 10033
   989 10033
   990 10033
   991 10033
   992 10033
   993 10033
   994 10033
   995 10033
   996 10033
  1006 10033
  1008 10033
  1009 10033
  1010 10033
  1011 10033
  1012 10033
  1019 10033
  1020 10033
  1021 10033
  1022 10033
  1023 10033
  1024 10033
  1025 10033
  1026 10033
  1027 10033
  1028 10033
  1029 10033
  1030 10033
  1031 10033
  1032 10033
  1033 10033
  1034 10033
  1035 10033
  1036 10033
  1037 10033
  1038 10033
  1039 10033
  1040 10033
  1041 10033
  1042 10033
  1043 10033
  1044 10033
  1045 10033
  1046 10033
  1047 10033
  1048 10033
  1049 10033
  1050 10033
  1051 10033
  1052 10033
  1053 10033
  1054 10033
  1055 10033
  1056 10033
  1057 10033
  1058 10033
  1059 10033
  1060 10033
  1061 10033
  1062 10033
  1063 10033
  1064 10033
  1065 10033
  1066 10033
  1067 10033
  1068 10033
  1069 10033
  1070 10033
  1071 10033
  1072 10033
  1073 10033
  1074 10033
  1075 10033
  1076 10033
  1077 10033
  1078 10033
  1079 10033
  1080 10033
  1081 10033
  1082 10033
  1083 10033
  1084 10033
  1085 10033
  1086 10033
  1087 10033
  1088 10033
  1089 10033
  1090 10033
  1091 10033
  1092 10033
  1093 10033
  1094 10033
  1095 10033
  1096 10033
  1097 10033
  1098 10033
  1099 10033
  1100 10033
  1101 10033
  1102 10033
  1103 10033
  1104 10033
  1105 10033
  1106 10033
  1107 10033
  1108 10033
  1109 10033
  1110 10033
  1111 10033
  1112 10033
  1113 10033
  1114 10033
  1115 10033
  1116 10033
  1117 10033
  1118 10033
  1119 10033
  1120 10033
  1121 10033
  1122 10033
  1123 10033
  1124 10033
  1125 10033
  1126 10033
  1127 10033
  1128 10033
  1129 10033
  1130 10033
  1131 10033
  1132 10033
  1133 10033
  1134 10033
  1135 10033
  1136 10033
  1137 10033
  1138 10033
  1139 10033
  1140 10033
  1141 10033
  1142 10033
  1143 10033
  1144 10033
  1145 10033
  1146 10033
  1147 10033
  1148 10033
  1149 10033
  1150 10033
  1151 10033
  1152 10033
  1153 10033
  1154 10033
  1155 10033
  1156 10033
  1157 10033
  1158 10033
  1159 10033
  1160 10033
  1161 10033
  1162 10033
  1163 10033
  1164 10033
  1165 10033
  1166 10033
  1167 10033
  1168 10033
  1169 10033
  1170 10033
  1171 10033
  1172 10033
  1173 10033
  1174 10033
  1175 10033
  1176 10033
  1177 10033
  1178 10033
  1179 10033
  1180 10033
  1181 10033
  1182 10033
  1183 10033
  1184 10033
  1185 10033
  1186 10033
  1187 10033
  1188 10033
  1189 10033
  1190 10033
  1191 10033
  1192 10033
  1193 10033
  1194 10033
  1195 10033
  1196 10033
  1197 10033
  1198 10033
  1199 10033
  1200 10033
  1201 10033
  1202 10033
  1203 10033
  1204 10033
  1205 10033
  1206 10033
  1207 10033
  1208 10033
  1209 10033
  1210 10033
  1211 10033
  1212 10033
  1213 10033
  1214 10033
  1215 10033
  1216 10033
  1217 10033
  1218 10033
  1219 10033
  1220 10033
  1221 10033
  1222 10033
  1223 10033
  1224 10033
  1225 10033
  1226 10033
  1227 10033
  1228 10033
  1229 10033
  1230 10033
  1231 10033
  1232 10033
  1233 10033
  1234 10033
  1235 10033
  1236 10033
  1237 10033
  1238 10033
  1239 10033
  1240 10033
  1241 10033
  1242 10033
  1243 10033
  1244 10033
  1245 10033
  1246 10033
  1247 10033
  1248 10033
  1249 10033
  1250 10033
  1251 10033
  1252 10033
  1253 10033
  1254 10033
  1255 10033
  1256 10033
  1257 10033
  1259 10101
  1260 10101
  1261 10101
  1262 10134
  1263 10134
  1264 10009
  1265 10040
  1266 10018
  1267 10018
  1268 10018
  1269 10018
  1270 10018
  1271 10018
  1272 10018
  1273 10018
  1274 10018
  1275 10040
  1276 10040
  1277 10040
  1278 10033
  1280 10033
  1281 10033
  1282 10061
  1283 10061
  1284 10033
  1286 10033
  1287 10033
  1289 10094
  1290 10094
  1291 10094
  1292 10094
  1293 10094
  1319 10033
  1320 10033
  1322 10033
  1324 10033
  1325 10033
  1334 10033
  1335 10033
  1337 10033
  1338 10033
  1376 10033
  1377 10033
  1379 10033
  1380 10033
  1385 10033
  1386 10033
  1388 10033
  1389 10033
  1395 10033
  1396 10033
  1397 10033
  1398 10033
  1399 10033
  1400 10033
  1401 10033
  1402 10033
  1403 10033
  1404 10033
  1405 10033
  1406 10033
  1407 10033
  1408 10033
  1409 10033
  1410 10033
  1411 10033
  1412 10033
  1413 10033
  1414 10033
  1415 10033
  1416 10033
  1417 10033
  1418 10033
  1419 10033
  1420 10033
  1421 10033
  1422 10033
  1423 10033
  1424 10033
  1425 10033
  1426 10033
  1427 10033
  1428 10033
  1429 10033
  1430 10033
  1431 10033
  1432 10033
  1433 10033
  1434 10033
  1435 10033
  1436 10033
  1437 10033
  1438 10033
  1439 10033
  1440 10033
  1441 10033
  1442 10033
  1443 10033
  1444 10033
  1445 10033
  1446 10033
  1447 10033
  1448 10033
  1449 10033
  1450 10033
  1451 10033
  1452 10033
  1453 10033
  1454 10033
  1455 10033
  1456 10033
  1457 10033
  1458 10033
  1459 10033
  1460 10033
  1461 10033
  1462 10033
  1463 10033
  1464 10033
  1465 10033
  1466 10033
  1467 10033
  1468 10033
  1469 10033
  1470 10033
  1471 10033
  1472 10033
  1473 10033
  1474 10033
  1475 10033
  1476 10033
  1477 10033
  1478 10033
  1479 10033
  1480 10033
  1481 10033
  1482 10033
  1483 10033
  1484 10033
  1485 10033
  1486 10033
  1487 10033
  1488 10033
  1489 10033
  1490 10033
  1491 10033
  1492 10033
  1493 10033
  1494 10033
  1495 10033
  1496 10033
  1497 10033
  1498 10033
  1499 10033
  1500 10033
  1501 10033
  1502 10033
  1503 10033
  1504 10033
  1505 10033
  1506 10033
  1507 10033
  1508 10033
  1509 10033
  1510 10033
  1511 10033
  1512 10033
  1513 10033
  1514 10033
  1515 10033
  1516 10033
  1517 10033
  1518 10033
  1519 10033
  1520 10033
  1521 10033
  1522 10033
  1523 10033
  1524 10033
  1525 10033
  1526 10033
  1527 10033
  1528 10033
  1529 10033
  1530 10033
  1531 10033
  1532 10033
  1533 10033
  1534 10033
  1535 10033
  1536 10033
  1537 10033
  1538 10033
  1539 10033
  1540 10033
  1541 10033
  1542 10033
  1543 10033
  1544 10033
  1545 10033
  1546 10033
  1547 10033
  1548 10033
  1549 10033
  1550 10033
  1551 10033
  1552 10033
  1553 10033
  1554 10033
  1555 10033
  1556 10033
  1557 10033
  1558 10033
  1559 10033
  1560 10033
  1561 10033
  1562 10033
  1563 10033
  1564 10033
  1565 10033
  1566 10033
  1567 10033
  1568 10033
  1569 10033
  1570 10033
  1571 10033
  1572 10033
  1573 10033
  1574 10033
  1575 10033
  1576 10033
  1577 10033
  1578 10033
  1579 10033
  1580 10033
  1581 10033
  1582 10033
  1583 10033
  1584 10033
  1585 10033
  1586 10033
  1587 10033
  1588 10033
  1589 10033
  1590 10033
  1591 10033
  1592 10033
  1593 10033
  1594 10033
  1595 10033
  1596 10033
  1597 10033
  1598 10033
  1599 10033
  1600 10033
  1601 10033
  1602 10033
  1603 10033
  1604 10033
  1605 10033
  1606 10033
  1607 10033
  1608 10033
  1609 10033
  1610 10033
  1611 10033
  1612 10033
  1613 10033
  1614 10033
  1615 10033
  1616 10033
  1617 10033
  1618 10033
  1619 10033
  1620 10033
  1621 10033
  1622 10033
  1623 10033
  1624 10033
  1625 10033
  1626 10033
  1627 10033
  1628 10033
  1629 10033
  1630 10033
  1631 10033
  1632 10033
  1633 10033
  1634 10033
  1635 10033
  1636 10033
  1637 10033
  1638 10033
  1639 10033
  1642 10033
  1643 10033
  1644 10033
  1667 10033
  1668 10033
  1669 10033
  1670 10033
  1671 10033
  1672 10033
  1673 10033
  1674 10033
  1675 10033
  1676 10033
  1677 10080
  1678 10080
  1679 10080
  1680 10080
  1681 10080
  1682 10080
  1683 10080
  1684 10080
  1685 10080
  1690 10033
  1691 10033
  1692 10033
  1693 10033
  1694 10033
  1695 10033
  1701 10033
  1702 10033
  1703 10033
  1704 10033
  1705 10033
  1706 10033
  1707 10033
  1708 10033
  1709 10033
  1710 10033
  1711 10033
  1712 10033
  1713 10033
  1714 10033
  1715 10033
  1716 10033
  1720 10033
  1721 10033
  1722 10033
  1723 10033
  1724 10033
  1725 10033
  1726 10033
  1727 10033
  1728 10033
  1729 10033
  1730 10033
  1731 10033
  1736 10033
  1737 10033
  1738 10033
  1739 10033
  1740 10033
  1747 10033
  1748 10033
  1749 10033
  1750 10033
  1751 10033
  1752 10033
  1753 10033
  1754 10033
  1755 10033
  1756 10033
  1757 10033
  1758 10033
  1759 10033
  1760 10033
  1761 10033
  1762 10033
  1763 10033
  1764 10033
  1765 10033
  1766 10033
  1767 10033
  1768 10033
  1769 10033
  1770 10033
  1771 10033
  1772 10033
  1773 10033
  1774 10033
  1775 10033
  1776 10033
  1777 10033
  1778 10033
  1779 10033
  1780 10033
  1781 10033
  1782 10033
  1783 10033
  1784 10033
  1785 10033
  1786 10033
  1787 10033
  1788 10033
  1789 10033
  1790 10033
  1791 10033
  1792 10033
  1793 10033
  1794 10033
  1795 10033
  1796 10033
  1797 10033
  1798 10033
  1799 10033
  1800 10033
  1801 10033
  1802 10033
  1803 10033
  1804 10033
  1805 10033
  1818 10033
  1819 10033
  1820 10033
  1821 10033
  1822 10033
  1826 10033
  1827 10033
  1828 10033
  1829 10033
  1830 10033
  1831 10033
  1832 10033
  1833 10033
  1834 10033
  1835 10033
  1836 10033
  1837 10033
  1838 10033
  1839 10033
  1840 10033
  1841 10033
  1842 10033
  1843 10033
  1844 10033
  1845 10033
  1846 10033
  1847 10033
  1848 10033
  1849 10033
  1850 10086
  1851 10080
  1852 10080
  1853 10080
  1854 10080
  1855 10080
  1856 10080
  1857 10080
  1858 10080
  1859 10080
  1860 10080
  1861 10080
  1862 10080
  1863 10033
  1864 10033
  1865 10043
  1866 10043
  1867 10043
  1868 10033
  1869 10033
  1870 10033
  1871 10033
  1872 10033
  1873 10033
  1874 10033
  1875 10033
  1876 10033
  1877 10033
  1878 10033
  1879 10033
  1880 10033
  1881 10033
  1882 10033
  1883 10033
  1884 10033
  1885 10033
  1886 10033
  1887 10033
  1888 10033
  1889 10033
  1890 10033
  1891 10033
  1892 10033
  1893 10033
  1894 10033
  1895 10033
  1896 10033
  1897 10033
  1898 10033
  1899 10033
  1900 10033
  1901 10033
  1902 10033
  1903 10033
  1904 10033
  1905 10033
  1906 10033
  1907 10033
  1908 10033
  1909 10033
  1910 10033
  1911 10033
  1912 10033
  1913 10033
  1914 10033
  1915 10033
  1916 10033
  1917 10033
  1918 10033
  1919 10033
  1920 10033
  1921 10033
  1922 10033
  1923 10033
  1924 10033
  1925 10033
  1926 10033
  1927 10033
  1928 10033
  1929 10033
  1930 10033
  1931 10033
  1932 10033
  1933 10033
  1934 10033
  1935 10033
  1936 10033
  1937 10033
  1938 10033
  1939 10033
  1940 10033
  1941 10033
  1942 10033
  1943 10033
  1944 10033
  1945 10033
  1946 10033
  1947 10033
  1948 10033
  1949 10033
  1950 10033
  1951 10033
  1952 10033
  1953 10033
  1954 10033
  1955 10033
  1956 10033
  1957 10033
  1958 10033
  1959 10033
  1960 10033
  1961 10033
  1962 10033
  1963 10033
  1964 10033
  1965 10033
  1966 10033
  1967 10033
  1968 10033
  1969 10033
  1970 10033
  1971 10033
  1972 10033
  1973 10033
  1974 10033
  1975 10033
  1976 10033
  1977 10033
  1978 10033
  1979 10033
  1980 10033
  1981 10033
  1982 10033
  1983 10033
  1984 10033
  1985 10033
  1986 10033
  1987 10033
  1988 10033
  1989 10033
  1990 10033
  1991 10033
  1992 10033
  1993 10033
  1994 10033
  1995 10033
  1996 10033
  1997 10033
  1998 10033
  1999 10033
  2000 10033
  2001 10033
  2002 10033
  2003 10033
  2004 10033
  2005 10033
  2006 10033
  2007 10033
  2008 10033
  2009 10033
  2010 10033
  2011 10033
  2012 10033
  2013 10033
  2014 10033
  2015 10033
  2016 10033
  2017 10033
  2018 10033
  2019 10033
  2020 10033
