   683 10071
   684 10071
   685 10071
   686 10071
   687 10071
   688 10071
   689 10071
   690 10071
   691 10071
   692 10071
   693 10071
   694 10071
   695 10071
   696 10071
   697 10071
   698 10071
   699 10071
   700 10071
   701 10071
   702 10071
   703 10071
   704 10071
   705 10071
   706 10071
   707 10071
   708 10071
   709 10071
   710 10071
   711 10071
   712 10071
   713 10071
   714 10071
   715 10071
   716 10071
   717 10071
   718 10071
   719 10071
   720 10071
   721 10071
   722 10071
   723 10071
   724 10071
   725 10071
   726 10071
   727 10071
   728 10071
   729 10071
   730 10071
   731 10071
   732 10071
   733 10071
   734 10071
   735 10071
   736 10071
   737 10071
   738 10071
   739 10071
   740 10071
   741 10071
   742 10071
   743 10071
   744 10071
   745 10071
   746 10071
   747 10071
   748 10071
   749 10071
   750 10071
   751 10071
   752 10071
   753 10071
   754 10071
   755 10071
   756 10071
   757 10071
   758 10071
   759 10071
   760 10071
   761 10071
   762 10071
   763 10071
   764 10071
   765 10071
   766 10071
   767 10071
   768 10071
   769 10071
   770 10071
   771 10071
   772 10071
   773 10071
   774 10071
   775 10071
   776 10071
   777 10071
   778 10071
   779 10071
   780 10071
   781 10043
   782 10043
   787 10020
   788 10020
   789 10066
   790 10066
   791 10066
   792 10066
   793 10066
   794 10066
   795 10066
   796 10066
   797 10066
   798 10066
   799 10066
   800 10066
   801 10066
   802 10020
   803 10020
   804 10066
   805 10066
   806 10020
   807 10020
   808 10020
   809 10020
   810 10020
   811 10066
   812 10066
   813 10066
   814 10066
   815 10066
   816 10066
   817 10066
   818 10066
   819 10066
   820 10066
   821 10020
   822 10020
   823 10020
   824 10020
   825 10020
   826 10020
   827 10020
   828 10020
   829 10020
   830 10020
   831 10020
   832 10066
   833 10020
   834 10066
   835 10066
   836 10066
   837 10066
   838 10066
   839 10020
   840 10020
   841 10020
   842 10020
   843 10020
   844 10020
   845 10066
   846 10066
   847 10066
   848 10066
   849 10020
   850 10020
   851 10020
   852 10020
   853 10020
   854 10066
   855 10066
   856 10066
   857 10066
   858 10066
   859 10066
   860 10066
   861 10066
   862 10066
   863 10066
   864 10066
   865 10066
   866 10066
   867 10066
   868 10066
   869 10066
   870 10066
   871 10066
   872 10066
   873 10066
   874 10066
   875 10066
   876 10020
   877 10020
   878 10020
   879 10066
   880 10066
   881 10066
   882 10066
   883 10020
   884 10020
   885 10066
   886 10066
   887 10066
   888 10020
   889 10066
   890 10066
   891 10066
   892 10020
   893 10020
   894 10020
   895 10020
   896 10020
   897 10020
   898 10066
   899 10066
   900 10066
   901 10066
   902 10066
   903 10066
   904 10020
   905 10020
   906 10020
   907 10020
   908 10066
   909 10020
   910 10020
   911 10020
   912 10020
   913 10020
   914 10020
   915 10020
   916 10020
   917 10020
   918 10020
   919 10020
   920 10020
   921 10020
   922 10020
   923 10020
   924 10020
   925 10020
   926 10020
   927 10020
   928 10020
   929 10020
   930 10020
   931 10066
   932 10066
   933 10066
   934 10066
   935 10066
   936 10020
   937 10066
   938 10066
   939 10020
   940 10020
   941 10020
   942 10020
   943 10020
   944 10020
   945 10020
   946 10020
   947 10020
   948 10020
   949 10020
   950 10020
   951 10020
   952 10020
   953 10020
   954 10020
   955 10066
   956 10066
   957 10066
   958 10066
   959 10066
   960 10066
   961 10066
   962 10066
   963 10066
   964 10066
   965 10066
   966 10066
   967 10066
   968 10066
   969 10066
   970 10066
   971 10066
   972 10066
   973 10066
   974 10066
   975 10066
   976 10066
   977 10066
   978 10020
   979 10066
   980 10066
   981 10066
   982 10066
   983 10066
   984 10066
   985 10066
   986 10066
   987 10066
   988 10066
   989 10066
   990 10066
   991 10066
   992 10066
   993 10066
   994 10066
   995 10066
   996 10066
   997 10066
   998 10066
   999 10066
  1000 10066
  1001 10066
  1002 10066
  1003 10066
  1004 10066
  1005 10066
  1006 10066
  1007 10066
  1008 10066
  1009 10066
  1010 10066
  1011 10066
  1012 10020
  1013 10066
  1015 10066
  1021 10043
  1022 10138
  1023 10138
  1024 10138
  1025 10138
  1026 10083
  1028 10067
  1029 10067
  1030 10002
  1031 10002
  1032 10002
  1033 10002
  1034 10002
  1035 10002
  1036 10002
  1037 10002
  1038 10002
  1039 10002
  1040 10002
  1041 10002
  1042 10002
  1043 10002
  1044 10002
  1045 10002
  1046 10002
  1047 10002
  1048 10002
  1049 10002
  1050 10002
  1051 10002
  1052 10002
  1053 10002
  1054 10002
  1055 10002
  1056 10002
  1057 10002
  1058 10002
  1059 10002
  1060 10002
  1061 10002
  1062 10002
  1063 10002
  1064 10002
  1065 10002
  1066 10002
  1067 10002
  1068 10002
  1069 10002
  1070 10002
  1071 10002
  1072 10002
  1073 10002
  1074 10002
  1075 10002
  1076 10002
  1077 10002
  1078 10002
  1079 10002
  1080 10002
  1081 10002
  1082 10002
  1083 10002
  1084 10002
  1085 10002
  1086 10002
  1087 10002
  1088 10002
  1089 10002
  1090 10002
  1091 10002
  1092 10002
  1093 10002
  1094 10002
  1095 10002
  1096 10002
  1097 10002
  1098 10002
  1099 10002
  1100 10002
  1101 10002
  1102 10002
  1103 10002
  1104 10002
  1105 10002
  1106 10002
  1107 10002
  1108 10002
  1109 10002
  1110 10002
  1111 10002
  1112 10002
  1113 10002
  1114 10002
  1115 10002
  1116 10002
  1117 10002
  1118 10002
  1119 10002
  1120 10002
  1121 10002
  1122 10002
  1123 10002
  1124 10002
  1125 10002
  1126 10002
  1127 10002
  1128 10002
  1129 10002
  1130 10002
  1131 10002
  1132 10002
  1133 10002
  1134 10002
  1135 10002
  1136 10002
  1137 10002
  1138 10002
  1139 10002
  1140 10002
  1141 10002
  1142 10002
  1143 10002
  1144 10002
  1145 10002
  1146 10002
  1147 10002
  1148 10002
  1149 10002
  1150 10002
  1151 10002
  1152 10002
  1153 10002
  1154 10002
  1155 10002
  1156 10002
  1157 10002
  1158 10002
  1159 10002
  1160 10002
  1161 10002
  1162 10002
  1163 10002
  1164 10002
  1165 10002
  1166 10002
  1167 10002
  1168 10002
  1169 10002
  1170 10002
  1171 10002
  1172 10002
  1173 10002
  1174 10002
  1175 10002
  1176 10002
  1177 10002
  1178 10002
  1179 10002
  1180 10002
  1181 10002
  1182 10002
  1183 10002
  1184 10002
  1185 10002
  1186 10002
  1187 10002
  1188 10002
  1189 10002
  1190 10002
  1191 10002
  1192 10002
  1193 10002
  1194 10002
  1195 10002
  1196 10002
  1197 10002
  1198 10002
  1199 10002
  1200 10002
  1201 10002
  1202 10002
  1203 10002
  1204 10002
  1205 10002
  1206 10002
  1207 10002
  1208 10002
  1209 10002
  1210 10002
  1211 10002
  1212 10002
  1213 10002
  1214 10002
  1215 10002
  1216 10002
  1217 10002
  1218 10002
  1219 10002
  1220 10002
  1221 10002
  1222 10002
  1223 10002
  1224 10002
  1225 10002
  1226 10002
  1227 10002
  1228 10002
  1229 10002
  1230 10002
  1231 10002
  1232 10002
  1233 10002
  1234 10002
  1235 10002
  1236 10002
  1237 10002
  1238 10002
  1239 10002
  1240 10002
  1241 10002
  1242 10002
  1243 10002
  1244 10002
  1245 10002
  1246 10002
  1247 10002
  1248 10002
  1249 10002
  1250 10002
  1251 10002
  1252 10002
  1253 10002
  1254 10002
  1255 10002
  1256 10002
  1257 10002
  1259 10068
  1260 10141
  1261 10101
  1262 10141
  1264 10106
  1265 10106
  1266 10106
  1267 10040
  1268 10040
  1269 10040
  1270 10040
  1271 10040
  1272 10040
  1273 10018
  1274 10158
  1275 10158
  1276 10158
  1277 10158
  1278 10158
  1279 10158
  1280 10158
  1281 10158
  1282 10158
  1283 10158
  1284 10158
  1285 10158
  1286 10158
  1287 10158
  1288 10158
  1289 10158
  1290 10158
  1291 10140
  1292 10140
  1293 10140
  1294 10140
  1295 10140
  1296 10140
  1297 10140
  1298 10140
  1299 10158
  1300 10158
  1301 10158
  1302 10158
  1303 10158
  1304 10158
  1305 10158
  1306 10158
  1307 10158
  1308 10158
  1309 10158
  1310 10158
  1311 10055
  1313 10055
  1314 10018
  1315 10055
  1316 10055
  1317 10055
  1318 10055
  1319 10055
  1320 10106
  1321 10055
  1322 10106
  1323 10101
  1325 10101
  1330 10149
  1331 10071
  1332 10071
  1333 10149
  1334 10071
  1335 10149
  1336 10071
  1337 10071
  1338 10149
  1339 10149
  1340 10149
  1341 10149
  1342 10149
  1343 10149
  1344 10149
  1345 10149
  1346 10149
  1347 10149
  1348 10149
  1349 10149
  1350 10071
  1351 10149
  1352 10149
  1353 10149
  1354 10149
  1355 10149
  1356 10149
  1357 10149
  1358 10149
  1359 10149
  1360 10149
  1361 10149
  1362 10149
  1363 10149
  1364 10149
  1365 10071
  1366 10149
  1367 10149
  1368 10149
  1369 10149
  1370 10149
  1371 10149
  1372 10149
  1373 10149
  1374 10149
  1375 10071
  1376 10071
  1377 10149
  1378 10071
  1379 10149
  1380 10086
  1381 10086
  1383 10101
  1384 10101
  1385 10101
  1386 10101
  1387 10101
  1388 10101
  1389 10020
  1390 10101
  1391 10101
  1392 10101
  1393 10101
  1394 10101
  1395 10101
  1396 10101
  1397 10101
  1398 10101
  1399 10101
  1400 10101
  1401 10101
  1402 10101
  1403 10101
  1404 10101
  1405 10101
  1406 10101
  1407 10101
  1408 10101
  1409 10101
  1410 10101
  1411 10101
  1412 10101
  1413 10101
  1414 10101
  1415 10101
  1416 10101
  1417 10101
  1418 10101
  1419 10101
  1420 10101
  1421 10101
  1422 10101
  1423 10101
  1424 10101
  1425 10101
  1426 10101
  1427 10101
  1428 10101
  1429 10101
  1430 10101
  1431 10101
  1432 10101
  1433 10101
  1434 10101
  1435 10101
  1436 10101
  1437 10101
  1438 10101
  1439 10101
  1440 10101
  1441 10101
  1442 10101
  1443 10101
  1444 10101
  1446 10101
  1447 10101
  1448 10101
  1449 10101
  1450 10101
  1451 10101
  1452 10101
  1453 10101
  1456 10101
  1457 10101
  1458 10101
  1459 10101
  1460 10101
  1462 10101
  1463 10101
  1464 10101
  1465 10101
  1466 10101
  1467 10101
  1468 10101
  1469 10101
  1471 10101
  1472 10101
  1474 10101
  1475 10101
  1476 10101
  1477 10101
  1478 10101
  1479 10101
  1480 10101
  1481 10101
  1482 10101
  1483 10101
  1484 10101
  1485 10101
  1486 10101
  1487 10101
  1488 10101
  1489 10101
  1490 10101
  1491 10101
  1492 10101
  1493 10101
  1494 10101
  1495 10101
  1496 10101
  1497 10101
  1498 10101
  1499 10101
  1500 10101
  1501 10101
  1502 10101
  1503 10101
  1504 10101
  1505 10101
  1506 10101
  1507 10101
  1508 10101
  1509 10101
  1510 10101
  1511 10101
  1512 10101
  1514 10101
  1515 10101
  1516 10101
  1517 10101
  1518 10101
  1519 10101
  1520 10101
  1521 10101
  1522 10101
  1523 10101
  1524 10101
  1525 10101
  1526 10101
  1527 10101
  1528 10101
  1529 10101
  1530 10101
  1531 10101
  1533 10101
  1534 10101
  1535 10101
  1536 10101
  1537 10101
  1538 10101
  1539 10101
  1540 10101
  1541 10101
  1542 10101
  1545 10101
  1546 10101
  1547 10101
  1548 10101
  1549 10101
  1550 10101
  1551 10101
  1552 10101
  1553 10101
  1604 10101
  1605 10101
  1607 10101
  1608 10101
  1609 10101
  1610 10101
  1611 10101
  1612 10101
  1613 10101
  1614 10101
  1615 10101
  1616 10101
  1617 10101
  1624 10113
  1628 10104
  1629 10104
  1630 10104
  1631 10104
  1632 10104
  1633 10104
  1634 10104
  1635 10104
  1636 10104
  1637 10104
  1638 10104
  1639 10104
  1640 10104
  1641 10104
  1642 10104
  1643 10104
  1644 10104
  1645 10104
  1646 10104
  1647 10104
  1648 10104
  1649 10104
  1650 10104
  1651 10104
  1652 10104
  1653 10104
  1654 10104
  1655 10104
  1656 10104
  1657 10104
  1658 10104
  1659 10104
  1660 10104
  1661 10104
  1662 10104
  1663 10104
  1664 10104
  1665 10104
  1666 10104
  1667 10104
  1668 10104
  1669 10104
  1670 10104
  1671 10104
  1672 10104
  1673 10104
  1674 10104
  1675 10104
  1676 10104
  1677 10104
  1678 10104
  1679 10104
  1680 10104
  1681 10104
  1682 10104
  1683 10104
  1684 10104
  1685 10104
  1686 10104
  1687 10104
  1688 10104
  1689 10104
  1690 10104
  1691 10104
  1692 10104
  1693 10104
  1694 10104
  1695 10104
  1696 10104
  1697 10104
  1698 10104
  1699 10104
  1700 10104
  1701 10104
  1702 10104
  1703 10104
  1704 10104
  1705 10104
  1706 10104
  1707 10104
  1708 10104
  1709 10104
  1710 10104
  1711 10104
  1712 10104
  1713 10104
  1714 10104
  1715 10104
  1716 10104
  1717 10104
  1718 10104
  1719 10104
  1720 10104
  1721 10104
  1722 10104
  1723 10104
  1724 10104
  1725 10104
  1726 10104
  1727 10104
  1728 10104
  1729 10104
  1730 10104
  1731 10104
  1732 10104
  1733 10104
  1734 10104
  1735 10104
  1736 10104
  1737 10104
  1738 10104
  1739 10104
  1740 10104
  1741 10104
  1742 10104
  1743 10104
  1744 10104
  1745 10104
  1746 10104
  1747 10104
  1748 10104
  1749 10104
  1750 10104
  1751 10104
  1752 10104
  1753 10104
  1754 10104
  1755 10104
  1756 10104
  1757 10104
  1758 10104
  1759 10104
  1760 10104
  1761 10104
  1762 10104
  1763 10104
  1764 10104
  1765 10104
  1766 10104
  1767 10104
  1768 10104
  1769 10104
  1770 10104
  1771 10104
  1772 10104
  1773 10104
  1774 10104
  1775 10104
  1776 10104
  1777 10104
  1778 10104
  1779 10104
  1780 10104
  1781 10104
  1782 10104
  1783 10104
  1784 10104
  1785 10104
  1786 10104
  1787 10104
  1788 10104
  1789 10104
  1790 10104
  1791 10104
  1792 10104
  1793 10104
  1794 10104
  1795 10104
  1796 10104
  1797 10104
  1798 10104
  1799 10104
  1800 10104
  1801 10104
  1802 10104
  1803 10104
  1804 10104
  1805 10104
  1806 10104
  1807 10104
  1808 10104
  1809 10104
  1810 10104
  1811 10104
  1812 10104
  1813 10104
  1814 10104
  1815 10104
  1816 10104
  1817 10104
  1818 10104
  1819 10104
  1820 10104
  1821 10104
  1822 10104
  1823 10104
  1824 10104
  1825 10104
  1826 10104
  1827 10104
  1828 10104
  1829 10104
  1830 10104
  1831 10104
  1832 10104
  1833 10104
  1834 10104
  1835 10104
  1836 10104
  1837 10104
  1838 10104
  1839 10104
  1840 10104
  1841 10104
  1842 10104
  1843 10104
  1844 10104
  1845 10104
  1846 10104
  1847 10104
  1848 10104
  1849 10104
  1850 10104
  1851 10104
  1852 10104
  1853 10104
  1854 10104
  1855 10104
  1856 10104
  1863 10101
  1864 10101
  1865 10128
  1866 10128
  1867 10128
  1868 10128
  1869 10128
  1871 10101
  1894 10026
  1895 10026
  1896 10026
  1897 10026
  1898 10026
  1899 10026
  1900 10026
  1901 10026
  1902 10026
  1903 10026
  1904 10026
  1905 10026
  1906 10026
  1907 10026
  1908 10026
  1909 10026
  1910 10026
  1911 10026
  1912 10026
  1913 10026
  1914 10026
  1915 10026
  1916 10026
  1917 10026
  1918 10026
  1919 10026
  1920 10026
  1921 10026
  1922 10026
  1923 10026
  1924 10026
  1925 10026
  1926 10026
  1927 10026
  1928 10026
  1929 10026
  1930 10026
  1931 10026
  1932 10026
  1933 10026
  1934 10026
  1935 10026
  1936 10026
  1937 10026
  1938 10026
  1939 10026
  1940 10026
  1941 10026
  1942 10026
  1943 10026
  1944 10026
  1945 10026
  1946 10026
  1947 10026
  1948 10026
  1949 10026
  1950 10026
  1951 10026
  1952 10026
  1953 10026
  1954 10026
  1955 10026
  1956 10026
  1957 10026
  1958 10026
  1959 10026
  1960 10026
  1961 10026
  1962 10026
  1963 10026
  1964 10026
  1965 10026
  1966 10026
  1967 10026
  1968 10026
  1969 10026
  1970 10026
  1971 10026
  1972 10026
  1973 10026
  1974 10026
  1975 10026
  1976 10026
  1977 10026
  1978 10026
  1979 10026
  1980 10026
  1981 10026
  1982 10026
  1983 10026
  1984 10026
  1985 10026
  1986 10026
  1987 10026
  1988 10026
  1989 10026
  1990 10026
  1991 10026
  1992 10026
  1993 10026
  1994 10026
  1995 10026
  1996 10026
  1997 10026
  1998 10026
  1999 10026
  2000 10026
  2001 10026
  2002 10026
  2003 10026
  2004 10026
  2005 10026
  2006 10026
  2007 10026
  2008 10026
  2009 10026
  2010 10026
  2011 10026
  2012 10026
  2013 10026
  2014 10026
  2015 10080
  2016 10026
  2017 10026
  2018 10026
  2019 10026
  2020 10026
  2026 10149
