   690 10145
   691 10145
   692 10145
   693 10145
   694 10145
   695 10145
   696 10145
   697 10145
   698 10145
   699 10145
   700 10145
   701 10145
   702 10145
   703 10145
   704 10145
   705 10145
   706 10145
   707 10145
   708 10145
   709 10145
   710 10145
   711 10145
   712 10145
   713 10145
   714 10145
   715 10145
   716 10145
   717 10145
   718 10145
   719 10145
   720 10145
   721 10145
   722 10145
   723 10145
   724 10145
   725 10145
   726 10145
   727 10145
   728 10145
   729 10145
   730 10145
   731 10145
   732 10145
   733 10145
   734 10145
   735 10145
   736 10145
   737 10145
   738 10145
   739 10145
   740 10145
   741 10145
   742 10145
   743 10145
   744 10145
   745 10145
   746 10145
   747 10145
   748 10145
   749 10145
   750 10145
   751 10145
   752 10145
   753 10145
   754 10145
   755 10145
   756 10145
   757 10145
   758 10145
   759 10145
   760 10145
   761 10145
   762 10145
   763 10145
   764 10145
   765 10145
   766 10145
   767 10145
   768 10145
   769 10145
   770 10145
   771 10145
   772 10145
   773 10145
   774 10145
   775 10145
   776 10145
   777 10145
   778 10145
   779 10145
   780 10145
   781 10143
   782 10143
   783 10074
   784 10074
   785 10074
   786 10074
   787 10074
   789 10108
   790 10108
   791 10108
   792 10108
   793 10108
   794 10108
   795 10108
   796 10108
   797 10108
   798 10108
   799 10108
   800 10108
   801 10108
   802 10108
   803 10108
   804 10108
   805 10108
   806 10108
   807 10108
   808 10108
   809 10108
   810 10108
   811 10108
   812 10108
   813 10108
   814 10108
   815 10108
   816 10108
   817 10108
   818 10108
   819 10108
   820 10108
   821 10108
   822 10108
   823 10108
   824 10108
   825 10108
   826 10108
   827 10108
   828 10108
   829 10108
   830 10108
   831 10108
   832 10108
   833 10108
   834 10108
   835 10108
   836 10108
   837 10108
   838 10108
   839 10108
   840 10108
   841 10108
   842 10108
   843 10108
   844 10108
   845 10108
   846 10108
   847 10108
   848 10108
   849 10108
   850 10108
   851 10108
   852 10108
   853 10108
   854 10108
   855 10108
   856 10108
   857 10108
   858 10108
   859 10108
   860 10108
   861 10108
   862 10108
   863 10108
   864 10108
   865 10108
   866 10108
   867 10108
   868 10108
   869 10108
   870 10108
   871 10108
   872 10108
   873 10108
   874 10108
   875 10108
   876 10108
   877 10108
   878 10108
   879 10108
   880 10108
   881 10108
   882 10108
   883 10108
   884 10108
   885 10108
   886 10108
   887 10108
   888 10108
   889 10108
   890 10108
   891 10108
   892 10108
   893 10108
   894 10108
   895 10108
   896 10108
   897 10108
   898 10108
   899 10108
   900 10108
   901 10108
   902 10108
   903 10108
   904 10108
   905 10108
   906 10108
   907 10108
   908 10108
   909 10108
   910 10108
   911 10108
   912 10108
   913 10108
   914 10108
   915 10108
   916 10108
   917 10108
   918 10108
   919 10108
   920 10108
   921 10108
   922 10108
   923 10108
   924 10108
   925 10108
   926 10108
   927 10108
   928 10108
   929 10108
   930 10108
   931 10108
   932 10108
   933 10108
   934 10108
   935 10108
   936 10108
   937 10108
   938 10108
   939 10108
   940 10108
   941 10108
   942 10108
   943 10108
   944 10108
   945 10108
   946 10108
   947 10108
   948 10108
   949 10108
   950 10108
   951 10108
   952 10108
   953 10108
   954 10108
   955 10108
   956 10108
   957 10108
   958 10108
   959 10108
   960 10108
   961 10108
   962 10108
   963 10108
   964 10108
   965 10108
   966 10108
   967 10108
   968 10108
   969 10108
   970 10108
   971 10108
   972 10108
   973 10108
   974 10108
   975 10108
   976 10108
   977 10108
   978 10108
   979 10108
   980 10108
   981 10108
   982 10108
   983 10108
   984 10108
   985 10108
   986 10108
   987 10108
   988 10108
   989 10108
   990 10108
   991 10108
   992 10108
   993 10108
   994 10108
   995 10108
   996 10108
   997 10108
   998 10108
   999 10108
  1000 10108
  1001 10108
  1002 10108
  1003 10108
  1004 10108
  1005 10108
  1006 10108
  1007 10108
  1008 10108
  1009 10108
  1010 10108
  1011 10108
  1012 10108
  1013 10108
  1014 10108
  1015 10108
  1016 10108
  1017 10108
  1018 10108
  1019 10108
  1020 10108
  1032 10041
  1033 10041
  1034 10041
  1035 10041
  1036 10041
  1037 10041
  1038 10041
  1039 10041
  1040 10041
  1041 10041
  1042 10041
  1043 10041
  1044 10041
  1045 10041
  1046 10041
  1047 10041
  1048 10041
  1049 10041
  1050 10041
  1051 10041
  1052 10041
  1053 10041
  1054 10041
  1055 10041
  1056 10041
  1057 10041
  1058 10041
  1059 10041
  1060 10041
  1061 10041
  1062 10041
  1063 10041
  1064 10041
  1065 10041
  1066 10041
  1067 10041
  1068 10041
  1069 10041
  1070 10041
  1071 10041
  1072 10041
  1073 10041
  1074 10041
  1075 10041
  1076 10041
  1077 10041
  1078 10041
  1079 10041
  1080 10041
  1081 10041
  1082 10041
  1083 10041
  1084 10041
  1085 10041
  1086 10041
  1087 10041
  1088 10041
  1089 10041
  1090 10041
  1091 10041
  1092 10041
  1093 10041
  1094 10041
  1095 10041
  1096 10041
  1097 10041
  1098 10041
  1099 10041
  1100 10041
  1101 10041
  1102 10041
  1103 10041
  1104 10041
  1105 10041
  1106 10041
  1107 10041
  1108 10041
  1109 10041
  1110 10041
  1111 10041
  1112 10041
  1113 10041
  1114 10041
  1115 10041
  1116 10041
  1117 10041
  1118 10041
  1119 10041
  1120 10041
  1121 10041
  1122 10041
  1123 10041
  1124 10041
  1125 10041
  1126 10041
  1127 10041
  1128 10041
  1129 10041
  1130 10041
  1131 10041
  1132 10041
  1133 10041
  1134 10041
  1135 10041
  1136 10041
  1137 10041
  1138 10041
  1139 10041
  1140 10041
  1141 10041
  1142 10041
  1143 10041
  1144 10041
  1145 10041
  1146 10041
  1147 10041
  1148 10041
  1149 10041
  1150 10041
  1151 10041
  1152 10041
  1153 10041
  1154 10041
  1155 10041
  1156 10041
  1157 10041
  1158 10041
  1159 10041
  1160 10041
  1161 10041
  1162 10041
  1163 10041
  1164 10041
  1165 10041
  1166 10041
  1167 10041
  1168 10041
  1169 10041
  1170 10041
  1171 10041
  1172 10041
  1173 10041
  1174 10041
  1175 10041
  1176 10041
  1177 10041
  1178 10041
  1179 10041
  1180 10041
  1181 10041
  1182 10041
  1183 10041
  1184 10041
  1185 10041
  1186 10041
  1187 10041
  1188 10041
  1189 10041
  1190 10041
  1191 10041
  1192 10041
  1193 10041
  1194 10041
  1195 10041
  1196 10041
  1197 10041
  1198 10041
  1199 10041
  1200 10041
  1201 10041
  1202 10041
  1203 10041
  1204 10041
  1205 10041
  1206 10041
  1207 10041
  1208 10041
  1209 10041
  1210 10041
  1211 10041
  1212 10041
  1213 10041
  1214 10041
  1215 10041
  1216 10041
  1217 10041
  1218 10041
  1219 10041
  1220 10041
  1221 10041
  1222 10041
  1223 10041
  1224 10041
  1225 10041
  1226 10041
  1227 10041
  1228 10041
  1229 10041
  1230 10041
  1231 10041
  1232 10041
  1233 10041
  1234 10041
  1235 10041
  1236 10041
  1237 10041
  1238 10041
  1239 10041
  1240 10041
  1241 10041
  1242 10041
  1243 10041
  1244 10041
  1245 10041
  1246 10041
  1247 10041
  1248 10041
  1249 10041
  1250 10041
  1251 10041
  1252 10041
  1253 10041
  1254 10041
  1255 10041
  1256 10041
  1257 10041
  1258 10041
  1259 10041
  1260 10041
  1261 10028
  1266 10149
  1267 10149
  1271 10029
  1272 10029
  1273 10029
  1274 10029
  1275 10029
  1276 10029
  1277 10029
  1278 10029
  1279 10029
  1280 10029
  1281 10029
  1282 10029
  1283 10029
  1284 10029
  1285 10029
  1286 10029
  1287 10029
  1288 10029
  1289 10029
  1290 10029
  1291 10029
  1292 10029
  1293 10029
  1294 10029
  1295 10029
  1296 10029
  1297 10029
  1298 10029
  1299 10029
  1300 10029
  1301 10029
  1302 10029
  1303 10029
  1304 10029
  1305 10029
  1306 10029
  1307 10029
  1308 10029
  1309 10029
  1310 10029
  1311 10029
  1312 10029
  1313 10029
  1314 10029
  1315 10029
  1316 10029
  1317 10029
  1318 10029
  1319 10029
  1320 10029
  1321 10029
  1322 10029
  1323 10029
  1324 10029
  1325 10029
  1326 10029
  1327 10029
  1328 10029
  1329 10029
  1330 10029
  1331 10029
  1332 10029
  1333 10029
  1334 10029
  1335 10029
  1336 10029
  1337 10029
  1338 10029
  1339 10029
  1340 10029
  1341 10029
  1342 10029
  1343 10029
  1344 10029
  1345 10029
  1346 10029
  1347 10029
  1348 10029
  1349 10029
  1350 10029
  1351 10029
  1352 10029
  1353 10029
  1354 10029
  1355 10029
  1356 10029
  1357 10029
  1358 10029
  1359 10029
  1360 10029
  1361 10029
  1362 10029
  1363 10029
  1364 10029
  1365 10029
  1366 10029
  1367 10029
  1368 10029
  1369 10029
  1370 10029
  1371 10029
  1372 10029
  1373 10029
  1374 10029
  1375 10029
  1376 10029
  1377 10029
  1378 10029
  1379 10029
  1380 10029
  1381 10029
  1382 10029
  1383 10029
  1384 10029
  1385 10029
  1386 10029
  1387 10029
  1388 10029
  1389 10029
  1390 10029
  1391 10029
  1392 10029
  1393 10029
  1394 10029
  1395 10029
  1396 10029
  1397 10029
  1398 10029
  1399 10029
  1400 10029
  1401 10029
  1402 10029
  1403 10029
  1404 10029
  1405 10029
  1406 10029
  1407 10029
  1408 10029
  1409 10029
  1410 10029
  1411 10029
  1412 10029
  1413 10029
  1414 10029
  1415 10029
  1416 10029
  1417 10029
  1418 10029
  1419 10029
  1420 10029
  1421 10029
  1422 10029
  1423 10029
  1424 10029
  1425 10029
  1426 10029
  1427 10029
  1428 10029
  1429 10029
  1430 10029
  1431 10029
  1432 10029
  1433 10029
  1434 10029
  1435 10029
  1436 10029
  1437 10029
  1438 10029
  1439 10029
  1440 10029
  1441 10029
  1442 10029
  1443 10029
  1444 10029
  1445 10029
  1446 10029
  1447 10029
  1448 10029
  1449 10029
  1450 10029
  1451 10029
  1452 10029
  1453 10029
  1454 10029
  1455 10029
  1456 10029
  1457 10029
  1458 10029
  1459 10029
  1460 10029
  1461 10029
  1462 10029
  1463 10029
  1464 10029
  1465 10029
  1466 10029
  1467 10029
  1468 10029
  1469 10029
  1470 10029
  1471 10029
  1472 10029
  1473 10029
  1474 10029
  1475 10029
  1476 10029
  1477 10029
  1478 10029
  1479 10029
  1480 10029
  1481 10029
  1482 10029
  1483 10029
  1484 10029
  1485 10029
  1486 10029
  1487 10029
  1488 10029
  1489 10029
  1490 10029
  1491 10029
  1492 10029
  1493 10029
  1494 10029
  1495 10029
  1496 10029
  1497 10029
  1498 10029
  1499 10029
  1500 10029
  1511 10052
  1514 10106
  1516 10055
  1517 10018
  1518 10018
  1519 10018
  1520 10158
  1521 10055
  1522 10055
  1523 10055
  1524 10055
  1525 10055
  1526 10055
  1527 10055
  1528 10055
  1529 10055
  1530 10055
  1531 10055
  1532 10055
  1533 10055
  1534 10055
  1535 10055
  1536 10055
  1537 10055
  1538 10055
  1539 10055
  1540 10055
  1541 10055
  1542 10055
  1543 10123
  1544 10123
  1545 10055
  1546 10055
  1547 10055
  1548 10055
  1549 10055
  1550 10055
  1551 10055
  1552 10055
  1553 10055
  1554 10055
  1555 10055
  1556 10055
  1557 10055
  1558 10055
  1559 10055
  1560 10154
  1561 10016
  1562 10074
  1563 10074
  1564 10074
  1565 10074
  1566 10074
  1567 10074
  1568 10074
  1569 10074
  1570 10074
  1571 10016
  1572 10016
  1573 10016
  1574 10016
  1575 10016
  1576 10016
  1577 10016
  1578 10016
  1579 10016
  1580 10016
  1581 10016
  1582 10016
  1583 10016
  1584 10016
  1585 10016
  1586 10016
  1587 10016
  1588 10016
  1589 10016
  1590 10016
  1591 10016
  1592 10143
  1593 10016
  1594 10016
  1595 10016
  1596 10016
  1597 10016
  1598 10016
  1599 10016
  1600 10016
  1601 10016
  1602 10016
  1603 10016
  1604 10016
  1605 10016
  1606 10016
  1607 10016
  1608 10016
  1609 10016
  1610 10016
  1611 10016
  1612 10016
  1613 10016
  1614 10016
  1615 10016
  1616 10016
  1617 10016
  1618 10016
  1619 10123
  1620 10123
  1622 10123
  1623 10134
  1624 10123
  1625 10123
  1626 10123
  1627 10123
  1628 10123
  1629 10068
  1630 10068
  1631 10068
  1632 10068
  1633 10068
  1634 10068
  1635 10068
  1636 10068
  1637 10068
  1638 10068
  1639 10068
  1640 10068
  1641 10068
  1642 10068
  1643 10068
  1644 10068
  1645 10068
  1646 10068
  1647 10068
  1648 10068
  1649 10068
  1650 10068
  1651 10068
  1652 10068
  1653 10068
  1654 10068
  1655 10068
  1656 10068
  1657 10068
  1658 10068
  1659 10068
  1660 10068
  1661 10068
  1662 10068
  1663 10068
  1664 10068
  1665 10068
  1666 10068
  1667 10068
  1668 10068
  1669 10068
  1670 10068
  1671 10068
  1672 10068
  1673 10068
  1674 10068
  1675 10068
  1676 10068
  1677 10068
  1678 10068
  1679 10068
  1680 10068
  1681 10068
  1682 10068
  1683 10068
  1684 10068
  1685 10068
  1686 10068
  1687 10068
  1688 10068
  1689 10068
  1690 10068
  1691 10068
  1692 10068
  1693 10068
  1694 10068
  1695 10068
  1696 10068
  1697 10068
  1698 10068
  1699 10068
  1700 10068
  1701 10068
  1702 10068
  1703 10068
  1704 10068
  1705 10068
  1706 10068
  1707 10068
  1708 10068
  1709 10068
  1710 10068
  1711 10068
  1712 10068
  1713 10068
  1714 10068
  1715 10068
  1716 10068
  1717 10068
  1718 10068
  1719 10068
  1720 10068
  1721 10068
  1722 10068
  1723 10068
  1724 10068
  1725 10068
  1726 10068
  1727 10068
  1728 10068
  1729 10068
  1730 10068
  1731 10068
  1732 10068
  1733 10068
  1734 10068
  1735 10068
  1736 10068
  1737 10068
  1738 10068
  1739 10068
  1740 10068
  1741 10068
  1742 10068
  1743 10068
  1744 10068
  1745 10068
  1746 10068
  1747 10068
  1748 10068
  1749 10068
  1750 10068
  1751 10068
  1752 10068
  1753 10068
  1754 10068
  1755 10068
  1756 10068
  1757 10068
  1758 10068
  1759 10068
  1760 10068
  1761 10068
  1762 10068
  1763 10068
  1764 10068
  1765 10068
  1766 10068
  1767 10068
  1768 10068
  1769 10068
  1770 10068
  1771 10068
  1772 10068
  1773 10068
  1774 10068
  1775 10068
  1776 10068
  1777 10068
  1778 10068
  1779 10068
  1780 10068
  1781 10068
  1782 10068
  1783 10068
  1784 10068
  1785 10068
  1786 10068
  1787 10068
  1788 10068
  1789 10068
  1790 10068
  1791 10068
  1792 10068
  1793 10068
  1794 10068
  1795 10068
  1796 10068
  1797 10068
  1798 10068
  1799 10068
  1800 10068
  1801 10068
  1802 10068
  1803 10068
  1804 10068
  1805 10068
  1806 10068
  1807 10068
  1808 10068
  1809 10068
  1810 10068
  1811 10068
  1812 10068
  1813 10068
  1814 10068
  1815 10068
  1816 10068
  1817 10068
  1818 10068
  1819 10068
  1820 10068
  1821 10068
  1822 10068
  1823 10068
  1824 10068
  1825 10068
  1826 10068
  1827 10068
  1828 10068
  1829 10068
  1830 10068
  1831 10068
  1832 10068
  1833 10068
  1834 10068
  1835 10068
  1836 10068
  1837 10068
  1838 10068
  1839 10068
  1840 10068
  1841 10068
  1842 10068
  1843 10068
  1844 10068
  1845 10068
  1846 10068
  1847 10068
  1848 10068
  1849 10068
  1850 10068
  1851 10068
  1852 10068
  1853 10068
  1854 10068
  1855 10068
  1856 10101
  1857 10068
  1858 10068
  1859 10068
  1860 10067
  1861 10067
  1862 10123
  1863 10123
  1864 10123
  1865 10123
  1866 10123
  1867 10123
  1868 10123
  1869 10123
  1870 10123
  1871 10123
  1872 10123
  1873 10123
  1874 10123
  1875 10123
  1876 10123
  1877 10123
  1878 10123
  1879 10123
  1880 10123
  1881 10123
  1882 10123
  1883 10123
  1884 10123
  1885 10123
  1886 10123
  1887 10123
  1888 10123
  1889 10123
  1890 10123
  1891 10123
  1892 10123
  1893 10123
  1894 10123
  1895 10123
  1896 10123
  1897 10123
  1898 10123
  1899 10123
  1900 10123
  1901 10123
  1902 10123
  1903 10123
  1904 10123
  1905 10123
  1906 10123
  1907 10123
  1908 10123
  1909 10123
  1910 10123
  1911 10123
  1912 10123
  1913 10123
  1914 10123
  1915 10123
  1916 10123
  1917 10123
  1918 10123
  1919 10123
  1920 10123
  1921 10123
  1922 10123
  1923 10123
  1924 10123
  1925 10123
  1926 10123
  1927 10123
  1928 10123
  1929 10123
  1930 10123
  1931 10123
  1932 10123
  1933 10123
  1934 10123
  1935 10123
  1936 10123
  1937 10123
  1938 10123
  1939 10123
  1940 10123
  1941 10123
  1942 10123
  1943 10123
  1944 10123
  1945 10123
  1946 10123
  1947 10123
  1948 10123
  1949 10123
  1950 10123
  1951 10123
  1952 10123
  1953 10123
  1954 10123
  1955 10123
  1956 10123
  1957 10123
  1958 10123
  1959 10123
  1960 10123
  1961 10123
  1962 10123
  1963 10123
  1964 10123
  1965 10123
  1966 10123
  1967 10123
  1968 10123
  1969 10123
  1970 10123
  1971 10123
  1972 10123
  1973 10123
  1974 10123
  1975 10123
  1976 10123
  1977 10123
  1978 10123
  1979 10123
  1980 10123
  1981 10123
  1982 10123
  1983 10123
  1984 10123
  1985 10123
  1986 10123
  1987 10123
  1988 10123
  1989 10123
  1990 10123
  1991 10123
  1992 10123
  1993 10123
  1994 10123
  1995 10123
  1996 10123
  1997 10123
  1998 10123
  1999 10123
  2000 10123
  2001 10123
  2002 10123
  2003 10123
  2004 10123
  2005 10123
  2006 10123
  2007 10123
  2008 10123
  2009 10123
  2010 10123
  2011 10123
  2012 10123
  2013 10123
  2014 10123
  2015 10123
  2016 10123
  2017 10123
  2018 10123
  2019 10123
  2020 10123
