   681 10017
   682 10017
   683 10017
   684 10017
   685 10017
   686 10017
   687 10017
   688 10017
   689 10017
   690 10017
   691 10017
   692 10017
   693 10017
   694 10017
   695 10017
   696 10017
   697 10017
   698 10017
   699 10017
   700 10017
   701 10017
   702 10017
   703 10017
   704 10017
   705 10017
   706 10017
   707 10017
   708 10017
   709 10017
   710 10017
   711 10017
   712 10017
   713 10017
   714 10017
   715 10017
   716 10017
   717 10017
   718 10017
   719 10017
   720 10017
   721 10017
   722 10017
   723 10017
   724 10017
   725 10017
   726 10017
   727 10017
   728 10017
   729 10017
   730 10017
   731 10017
   732 10017
   733 10017
   734 10017
   735 10017
   736 10017
   737 10017
   738 10017
   739 10017
   740 10017
   741 10017
   742 10017
   743 10017
   744 10017
   745 10017
   746 10017
   747 10017
   748 10017
   749 10017
   750 10017
   751 10017
   752 10017
   753 10017
   754 10017
   755 10017
   756 10017
   757 10017
   758 10017
   759 10017
   760 10017
   761 10017
   762 10017
   763 10017
   764 10017
   765 10017
   766 10017
   767 10017
   768 10017
   769 10017
   770 10017
   771 10017
   772 10017
   773 10017
   774 10017
   775 10017
   776 10017
   777 10017
   778 10017
   779 10017
   780 10017
   781 10169
   784 10101
   785 10061
   786 10061
   787 10061
   789 10007
   790 10007
   791 10007
   792 10007
   793 10007
   794 10007
   795 10007
   796 10007
   797 10007
   798 10007
   799 10007
   800 10007
   801 10007
   802 10007
   803 10007
   804 10007
   805 10007
   806 10007
   807 10007
   808 10007
   809 10007
   810 10007
   811 10007
   812 10007
   813 10007
   814 10007
   815 10007
   816 10007
   817 10007
   818 10007
   819 10007
   820 10007
   821 10007
   822 10007
   823 10007
   824 10007
   825 10007
   826 10007
   827 10007
   828 10007
   829 10007
   830 10007
   831 10007
   832 10007
   833 10007
   834 10007
   835 10007
   836 10007
   837 10007
   838 10007
   839 10007
   840 10007
   841 10007
   842 10007
   843 10007
   844 10007
   845 10007
   846 10007
   847 10007
   848 10007
   849 10007
   850 10007
   851 10007
   852 10007
   853 10007
   854 10007
   855 10007
   856 10007
   857 10007
   858 10007
   859 10007
   860 10007
   861 10007
   862 10007
   863 10007
   864 10007
   865 10007
   866 10007
   867 10007
   868 10007
   869 10007
   870 10007
   871 10007
   872 10007
   873 10007
   874 10007
   875 10007
   876 10007
   877 10007
   878 10007
   879 10007
   880 10007
   881 10007
   882 10007
   883 10007
   884 10007
   885 10007
   886 10007
   887 10007
   888 10007
   889 10007
   890 10007
   891 10007
   892 10007
   893 10007
   894 10007
   895 10007
   896 10007
   897 10007
   898 10007
   899 10007
   900 10007
   901 10007
   902 10007
   903 10007
   904 10007
   905 10007
   906 10007
   907 10007
   908 10007
   909 10007
   910 10007
   911 10007
   912 10007
   913 10007
   914 10007
   915 10007
   916 10007
   917 10007
   918 10007
   919 10007
   920 10007
   921 10007
   922 10007
   923 10007
   924 10007
   925 10007
   926 10007
   927 10007
   928 10007
   929 10007
   930 10007
   931 10007
   932 10007
   933 10007
   934 10007
   935 10007
   936 10007
   937 10007
   938 10007
   939 10007
   940 10007
   941 10007
   942 10007
   943 10007
   944 10007
   945 10007
   946 10007
   947 10007
   948 10007
   949 10007
   950 10007
   951 10007
   952 10007
   953 10007
   954 10007
   955 10007
   956 10007
   957 10007
   958 10007
   959 10007
   960 10007
   961 10007
   962 10007
   963 10007
   964 10007
   965 10007
   966 10007
   967 10007
   968 10007
   969 10007
   970 10007
   971 10007
   972 10007
   973 10007
   974 10007
   975 10007
   976 10007
   977 10007
   978 10007
   979 10007
   980 10007
   981 10007
   982 10007
   983 10007
   984 10007
   985 10007
   986 10007
   987 10007
   988 10007
   989 10007
   990 10007
   991 10007
   992 10007
   993 10007
   994 10007
   995 10007
   996 10007
   997 10007
   998 10007
   999 10007
  1000 10007
  1001 10007
  1002 10007
  1003 10007
  1004 10007
  1005 10007
  1006 10007
  1007 10007
  1008 10007
  1009 10007
  1010 10007
  1011 10007
  1012 10007
  1013 10007
  1014 10007
  1015 10007
  1016 10007
  1017 10007
  1018 10007
  1019 10007
  1020 10007
  1021 10137
  1026 10068
  1027 10068
  1028 10101
  1029 10068
  1030 10068
  1031 10068
  1032 10068
  1033 10068
  1034 10068
  1035 10068
  1036 10068
  1037 10068
  1038 10068
  1039 10068
  1040 10068
  1041 10068
  1042 10068
  1043 10068
  1044 10068
  1045 10068
  1046 10068
  1047 10068
  1048 10068
  1049 10068
  1050 10068
  1051 10068
  1052 10068
  1053 10068
  1054 10068
  1055 10068
  1056 10068
  1057 10068
  1058 10068
  1059 10068
  1060 10068
  1061 10068
  1062 10068
  1063 10068
  1064 10068
  1065 10068
  1066 10068
  1067 10068
  1068 10068
  1069 10068
  1070 10068
  1071 10068
  1072 10068
  1073 10068
  1074 10068
  1075 10068
  1076 10068
  1077 10068
  1078 10068
  1079 10068
  1080 10068
  1081 10068
  1082 10068
  1083 10068
  1084 10068
  1085 10068
  1086 10068
  1087 10068
  1088 10068
  1089 10068
  1090 10068
  1091 10068
  1092 10068
  1093 10068
  1094 10068
  1095 10068
  1096 10068
  1097 10068
  1098 10068
  1099 10068
  1100 10068
  1101 10068
  1102 10068
  1103 10068
  1104 10068
  1105 10068
  1106 10068
  1107 10068
  1108 10068
  1109 10068
  1110 10068
  1111 10068
  1112 10068
  1113 10068
  1114 10068
  1115 10068
  1116 10068
  1117 10068
  1118 10068
  1119 10068
  1120 10068
  1121 10068
  1122 10068
  1123 10068
  1124 10068
  1125 10068
  1126 10068
  1127 10068
  1128 10068
  1129 10068
  1130 10068
  1131 10068
  1132 10068
  1133 10068
  1134 10068
  1135 10068
  1136 10068
  1137 10068
  1138 10068
  1139 10068
  1140 10068
  1141 10068
  1142 10068
  1143 10068
  1144 10068
  1145 10068
  1146 10068
  1147 10068
  1148 10068
  1149 10068
  1150 10068
  1151 10068
  1152 10068
  1153 10068
  1154 10068
  1155 10068
  1156 10068
  1157 10068
  1158 10068
  1159 10068
  1160 10068
  1161 10068
  1162 10068
  1163 10068
  1164 10068
  1165 10068
  1166 10068
  1167 10068
  1168 10068
  1169 10068
  1170 10068
  1171 10068
  1172 10068
  1173 10068
  1174 10068
  1175 10068
  1176 10068
  1177 10068
  1178 10068
  1179 10068
  1180 10068
  1181 10068
  1182 10068
  1183 10068
  1184 10068
  1185 10068
  1186 10068
  1187 10068
  1188 10068
  1189 10068
  1190 10068
  1191 10068
  1192 10068
  1193 10068
  1194 10068
  1195 10068
  1196 10068
  1197 10068
  1198 10068
  1199 10068
  1200 10068
  1201 10068
  1202 10068
  1203 10068
  1204 10068
  1205 10068
  1206 10068
  1207 10068
  1208 10068
  1209 10068
  1210 10068
  1211 10068
  1212 10068
  1213 10068
  1214 10068
  1215 10068
  1216 10068
  1217 10068
  1218 10068
  1219 10068
  1220 10068
  1221 10068
  1222 10068
  1223 10068
  1224 10068
  1225 10068
  1226 10068
  1227 10068
  1228 10068
  1229 10068
  1230 10068
  1231 10068
  1232 10068
  1233 10068
  1234 10068
  1235 10068
  1236 10068
  1237 10068
  1238 10068
  1239 10068
  1240 10068
  1241 10068
  1242 10068
  1243 10068
  1244 10068
  1245 10068
  1246 10068
  1247 10068
  1248 10068
  1249 10068
  1250 10068
  1251 10068
  1252 10068
  1253 10068
  1254 10068
  1255 10068
  1256 10068
  1257 10068
  1258 10068
  1259 10090
  1260 10090
  1261 10138
  1262 10090
  1263 10090
  1264 10039
  1265 10039
  1266 10039
  1267 10039
  1268 10039
  1269 10039
  1270 10039
  1271 10039
  1272 10039
  1273 10039
  1274 10090
  1275 10039
  1276 10039
  1277 10039
  1278 10039
  1279 10039
  1280 10039
  1281 10039
  1282 10039
  1283 10039
  1284 10039
  1285 10039
  1286 10039
  1287 10039
  1288 10039
  1289 10039
  1290 10039
  1291 10039
  1292 10039
  1293 10039
  1294 10039
  1295 10039
  1296 10039
  1297 10039
  1298 10039
  1299 10039
  1300 10039
  1301 10039
  1302 10039
  1303 10039
  1304 10039
  1305 10039
  1306 10039
  1307 10039
  1308 10039
  1309 10039
  1310 10039
  1311 10039
  1312 10039
  1313 10039
  1314 10039
  1315 10039
  1316 10039
  1317 10039
  1318 10039
  1319 10039
  1320 10039
  1321 10039
  1322 10039
  1323 10039
  1324 10039
  1325 10039
  1326 10039
  1327 10039
  1328 10039
  1329 10039
  1330 10039
  1331 10039
  1332 10039
  1333 10039
  1334 10039
  1335 10039
  1336 10039
  1337 10039
  1338 10039
  1339 10039
  1340 10039
  1341 10039
  1342 10039
  1343 10039
  1344 10039
  1345 10039
  1346 10039
  1347 10039
  1348 10039
  1349 10039
  1350 10039
  1351 10039
  1352 10039
  1353 10039
  1354 10039
  1355 10039
  1356 10039
  1357 10039
  1358 10039
  1359 10039
  1360 10039
  1361 10039
  1362 10039
  1363 10039
  1364 10039
  1365 10039
  1366 10039
  1367 10039
  1368 10039
  1369 10039
  1370 10039
  1371 10039
  1372 10039
  1373 10039
  1374 10039
  1375 10039
  1376 10039
  1377 10039
  1378 10039
  1379 10039
  1380 10039
  1381 10039
  1382 10039
  1383 10039
  1384 10039
  1385 10039
  1386 10039
  1387 10039
  1388 10039
  1389 10039
  1390 10039
  1391 10039
  1392 10039
  1393 10039
  1394 10039
  1395 10039
  1396 10039
  1397 10039
  1398 10039
  1399 10039
  1400 10039
  1401 10039
  1402 10039
  1403 10039
  1404 10039
  1405 10039
  1406 10039
  1407 10039
  1408 10039
  1409 10039
  1410 10039
  1411 10039
  1412 10039
  1413 10039
  1414 10039
  1415 10039
  1416 10039
  1417 10039
  1418 10039
  1419 10039
  1420 10039
  1421 10039
  1422 10039
  1423 10039
  1424 10039
  1425 10039
  1426 10039
  1427 10039
  1428 10039
  1429 10039
  1430 10039
  1431 10039
  1432 10039
  1433 10039
  1434 10039
  1435 10039
  1436 10039
  1437 10039
  1438 10039
  1439 10039
  1440 10039
  1441 10039
  1442 10039
  1443 10039
  1444 10039
  1445 10039
  1446 10039
  1447 10039
  1448 10039
  1449 10039
  1450 10039
  1451 10039
  1452 10039
  1453 10039
  1454 10039
  1455 10039
  1456 10039
  1457 10039
  1458 10039
  1459 10039
  1460 10039
  1461 10039
  1462 10039
  1463 10039
  1464 10039
  1465 10039
  1466 10039
  1467 10039
  1468 10039
  1469 10039
  1470 10039
  1471 10039
  1472 10039
  1473 10039
  1474 10039
  1475 10039
  1476 10039
  1477 10039
  1478 10039
  1479 10039
  1480 10039
  1481 10039
  1482 10039
  1483 10039
  1484 10039
  1485 10039
  1486 10039
  1487 10039
  1488 10039
  1489 10039
  1490 10039
  1491 10039
  1492 10039
  1493 10039
  1494 10039
  1495 10039
  1496 10039
  1497 10039
  1498 10039
  1499 10039
  1500 10039
  1503 10101
  1504 10141
  1505 10141
  1506 10141
  1507 10036
  1508 10016
  1509 10036
  1510 10036
  1511 10036
  1512 10036
  1513 10036
  1514 10036
  1515 10016
  1516 10016
  1517 10036
  1518 10036
  1519 10036
  1525 10061
  1526 10061
  1527 10141
  1528 10061
  1529 10141
  1530 10141
  1531 10141
  1532 10141
  1533 10141
  1534 10141
  1535 10173
  1539 10018
  1540 10018
  1541 10018
  1542 10018
  1543 10018
  1544 10018
  1545 10018
  1546 10055
  1547 10140
  1548 10140
  1549 10140
  1550 10140
  1551 10140
  1552 10140
  1553 10140
  1554 10140
  1555 10140
  1556 10140
  1557 10140
  1558 10140
  1559 10140
  1560 10140
  1561 10140
  1562 10140
  1563 10140
  1564 10140
  1565 10140
  1566 10140
  1567 10140
  1568 10140
  1569 10140
  1570 10140
  1571 10140
  1572 10140
  1573 10140
  1574 10140
  1575 10055
  1576 10055
  1577 10098
  1578 10098
  1579 10098
  1580 10016
  1581 10055
  1584 10036
  1585 10016
  1586 10016
  1587 10016
  1588 10016
  1589 10016
  1590 10016
  1591 10016
  1592 10143
  1593 10143
  1594 10143
  1595 10143
  1596 10016
  1597 10016
  1598 10016
  1599 10016
  1600 10016
  1601 10016
  1602 10016
  1603 10016
  1604 10016
  1605 10016
  1606 10016
  1607 10016
  1608 10016
  1609 10016
  1610 10016
  1611 10016
  1612 10071
  1613 10016
  1614 10016
  1615 10016
  1616 10130
  1618 10130
  1621 10151
  1623 10041
  1624 10041
  1625 10041
  1626 10041
  1627 10041
  1628 10041
  1629 10041
  1630 10041
  1631 10041
  1632 10041
  1633 10041
  1634 10041
  1635 10041
  1636 10041
  1637 10041
  1638 10041
  1639 10041
  1640 10041
  1641 10041
  1642 10041
  1643 10041
  1644 10041
  1645 10041
  1646 10041
  1647 10041
  1648 10041
  1649 10041
  1650 10041
  1651 10041
  1652 10041
  1653 10041
  1654 10041
  1655 10041
  1656 10041
  1657 10041
  1658 10041
  1659 10041
  1660 10041
  1661 10041
  1662 10041
  1663 10041
  1664 10041
  1665 10041
  1666 10041
  1667 10041
  1668 10041
  1669 10041
  1670 10041
  1671 10041
  1672 10041
  1673 10041
  1674 10041
  1675 10041
  1676 10041
  1677 10041
  1678 10041
  1679 10041
  1680 10041
  1681 10041
  1682 10041
  1683 10041
  1684 10041
  1685 10041
  1686 10041
  1687 10041
  1688 10041
  1689 10041
  1690 10041
  1691 10041
  1692 10041
  1693 10041
  1694 10041
  1695 10041
  1696 10041
  1697 10041
  1698 10041
  1699 10041
  1700 10041
  1701 10041
  1702 10041
  1703 10041
  1704 10041
  1705 10041
  1706 10041
  1707 10041
  1708 10041
  1709 10041
  1710 10041
  1711 10041
  1712 10041
  1713 10041
  1714 10041
  1715 10041
  1716 10041
  1717 10041
  1718 10041
  1719 10041
  1720 10041
  1721 10041
  1722 10041
  1723 10041
  1724 10041
  1725 10041
  1726 10041
  1727 10041
  1728 10041
  1729 10041
  1730 10041
  1731 10041
  1732 10041
  1733 10041
  1734 10041
  1735 10041
  1736 10041
  1737 10041
  1738 10041
  1739 10041
  1740 10041
  1741 10041
  1742 10041
  1743 10041
  1744 10041
  1745 10041
  1746 10041
  1747 10041
  1748 10041
  1749 10041
  1750 10041
  1751 10041
  1752 10041
  1753 10041
  1754 10041
  1755 10041
  1756 10041
  1757 10041
  1758 10041
  1759 10041
  1760 10041
  1761 10041
  1762 10041
  1763 10041
  1764 10041
  1765 10041
  1766 10041
  1767 10041
  1768 10041
  1769 10041
  1770 10041
  1771 10041
  1772 10041
  1773 10041
  1774 10041
  1775 10041
  1776 10041
  1777 10041
  1778 10041
  1779 10041
  1780 10041
  1781 10041
  1782 10041
  1783 10041
  1784 10041
  1785 10041
  1786 10041
  1787 10041
  1788 10041
  1789 10041
  1790 10041
  1791 10041
  1792 10041
  1793 10041
  1794 10041
  1795 10041
  1796 10041
  1797 10041
  1798 10041
  1799 10041
  1800 10041
  1801 10041
  1802 10041
  1803 10041
  1804 10041
  1805 10041
  1806 10041
  1807 10041
  1808 10041
  1809 10041
  1810 10041
  1811 10041
  1812 10041
  1813 10041
  1814 10041
  1815 10041
  1816 10041
  1817 10041
  1818 10041
  1819 10041
  1820 10041
  1821 10041
  1822 10041
  1823 10041
  1824 10041
  1825 10041
  1826 10041
  1827 10041
  1828 10041
  1829 10041
  1830 10041
  1831 10041
  1832 10041
  1833 10041
  1834 10041
  1835 10041
  1836 10041
  1837 10041
  1838 10041
  1839 10041
  1840 10041
  1841 10041
  1842 10041
  1843 10041
  1844 10041
  1845 10041
  1846 10041
  1847 10041
  1848 10041
  1849 10041
  1850 10041
  1851 10041
  1852 10041
  1853 10041
  1854 10041
  1855 10041
  1856 10041
  1857 10041
  1858 10041
  1859 10041
  1860 10041
  1861 10041
  1862 10045
  1863 10167
  1864 10167
  1865 10167
  1866 10167
  1868 10167
  1869 10167
  1870 10167
  1871 10167
  1872 10167
  1873 10167
  1874 10167
  1875 10167
  1876 10167
  1877 10167
  1878 10167
  1879 10167
  1880 10167
  1881 10167
  1882 10167
  1883 10167
  1884 10167
  1885 10167
  1886 10167
  1887 10167
  1888 10167
  1889 10167
  1890 10167
  1891 10167
  1892 10167
  1893 10167
  1894 10167
  1895 10167
  1896 10167
  1897 10167
  1898 10167
  1899 10167
  1900 10167
  1901 10167
  1902 10167
  1903 10167
  1904 10167
  1905 10167
  1906 10167
  1907 10167
  1908 10167
  1909 10167
  1910 10167
  1911 10167
  1912 10167
  1913 10167
  1914 10167
  1915 10167
  1916 10167
  1917 10167
  1918 10167
  1919 10167
  1920 10167
  1921 10167
  1922 10167
  1923 10167
  1924 10167
  1925 10167
  1926 10167
  1927 10167
  1928 10167
  1929 10167
  1930 10167
  1931 10167
  1932 10167
  1933 10167
  1934 10167
  1935 10167
  1936 10167
  1937 10167
  1938 10167
  1939 10167
  1940 10167
  1941 10167
  1942 10167
  1943 10167
  1944 10167
  1945 10167
  1946 10167
  1947 10167
  1948 10167
  1949 10167
  1950 10167
  1951 10167
  1952 10167
  1953 10167
  1954 10167
  1955 10167
  1956 10167
  1957 10167
  1958 10167
  1959 10167
  1960 10167
  1961 10167
  1962 10167
  1963 10167
  1964 10167
  1965 10167
  1966 10167
  1967 10167
  1968 10167
  1969 10167
  1970 10167
  1971 10167
  1972 10167
  1973 10167
  1974 10167
  1975 10167
  1976 10167
  1977 10167
  1978 10167
  1979 10167
  1980 10167
  1981 10167
  1982 10167
  1983 10167
  1984 10167
  1985 10167
  1986 10167
  1987 10167
  1988 10167
  1989 10167
  1990 10167
  1991 10167
  1992 10167
  1993 10167
  1994 10167
  1995 10167
  1996 10167
  1997 10167
  1998 10167
  1999 10167
  2000 10167
  2001 10167
  2002 10167
  2003 10167
  2004 10167
  2005 10167
  2006 10167
  2007 10167
  2008 10167
  2009 10167
  2010 10167
  2011 10167
  2012 10167
  2013 10167
  2014 10167
  2015 10167
  2016 10167
  2017 10167
  2018 10167
  2019 10167
  2020 10167
  2021 10167
  2022 10167
  2023 10167
  2024 10167
  2025 10143
  2026 10143
  2027 10111
  2028 10111
  2029 10111
  2030 10154
  2031 10154
  2032 10154
  2033 10154
  2034 10154
  2045 10022
