   690 10134
   691 10134
   692 10134
   693 10134
   694 10134
   695 10134
   696 10134
   697 10134
   698 10134
   699 10134
   700 10134
   701 10134
   702 10134
   703 10134
   704 10134
   705 10134
   706 10134
   707 10134
   708 10134
   709 10134
   710 10134
   711 10134
   712 10134
   713 10134
   714 10134
   715 10134
   716 10134
   717 10134
   718 10134
   719 10134
   720 10134
   721 10134
   722 10134
   723 10134
   724 10134
   725 10134
   726 10134
   727 10134
   728 10134
   729 10134
   730 10134
   731 10134
   732 10134
   733 10134
   734 10134
   735 10134
   736 10134
   737 10134
   738 10134
   739 10134
   740 10134
   741 10134
   742 10134
   743 10134
   744 10134
   745 10134
   746 10134
   747 10134
   748 10134
   749 10134
   750 10134
   751 10134
   752 10134
   753 10134
   754 10134
   755 10134
   756 10134
   757 10134
   758 10134
   759 10134
   760 10134
   761 10134
   762 10134
   763 10134
   764 10134
   765 10134
   766 10134
   767 10134
   768 10134
   769 10134
   770 10134
   771 10134
   772 10134
   773 10134
   774 10134
   775 10134
   776 10134
   777 10134
   778 10134
   779 10134
   780 10134
   781 10134
   782 10134
   783 10134
   786 10145
   787 10145
   788 10145
   789 10145
   790 10145
   791 10145
   792 10145
   793 10145
   794 10145
   795 10145
   796 10145
   797 10145
   798 10145
   799 10145
   800 10145
   801 10145
   802 10145
   803 10145
   804 10145
   805 10145
   806 10145
   807 10145
   808 10145
   809 10145
   810 10145
   811 10145
   812 10145
   813 10145
   814 10145
   815 10145
   816 10145
   817 10145
   818 10145
   819 10145
   820 10145
   821 10145
   822 10145
   823 10145
   824 10145
   825 10145
   826 10145
   827 10145
   828 10145
   829 10145
   830 10145
   831 10145
   832 10145
   833 10145
   834 10145
   835 10145
   836 10145
   837 10145
   838 10145
   839 10145
   840 10145
   841 10145
   842 10145
   843 10145
   844 10145
   845 10145
   846 10145
   847 10145
   848 10145
   849 10145
   850 10145
   851 10145
   852 10145
   853 10145
   854 10145
   855 10145
   856 10145
   857 10145
   858 10145
   859 10145
   860 10145
   861 10145
   862 10145
   863 10145
   864 10145
   865 10145
   866 10145
   867 10145
   868 10145
   869 10145
   870 10145
   871 10145
   872 10145
   873 10145
   874 10145
   875 10145
   876 10145
   877 10145
   878 10145
   879 10145
   880 10145
   881 10145
   882 10145
   883 10145
   884 10145
   885 10145
   886 10145
   887 10145
   888 10145
   889 10145
   890 10145
   891 10145
   892 10145
   893 10145
   894 10145
   895 10145
   896 10145
   897 10145
   898 10145
   899 10145
   900 10145
   901 10145
   902 10145
   903 10145
   904 10145
   905 10145
   906 10145
   907 10145
   908 10145
   909 10145
   910 10145
   911 10145
   912 10145
   913 10145
   914 10145
   915 10145
   916 10145
   917 10145
   918 10145
   919 10145
   920 10145
   921 10145
   922 10145
   923 10145
   924 10145
   925 10145
   926 10145
   927 10145
   928 10145
   929 10145
   930 10145
   931 10145
   932 10145
   933 10145
   934 10145
   935 10145
   936 10145
   937 10145
   938 10145
   939 10145
   940 10145
   941 10145
   942 10145
   943 10145
   944 10145
   945 10145
   946 10145
   947 10145
   948 10145
   949 10145
   950 10145
   951 10145
   952 10145
   953 10145
   954 10145
   955 10145
   956 10145
   957 10145
   958 10145
   959 10145
   960 10145
   961 10145
   962 10145
   963 10145
   964 10145
   965 10145
   966 10145
   967 10145
   968 10145
   969 10145
   970 10145
   971 10145
   972 10145
   973 10145
   974 10145
   975 10145
   976 10145
   977 10145
   978 10145
   979 10145
   980 10145
   981 10145
   982 10145
   983 10145
   984 10145
   985 10145
   986 10145
   987 10145
   988 10145
   989 10145
   990 10145
   991 10145
   992 10145
   993 10145
   994 10145
   995 10145
   996 10145
   997 10145
   998 10145
   999 10145
  1000 10145
  1001 10145
  1002 10145
  1003 10145
  1004 10145
  1005 10145
  1006 10145
  1007 10145
  1008 10145
  1009 10145
  1010 10145
  1011 10145
  1012 10145
  1013 10145
  1014 10145
  1015 10145
  1016 10145
  1017 10145
  1018 10145
  1019 10145
  1020 10145
  1023 10033
  1024 10033
  1025 10033
  1026 10033
  1027 10033
  1028 10033
  1029 10033
  1030 10033
  1031 10033
  1032 10033
  1033 10033
  1034 10033
  1035 10033
  1036 10033
  1037 10033
  1038 10033
  1039 10033
  1040 10033
  1041 10033
  1042 10033
  1043 10033
  1044 10033
  1045 10033
  1046 10033
  1047 10033
  1048 10033
  1049 10033
  1050 10033
  1051 10033
  1052 10033
  1053 10033
  1054 10033
  1055 10033
  1056 10033
  1057 10033
  1058 10033
  1059 10033
  1060 10033
  1061 10033
  1062 10033
  1063 10033
  1064 10033
  1065 10033
  1066 10033
  1067 10033
  1068 10033
  1069 10033
  1070 10033
  1071 10033
  1072 10033
  1073 10033
  1074 10033
  1075 10033
  1076 10033
  1077 10033
  1078 10033
  1079 10033
  1080 10033
  1081 10033
  1082 10033
  1083 10033
  1084 10033
  1085 10033
  1086 10033
  1087 10033
  1088 10033
  1089 10033
  1090 10033
  1091 10033
  1092 10033
  1093 10033
  1094 10033
  1095 10033
  1096 10033
  1097 10033
  1098 10033
  1099 10033
  1100 10033
  1101 10033
  1102 10033
  1103 10033
  1104 10033
  1105 10033
  1106 10033
  1107 10033
  1108 10033
  1109 10033
  1110 10033
  1111 10033
  1112 10033
  1113 10033
  1114 10033
  1115 10033
  1116 10033
  1117 10033
  1118 10033
  1119 10033
  1120 10033
  1121 10033
  1122 10033
  1123 10033
  1124 10033
  1125 10033
  1126 10033
  1127 10033
  1128 10033
  1129 10033
  1130 10033
  1131 10033
  1132 10033
  1133 10033
  1134 10033
  1135 10033
  1136 10033
  1137 10033
  1138 10033
  1139 10033
  1140 10033
  1141 10033
  1142 10033
  1143 10033
  1144 10033
  1145 10033
  1146 10033
  1147 10033
  1148 10033
  1149 10033
  1150 10033
  1151 10033
  1152 10033
  1153 10033
  1154 10033
  1155 10033
  1156 10033
  1157 10033
  1158 10033
  1159 10033
  1160 10033
  1161 10033
  1162 10033
  1163 10033
  1164 10033
  1165 10033
  1166 10033
  1167 10033
  1168 10033
  1169 10033
  1170 10033
  1171 10033
  1172 10033
  1173 10033
  1174 10033
  1175 10033
  1176 10033
  1177 10033
  1178 10033
  1179 10033
  1180 10033
  1181 10033
  1182 10033
  1183 10033
  1184 10033
  1185 10033
  1186 10033
  1187 10033
  1188 10033
  1189 10033
  1190 10033
  1191 10033
  1192 10033
  1193 10033
  1194 10033
  1195 10033
  1196 10033
  1197 10033
  1198 10033
  1199 10033
  1200 10033
  1201 10033
  1202 10033
  1203 10033
  1204 10033
  1205 10033
  1206 10033
  1207 10033
  1208 10033
  1209 10033
  1210 10033
  1211 10033
  1212 10033
  1213 10033
  1214 10033
  1215 10033
  1216 10033
  1217 10033
  1218 10033
  1219 10033
  1220 10033
  1221 10033
  1222 10033
  1223 10033
  1224 10033
  1225 10033
  1226 10033
  1227 10033
  1228 10033
  1229 10033
  1230 10033
  1231 10033
  1232 10033
  1233 10033
  1234 10033
  1235 10033
  1236 10033
  1237 10033
  1238 10033
  1239 10033
  1240 10033
  1241 10033
  1242 10033
  1243 10033
  1244 10033
  1245 10033
  1246 10033
  1247 10033
  1248 10033
  1249 10033
  1250 10033
  1251 10033
  1252 10033
  1253 10033
  1254 10033
  1255 10033
  1256 10033
  1257 10033
  1258 10014
  1259 10014
  1260 10143
  1261 10154
  1262 10143
  1263 10081
  1264 10081
  1265 10081
  1266 10081
  1267 10081
  1268 10081
  1269 10081
  1270 10081
  1271 10081
  1272 10081
  1273 10081
  1274 10081
  1275 10081
  1276 10081
  1277 10081
  1278 10081
  1279 10081
  1280 10081
  1281 10081
  1282 10081
  1283 10081
  1284 10081
  1285 10081
  1286 10081
  1287 10081
  1288 10081
  1289 10081
  1290 10081
  1291 10081
  1292 10081
  1293 10081
  1294 10081
  1295 10081
  1296 10081
  1297 10081
  1298 10081
  1299 10081
  1300 10081
  1301 10081
  1302 10081
  1303 10081
  1304 10081
  1305 10081
  1306 10081
  1307 10081
  1308 10081
  1309 10081
  1310 10081
  1311 10081
  1312 10081
  1313 10081
  1314 10081
  1315 10081
  1316 10081
  1317 10081
  1318 10081
  1319 10081
  1320 10081
  1321 10081
  1322 10081
  1323 10081
  1324 10081
  1325 10081
  1326 10081
  1327 10081
  1328 10081
  1329 10081
  1330 10081
  1331 10081
  1332 10081
  1333 10081
  1334 10081
  1335 10081
  1336 10081
  1337 10081
  1338 10081
  1339 10081
  1340 10081
  1341 10081
  1342 10081
  1343 10081
  1344 10081
  1345 10081
  1346 10081
  1347 10081
  1348 10081
  1349 10081
  1350 10081
  1351 10081
  1352 10081
  1353 10081
  1354 10081
  1355 10081
  1356 10081
  1357 10081
  1358 10081
  1359 10081
  1360 10081
  1361 10081
  1362 10081
  1363 10081
  1364 10081
  1365 10081
  1366 10081
  1367 10081
  1368 10081
  1369 10081
  1370 10081
  1371 10081
  1372 10081
  1373 10081
  1374 10081
  1375 10081
  1376 10081
  1377 10081
  1378 10081
  1379 10081
  1380 10081
  1381 10081
  1382 10081
  1383 10081
  1384 10081
  1385 10081
  1386 10081
  1387 10081
  1388 10081
  1389 10081
  1390 10081
  1391 10081
  1392 10081
  1393 10081
  1394 10081
  1395 10081
  1396 10081
  1397 10081
  1398 10081
  1399 10081
  1400 10081
  1401 10081
  1402 10081
  1403 10081
  1404 10081
  1405 10081
  1406 10081
  1407 10081
  1408 10081
  1409 10081
  1410 10081
  1411 10081
  1412 10081
  1413 10081
  1414 10081
  1415 10081
  1416 10081
  1417 10081
  1418 10081
  1419 10081
  1420 10081
  1421 10081
  1422 10081
  1423 10081
  1424 10081
  1425 10081
  1426 10081
  1427 10081
  1428 10081
  1429 10081
  1430 10081
  1431 10081
  1432 10081
  1433 10081
  1434 10081
  1435 10081
  1436 10081
  1437 10081
  1438 10081
  1439 10081
  1440 10081
  1441 10081
  1442 10081
  1443 10081
  1444 10081
  1445 10081
  1446 10081
  1447 10081
  1448 10081
  1449 10081
  1450 10081
  1451 10081
  1452 10081
  1453 10081
  1454 10081
  1455 10081
  1456 10081
  1457 10081
  1458 10081
  1459 10081
  1460 10081
  1461 10081
  1462 10081
  1463 10081
  1464 10081
  1465 10081
  1466 10081
  1467 10081
  1468 10081
  1469 10081
  1470 10081
  1471 10081
  1472 10081
  1473 10081
  1474 10081
  1475 10081
  1476 10081
  1477 10081
  1478 10081
  1479 10081
  1480 10081
  1481 10081
  1482 10081
  1483 10081
  1484 10081
  1485 10081
  1486 10081
  1487 10081
  1488 10081
  1489 10081
  1490 10081
  1491 10081
  1492 10081
  1493 10081
  1494 10081
  1495 10081
  1496 10081
  1497 10081
  1498 10081
  1499 10081
  1500 10081
  1502 10055
  1506 10018
  1507 10018
  1508 10018
  1509 10018
  1510 10018
  1511 10018
  1512 10018
  1513 10040
  1514 10040
  1515 10040
  1516 10023
  1517 10023
  1518 10023
  1519 10023
  1520 10023
  1523 10098
  1524 10098
  1525 10018
  1526 10018
  1527 10098
  1529 10018
  1568 10040
  1569 10040
  1570 10018
  1571 10018
  1572 10055
  1573 10055
  1574 10055
  1576 10130
  1577 10154
  1578 10154
  1603 10054
  1604 10052
  1605 10052
  1610 10094
  1612 10052
  1619 10103
  1620 10103
  1621 10103
  1622 10122
  1623 10122
  1624 10122
  1625 10122
  1626 10122
  1627 10122
  1628 10122
  1629 10122
  1630 10122
  1631 10122
  1632 10122
  1633 10122
  1634 10122
  1635 10122
  1636 10122
  1637 10122
  1638 10122
  1639 10122
  1640 10122
  1641 10122
  1642 10122
  1643 10122
  1644 10122
  1645 10122
  1646 10122
  1647 10122
  1648 10122
  1649 10122
  1650 10122
  1651 10122
  1652 10122
  1653 10122
  1654 10122
  1655 10122
  1656 10122
  1657 10122
  1658 10122
  1659 10122
  1660 10122
  1661 10122
  1662 10122
  1663 10122
  1664 10122
  1665 10122
  1666 10122
  1667 10122
  1668 10122
  1669 10122
  1670 10122
  1671 10122
  1672 10122
  1673 10122
  1674 10122
  1675 10122
  1676 10122
  1677 10122
  1678 10122
  1679 10122
  1680 10122
  1681 10122
  1682 10122
  1683 10122
  1684 10122
  1685 10122
  1686 10122
  1687 10122
  1688 10122
  1689 10122
  1690 10122
  1691 10122
  1692 10122
  1693 10122
  1694 10122
  1695 10122
  1696 10122
  1697 10122
  1698 10122
  1699 10122
  1700 10122
  1701 10122
  1702 10122
  1703 10122
  1704 10122
  1705 10122
  1706 10122
  1707 10122
  1708 10122
  1709 10122
  1710 10122
  1711 10122
  1712 10122
  1713 10122
  1714 10122
  1715 10122
  1716 10122
  1717 10122
  1718 10122
  1719 10122
  1720 10122
  1721 10122
  1722 10122
  1723 10122
  1724 10122
  1725 10122
  1726 10122
  1727 10122
  1728 10122
  1729 10122
  1730 10122
  1731 10122
  1732 10122
  1733 10122
  1734 10122
  1735 10122
  1736 10122
  1737 10122
  1738 10122
  1739 10122
  1740 10122
  1741 10122
  1742 10122
  1743 10122
  1744 10122
  1745 10122
  1746 10122
  1747 10122
  1748 10122
  1749 10122
  1750 10122
  1751 10122
  1752 10122
  1753 10122
  1754 10122
  1755 10122
  1756 10122
  1757 10122
  1758 10122
  1759 10122
  1760 10122
  1761 10122
  1762 10122
  1763 10122
  1764 10122
  1765 10122
  1766 10122
  1767 10122
  1768 10122
  1769 10122
  1770 10122
  1771 10122
  1772 10122
  1773 10122
  1774 10122
  1775 10122
  1776 10122
  1777 10122
  1778 10122
  1779 10122
  1780 10122
  1781 10122
  1782 10122
  1783 10122
  1784 10122
  1785 10122
  1786 10122
  1787 10122
  1788 10122
  1789 10122
  1790 10122
  1791 10122
  1792 10122
  1793 10122
  1794 10122
  1795 10122
  1796 10122
  1797 10122
  1798 10122
  1799 10122
  1800 10122
  1801 10122
  1802 10122
  1803 10122
  1804 10122
  1805 10122
  1806 10122
  1807 10122
  1808 10122
  1809 10122
  1810 10122
  1811 10122
  1812 10122
  1813 10122
  1814 10122
  1815 10122
  1816 10122
  1817 10122
  1818 10122
  1819 10122
  1820 10122
  1821 10122
  1822 10122
  1823 10122
  1824 10122
  1825 10122
  1826 10122
  1827 10122
  1828 10122
  1829 10122
  1830 10122
  1831 10122
  1832 10122
  1833 10122
  1834 10122
  1835 10122
  1836 10122
  1837 10122
  1838 10122
  1839 10122
  1840 10122
  1841 10122
  1842 10122
  1843 10122
  1844 10122
  1845 10122
  1846 10122
  1847 10122
  1848 10122
  1849 10122
  1850 10122
  1851 10122
  1852 10122
  1853 10122
  1854 10122
  1855 10122
  1856 10122
  1857 10122
  1858 10122
  1863 10171
  1865 10163
  1866 10163
  1867 10163
  1868 10101
  1869 10101
  1870 10101
  1871 10101
  1872 10101
  1873 10101
  1874 10101
  1875 10101
  1876 10101
  1877 10101
  1878 10101
  1879 10141
  1880 10141
  1881 10055
  1883 10018
  1884 10018
  1887 10055
  1889 10116
  1890 10129
  1893 10089
  1894 10089
  1895 10089
  1896 10089
  1897 10089
  1898 10089
  1899 10089
  1901 10154
  1902 10154
  1903 10154
  1904 10014
  1905 10014
  1906 10014
  1907 10014
  1908 10014
  1909 10014
  1910 10014
  1911 10014
  1912 10143
  1913 10143
  1914 10143
  1916 10089
  1917 10089
  1918 10089
  1919 10089
  1920 10089
  1921 10089
  1922 10089
  1923 10089
  1924 10089
  1925 10089
  1926 10089
  1927 10089
  1928 10089
  1929 10089
  1930 10089
  1931 10089
  1932 10089
  1933 10089
  1934 10089
  1935 10089
  1936 10089
  1943 10101
  1946 10101
  1947 10101
  1948 10141
  1949 10101
  1950 10101
  1951 10101
  1952 10141
  1953 10141
  1954 10141
  1955 10141
  1956 10141
  1957 10141
  1958 10141
  1961 10141
  1962 10141
  1966 10141
  1967 10141
  1968 10141
  1969 10141
  1970 10141
  1971 10141
  1972 10141
  1973 10141
  1974 10141
  1975 10141
  1976 10141
  1977 10141
  1978 10141
  1980 10141
  1982 10141
  1983 10141
  1984 10141
  1985 10141
  1986 10141
  1987 10141
  1988 10141
  1989 10141
  1990 10141
  1991 10169
  1992 10169
  1993 10169
  1994 10141
  1995 10141
  1996 10101
  1997 10101
  1998 10141
  1999 10141
  2000 10141
  2001 10141
  2002 10141
  2003 10141
  2004 10141
  2005 10101
  2006 10101
  2007 10101
  2008 10141
  2009 10141
  2015 10141
  2016 10169
  2017 10169
  2018 10169
  2019 10169
  2020 10101
  2021 10141
  2022 10141
  2023 10141
  2024 10141
  2025 10141
  2026 10134
