   690 10163
   691 10163
   692 10163
   693 10163
   694 10163
   695 10163
   696 10163
   697 10163
   698 10163
   699 10163
   700 10163
   701 10163
   702 10163
   703 10163
   704 10163
   705 10163
   706 10163
   707 10163
   708 10163
   709 10163
   710 10163
   711 10163
   712 10163
   713 10163
   714 10163
   715 10163
   716 10163
   717 10163
   718 10163
   719 10163
   720 10163
   721 10163
   722 10163
   723 10163
   724 10163
   725 10163
   726 10163
   727 10163
   728 10163
   729 10163
   730 10163
   731 10163
   732 10163
   733 10163
   734 10163
   735 10163
   736 10163
   737 10163
   738 10163
   739 10163
   740 10163
   741 10163
   742 10163
   743 10163
   744 10163
   745 10163
   746 10163
   747 10163
   748 10163
   749 10163
   750 10163
   751 10163
   752 10163
   753 10163
   754 10163
   755 10163
   756 10163
   757 10163
   758 10163
   759 10163
   760 10163
   761 10163
   762 10163
   763 10163
   764 10163
   765 10163
   766 10163
   767 10163
   768 10163
   769 10163
   770 10163
   771 10163
   772 10163
   773 10163
   774 10163
   775 10163
   776 10163
   777 10163
   778 10163
   779 10163
   780 10163
   781 10163
   782 10163
   783 10101
   784 10101
   790 10118
   791 10036
   792 10036
   793 10036
   794 10036
   795 10118
   796 10118
   797 10118
   798 10118
   799 10118
   800 10118
   801 10118
   802 10118
   803 10118
   804 10118
   805 10118
   806 10118
   807 10118
   808 10118
   809 10118
   810 10118
   811 10118
   812 10118
   813 10118
   814 10118
   815 10118
   816 10118
   817 10118
   818 10118
   819 10118
   820 10118
   821 10118
   822 10118
   823 10118
   824 10118
   825 10118
   826 10118
   827 10118
   828 10118
   829 10118
   830 10118
   831 10118
   832 10118
   833 10118
   834 10118
   835 10118
   836 10118
   837 10118
   838 10118
   839 10118
   840 10118
   841 10118
   842 10118
   843 10118
   844 10118
   845 10118
   846 10118
   847 10118
   848 10118
   849 10118
   850 10118
   851 10118
   852 10118
   853 10118
   854 10118
   855 10118
   856 10118
   857 10118
   858 10118
   859 10118
   860 10118
   861 10118
   862 10118
   863 10118
   864 10118
   865 10118
   866 10118
   867 10118
   868 10118
   869 10118
   870 10118
   871 10118
   872 10118
   873 10118
   874 10118
   875 10118
   876 10118
   877 10118
   878 10118
   879 10118
   880 10118
   881 10118
   882 10118
   883 10118
   884 10118
   885 10118
   886 10118
   887 10118
   888 10118
   889 10118
   890 10118
   891 10118
   892 10118
   893 10118
   894 10118
   895 10118
   896 10118
   897 10118
   898 10118
   899 10118
   900 10118
   901 10118
   902 10118
   903 10118
   904 10118
   905 10118
   906 10118
   907 10118
   908 10118
   909 10118
   910 10118
   911 10118
   912 10118
   913 10118
   914 10118
   915 10118
   916 10118
   917 10118
   918 10118
   919 10118
   920 10118
   921 10118
   922 10118
   923 10118
   924 10118
   925 10118
   926 10118
   927 10118
   928 10118
   929 10118
   930 10118
   931 10118
   932 10118
   933 10118
   934 10118
   935 10118
   936 10118
   937 10118
   938 10118
   939 10118
   940 10118
   941 10118
   942 10118
   943 10118
   944 10118
   945 10118
   946 10118
   947 10118
   948 10118
   949 10118
   950 10118
   951 10118
   952 10118
   953 10118
   954 10118
   955 10118
   956 10118
   957 10118
   958 10118
   959 10118
   960 10118
   961 10118
   962 10118
   963 10118
   964 10118
   965 10118
   966 10118
   967 10118
   968 10118
   969 10118
   970 10118
   971 10118
   972 10118
   973 10118
   974 10118
   975 10118
   976 10118
   977 10118
   978 10118
   979 10118
   980 10118
   981 10118
   982 10118
   983 10118
   984 10118
   985 10118
   986 10118
   987 10118
   988 10118
   989 10118
   990 10118
   991 10118
   992 10118
   993 10118
   994 10118
   995 10118
   996 10118
   997 10118
   998 10118
   999 10118
  1000 10118
  1001 10118
  1002 10118
  1003 10118
  1004 10118
  1005 10118
  1006 10118
  1007 10118
  1008 10118
  1009 10118
  1010 10118
  1011 10118
  1012 10118
  1013 10118
  1014 10118
  1015 10118
  1016 10118
  1017 10118
  1018 10118
  1019 10118
  1020 10118
  1021 10104
  1025 10050
  1026 10050
  1027 10050
  1028 10050
  1029 10050
  1030 10050
  1031 10050
  1032 10050
  1033 10050
  1034 10050
  1035 10050
  1036 10050
  1037 10050
  1038 10050
  1039 10050
  1040 10050
  1041 10050
  1042 10050
  1043 10050
  1044 10050
  1045 10050
  1046 10050
  1047 10050
  1048 10050
  1049 10050
  1050 10050
  1051 10050
  1052 10050
  1053 10050
  1054 10050
  1055 10050
  1056 10050
  1057 10050
  1058 10050
  1059 10050
  1060 10050
  1061 10050
  1062 10050
  1063 10050
  1064 10050
  1065 10050
  1066 10050
  1067 10050
  1068 10050
  1069 10050
  1070 10050
  1071 10050
  1072 10050
  1073 10050
  1074 10050
  1075 10050
  1076 10050
  1077 10050
  1078 10050
  1079 10050
  1080 10050
  1081 10050
  1082 10050
  1083 10050
  1084 10050
  1085 10050
  1086 10050
  1087 10050
  1088 10050
  1089 10050
  1090 10050
  1091 10050
  1092 10050
  1093 10050
  1094 10050
  1095 10050
  1096 10050
  1097 10050
  1098 10050
  1099 10050
  1100 10050
  1101 10050
  1102 10050
  1103 10050
  1104 10050
  1105 10050
  1106 10050
  1107 10050
  1108 10050
  1109 10050
  1110 10050
  1111 10050
  1112 10050
  1113 10050
  1114 10050
  1115 10050
  1116 10050
  1117 10050
  1118 10050
  1119 10050
  1120 10050
  1121 10050
  1122 10050
  1123 10050
  1124 10050
  1125 10050
  1126 10050
  1127 10050
  1128 10050
  1129 10050
  1130 10050
  1131 10050
  1132 10050
  1133 10050
  1134 10050
  1135 10050
  1136 10050
  1137 10050
  1138 10050
  1139 10050
  1140 10050
  1141 10050
  1142 10050
  1143 10050
  1144 10050
  1145 10050
  1146 10050
  1147 10050
  1148 10050
  1149 10050
  1150 10050
  1151 10050
  1152 10050
  1153 10050
  1154 10050
  1155 10050
  1156 10050
  1157 10050
  1158 10050
  1159 10050
  1160 10050
  1161 10050
  1162 10050
  1163 10050
  1164 10050
  1165 10050
  1166 10050
  1167 10050
  1168 10050
  1169 10050
  1170 10050
  1171 10050
  1172 10050
  1173 10050
  1174 10050
  1175 10050
  1176 10050
  1177 10050
  1178 10050
  1179 10050
  1180 10050
  1181 10050
  1182 10050
  1183 10050
  1184 10050
  1185 10050
  1186 10050
  1187 10050
  1188 10050
  1189 10050
  1190 10050
  1191 10050
  1192 10050
  1193 10050
  1194 10050
  1195 10050
  1196 10050
  1197 10050
  1198 10050
  1199 10050
  1200 10050
  1201 10050
  1202 10050
  1203 10050
  1204 10050
  1205 10050
  1206 10050
  1207 10050
  1208 10050
  1209 10050
  1210 10050
  1211 10050
  1212 10050
  1213 10050
  1214 10050
  1215 10050
  1216 10050
  1217 10050
  1218 10050
  1219 10050
  1220 10050
  1221 10050
  1222 10050
  1223 10050
  1224 10050
  1225 10050
  1226 10050
  1227 10050
  1228 10050
  1229 10050
  1230 10050
  1231 10050
  1232 10050
  1233 10050
  1234 10050
  1235 10050
  1236 10050
  1237 10050
  1238 10050
  1239 10050
  1240 10050
  1241 10050
  1242 10050
  1243 10050
  1244 10050
  1245 10050
  1246 10050
  1247 10050
  1248 10050
  1249 10050
  1250 10050
  1251 10050
  1252 10050
  1253 10050
  1254 10050
  1255 10050
  1256 10050
  1257 10050
  1258 10050
  1259 10050
  1260 10050
  1261 10141
  1265 10112
  1266 10112
  1267 10112
  1268 10112
  1269 10112
  1270 10112
  1271 10112
  1272 10112
  1273 10112
  1274 10112
  1275 10112
  1276 10112
  1277 10112
  1278 10112
  1279 10112
  1280 10112
  1281 10112
  1282 10112
  1283 10112
  1284 10112
  1285 10112
  1286 10112
  1287 10112
  1288 10112
  1289 10112
  1290 10112
  1291 10112
  1292 10112
  1293 10112
  1294 10112
  1295 10112
  1296 10112
  1297 10112
  1298 10112
  1299 10112
  1300 10112
  1301 10112
  1302 10112
  1303 10112
  1304 10112
  1305 10112
  1306 10112
  1307 10112
  1308 10112
  1309 10112
  1310 10112
  1311 10112
  1312 10112
  1313 10112
  1314 10112
  1315 10112
  1316 10112
  1317 10112
  1318 10112
  1319 10112
  1320 10112
  1321 10112
  1322 10112
  1323 10112
  1324 10112
  1325 10112
  1326 10112
  1327 10112
  1328 10112
  1329 10112
  1330 10112
  1331 10112
  1332 10112
  1333 10112
  1334 10112
  1335 10112
  1336 10112
  1337 10112
  1338 10112
  1339 10112
  1340 10112
  1341 10112
  1342 10112
  1343 10112
  1344 10112
  1345 10112
  1346 10112
  1347 10112
  1348 10112
  1349 10112
  1350 10112
  1351 10112
  1352 10112
  1353 10112
  1354 10112
  1355 10112
  1356 10112
  1357 10112
  1358 10112
  1359 10112
  1360 10112
  1361 10112
  1362 10112
  1363 10112
  1364 10112
  1365 10112
  1366 10112
  1367 10112
  1368 10112
  1369 10112
  1370 10112
  1371 10112
  1372 10112
  1373 10112
  1374 10112
  1375 10112
  1376 10112
  1377 10112
  1378 10112
  1379 10112
  1380 10112
  1381 10112
  1382 10112
  1383 10112
  1384 10112
  1385 10112
  1386 10112
  1387 10112
  1388 10112
  1389 10112
  1390 10112
  1391 10112
  1392 10112
  1393 10112
  1394 10112
  1395 10112
  1396 10112
  1397 10112
  1398 10112
  1399 10112
  1400 10112
  1401 10112
  1402 10112
  1403 10112
  1404 10112
  1405 10112
  1406 10112
  1407 10112
  1408 10112
  1409 10112
  1410 10112
  1411 10112
  1412 10112
  1413 10112
  1414 10112
  1415 10112
  1416 10112
  1417 10112
  1418 10112
  1419 10112
  1420 10112
  1421 10112
  1422 10112
  1423 10112
  1424 10112
  1425 10112
  1426 10112
  1427 10112
  1428 10112
  1429 10112
  1430 10112
  1431 10112
  1432 10112
  1433 10112
  1434 10112
  1435 10112
  1436 10112
  1437 10112
  1438 10112
  1439 10112
  1440 10112
  1441 10112
  1442 10112
  1443 10112
  1444 10112
  1445 10112
  1446 10112
  1447 10112
  1448 10112
  1449 10112
  1450 10112
  1451 10112
  1452 10112
  1453 10112
  1454 10112
  1455 10112
  1456 10112
  1457 10112
  1458 10112
  1459 10112
  1460 10112
  1461 10112
  1462 10112
  1463 10112
  1464 10112
  1465 10112
  1466 10112
  1467 10112
  1468 10112
  1469 10112
  1470 10112
  1471 10112
  1472 10112
  1473 10112
  1474 10112
  1475 10112
  1476 10112
  1477 10112
  1478 10112
  1479 10112
  1480 10112
  1481 10112
  1482 10112
  1483 10112
  1484 10112
  1485 10112
  1486 10112
  1487 10112
  1488 10112
  1489 10112
  1490 10112
  1491 10112
  1492 10112
  1493 10112
  1494 10112
  1495 10112
  1496 10112
  1497 10112
  1498 10112
  1499 10112
  1500 10112
  1501 10112
  1502 10112
  1503 10112
  1504 10112
  1505 10112
  1506 10112
  1507 10112
  1508 10112
  1509 10112
  1510 10112
  1511 10112
  1512 10112
  1513 10112
  1514 10112
  1515 10112
  1516 10112
  1517 10112
  1518 10112
  1519 10112
  1520 10112
  1521 10112
  1522 10112
  1523 10112
  1524 10112
  1525 10112
  1526 10112
  1527 10112
  1528 10112
  1529 10112
  1530 10112
  1531 10112
  1532 10112
  1533 10112
  1539 10018
  1540 10018
  1541 10018
  1542 10018
  1543 10018
  1544 10018
  1545 10055
  1596 10055
  1597 10106
  1598 10158
  1599 10158
  1600 10158
  1609 10149
  1610 10149
  1619 10152
  1621 10151
  1622 10041
  1623 10151
  1624 10034
  1625 10034
  1626 10034
  1627 10034
  1628 10034
  1629 10034
  1679 10152
  1680 10152
  1681 10152
  1682 10152
  1683 10152
  1684 10152
  1811 10152
  1822 10152
  1829 10152
  1856 10034
  1857 10034
  1858 10034
  1859 10034
  1860 10152
  1861 10041
  1862 10041
  1863 10041
  1864 10041
  1865 10041
  1866 10041
  1867 10041
  1868 10041
  1869 10041
  1870 10082
  1871 10082
  1872 10082
  1873 10082
  1874 10082
  1875 10082
  1876 10082
  1877 10082
  1878 10082
  1879 10082
  1880 10082
  1881 10082
  1882 10082
  1883 10082
  1884 10082
  1885 10082
  1886 10082
  1887 10082
  1888 10082
  1889 10082
  1890 10082
  1891 10082
  1892 10082
  1893 10082
  1894 10082
  1895 10082
  1896 10082
  1897 10082
  1898 10082
  1899 10082
  1900 10082
  1901 10082
  1902 10082
  1903 10082
  1904 10082
  1905 10082
  1906 10082
  1907 10082
  1908 10082
  1909 10082
  1910 10082
  1911 10082
  1912 10082
  1913 10082
  1914 10082
  1915 10082
  1916 10082
  1917 10082
  1918 10082
  1919 10082
  1920 10082
  1921 10082
  1922 10082
  1923 10082
  1924 10082
  1925 10082
  1926 10082
  1927 10082
  1928 10082
  1929 10082
  1930 10082
  1931 10082
  1932 10082
  1933 10082
  1934 10082
  1935 10082
  1936 10082
  1937 10082
  1938 10082
  1939 10082
  1940 10082
  1941 10082
  1942 10082
  1943 10082
  1944 10082
  1945 10082
  1946 10082
  1947 10082
  1948 10082
  1949 10082
  1950 10082
  1951 10082
  1952 10082
  1953 10082
  1954 10082
  1955 10082
  1956 10082
  1957 10082
  1958 10082
  1959 10082
  1960 10082
  1961 10082
  1962 10082
  1963 10082
  1964 10082
  1965 10082
  1966 10082
  1967 10082
  1968 10082
  1969 10082
  1970 10082
  1971 10082
  1972 10082
  1973 10082
  1974 10082
  1975 10082
  1976 10082
  1977 10082
  1978 10082
  1979 10082
  1980 10082
  1981 10082
  1982 10082
  1983 10082
  1984 10082
  1985 10082
  1986 10082
  1987 10082
  1988 10082
  1989 10082
  1990 10082
  1991 10082
  1992 10082
  1993 10082
  1994 10082
  1995 10082
  1996 10082
  1997 10082
  1998 10082
  1999 10082
  2000 10082
  2001 10082
  2002 10082
  2003 10082
  2004 10082
  2005 10082
  2006 10082
  2007 10082
  2008 10082
  2009 10082
  2010 10082
  2011 10082
  2012 10082
  2013 10082
  2014 10082
  2015 10082
  2016 10082
  2017 10082
  2018 10082
  2019 10082
  2020 10082
  2022 10041
  2036 10130
  2037 10115
  2038 10115
  2039 10130
  2040 10115
  2041 10115
