   690 10005
   691 10005
   692 10005
   693 10005
   694 10005
   695 10005
   696 10005
   697 10005
   698 10005
   699 10005
   700 10005
   701 10005
   702 10005
   703 10005
   704 10005
   705 10005
   706 10005
   707 10005
   708 10005
   709 10005
   710 10005
   711 10005
   712 10005
   713 10005
   714 10005
   715 10005
   716 10005
   717 10005
   718 10005
   719 10005
   720 10005
   721 10005
   722 10005
   723 10005
   724 10005
   725 10005
   726 10005
   727 10005
   728 10005
   729 10005
   730 10005
   731 10005
   732 10005
   733 10005
   734 10005
   735 10005
   736 10005
   737 10005
   738 10005
   739 10005
   740 10005
   741 10005
   742 10005
   743 10005
   744 10005
   745 10005
   746 10005
   747 10005
   748 10005
   749 10005
   750 10005
   751 10005
   752 10005
   753 10005
   754 10005
   755 10005
   756 10005
   757 10005
   758 10005
   759 10005
   760 10005
   761 10005
   762 10005
   763 10005
   764 10005
   765 10005
   766 10005
   767 10005
   768 10005
   769 10005
   770 10005
   771 10005
   772 10005
   773 10005
   774 10005
   775 10005
   776 10005
   777 10005
   778 10005
   779 10005
   780 10005
   781 10101
   782 10101
   783 10164
   784 10164
   785 10164
   786 10164
   787 10164
   788 10164
   789 10164
   790 10164
   791 10164
   792 10164
   793 10164
   794 10164
   795 10164
   796 10164
   797 10164
   798 10164
   799 10164
   800 10164
   801 10164
   802 10164
   803 10164
   804 10164
   805 10164
   806 10164
   807 10164
   808 10164
   809 10164
   810 10164
   811 10164
   812 10164
   813 10164
   814 10164
   815 10164
   816 10164
   817 10164
   818 10164
   819 10164
   820 10164
   821 10164
   822 10164
   823 10164
   824 10164
   825 10164
   826 10164
   827 10164
   828 10164
   829 10164
   830 10164
   831 10164
   832 10164
   833 10164
   834 10164
   835 10164
   836 10164
   837 10164
   838 10164
   839 10164
   840 10164
   841 10164
   842 10164
   843 10164
   844 10164
   845 10164
   846 10164
   847 10164
   848 10164
   849 10164
   850 10164
   851 10164
   852 10164
   853 10164
   854 10164
   855 10164
   856 10164
   857 10164
   858 10164
   859 10164
   860 10164
   861 10164
   862 10164
   863 10164
   864 10164
   865 10164
   866 10164
   867 10164
   868 10164
   869 10164
   870 10164
   871 10164
   872 10164
   873 10164
   874 10164
   875 10164
   876 10164
   877 10164
   878 10164
   879 10164
   880 10164
   881 10164
   882 10164
   883 10164
   884 10164
   885 10164
   886 10164
   887 10164
   888 10164
   889 10164
   890 10164
   891 10164
   892 10164
   893 10164
   894 10164
   895 10164
   896 10164
   897 10164
   898 10164
   899 10164
   900 10164
   901 10164
   902 10164
   903 10164
   904 10164
   905 10164
   906 10164
   907 10164
   908 10164
   909 10164
   910 10164
   911 10164
   912 10164
   913 10164
   914 10164
   915 10164
   916 10164
   917 10164
   918 10164
   919 10164
   920 10164
   921 10164
   922 10164
   923 10164
   924 10164
   925 10164
   926 10164
   927 10164
   928 10164
   929 10164
   930 10164
   931 10164
   932 10164
   933 10164
   934 10164
   935 10164
   936 10164
   937 10164
   938 10164
   939 10164
   940 10164
   941 10164
   942 10164
   943 10164
   944 10164
   945 10164
   946 10164
   947 10164
   948 10164
   949 10164
   950 10164
   951 10164
   952 10164
   953 10164
   954 10164
   955 10164
   956 10164
   957 10164
   958 10164
   959 10164
   960 10164
   961 10164
   962 10164
   963 10164
   964 10164
   965 10164
   966 10164
   967 10164
   968 10164
   969 10164
   970 10164
   971 10164
   972 10164
   973 10164
   974 10164
   975 10164
   976 10164
   977 10164
   978 10164
   979 10164
   980 10164
   981 10164
   982 10164
   983 10164
   984 10164
   985 10164
   986 10164
   987 10164
   988 10164
   989 10164
   990 10164
   991 10164
   992 10164
   993 10164
   994 10164
   995 10164
   996 10164
   997 10164
   998 10164
   999 10164
  1000 10164
  1001 10164
  1002 10164
  1003 10164
  1004 10164
  1005 10164
  1006 10164
  1007 10164
  1008 10164
  1009 10164
  1010 10164
  1011 10164
  1012 10164
  1013 10164
  1014 10164
  1015 10164
  1016 10164
  1017 10164
  1018 10164
  1019 10164
  1020 10164
  1021 10039
  1022 10039
  1023 10039
  1024 10039
  1025 10039
  1026 10039
  1027 10039
  1028 10039
  1029 10039
  1030 10039
  1031 10039
  1032 10039
  1033 10039
  1034 10039
  1035 10039
  1036 10039
  1037 10039
  1038 10039
  1039 10039
  1040 10039
  1041 10039
  1042 10039
  1043 10039
  1044 10039
  1045 10039
  1046 10039
  1047 10039
  1048 10039
  1049 10039
  1050 10039
  1051 10039
  1052 10039
  1053 10039
  1054 10039
  1055 10039
  1056 10039
  1057 10039
  1058 10039
  1059 10039
  1060 10039
  1061 10039
  1062 10039
  1063 10039
  1064 10039
  1065 10039
  1066 10039
  1067 10039
  1068 10039
  1069 10039
  1070 10039
  1071 10039
  1072 10039
  1073 10039
  1074 10039
  1075 10039
  1076 10039
  1077 10039
  1078 10039
  1079 10039
  1080 10039
  1081 10039
  1082 10039
  1083 10039
  1084 10039
  1085 10039
  1086 10039
  1087 10039
  1088 10039
  1089 10039
  1090 10039
  1091 10039
  1092 10039
  1093 10039
  1094 10039
  1095 10039
  1096 10039
  1097 10039
  1098 10039
  1099 10039
  1100 10039
  1101 10039
  1102 10039
  1103 10039
  1104 10039
  1105 10039
  1106 10039
  1107 10039
  1108 10039
  1109 10039
  1110 10039
  1111 10039
  1112 10039
  1113 10039
  1114 10039
  1115 10039
  1116 10039
  1117 10039
  1118 10039
  1119 10039
  1120 10039
  1121 10039
  1122 10039
  1123 10039
  1124 10039
  1125 10039
  1126 10039
  1127 10039
  1128 10039
  1129 10039
  1130 10039
  1131 10039
  1132 10039
  1133 10039
  1134 10039
  1135 10039
  1136 10039
  1137 10039
  1138 10039
  1139 10039
  1140 10039
  1141 10039
  1142 10039
  1143 10039
  1144 10039
  1145 10039
  1146 10039
  1147 10039
  1148 10039
  1149 10039
  1150 10039
  1151 10039
  1152 10039
  1153 10039
  1154 10039
  1155 10039
  1156 10039
  1157 10039
  1158 10039
  1159 10039
  1160 10039
  1161 10039
  1162 10039
  1163 10039
  1164 10039
  1165 10039
  1166 10039
  1167 10039
  1168 10039
  1169 10039
  1170 10039
  1171 10039
  1172 10039
  1173 10039
  1174 10039
  1175 10039
  1176 10039
  1177 10039
  1178 10039
  1179 10039
  1180 10039
  1181 10039
  1182 10039
  1183 10039
  1184 10039
  1185 10039
  1186 10039
  1187 10039
  1188 10039
  1189 10039
  1190 10039
  1191 10039
  1192 10039
  1193 10039
  1194 10039
  1195 10039
  1196 10039
  1197 10039
  1198 10039
  1199 10039
  1200 10039
  1201 10039
  1202 10039
  1203 10039
  1204 10039
  1205 10039
  1206 10039
  1207 10039
  1208 10039
  1209 10039
  1210 10039
  1211 10039
  1212 10039
  1213 10039
  1214 10039
  1215 10039
  1216 10039
  1217 10039
  1218 10039
  1219 10039
  1220 10039
  1221 10039
  1222 10039
  1223 10039
  1224 10039
  1225 10039
  1226 10039
  1227 10039
  1228 10039
  1229 10039
  1230 10039
  1231 10039
  1232 10039
  1233 10039
  1234 10039
  1235 10039
  1236 10039
  1237 10039
  1238 10039
  1239 10039
  1240 10039
  1241 10039
  1242 10039
  1243 10039
  1244 10039
  1245 10039
  1246 10039
  1247 10039
  1248 10039
  1249 10039
  1250 10039
  1251 10039
  1252 10039
  1253 10039
  1254 10039
  1255 10039
  1256 10039
  1257 10039
  1258 10149
  1259 10149
  1260 10094
  1261 10027
  1267 10005
  1268 10005
  1269 10005
  1270 10005
  1271 10005
  1272 10005
  1273 10005
  1274 10005
  1275 10005
  1276 10005
  1277 10005
  1278 10005
  1279 10005
  1280 10005
  1281 10005
  1282 10005
  1283 10005
  1284 10005
  1285 10005
  1286 10005
  1287 10005
  1288 10005
  1289 10005
  1290 10005
  1291 10005
  1292 10005
  1293 10005
  1294 10005
  1295 10005
  1296 10005
  1297 10005
  1298 10005
  1299 10005
  1300 10005
  1301 10005
  1302 10005
  1303 10005
  1304 10005
  1305 10005
  1306 10005
  1307 10005
  1308 10005
  1309 10005
  1310 10005
  1311 10005
  1312 10005
  1313 10005
  1314 10005
  1315 10005
  1316 10005
  1317 10005
  1318 10005
  1319 10005
  1320 10005
  1321 10005
  1322 10005
  1323 10005
  1324 10005
  1325 10005
  1326 10005
  1327 10005
  1328 10005
  1329 10005
  1330 10005
  1331 10005
  1332 10005
  1333 10005
  1334 10005
  1335 10005
  1336 10005
  1337 10005
  1338 10005
  1339 10005
  1340 10005
  1341 10005
  1342 10005
  1343 10005
  1344 10005
  1345 10005
  1346 10005
  1347 10005
  1348 10005
  1349 10005
  1350 10005
  1351 10005
  1352 10005
  1353 10005
  1354 10005
  1355 10005
  1356 10005
  1357 10005
  1358 10005
  1359 10005
  1360 10005
  1361 10005
  1362 10005
  1363 10005
  1364 10005
  1365 10005
  1366 10005
  1367 10005
  1368 10005
  1369 10005
  1370 10005
  1371 10005
  1372 10005
  1373 10005
  1374 10005
  1375 10005
  1376 10005
  1377 10005
  1378 10005
  1379 10005
  1380 10005
  1381 10005
  1382 10005
  1383 10005
  1384 10005
  1385 10005
  1386 10005
  1387 10005
  1388 10005
  1389 10005
  1390 10005
  1391 10005
  1392 10005
  1393 10005
  1394 10005
  1395 10005
  1396 10005
  1397 10005
  1398 10005
  1399 10005
  1400 10005
  1401 10005
  1402 10005
  1403 10005
  1404 10005
  1405 10005
  1406 10005
  1407 10005
  1408 10005
  1409 10005
  1410 10005
  1411 10005
  1412 10005
  1413 10005
  1414 10005
  1415 10005
  1416 10005
  1417 10005
  1418 10005
  1419 10005
  1420 10005
  1421 10005
  1422 10005
  1423 10005
  1424 10005
  1425 10005
  1426 10005
  1427 10005
  1428 10005
  1429 10005
  1430 10005
  1431 10005
  1432 10005
  1433 10005
  1434 10005
  1435 10005
  1436 10005
  1437 10005
  1438 10005
  1439 10005
  1440 10005
  1441 10005
  1442 10005
  1443 10005
  1444 10005
  1445 10005
  1446 10005
  1447 10005
  1448 10005
  1449 10005
  1450 10005
  1451 10005
  1452 10005
  1453 10005
  1454 10005
  1455 10005
  1456 10005
  1457 10005
  1458 10005
  1459 10005
  1460 10005
  1461 10005
  1462 10005
  1463 10005
  1464 10005
  1465 10005
  1466 10005
  1467 10005
  1468 10005
  1469 10005
  1470 10005
  1471 10005
  1472 10005
  1473 10005
  1474 10005
  1475 10005
  1476 10005
  1477 10005
  1478 10005
  1479 10005
  1480 10005
  1481 10005
  1482 10005
  1483 10005
  1484 10005
  1485 10005
  1486 10005
  1487 10005
  1488 10005
  1489 10005
  1490 10005
  1491 10005
  1492 10005
  1493 10005
  1494 10005
  1495 10005
  1496 10005
  1497 10005
  1498 10005
  1499 10005
  1500 10005
  1502 10018
  1503 10018
  1504 10018
  1505 10018
  1506 10018
  1507 10018
  1508 10018
  1509 10018
  1510 10018
  1511 10018
  1512 10018
  1513 10018
  1514 10018
  1515 10158
  1516 10098
  1517 10018
  1518 10055
  1519 10055
  1520 10055
  1521 10055
  1522 10055
  1523 10018
  1524 10018
  1525 10055
  1526 10055
  1527 10055
  1528 10055
  1529 10055
  1530 10055
  1531 10055
  1532 10055
  1533 10055
  1534 10055
  1535 10055
  1536 10018
  1537 10055
  1538 10055
  1539 10055
  1540 10055
  1541 10055
  1542 10055
  1543 10098
  1544 10018
  1545 10018
  1546 10018
  1547 10018
  1548 10018
  1549 10018
  1554 10016
  1560 10154
  1561 10016
  1562 10016
  1563 10016
  1564 10016
  1565 10016
  1566 10016
  1567 10016
  1568 10016
  1569 10143
  1570 10143
  1571 10143
  1572 10143
  1573 10143
  1574 10143
  1575 10016
  1576 10143
  1577 10143
  1578 10143
  1579 10143
  1580 10143
  1581 10143
  1583 10016
  1584 10143
  1585 10016
  1586 10143
  1587 10143
  1588 10143
  1589 10143
  1590 10143
  1591 10143
  1592 10143
  1593 10143
  1594 10143
  1595 10143
  1596 10143
  1597 10016
  1598 10016
  1599 10016
  1600 10016
  1601 10016
  1602 10016
  1603 10016
  1604 10016
  1605 10016
  1606 10016
  1607 10016
  1608 10016
  1609 10016
  1610 10016
  1611 10016
  1612 10016
  1613 10016
  1614 10016
  1615 10016
  1616 10016
  1617 10016
  1618 10016
  1619 10016
  1620 10095
  1621 10095
  1622 10095
  1623 10095
  1624 10095
  1625 10095
  1626 10095
  1627 10095
  1628 10095
  1629 10095
  1630 10095
  1631 10095
  1632 10095
  1633 10095
  1634 10095
  1635 10095
  1636 10095
  1637 10095
  1638 10095
  1639 10095
  1640 10095
  1641 10095
  1642 10095
  1643 10095
  1644 10095
  1645 10095
  1646 10095
  1647 10095
  1648 10095
  1649 10095
  1650 10095
  1651 10095
  1652 10095
  1653 10095
  1654 10095
  1655 10095
  1656 10095
  1657 10095
  1658 10095
  1659 10095
  1660 10095
  1661 10095
  1662 10095
  1663 10095
  1664 10095
  1665 10095
  1666 10095
  1667 10095
  1668 10095
  1669 10095
  1670 10095
  1671 10095
  1672 10095
  1673 10095
  1674 10095
  1675 10095
  1676 10095
  1677 10095
  1678 10095
  1679 10095
  1680 10095
  1681 10095
  1682 10095
  1683 10095
  1684 10095
  1685 10095
  1686 10095
  1687 10095
  1688 10095
  1689 10095
  1690 10095
  1691 10095
  1692 10095
  1693 10095
  1694 10095
  1695 10095
  1696 10095
  1697 10095
  1698 10095
  1699 10095
  1700 10095
  1701 10095
  1702 10095
  1703 10095
  1704 10095
  1705 10095
  1706 10095
  1707 10095
  1708 10095
  1709 10095
  1710 10095
  1711 10095
  1712 10095
  1713 10095
  1714 10095
  1715 10095
  1716 10095
  1717 10095
  1718 10095
  1719 10095
  1720 10095
  1721 10095
  1722 10095
  1723 10095
  1724 10095
  1725 10095
  1726 10095
  1727 10095
  1728 10095
  1729 10095
  1730 10095
  1731 10095
  1732 10095
  1733 10095
  1734 10095
  1735 10095
  1736 10095
  1737 10095
  1738 10095
  1739 10095
  1740 10095
  1741 10095
  1742 10095
  1743 10095
  1744 10095
  1745 10095
  1746 10095
  1747 10095
  1748 10095
  1749 10095
  1750 10095
  1751 10095
  1752 10095
  1753 10095
  1754 10095
  1755 10095
  1756 10095
  1757 10095
  1758 10095
  1759 10095
  1760 10095
  1761 10095
  1762 10095
  1763 10095
  1764 10095
  1765 10095
  1766 10095
  1767 10095
  1768 10095
  1769 10095
  1770 10095
  1771 10095
  1772 10095
  1773 10095
  1774 10095
  1775 10095
  1776 10095
  1777 10095
  1778 10095
  1779 10095
  1780 10095
  1781 10095
  1782 10095
  1783 10095
  1784 10095
  1785 10095
  1786 10095
  1787 10095
  1788 10095
  1789 10095
  1790 10095
  1791 10095
  1792 10095
  1793 10095
  1794 10095
  1795 10095
  1796 10095
  1797 10095
  1798 10095
  1799 10095
  1800 10095
  1801 10095
  1802 10095
  1803 10095
  1804 10095
  1805 10095
  1806 10095
  1807 10095
  1808 10095
  1809 10095
  1810 10095
  1811 10095
  1812 10095
  1813 10095
  1814 10095
  1815 10095
  1816 10095
  1817 10095
  1818 10095
  1819 10095
  1820 10095
  1821 10095
  1822 10095
  1823 10095
  1824 10095
  1825 10095
  1826 10095
  1827 10095
  1828 10095
  1829 10095
  1830 10095
  1831 10095
  1832 10095
  1833 10095
  1834 10095
  1835 10095
  1836 10095
  1837 10095
  1838 10095
  1839 10095
  1840 10095
  1841 10095
  1842 10095
  1843 10095
  1844 10095
  1845 10095
  1846 10095
  1847 10095
  1848 10095
  1849 10095
  1850 10095
  1851 10095
  1852 10095
  1853 10095
  1854 10095
  1855 10095
  1856 10095
  1857 10095
  1858 10095
  1859 10036
  1860 10095
  1865 10141
  1866 10061
  1867 10061
  1868 10061
  1869 10101
  1870 10067
  1871 10067
  1872 10067
  1873 10067
  1874 10067
  1875 10067
  1876 10067
  1877 10067
  1878 10067
  1879 10067
  1880 10067
  1881 10067
  1882 10067
  1883 10067
  1884 10067
  1885 10067
  1886 10067
  1887 10067
  1888 10067
  1889 10067
  1890 10067
  1891 10067
  1892 10067
  1893 10067
  1894 10067
  1895 10067
  1896 10067
  1897 10067
  1898 10067
  1899 10067
  1900 10067
  1901 10067
  1902 10067
  1903 10067
  1904 10067
  1905 10067
  1906 10067
  1907 10067
  1908 10067
  1909 10067
  1910 10067
  1911 10067
  1912 10067
  1913 10067
  1914 10067
  1915 10067
  1916 10067
  1917 10067
  1918 10067
  1919 10067
  1920 10067
  1921 10067
  1922 10067
  1923 10067
  1924 10067
  1925 10067
  1926 10067
  1927 10067
  1928 10067
  1929 10067
  1930 10067
  1931 10067
  1932 10067
  1933 10067
  1934 10067
  1935 10067
  1936 10067
  1937 10067
  1938 10067
  1939 10067
  1940 10067
  1941 10067
  1942 10067
  1943 10067
  1944 10067
  1945 10067
  1946 10067
  1947 10067
  1948 10067
  1949 10067
  1950 10067
  1951 10067
  1952 10067
  1953 10067
  1954 10067
  1955 10067
  1956 10067
  1957 10067
  1958 10067
  1959 10067
  1960 10067
  1961 10067
  1962 10067
  1963 10067
  1964 10067
  1965 10067
  1966 10067
  1967 10067
  1968 10067
  1969 10067
  1970 10067
  1971 10067
  1972 10067
  1973 10067
  1974 10067
  1975 10067
  1976 10067
  1977 10067
  1978 10067
  1979 10067
  1980 10067
  1981 10067
  1982 10067
  1983 10067
  1984 10067
  1985 10067
  1986 10067
  1987 10067
  1988 10067
  1989 10067
  1990 10067
  1991 10067
  1992 10067
  1993 10067
  1994 10067
  1995 10067
  1996 10067
  1997 10067
  1998 10067
  1999 10067
  2000 10067
  2001 10067
  2002 10067
  2003 10067
  2004 10067
  2005 10067
  2006 10067
  2007 10067
  2008 10067
  2009 10067
  2010 10067
  2011 10067
  2012 10067
  2013 10067
  2014 10067
  2015 10067
  2016 10067
  2017 10067
  2018 10067
  2019 10067
  2020 10067
  2021 10141
  2022 10141
  2023 10141
  2025 10141
  2026 10068
  2027 10068
  2028 10106
  2029 10106
  2030 10106
  2032 10005
  2034 10005
