   690 10028
   691 10028
   692 10028
   693 10028
   694 10028
   695 10028
   696 10028
   697 10028
   698 10028
   699 10028
   700 10028
   701 10028
   702 10028
   703 10028
   704 10028
   705 10028
   706 10028
   707 10028
   708 10028
   709 10028
   710 10028
   711 10028
   712 10028
   713 10028
   714 10028
   715 10028
   716 10028
   717 10028
   718 10028
   719 10028
   720 10028
   721 10028
   722 10028
   723 10028
   724 10028
   725 10028
   726 10028
   727 10028
   728 10028
   729 10028
   730 10028
   731 10028
   732 10028
   733 10028
   734 10028
   735 10028
   736 10028
   737 10028
   738 10028
   739 10028
   740 10028
   741 10028
   742 10028
   743 10028
   744 10028
   745 10028
   746 10028
   747 10028
   748 10028
   749 10028
   750 10028
   751 10028
   752 10028
   753 10028
   754 10028
   755 10028
   756 10028
   757 10028
   758 10028
   759 10028
   760 10028
   761 10028
   762 10028
   763 10028
   764 10028
   765 10028
   766 10028
   767 10028
   768 10028
   769 10028
   770 10028
   771 10028
   772 10028
   773 10028
   774 10028
   775 10028
   776 10028
   777 10028
   778 10028
   779 10028
   780 10028
   781 10028
   782 10028
   783 10028
   784 10028
   785 10028
   786 10028
   787 10028
   788 10028
   789 10028
   790 10028
   791 10028
   792 10028
   793 10028
   794 10028
   795 10043
   796 10043
   797 10043
   798 10043
   799 10043
   800 10043
   801 10043
   802 10043
   803 10043
   804 10043
   805 10043
   806 10043
   807 10043
   808 10043
   809 10043
   810 10043
   811 10043
   812 10043
   813 10043
   814 10043
   815 10043
   816 10043
   817 10043
   818 10043
   819 10043
   820 10043
   821 10043
   822 10043
   823 10043
   824 10043
   825 10043
   826 10043
   827 10043
   828 10043
   829 10043
   830 10043
   831 10043
   832 10043
   833 10043
   834 10043
   835 10043
   836 10043
   837 10043
   838 10043
   839 10043
   840 10043
   841 10043
   842 10043
   843 10043
   844 10043
   845 10043
   846 10043
   847 10043
   848 10043
   849 10043
   850 10043
   851 10043
   852 10043
   853 10043
   854 10043
   855 10043
   856 10043
   857 10043
   858 10043
   859 10043
   860 10043
   861 10043
   862 10043
   863 10043
   864 10043
   865 10043
   866 10043
   867 10043
   868 10043
   869 10043
   870 10043
   871 10043
   872 10043
   873 10043
   874 10043
   875 10043
   876 10043
   877 10043
   878 10043
   879 10043
   880 10043
   881 10043
   882 10043
   883 10043
   884 10043
   885 10043
   886 10043
   887 10043
   888 10043
   889 10043
   890 10043
   891 10043
   892 10043
   893 10043
   894 10043
   895 10043
   896 10043
   897 10043
   898 10043
   899 10043
   900 10043
   901 10043
   902 10043
   903 10043
   904 10043
   905 10043
   906 10043
   907 10043
   908 10043
   909 10043
   910 10043
   911 10043
   912 10043
   913 10043
   914 10043
   915 10043
   916 10043
   917 10043
   918 10043
   919 10043
   920 10043
   921 10043
   922 10043
   923 10043
   924 10043
   925 10043
   926 10043
   927 10043
   928 10043
   929 10043
   930 10043
   931 10043
   932 10043
   933 10043
   934 10043
   935 10043
   936 10043
   937 10043
   938 10043
   939 10043
   940 10043
   941 10043
   942 10043
   943 10043
   944 10043
   945 10043
   946 10043
   947 10043
   948 10043
   949 10043
   950 10043
   951 10043
   952 10043
   953 10043
   954 10043
   955 10043
   956 10043
   957 10043
   958 10043
   959 10043
   960 10043
   961 10043
   962 10043
   963 10043
   964 10043
   965 10043
   966 10043
   967 10043
   968 10043
   969 10043
   970 10043
   971 10043
   972 10043
   973 10043
   974 10043
   975 10043
   976 10043
   977 10043
   978 10043
   979 10043
   980 10043
   981 10043
   982 10043
   983 10043
   984 10043
   985 10043
   986 10043
   987 10043
   988 10043
   989 10043
   990 10043
   991 10043
   992 10043
   993 10043
   994 10043
   995 10043
   996 10043
   997 10043
   998 10043
   999 10043
  1000 10043
  1001 10043
  1002 10043
  1003 10043
  1004 10043
  1005 10043
  1006 10043
  1007 10043
  1008 10043
  1009 10043
  1010 10043
  1011 10043
  1012 10043
  1013 10043
  1014 10043
  1015 10043
  1016 10043
  1017 10043
  1018 10043
  1019 10043
  1020 10043
  1022 10043
  1027 10034
  1028 10034
  1029 10034
  1030 10034
  1031 10034
  1032 10034
  1033 10034
  1034 10034
  1035 10034
  1036 10034
  1037 10034
  1038 10034
  1039 10034
  1040 10034
  1041 10034
  1042 10034
  1043 10034
  1044 10034
  1045 10034
  1046 10034
  1047 10034
  1048 10034
  1049 10034
  1050 10034
  1051 10034
  1052 10034
  1053 10034
  1054 10034
  1055 10034
  1056 10034
  1057 10034
  1058 10034
  1059 10034
  1060 10034
  1061 10034
  1062 10034
  1063 10034
  1064 10034
  1065 10034
  1066 10034
  1067 10034
  1068 10034
  1069 10034
  1070 10034
  1071 10034
  1072 10034
  1073 10034
  1074 10034
  1075 10034
  1076 10034
  1077 10034
  1078 10034
  1079 10034
  1080 10034
  1081 10034
  1082 10034
  1083 10034
  1084 10034
  1085 10034
  1086 10034
  1087 10034
  1088 10034
  1089 10034
  1090 10034
  1091 10034
  1092 10034
  1093 10034
  1094 10034
  1095 10034
  1096 10034
  1097 10034
  1098 10034
  1099 10034
  1100 10034
  1101 10034
  1102 10034
  1103 10034
  1104 10034
  1105 10034
  1106 10034
  1107 10034
  1108 10034
  1109 10034
  1110 10034
  1111 10034
  1112 10034
  1113 10034
  1114 10034
  1115 10034
  1116 10034
  1117 10034
  1118 10034
  1119 10034
  1120 10034
  1121 10034
  1122 10034
  1123 10034
  1124 10034
  1125 10034
  1126 10034
  1127 10034
  1128 10034
  1129 10034
  1130 10034
  1131 10034
  1132 10034
  1133 10034
  1134 10034
  1135 10034
  1136 10034
  1137 10034
  1138 10034
  1139 10034
  1140 10034
  1141 10034
  1142 10034
  1143 10034
  1144 10034
  1145 10034
  1146 10034
  1147 10034
  1148 10034
  1149 10034
  1150 10034
  1151 10034
  1152 10034
  1153 10034
  1154 10034
  1155 10034
  1156 10034
  1157 10034
  1158 10034
  1159 10034
  1160 10034
  1161 10034
  1162 10034
  1163 10034
  1164 10034
  1165 10034
  1166 10034
  1167 10034
  1168 10034
  1169 10034
  1170 10034
  1171 10034
  1172 10034
  1173 10034
  1174 10034
  1175 10034
  1176 10034
  1177 10034
  1178 10034
  1179 10034
  1180 10034
  1181 10034
  1182 10034
  1183 10034
  1184 10034
  1185 10034
  1186 10034
  1187 10034
  1188 10034
  1189 10034
  1190 10034
  1191 10034
  1192 10034
  1193 10034
  1194 10034
  1195 10034
  1196 10034
  1197 10034
  1198 10034
  1199 10034
  1200 10034
  1201 10034
  1202 10034
  1203 10034
  1204 10034
  1205 10034
  1206 10034
  1207 10034
  1208 10034
  1209 10034
  1210 10034
  1211 10034
  1212 10034
  1213 10034
  1214 10034
  1215 10034
  1216 10034
  1217 10034
  1218 10034
  1219 10034
  1220 10034
  1221 10034
  1222 10034
  1223 10034
  1224 10034
  1225 10034
  1226 10034
  1227 10034
  1228 10034
  1229 10034
  1230 10034
  1231 10034
  1232 10034
  1233 10034
  1234 10034
  1235 10034
  1236 10034
  1237 10034
  1238 10034
  1239 10034
  1240 10034
  1241 10034
  1242 10034
  1243 10034
  1244 10034
  1245 10034
  1246 10034
  1247 10034
  1248 10034
  1249 10034
  1250 10034
  1251 10034
  1252 10034
  1253 10034
  1254 10034
  1255 10034
  1256 10034
  1257 10034
  1261 10101
  1262 10101
  1263 10101
  1264 10101
  1265 10101
  1266 10088
  1267 10088
  1268 10088
  1269 10088
  1270 10088
  1271 10088
  1272 10088
  1273 10088
  1274 10088
  1275 10088
  1276 10088
  1277 10088
  1278 10088
  1279 10088
  1280 10088
  1281 10088
  1282 10088
  1283 10088
  1284 10088
  1285 10088
  1286 10088
  1287 10088
  1288 10088
  1289 10088
  1290 10088
  1291 10088
  1292 10088
  1293 10088
  1294 10088
  1295 10088
  1296 10088
  1297 10088
  1298 10088
  1299 10088
  1300 10088
  1301 10088
  1302 10088
  1303 10088
  1304 10088
  1305 10088
  1306 10088
  1307 10088
  1308 10088
  1309 10088
  1310 10088
  1311 10088
  1312 10088
  1313 10088
  1314 10088
  1315 10088
  1316 10088
  1317 10088
  1318 10088
  1319 10088
  1320 10088
  1321 10088
  1322 10088
  1323 10088
  1324 10088
  1325 10088
  1326 10088
  1327 10088
  1328 10088
  1329 10088
  1330 10088
  1331 10088
  1332 10088
  1333 10088
  1334 10088
  1335 10088
  1336 10088
  1337 10088
  1338 10088
  1339 10088
  1340 10088
  1341 10088
  1342 10088
  1343 10088
  1344 10088
  1345 10088
  1346 10088
  1347 10088
  1348 10088
  1349 10088
  1350 10088
  1351 10088
  1352 10088
  1353 10088
  1354 10088
  1355 10088
  1356 10088
  1357 10088
  1358 10088
  1359 10088
  1360 10088
  1361 10088
  1362 10088
  1363 10088
  1364 10088
  1365 10088
  1366 10088
  1367 10088
  1368 10088
  1369 10088
  1370 10088
  1371 10088
  1372 10088
  1373 10088
  1374 10088
  1375 10088
  1376 10088
  1377 10088
  1378 10088
  1379 10088
  1380 10088
  1381 10088
  1382 10088
  1383 10088
  1384 10088
  1385 10088
  1386 10088
  1387 10088
  1388 10088
  1389 10088
  1390 10088
  1391 10088
  1392 10088
  1393 10088
  1394 10088
  1395 10088
  1396 10088
  1397 10088
  1398 10088
  1399 10088
  1400 10088
  1401 10088
  1402 10088
  1403 10088
  1404 10088
  1405 10088
  1406 10088
  1407 10088
  1408 10088
  1409 10088
  1410 10088
  1411 10088
  1412 10088
  1413 10088
  1414 10088
  1415 10088
  1416 10088
  1417 10088
  1418 10088
  1419 10088
  1420 10088
  1421 10088
  1422 10088
  1423 10088
  1424 10088
  1425 10088
  1426 10088
  1427 10088
  1428 10088
  1429 10088
  1430 10088
  1431 10088
  1432 10088
  1433 10088
  1434 10088
  1435 10088
  1436 10088
  1437 10088
  1438 10088
  1439 10088
  1440 10088
  1441 10088
  1442 10088
  1443 10088
  1444 10088
  1445 10088
  1446 10088
  1447 10088
  1448 10088
  1449 10088
  1450 10088
  1451 10088
  1452 10088
  1453 10088
  1454 10088
  1455 10088
  1456 10088
  1457 10088
  1458 10088
  1459 10088
  1460 10088
  1461 10088
  1462 10088
  1463 10088
  1464 10088
  1465 10088
  1466 10088
  1467 10088
  1468 10088
  1469 10088
  1470 10088
  1471 10088
  1472 10088
  1473 10088
  1474 10088
  1475 10088
  1476 10088
  1477 10088
  1478 10088
  1479 10088
  1480 10088
  1481 10088
  1482 10088
  1483 10088
  1484 10088
  1485 10088
  1486 10088
  1487 10088
  1488 10088
  1489 10088
  1490 10088
  1491 10088
  1492 10088
  1493 10088
  1494 10088
  1495 10088
  1496 10088
  1497 10088
  1498 10088
  1499 10088
  1500 10088
  1501 10088
  1502 10101
  1503 10101
  1504 10101
  1505 10055
  1506 10018
  1507 10018
  1508 10018
  1509 10018
  1510 10018
  1511 10018
  1512 10018
  1513 10018
  1514 10018
  1515 10023
  1516 10023
  1517 10023
  1518 10140
  1519 10140
  1520 10140
  1521 10140
  1522 10158
  1523 10140
  1524 10158
  1525 10055
  1526 10140
  1527 10055
  1528 10055
  1529 10055
  1530 10055
  1531 10055
  1532 10140
  1533 10055
  1534 10055
  1535 10055
  1536 10140
  1537 10140
  1538 10140
  1539 10018
  1540 10018
  1541 10018
  1542 10140
  1543 10140
  1544 10140
  1545 10140
  1546 10140
  1547 10055
  1548 10140
  1549 10140
  1550 10140
  1551 10140
  1552 10140
  1553 10140
  1554 10140
  1555 10140
  1556 10055
  1557 10140
  1558 10055
  1559 10140
  1560 10055
  1561 10055
  1562 10055
  1563 10055
  1564 10055
  1565 10055
  1566 10055
  1567 10055
  1568 10055
  1569 10055
  1570 10055
  1571 10055
  1572 10055
  1573 10055
  1576 10055
  1577 10055
  1579 10055
  1580 10055
  1581 10055
  1582 10098
  1583 10098
  1584 10098
  1585 10098
  1586 10173
  1587 10055
  1591 10055
  1595 10055
  1596 10055
  1597 10055
  1602 10016
  1603 10016
  1604 10016
  1605 10016
  1606 10016
  1607 10016
  1608 10016
  1609 10154
  1610 10016
  1611 10016
  1612 10036
  1613 10016
  1614 10016
  1615 10016
  1616 10014
  1617 10016
  1618 10143
  1619 10014
  1620 10014
  1621 10016
  1622 10016
  1623 10016
  1624 10154
  1625 10014
  1626 10154
  1627 10075
  1628 10075
  1629 10075
  1630 10075
  1631 10075
  1632 10075
  1633 10075
  1634 10075
  1635 10075
  1636 10075
  1637 10075
  1638 10075
  1639 10075
  1640 10075
  1641 10075
  1642 10075
  1643 10075
  1644 10075
  1645 10075
  1646 10075
  1647 10075
  1648 10075
  1649 10075
  1650 10075
  1651 10075
  1652 10075
  1653 10075
  1654 10075
  1655 10075
  1656 10075
  1657 10075
  1658 10075
  1659 10075
  1660 10075
  1661 10075
  1662 10075
  1663 10075
  1664 10075
  1665 10075
  1666 10075
  1667 10075
  1668 10075
  1669 10075
  1670 10075
  1671 10075
  1672 10075
  1673 10075
  1674 10075
  1675 10075
  1676 10075
  1677 10075
  1678 10075
  1679 10075
  1680 10075
  1681 10075
  1682 10075
  1683 10075
  1684 10075
  1685 10075
  1686 10075
  1687 10075
  1688 10075
  1689 10075
  1690 10075
  1691 10075
  1692 10075
  1693 10075
  1694 10075
  1695 10075
  1696 10075
  1697 10075
  1698 10075
  1699 10075
  1700 10075
  1701 10075
  1702 10075
  1703 10075
  1704 10075
  1705 10075
  1706 10075
  1707 10075
  1708 10075
  1709 10075
  1710 10075
  1711 10075
  1712 10075
  1713 10075
  1714 10075
  1715 10075
  1716 10075
  1717 10075
  1718 10075
  1719 10075
  1720 10075
  1721 10075
  1722 10075
  1723 10075
  1724 10075
  1725 10075
  1726 10075
  1727 10075
  1728 10075
  1729 10075
  1730 10075
  1731 10075
  1732 10075
  1733 10075
  1734 10075
  1735 10075
  1736 10075
  1737 10075
  1738 10075
  1739 10075
  1740 10075
  1741 10075
  1742 10075
  1743 10075
  1744 10075
  1745 10075
  1746 10075
  1747 10075
  1748 10075
  1749 10075
  1750 10075
  1751 10075
  1752 10075
  1753 10075
  1754 10075
  1755 10075
  1756 10075
  1757 10075
  1758 10075
  1759 10075
  1760 10075
  1761 10075
  1762 10075
  1763 10075
  1764 10075
  1765 10075
  1766 10075
  1767 10075
  1768 10075
  1769 10075
  1770 10075
  1771 10075
  1772 10075
  1773 10075
  1774 10075
  1775 10075
  1776 10075
  1777 10075
  1778 10075
  1779 10075
  1780 10075
  1781 10075
  1782 10075
  1783 10075
  1784 10075
  1785 10075
  1786 10075
  1787 10075
  1788 10075
  1789 10075
  1790 10075
  1791 10075
  1792 10075
  1793 10075
  1794 10075
  1795 10075
  1796 10075
  1797 10075
  1798 10075
  1799 10075
  1800 10075
  1801 10075
  1802 10075
  1803 10075
  1804 10075
  1805 10075
  1806 10075
  1807 10075
  1808 10075
  1809 10075
  1810 10075
  1811 10075
  1812 10075
  1813 10075
  1814 10075
  1815 10075
  1816 10075
  1817 10075
  1818 10075
  1819 10075
  1820 10075
  1821 10075
  1822 10075
  1823 10075
  1824 10075
  1825 10075
  1826 10075
  1827 10075
  1828 10075
  1829 10075
  1830 10075
  1831 10075
  1832 10075
  1833 10075
  1834 10075
  1835 10075
  1836 10075
  1837 10075
  1838 10075
  1839 10075
  1840 10075
  1841 10075
  1842 10075
  1843 10075
  1844 10075
  1845 10075
  1846 10075
  1847 10075
  1848 10075
  1849 10075
  1850 10075
  1851 10075
  1852 10075
  1853 10075
  1854 10075
  1855 10075
  1856 10155
  1857 10143
  1858 10075
  1859 10155
  1860 10075
  1861 10075
  1862 10143
  1863 10036
  1864 10036
  1865 10036
  1866 10036
  1867 10154
  1868 10154
  1869 10081
  1871 10154
  1872 10154
  1873 10154
  1874 10154
  1883 10143
  1885 10014
  1886 10014
  1887 10014
  1888 10014
  1889 10014
  1890 10014
  1891 10014
  1892 10014
  1893 10154
  1894 10014
  1895 10154
  1896 10014
  1897 10014
  1898 10016
  1899 10016
  1900 10016
  1901 10016
  1902 10016
  1903 10154
  1904 10014
  1905 10014
  1906 10014
  1907 10014
  1908 10014
  1909 10014
  1910 10014
  1911 10014
  1912 10143
  1913 10014
  1914 10014
  1915 10014
  1916 10014
  1917 10014
  1918 10014
  1919 10014
  1920 10014
  1921 10014
  1922 10014
  1923 10014
  1924 10014
  1925 10014
  1926 10014
  1927 10014
  1928 10014
  1929 10014
  1930 10014
  1931 10014
  1932 10014
  1933 10014
  1934 10014
  1935 10014
  1936 10014
  1937 10014
  1938 10014
  1939 10014
  1940 10014
  1941 10014
  1942 10014
  1943 10014
  1944 10014
  1945 10014
  1946 10014
  1947 10014
  1948 10014
  1949 10014
  1950 10014
  1951 10154
  1952 10154
  1953 10154
  1954 10014
  1955 10014
  1956 10014
  1957 10014
  1958 10154
  1959 10014
  1960 10154
  1961 10014
  1962 10014
  1963 10014
  1964 10154
  1965 10154
  1966 10154
  1967 10154
  1968 10154
  1969 10154
  1970 10154
  1971 10154
  1972 10014
  1973 10014
  1974 10014
  1975 10014
  1976 10014
  1977 10014
  1978 10014
  1979 10154
  1980 10154
  1981 10154
  1982 10154
  1983 10154
  1984 10154
  1985 10154
  1986 10154
  1987 10154
  1988 10154
  1989 10154
  1990 10154
  1991 10154
  1992 10154
  1993 10154
  1994 10154
  1995 10154
  1996 10154
  1997 10154
  1998 10154
  1999 10154
  2000 10154
  2001 10154
  2002 10154
  2003 10154
  2004 10154
  2005 10154
  2006 10154
  2007 10154
  2008 10154
  2009 10154
  2010 10154
  2011 10154
  2012 10154
  2013 10154
  2014 10154
  2015 10154
  2016 10154
  2017 10154
  2018 10154
  2019 10154
  2020 10154
  2021 10154
  2022 10154
  2023 10154
  2024 10154
  2025 10154
  2026 10154
  2027 10154
  2028 10154
  2029 10154
  2030 10154
  2031 10154
  2032 10154
  2033 10154
  2034 10154
  2035 10154
  2036 10154
  2037 10154
  2038 10154
  2039 10154
  2040 10154
  2041 10014
  2042 10014
  2043 10154
  2044 10107
  2045 10107
  2046 10107
  2047 10154
  2048 10154
  2049 10154
  2050 10107
  2051 10014
  2052 10014
  2053 10154
  2054 10154
  2055 10154
  2056 10154
  2057 10107
  2058 10107
  2059 10107
  2060 10154
  2061 10074
  2062 10074
  2063 10154
  2064 10154
  2065 10154
  2066 10154
  2067 10154
  2068 10154
  2069 10154
  2070 10154
  2071 10154
  2072 10154
  2073 10154
  2074 10154
  2075 10014
  2076 10154
  2077 10154
  2078 10154
  2079 10154
  2080 10154
  2081 10154
  2082 10154
  2083 10154
  2084 10154
  2085 10115
  2099 10043
  2100 10028
  2101 10028
  2102 10028
  2103 10028
  2104 10028
  2105 10028
  2106 10028
  2107 10066
