   673 10156
   674 10156
   675 10156
   676 10156
   677 10156
   681 10156
   682 10156
   683 10156
   684 10156
   685 10156
   686 10156
   687 10156
   688 10156
   689 10156
   784 10044
   785 10044
   786 10044
   787 10044
   788 10044
   789 10044
   790 10044
   791 10044
   792 10044
   793 10044
   794 10044
   795 10044
   796 10044
   797 10044
   798 10044
   799 10044
   800 10044
   801 10044
   802 10044
   803 10044
   804 10044
   805 10044
   806 10044
   807 10044
   808 10044
   809 10044
   810 10044
   811 10044
   812 10044
   813 10044
   814 10044
   815 10044
   816 10044
   817 10044
   818 10044
   819 10044
   820 10044
   821 10044
   822 10044
   823 10044
   824 10044
   825 10044
   826 10044
   827 10044
   828 10044
   829 10044
   830 10044
   831 10044
   832 10044
   833 10044
   834 10044
   835 10044
   836 10044
   837 10044
   838 10044
   839 10044
   840 10044
   841 10044
   842 10044
   843 10044
   844 10044
   845 10044
   846 10044
   847 10044
   848 10044
   849 10044
   850 10044
   851 10044
   852 10044
   853 10044
   854 10044
   855 10044
   856 10044
   857 10044
   858 10044
   859 10044
   860 10044
   861 10044
   862 10044
   863 10044
   864 10044
   865 10044
   866 10044
   867 10044
   868 10044
   869 10044
   870 10044
   871 10044
   872 10044
   873 10044
   874 10044
   875 10044
   876 10044
   877 10044
   878 10044
   879 10044
   880 10044
   881 10044
   882 10044
   883 10044
   884 10044
   885 10044
   886 10044
   887 10044
   888 10044
   889 10044
   890 10044
   891 10044
   892 10044
   893 10044
   894 10044
   895 10044
   896 10044
   897 10044
   898 10044
   899 10044
   900 10044
   901 10044
   902 10044
   903 10044
   904 10044
   905 10044
   906 10044
   907 10044
   908 10044
   909 10044
   910 10044
   911 10044
   912 10044
   913 10044
   914 10044
   915 10044
   916 10044
   917 10044
   918 10044
   919 10044
   920 10044
   921 10044
   922 10044
   923 10044
   924 10044
   925 10044
   926 10044
   927 10044
   928 10044
   929 10044
   930 10044
   931 10044
   932 10044
   933 10044
   934 10044
   935 10044
   936 10044
   937 10044
   938 10044
   939 10044
   940 10044
   941 10044
   942 10044
   943 10044
   944 10044
   945 10044
   946 10044
   947 10044
   948 10044
   949 10044
   950 10044
   951 10044
   952 10044
   953 10044
   954 10044
   955 10044
   956 10044
   957 10044
   958 10044
   959 10044
   960 10044
   961 10044
   962 10044
   963 10044
   964 10044
   965 10044
   966 10044
   967 10044
   968 10044
   969 10044
   970 10044
   971 10044
   972 10044
   973 10044
   974 10044
   975 10044
   976 10044
   977 10044
   978 10044
   979 10044
   980 10044
   981 10044
   982 10044
   983 10044
   984 10044
   985 10044
   986 10044
   987 10044
   988 10044
   989 10044
   990 10044
   991 10044
   992 10044
   993 10044
   994 10044
   995 10044
   996 10044
   997 10044
   998 10044
   999 10044
  1000 10044
  1001 10044
  1002 10044
  1003 10044
  1004 10044
  1005 10044
  1006 10044
  1007 10044
  1008 10044
  1009 10044
  1010 10044
  1011 10044
  1012 10044
  1013 10044
  1014 10044
  1015 10044
  1016 10044
  1017 10044
  1018 10044
  1019 10044
  1020 10044
  1021 10130
  1023 10130
  1024 10156
  1025 10156
  1026 10156
  1027 10156
  1028 10156
  1029 10156
  1030 10156
  1031 10156
  1032 10156
  1033 10156
  1034 10156
  1035 10156
  1036 10156
  1037 10156
  1038 10156
  1039 10156
  1040 10156
  1041 10156
  1042 10156
  1043 10156
  1044 10156
  1045 10156
  1046 10156
  1047 10156
  1048 10156
  1049 10156
  1050 10156
  1051 10156
  1052 10156
  1053 10156
  1054 10156
  1055 10156
  1056 10156
  1057 10156
  1058 10156
  1059 10156
  1060 10156
  1061 10156
  1062 10156
  1063 10156
  1064 10156
  1065 10156
  1066 10156
  1067 10156
  1068 10156
  1069 10156
  1070 10156
  1071 10156
  1072 10156
  1073 10156
  1074 10156
  1075 10156
  1076 10156
  1077 10156
  1078 10156
  1079 10156
  1080 10156
  1081 10156
  1082 10156
  1083 10156
  1084 10156
  1085 10156
  1086 10156
  1087 10156
  1088 10156
  1089 10156
  1090 10156
  1091 10156
  1092 10156
  1093 10156
  1094 10156
  1095 10156
  1096 10156
  1097 10156
  1098 10156
  1099 10156
  1100 10156
  1101 10156
  1102 10156
  1103 10156
  1104 10156
  1105 10156
  1106 10156
  1107 10156
  1108 10156
  1109 10156
  1110 10156
  1111 10156
  1112 10156
  1113 10156
  1114 10156
  1115 10156
  1116 10156
  1117 10156
  1118 10156
  1119 10156
  1120 10156
  1121 10156
  1122 10156
  1123 10156
  1124 10156
  1125 10156
  1126 10156
  1127 10156
  1128 10156
  1129 10156
  1130 10156
  1131 10156
  1132 10156
  1133 10156
  1134 10156
  1135 10156
  1136 10156
  1137 10156
  1138 10156
  1139 10156
  1140 10156
  1141 10156
  1142 10156
  1143 10156
  1144 10156
  1145 10156
  1146 10156
  1147 10156
  1148 10156
  1149 10156
  1150 10156
  1151 10156
  1152 10156
  1153 10156
  1154 10156
  1155 10156
  1156 10156
  1157 10156
  1158 10156
  1159 10156
  1160 10156
  1161 10156
  1162 10156
  1163 10156
  1164 10156
  1165 10156
  1166 10156
  1167 10156
  1168 10156
  1169 10156
  1170 10156
  1171 10156
  1172 10156
  1173 10156
  1174 10156
  1175 10156
  1176 10156
  1177 10156
  1178 10156
  1179 10156
  1180 10156
  1181 10156
  1182 10156
  1183 10156
  1184 10156
  1185 10156
  1186 10156
  1187 10156
  1188 10156
  1189 10156
  1190 10156
  1191 10156
  1192 10156
  1193 10156
  1194 10156
  1195 10156
  1196 10156
  1197 10156
  1198 10156
  1199 10156
  1200 10156
  1201 10156
  1202 10156
  1203 10156
  1204 10156
  1205 10156
  1206 10156
  1207 10156
  1208 10156
  1209 10156
  1210 10156
  1211 10156
  1212 10156
  1213 10156
  1214 10156
  1215 10156
  1216 10156
  1217 10156
  1218 10156
  1219 10156
  1220 10156
  1221 10156
  1222 10156
  1223 10156
  1224 10156
  1225 10156
  1226 10156
  1227 10156
  1228 10156
  1229 10156
  1230 10156
  1231 10156
  1232 10156
  1233 10156
  1234 10156
  1235 10156
  1236 10156
  1237 10156
  1238 10156
  1239 10156
  1240 10156
  1241 10156
  1242 10156
  1243 10156
  1244 10156
  1245 10156
  1246 10156
  1247 10156
  1248 10156
  1249 10156
  1250 10156
  1251 10156
  1252 10156
  1253 10156
  1254 10156
  1255 10156
  1256 10156
  1257 10156
  1258 10154
  1259 10154
  1265 10134
  1268 10018
  1269 10018
  1270 10018
  1271 10018
  1272 10018
  1273 10018
  1274 10158
  1275 10158
  1276 10158
  1277 10158
  1278 10158
  1279 10158
  1280 10158
  1291 10010
  1294 10010
  1305 10010
  1306 10010
  1307 10010
  1308 10010
  1309 10010
  1310 10010
  1311 10010
  1312 10010
  1313 10010
  1314 10010
  1319 10010
  1320 10010
  1321 10010
  1322 10010
  1323 10010
  1324 10010
  1325 10010
  1326 10010
  1327 10010
  1328 10010
  1329 10010
  1330 10010
  1331 10010
  1332 10010
  1333 10010
  1334 10010
  1336 10010
  1337 10010
  1338 10010
  1340 10010
  1341 10010
  1342 10010
  1343 10010
  1344 10158
  1345 10098
  1346 10055
  1347 10055
  1348 10055
  1351 10101
  1352 10101
  1353 10101
  1354 10169
  1355 10169
  1356 10101
  1357 10101
  1358 10101
  1359 10101
  1360 10101
  1361 10101
  1362 10101
  1363 10101
  1364 10101
  1365 10101
  1370 10066
  1371 10066
  1372 10066
  1373 10066
  1374 10072
  1375 10072
  1376 10072
  1377 10072
  1378 10072
  1379 10072
  1380 10072
  1381 10072
  1382 10072
  1383 10072
  1384 10072
  1385 10072
  1386 10072
  1387 10072
  1388 10072
  1389 10072
  1390 10072
  1391 10072
  1392 10072
  1393 10072
  1394 10072
  1395 10072
  1396 10072
  1397 10072
  1406 10066
  1407 10066
  1408 10066
  1409 10066
  1410 10066
  1411 10066
  1412 10066
  1416 10066
  1418 10066
  1437 10066
  1438 10066
  1439 10066
  1440 10066
  1441 10066
  1442 10066
  1443 10066
  1444 10066
  1445 10066
  1459 10066
  1460 10066
  1461 10066
  1467 10066
  1468 10066
  1469 10066
  1470 10066
  1471 10066
  1474 10066
  1478 10066
  1479 10066
  1480 10066
  1481 10066
  1482 10066
  1483 10066
  1484 10066
  1488 10066
  1489 10066
  1498 10066
  1499 10066
  1500 10066
  1501 10066
  1502 10066
  1506 10066
  1507 10066
  1508 10066
  1509 10066
  1511 10066
  1526 10132
  1528 10066
  1529 10066
  1530 10066
  1533 10066
  1534 10066
  1543 10066
  1544 10066
  1545 10138
  1546 10138
  1551 10066
  1552 10101
  1561 10066
  1566 10138
  1594 10132
  1596 10132
  1598 10066
  1599 10132
  1607 10138
  1615 10066
  1626 10062
  1627 10088
  1628 10009
  1629 10009
  1630 10009
  1631 10009
  1632 10009
  1633 10009
  1634 10009
  1635 10009
  1636 10009
  1637 10009
  1638 10009
  1639 10009
  1640 10009
  1641 10009
  1642 10009
  1643 10009
  1644 10009
  1645 10009
  1646 10009
  1647 10009
  1648 10009
  1649 10009
  1650 10009
  1651 10009
  1652 10009
  1653 10009
  1654 10009
  1655 10009
  1656 10009
  1657 10009
  1658 10009
  1659 10009
  1660 10009
  1661 10009
  1662 10009
  1663 10009
  1664 10009
  1665 10009
  1666 10009
  1667 10009
  1668 10009
  1669 10009
  1670 10009
  1671 10009
  1672 10009
  1673 10009
  1674 10009
  1675 10009
  1676 10009
  1677 10009
  1678 10009
  1679 10009
  1680 10009
  1681 10009
  1682 10009
  1683 10009
  1684 10009
  1685 10009
  1686 10009
  1687 10009
  1688 10009
  1689 10009
  1690 10009
  1691 10009
  1692 10009
  1693 10009
  1694 10009
  1695 10009
  1696 10009
  1697 10009
  1698 10009
  1699 10009
  1700 10009
  1701 10009
  1702 10009
  1703 10009
  1704 10009
  1705 10009
  1706 10009
  1707 10009
  1708 10009
  1709 10009
  1710 10009
  1711 10009
  1712 10009
  1713 10009
  1714 10009
  1715 10009
  1716 10009
  1717 10009
  1718 10009
  1719 10009
  1720 10009
  1721 10009
  1722 10009
  1723 10009
  1724 10009
  1725 10009
  1726 10009
  1727 10009
  1728 10009
  1729 10009
  1730 10009
  1731 10009
  1732 10009
  1733 10009
  1734 10009
  1735 10009
  1736 10009
  1737 10009
  1738 10009
  1739 10009
  1740 10009
  1741 10009
  1742 10009
  1743 10009
  1744 10009
  1745 10009
  1746 10009
  1747 10009
  1748 10009
  1749 10009
  1750 10009
  1751 10009
  1752 10009
  1753 10009
  1754 10009
  1755 10009
  1756 10009
  1757 10009
  1758 10009
  1759 10009
  1760 10009
  1761 10009
  1762 10009
  1763 10009
  1764 10009
  1765 10009
  1766 10009
  1767 10009
  1768 10009
  1769 10009
  1770 10009
  1771 10009
  1772 10009
  1773 10009
  1774 10009
  1775 10009
  1776 10009
  1777 10009
  1778 10009
  1779 10009
  1780 10009
  1781 10009
  1782 10009
  1783 10009
  1784 10009
  1785 10009
  1786 10009
  1787 10009
  1788 10009
  1789 10009
  1790 10009
  1791 10009
  1792 10009
  1793 10009
  1794 10009
  1795 10009
  1796 10009
  1797 10009
  1798 10009
  1799 10009
  1800 10009
  1801 10009
  1802 10009
  1803 10009
  1804 10009
  1805 10009
  1806 10009
  1807 10009
  1808 10009
  1809 10009
  1810 10009
  1811 10009
  1812 10009
  1813 10009
  1814 10009
  1815 10009
  1816 10009
  1817 10009
  1818 10009
  1819 10009
  1820 10009
  1821 10009
  1822 10009
  1823 10009
  1824 10009
  1825 10009
  1826 10009
  1827 10009
  1828 10009
  1829 10009
  1830 10009
  1831 10009
  1832 10009
  1833 10009
  1834 10009
  1835 10009
  1836 10009
  1837 10009
  1838 10009
  1839 10009
  1840 10009
  1841 10009
  1842 10009
  1843 10009
  1844 10009
  1845 10009
  1846 10009
  1847 10009
  1848 10009
  1849 10009
  1850 10009
  1851 10009
  1852 10009
  1853 10009
  1854 10009
  1855 10009
  1866 10132
  1867 10132
  1868 10132
  1869 10132
  1870 10132
  1871 10132
  1872 10132
  1873 10132
  1874 10132
  1875 10132
  1876 10132
  1877 10132
  1878 10132
  1879 10132
  1880 10132
  1881 10132
  1882 10132
  1883 10132
  1884 10132
  1885 10132
  1886 10132
  1887 10132
  1888 10132
  1889 10132
  1890 10132
  1891 10132
  1892 10132
  1893 10132
  1894 10132
  1895 10132
  1896 10132
  1897 10132
  1898 10132
  1899 10132
  1900 10132
  1901 10132
  1902 10132
  1903 10132
  1904 10132
  1905 10132
  1906 10132
  1907 10132
  1908 10132
  1909 10132
  1910 10132
  1911 10132
  1912 10132
  1913 10132
  1914 10132
  1915 10132
  1916 10132
  1917 10132
  1918 10132
  1919 10132
  1920 10132
  1921 10132
  1922 10132
  1923 10132
  1924 10132
  1925 10132
  1926 10132
  1927 10132
  1928 10132
  1929 10132
  1930 10132
  1931 10132
  1932 10132
  1933 10132
  1934 10132
  1935 10132
  1936 10132
  1937 10132
  1938 10132
  1939 10132
  1940 10132
  1941 10132
  1942 10132
  1943 10132
  1944 10132
  1945 10132
  1946 10132
  1947 10132
  1948 10132
  1949 10132
  1950 10132
  1951 10132
  1952 10132
  1953 10132
  1954 10132
  1955 10132
  1956 10132
  1957 10132
  1958 10132
  1959 10132
  1960 10132
  1961 10132
  1962 10132
  1963 10132
  1964 10132
  1965 10132
  1966 10132
  1967 10132
  1968 10132
  1969 10132
  1970 10132
  1971 10132
  1972 10132
  1973 10132
  1974 10132
  1975 10132
  1976 10132
  1977 10132
  1978 10132
  1979 10132
  1980 10132
  1981 10132
  1982 10132
  1983 10132
  1984 10132
  1985 10132
  1986 10132
  1987 10132
  1988 10132
  1989 10132
  1990 10132
  1991 10132
  1992 10132
  1993 10132
  1994 10132
  1995 10132
  1996 10132
  1997 10132
  1998 10132
  1999 10132
  2000 10132
  2001 10132
  2002 10132
  2003 10132
  2004 10132
  2005 10132
  2006 10132
  2007 10132
  2008 10132
  2009 10132
  2010 10132
  2011 10132
  2012 10132
  2013 10132
  2014 10132
  2015 10132
  2016 10132
  2017 10132
  2018 10132
  2019 10132
  2020 10132
  2021 10132
  2022 10132
  2023 10132
  2024 10132
  2038 10151
  2039 10151
  2040 10151
  2041 10151
  2042 10028
  2043 10028
  2044 10028
  2045 10028
