   690 10095
   691 10095
   692 10095
   693 10095
   694 10095
   695 10095
   696 10095
   697 10095
   698 10095
   699 10095
   700 10095
   701 10095
   702 10095
   703 10095
   704 10095
   705 10095
   706 10095
   707 10095
   708 10095
   709 10095
   710 10095
   711 10095
   712 10095
   713 10095
   714 10095
   715 10095
   716 10095
   717 10095
   718 10095
   719 10095
   720 10095
   721 10095
   722 10095
   723 10095
   724 10095
   725 10095
   726 10095
   727 10095
   728 10095
   729 10095
   730 10095
   731 10095
   732 10095
   733 10095
   734 10095
   735 10095
   736 10095
   737 10095
   738 10095
   739 10095
   740 10095
   741 10095
   742 10095
   743 10095
   744 10095
   745 10095
   746 10095
   747 10095
   748 10095
   749 10095
   750 10095
   751 10095
   752 10095
   753 10095
   754 10095
   755 10095
   756 10095
   757 10095
   758 10095
   759 10095
   760 10095
   761 10095
   762 10095
   763 10095
   764 10095
   765 10095
   766 10095
   767 10095
   768 10095
   769 10095
   770 10095
   771 10095
   772 10095
   773 10095
   774 10095
   775 10095
   776 10095
   777 10095
   778 10095
   779 10095
   780 10095
   781 10061
   782 10043
   786 10151
   787 10022
   788 10151
   789 10151
   790 10151
   791 10034
   792 10034
   793 10034
   794 10034
   795 10151
   796 10151
   797 10151
   798 10151
   799 10151
   800 10151
   801 10151
   802 10151
   803 10151
   804 10151
   805 10151
   806 10151
   807 10151
   808 10151
   809 10151
   810 10151
   811 10151
   812 10151
   813 10151
   814 10151
   815 10151
   816 10151
   817 10151
   818 10151
   819 10151
   820 10151
   821 10151
   822 10151
   823 10151
   824 10151
   825 10151
   826 10151
   827 10151
   828 10151
   829 10151
   830 10151
   831 10151
   832 10151
   833 10151
   834 10151
   835 10151
   836 10151
   837 10151
   838 10151
   839 10151
   840 10151
   841 10151
   842 10151
   843 10151
   844 10151
   845 10151
   846 10151
   847 10151
   848 10151
   849 10151
   850 10151
   851 10151
   852 10151
   853 10151
   854 10151
   855 10151
   856 10151
   857 10151
   858 10151
   859 10151
   860 10151
   861 10151
   862 10151
   863 10151
   864 10151
   865 10151
   866 10151
   867 10151
   868 10151
   869 10151
   870 10151
   871 10151
   872 10151
   873 10151
   874 10151
   875 10151
   876 10151
   877 10151
   878 10151
   879 10151
   880 10151
   881 10151
   882 10151
   883 10151
   884 10151
   885 10151
   886 10151
   887 10151
   888 10151
   889 10151
   890 10151
   891 10151
   892 10151
   893 10151
   894 10151
   895 10151
   896 10151
   897 10151
   898 10151
   899 10151
   900 10151
   901 10151
   902 10151
   903 10151
   904 10151
   905 10151
   906 10151
   907 10151
   908 10151
   909 10151
   910 10151
   911 10151
   912 10151
   913 10151
   914 10151
   915 10151
   916 10151
   917 10151
   918 10151
   919 10151
   920 10151
   921 10151
   922 10151
   923 10151
   924 10151
   925 10151
   926 10151
   927 10151
   928 10151
   929 10151
   930 10151
   931 10151
   932 10151
   933 10151
   934 10151
   935 10151
   936 10151
   937 10151
   938 10151
   939 10151
   940 10151
   941 10151
   942 10151
   943 10151
   944 10151
   945 10151
   946 10151
   947 10151
   948 10151
   949 10151
   950 10151
   951 10151
   952 10151
   953 10151
   954 10151
   955 10151
   956 10151
   957 10151
   958 10151
   959 10151
   960 10151
   961 10151
   962 10151
   963 10151
   964 10151
   965 10151
   966 10151
   967 10151
   968 10151
   969 10151
   970 10151
   971 10151
   972 10151
   973 10151
   974 10151
   975 10151
   976 10151
   977 10151
   978 10151
   979 10151
   980 10151
   981 10151
   982 10151
   983 10151
   984 10151
   985 10151
   986 10151
   987 10151
   988 10151
   989 10151
   990 10151
   991 10151
   992 10151
   993 10151
   994 10151
   995 10151
   996 10151
   997 10151
   998 10151
   999 10151
  1000 10151
  1001 10151
  1002 10151
  1003 10151
  1004 10151
  1005 10151
  1006 10151
  1007 10151
  1008 10151
  1009 10151
  1010 10151
  1011 10151
  1012 10151
  1013 10151
  1014 10151
  1015 10151
  1016 10151
  1017 10151
  1018 10151
  1019 10151
  1020 10151
  1022 10101
  1023 10138
  1024 10138
  1025 10138
  1026 10029
  1027 10029
  1028 10029
  1029 10029
  1030 10029
  1031 10029
  1032 10029
  1033 10029
  1034 10029
  1035 10029
  1036 10029
  1037 10029
  1038 10029
  1039 10029
  1040 10029
  1041 10029
  1042 10029
  1043 10029
  1044 10029
  1045 10029
  1046 10029
  1047 10029
  1048 10029
  1049 10029
  1050 10029
  1051 10029
  1052 10029
  1053 10029
  1054 10029
  1055 10029
  1056 10029
  1057 10029
  1058 10029
  1059 10029
  1060 10029
  1061 10029
  1062 10029
  1063 10029
  1064 10029
  1065 10029
  1066 10029
  1067 10029
  1068 10029
  1069 10029
  1070 10029
  1071 10029
  1072 10029
  1073 10029
  1074 10029
  1075 10029
  1076 10029
  1077 10029
  1078 10029
  1079 10029
  1080 10029
  1081 10029
  1082 10029
  1083 10029
  1084 10029
  1085 10029
  1086 10029
  1087 10029
  1088 10029
  1089 10029
  1090 10029
  1091 10029
  1092 10029
  1093 10029
  1094 10029
  1095 10029
  1096 10029
  1097 10029
  1098 10029
  1099 10029
  1100 10029
  1101 10029
  1102 10029
  1103 10029
  1104 10029
  1105 10029
  1106 10029
  1107 10029
  1108 10029
  1109 10029
  1110 10029
  1111 10029
  1112 10029
  1113 10029
  1114 10029
  1115 10029
  1116 10029
  1117 10029
  1118 10029
  1119 10029
  1120 10029
  1121 10029
  1122 10029
  1123 10029
  1124 10029
  1125 10029
  1126 10029
  1127 10029
  1128 10029
  1129 10029
  1130 10029
  1131 10029
  1132 10029
  1133 10029
  1134 10029
  1135 10029
  1136 10029
  1137 10029
  1138 10029
  1139 10029
  1140 10029
  1141 10029
  1142 10029
  1143 10029
  1144 10029
  1145 10029
  1146 10029
  1147 10029
  1148 10029
  1149 10029
  1150 10029
  1151 10029
  1152 10029
  1153 10029
  1154 10029
  1155 10029
  1156 10029
  1157 10029
  1158 10029
  1159 10029
  1160 10029
  1161 10029
  1162 10029
  1163 10029
  1164 10029
  1165 10029
  1166 10029
  1167 10029
  1168 10029
  1169 10029
  1170 10029
  1171 10029
  1172 10029
  1173 10029
  1174 10029
  1175 10029
  1176 10029
  1177 10029
  1178 10029
  1179 10029
  1180 10029
  1181 10029
  1182 10029
  1183 10029
  1184 10029
  1185 10029
  1186 10029
  1187 10029
  1188 10029
  1189 10029
  1190 10029
  1191 10029
  1192 10029
  1193 10029
  1194 10029
  1195 10029
  1196 10029
  1197 10029
  1198 10029
  1199 10029
  1200 10029
  1201 10029
  1202 10029
  1203 10029
  1204 10029
  1205 10029
  1206 10029
  1207 10029
  1208 10029
  1209 10029
  1210 10029
  1211 10029
  1212 10029
  1213 10029
  1214 10029
  1215 10029
  1216 10029
  1217 10029
  1218 10029
  1219 10029
  1220 10029
  1221 10029
  1222 10029
  1223 10029
  1224 10029
  1225 10029
  1226 10029
  1227 10029
  1228 10029
  1229 10029
  1230 10029
  1231 10029
  1232 10029
  1233 10029
  1234 10029
  1235 10029
  1236 10029
  1237 10029
  1238 10029
  1239 10029
  1240 10029
  1241 10029
  1242 10029
  1243 10029
  1244 10029
  1245 10029
  1246 10029
  1247 10029
  1248 10029
  1249 10029
  1250 10029
  1251 10029
  1252 10029
  1253 10029
  1254 10029
  1255 10029
  1256 10029
  1257 10029
  1258 10029
  1259 10029
  1260 10029
  1261 10029
  1262 10029
  1263 10007
  1264 10007
  1265 10007
  1266 10007
  1267 10007
  1268 10007
  1269 10007
  1270 10007
  1271 10007
  1272 10007
  1273 10007
  1274 10007
  1275 10007
  1276 10007
  1277 10007
  1278 10007
  1279 10007
  1280 10007
  1281 10007
  1282 10007
  1283 10007
  1284 10007
  1285 10007
  1286 10007
  1287 10007
  1288 10007
  1289 10007
  1290 10007
  1291 10007
  1292 10007
  1293 10007
  1294 10007
  1295 10007
  1296 10007
  1297 10007
  1298 10007
  1299 10007
  1300 10007
  1301 10007
  1302 10007
  1303 10007
  1304 10007
  1305 10007
  1306 10007
  1307 10007
  1308 10007
  1309 10007
  1310 10007
  1311 10007
  1312 10007
  1313 10007
  1314 10007
  1315 10007
  1316 10007
  1317 10007
  1318 10007
  1319 10007
  1320 10007
  1321 10007
  1322 10007
  1323 10007
  1324 10007
  1325 10007
  1326 10007
  1327 10007
  1328 10007
  1329 10007
  1330 10007
  1331 10007
  1332 10007
  1333 10007
  1334 10007
  1335 10007
  1336 10007
  1337 10007
  1338 10007
  1339 10007
  1340 10007
  1341 10007
  1342 10007
  1343 10007
  1344 10007
  1345 10007
  1346 10007
  1347 10007
  1348 10007
  1349 10007
  1350 10007
  1351 10007
  1352 10007
  1353 10007
  1354 10007
  1355 10007
  1356 10007
  1357 10007
  1358 10007
  1359 10007
  1360 10007
  1361 10007
  1362 10007
  1363 10007
  1364 10007
  1365 10007
  1366 10007
  1367 10007
  1368 10007
  1369 10007
  1370 10007
  1371 10007
  1372 10007
  1373 10007
  1374 10007
  1375 10007
  1376 10007
  1377 10007
  1378 10007
  1379 10007
  1380 10007
  1381 10007
  1382 10007
  1383 10007
  1384 10007
  1385 10007
  1386 10007
  1387 10007
  1388 10007
  1389 10007
  1390 10007
  1391 10007
  1392 10007
  1393 10007
  1394 10007
  1395 10007
  1396 10007
  1397 10007
  1398 10007
  1399 10007
  1400 10007
  1401 10007
  1402 10007
  1403 10007
  1404 10007
  1405 10007
  1406 10007
  1407 10007
  1408 10007
  1409 10007
  1410 10007
  1411 10007
  1412 10007
  1413 10007
  1414 10007
  1415 10007
  1416 10007
  1417 10007
  1418 10007
  1419 10007
  1420 10007
  1421 10007
  1422 10007
  1423 10007
  1424 10007
  1425 10007
  1426 10007
  1427 10007
  1428 10007
  1429 10007
  1430 10007
  1431 10007
  1432 10007
  1433 10007
  1434 10007
  1435 10007
  1436 10007
  1437 10007
  1438 10007
  1439 10007
  1440 10007
  1441 10007
  1442 10007
  1443 10007
  1444 10007
  1445 10007
  1446 10007
  1447 10007
  1448 10007
  1449 10007
  1450 10007
  1451 10007
  1452 10007
  1453 10007
  1454 10007
  1455 10007
  1456 10007
  1457 10007
  1458 10007
  1459 10007
  1460 10007
  1461 10007
  1462 10007
  1463 10007
  1464 10007
  1465 10007
  1466 10007
  1467 10007
  1468 10007
  1469 10007
  1470 10007
  1471 10007
  1472 10007
  1473 10007
  1474 10007
  1475 10007
  1476 10007
  1477 10007
  1478 10007
  1479 10007
  1480 10007
  1481 10007
  1482 10007
  1483 10007
  1484 10007
  1485 10007
  1486 10007
  1487 10007
  1488 10007
  1489 10007
  1490 10007
  1491 10007
  1492 10007
  1493 10007
  1494 10007
  1495 10007
  1496 10007
  1497 10007
  1498 10007
  1499 10007
  1500 10007
  1501 10098
  1502 10018
  1503 10018
  1504 10018
  1505 10018
  1506 10018
  1507 10018
  1508 10018
  1509 10018
  1510 10158
  1511 10158
  1512 10158
  1513 10158
  1514 10158
  1515 10158
  1516 10023
  1517 10158
  1518 10055
  1519 10055
  1520 10055
  1521 10055
  1522 10055
  1523 10055
  1524 10055
  1525 10055
  1526 10055
  1527 10055
  1528 10055
  1529 10055
  1530 10055
  1531 10055
  1532 10055
  1533 10055
  1534 10055
  1535 10055
  1536 10055
  1538 10081
  1539 10081
  1540 10016
  1541 10016
  1542 10016
  1543 10016
  1544 10016
  1545 10016
  1546 10016
  1547 10016
  1548 10016
  1549 10016
  1550 10016
  1551 10016
  1552 10016
  1553 10016
  1554 10016
  1555 10016
  1556 10016
  1557 10016
  1558 10016
  1559 10016
  1560 10016
  1561 10016
  1562 10143
  1563 10016
  1564 10016
  1565 10016
  1566 10016
  1567 10016
  1568 10016
  1569 10143
  1570 10143
  1571 10143
  1572 10143
  1573 10143
  1574 10143
  1575 10016
  1576 10143
  1577 10143
  1578 10143
  1579 10143
  1580 10143
  1581 10143
  1582 10016
  1583 10016
  1584 10016
  1585 10016
  1586 10016
  1587 10016
  1588 10016
  1589 10016
  1590 10016
  1591 10016
  1592 10143
  1593 10143
  1594 10143
  1595 10143
  1596 10016
  1597 10016
  1598 10016
  1599 10016
  1600 10016
  1601 10016
  1602 10016
  1603 10016
  1604 10016
  1605 10016
  1606 10016
  1607 10016
  1608 10016
  1609 10016
  1610 10016
  1611 10016
  1612 10016
  1613 10016
  1614 10016
  1615 10016
  1616 10016
  1617 10016
  1618 10016
  1619 10143
  1620 10143
  1621 10006
  1622 10006
  1623 10006
  1624 10006
  1625 10006
  1626 10006
  1627 10006
  1628 10006
  1629 10006
  1630 10006
  1631 10006
  1632 10006
  1633 10006
  1634 10006
  1635 10006
  1636 10006
  1637 10006
  1638 10006
  1639 10006
  1640 10006
  1641 10006
  1642 10006
  1643 10006
  1644 10006
  1645 10006
  1646 10006
  1647 10006
  1648 10006
  1649 10006
  1650 10006
  1651 10006
  1652 10006
  1653 10006
  1654 10006
  1655 10006
  1656 10006
  1657 10006
  1658 10006
  1659 10006
  1660 10006
  1661 10006
  1662 10006
  1663 10006
  1664 10006
  1665 10006
  1666 10006
  1667 10006
  1668 10006
  1669 10006
  1670 10006
  1671 10006
  1672 10006
  1673 10006
  1674 10006
  1675 10006
  1676 10006
  1677 10006
  1678 10006
  1679 10006
  1680 10006
  1681 10006
  1682 10006
  1683 10006
  1684 10006
  1685 10006
  1686 10006
  1687 10006
  1688 10006
  1689 10006
  1690 10006
  1691 10006
  1692 10006
  1693 10006
  1694 10006
  1695 10006
  1696 10006
  1697 10006
  1698 10006
  1699 10006
  1700 10006
  1701 10006
  1702 10006
  1703 10006
  1704 10006
  1705 10006
  1706 10006
  1707 10006
  1708 10006
  1709 10006
  1710 10006
  1711 10006
  1712 10006
  1713 10006
  1714 10006
  1715 10006
  1716 10006
  1717 10006
  1718 10006
  1719 10006
  1720 10006
  1721 10006
  1722 10006
  1723 10006
  1724 10006
  1725 10006
  1726 10006
  1727 10006
  1728 10006
  1729 10006
  1730 10006
  1731 10006
  1732 10006
  1733 10006
  1734 10006
  1735 10006
  1736 10006
  1737 10006
  1738 10006
  1739 10006
  1740 10006
  1741 10006
  1742 10006
  1743 10006
  1744 10006
  1745 10006
  1746 10006
  1747 10006
  1748 10006
  1749 10006
  1750 10006
  1751 10006
  1752 10006
  1753 10006
  1754 10006
  1755 10006
  1756 10006
  1757 10006
  1758 10006
  1759 10006
  1760 10006
  1761 10006
  1762 10006
  1763 10006
  1764 10006
  1765 10006
  1766 10006
  1767 10006
  1768 10006
  1769 10006
  1770 10006
  1771 10006
  1772 10006
  1773 10006
  1774 10006
  1775 10006
  1776 10006
  1777 10006
  1778 10006
  1779 10006
  1780 10006
  1781 10006
  1782 10006
  1783 10006
  1784 10006
  1785 10006
  1786 10006
  1787 10006
  1788 10006
  1789 10006
  1790 10006
  1791 10006
  1792 10006
  1793 10006
  1794 10006
  1795 10006
  1796 10006
  1797 10006
  1798 10006
  1799 10006
  1800 10006
  1801 10006
  1802 10006
  1803 10006
  1804 10006
  1805 10006
  1806 10006
  1807 10006
  1808 10006
  1809 10006
  1810 10006
  1811 10006
  1812 10006
  1813 10006
  1814 10006
  1815 10006
  1816 10006
  1817 10006
  1818 10006
  1819 10006
  1820 10006
  1821 10006
  1822 10006
  1823 10006
  1824 10006
  1825 10006
  1826 10006
  1827 10006
  1828 10006
  1829 10006
  1830 10006
  1831 10006
  1832 10006
  1833 10006
  1834 10006
  1835 10006
  1836 10006
  1837 10006
  1838 10006
  1839 10006
  1840 10006
  1841 10006
  1842 10006
  1843 10006
  1844 10006
  1845 10006
  1846 10006
  1847 10006
  1848 10006
  1849 10006
  1850 10006
  1851 10006
  1852 10006
  1853 10006
  1854 10006
  1855 10006
  1856 10143
  1857 10143
  1858 10107
  1859 10016
  1860 10016
  1861 10016
  1862 10016
  1863 10143
  1864 10143
  1865 10143
  1866 10167
  1867 10081
  1868 10081
  1869 10081
  1870 10081
  1871 10081
  1872 10081
  1873 10081
  1874 10081
  1875 10081
  1876 10081
  1877 10081
  1878 10081
  1879 10081
  1880 10081
  1881 10081
  1882 10081
  1883 10081
  1884 10081
  1885 10081
  1886 10081
  1887 10081
  1888 10081
  1889 10081
  1890 10081
  1891 10081
  1892 10081
  1893 10081
  1894 10081
  1895 10081
  1896 10081
  1897 10081
  1898 10081
  1899 10081
  1900 10081
  1901 10081
  1902 10081
  1903 10081
  1904 10081
  1905 10081
  1906 10081
  1907 10081
  1908 10081
  1909 10081
  1910 10081
  1911 10081
  1912 10081
  1913 10081
  1914 10081
  1915 10081
  1916 10081
  1917 10081
  1918 10081
  1919 10081
  1920 10081
  1921 10081
  1922 10081
  1923 10081
  1924 10081
  1925 10081
  1926 10081
  1927 10081
  1928 10081
  1929 10081
  1930 10081
  1931 10081
  1932 10081
  1933 10081
  1934 10081
  1935 10081
  1936 10081
  1937 10081
  1938 10081
  1939 10081
  1940 10081
  1941 10081
  1942 10081
  1943 10081
  1944 10081
  1945 10081
  1946 10081
  1947 10081
  1948 10081
  1949 10081
  1950 10081
  1951 10081
  1952 10081
  1953 10081
  1954 10081
  1955 10081
  1956 10081
  1957 10081
  1958 10081
  1959 10081
  1960 10081
  1961 10081
  1962 10081
  1963 10081
  1964 10081
  1965 10081
  1966 10081
  1967 10081
  1968 10081
  1969 10081
  1970 10081
  1971 10081
  1972 10081
  1973 10081
  1974 10081
  1975 10081
  1976 10081
  1977 10081
  1978 10081
  1979 10081
  1980 10081
  1981 10081
  1982 10081
  1983 10081
  1984 10081
  1985 10081
  1986 10081
  1987 10081
  1988 10081
  1989 10081
  1990 10081
  1991 10081
  1992 10081
  1993 10081
  1994 10081
  1995 10081
  1996 10081
  1997 10081
  1998 10081
  1999 10081
  2000 10081
  2001 10081
  2002 10081
  2003 10081
  2004 10081
  2005 10081
  2006 10081
  2007 10081
  2008 10081
  2009 10081
  2010 10081
  2011 10081
  2012 10081
  2013 10081
  2014 10081
  2015 10081
  2016 10081
  2017 10081
  2018 10081
  2019 10081
  2020 10081
  2021 10081
  2022 10081
  2023 10081
  2024 10081
  2025 10081
  2026 10154
  2027 10154
  2028 10074
  2457 10006
  2458 10006
  2459 10006
  2460 10006
  2461 10006
  2462 10006
  2463 10006
  2464 10006
  2465 10006
  2466 10006
  2467 10006
  2468 10006
  2469 10006
  2470 10006
  2471 10073
  2472 10073
  2473 10073
  2476 10006
  2477 10015
  2478 10006
  2479 10015
  2480 10015
  2481 10015
  2482 10006
  2483 10015
  2484 10015
  2485 10073
  2486 10006
  2487 10006
  2488 10006
  2489 10006
  2490 10006
  2491 10006
  2492 10006
  2493 10006
  2494 10006
  2495 10006
  2496 10006
  2497 10006
  2498 10006
  2499 10006
  2638 10006
  2639 10006
  2640 10006
  2641 10006
  2642 10006
  2643 10006
  2644 10006
  2645 10006
  2646 10006
  2647 10006
  2648 10006
  2649 10006
  2650 10006
  2651 10006
  2652 10006
  2653 10006
  2654 10006
  2655 10006
  2656 10006
  2657 10006
  2658 10006
  2659 10006
  2660 10015
  2661 10015
  2662 10015
