   635 10029
   636 10029
   637 10029
   638 10029
   639 10029
   640 10029
   641 10029
   690 10155
   691 10155
   692 10155
   693 10155
   694 10155
   695 10155
   696 10155
   697 10155
   698 10155
   699 10155
   700 10155
   701 10155
   702 10155
   703 10155
   704 10155
   705 10155
   706 10155
   707 10155
   708 10155
   709 10155
   710 10155
   711 10155
   712 10155
   713 10155
   714 10155
   715 10155
   716 10155
   717 10155
   718 10155
   719 10155
   720 10155
   721 10155
   722 10155
   723 10155
   724 10155
   725 10155
   726 10155
   727 10155
   728 10155
   729 10155
   730 10155
   731 10155
   732 10155
   733 10155
   734 10155
   735 10155
   736 10155
   737 10155
   738 10155
   739 10155
   740 10155
   741 10155
   742 10155
   743 10155
   744 10155
   745 10155
   746 10155
   747 10155
   748 10155
   749 10155
   750 10155
   751 10155
   752 10155
   753 10155
   754 10155
   755 10155
   756 10155
   757 10155
   758 10155
   759 10155
   760 10155
   761 10155
   762 10155
   763 10155
   764 10155
   765 10155
   766 10155
   767 10155
   768 10155
   769 10155
   770 10155
   771 10155
   772 10155
   773 10155
   774 10155
   775 10155
   776 10155
   777 10155
   778 10155
   779 10155
   780 10155
   781 10154
   782 10120
   783 10120
   784 10120
   785 10120
   786 10120
   787 10120
   788 10120
   789 10120
   790 10120
   791 10120
   792 10120
   793 10120
   794 10120
   795 10120
   796 10120
   797 10120
   798 10120
   799 10120
   800 10120
   801 10120
   802 10120
   803 10120
   804 10120
   805 10120
   806 10120
   807 10120
   808 10120
   809 10120
   810 10120
   811 10120
   812 10120
   813 10120
   814 10120
   815 10120
   816 10120
   817 10120
   818 10120
   819 10120
   820 10120
   821 10120
   822 10120
   823 10120
   824 10120
   825 10120
   826 10120
   827 10120
   828 10120
   829 10120
   830 10120
   831 10120
   832 10120
   833 10120
   834 10120
   835 10120
   836 10120
   837 10120
   838 10120
   839 10120
   840 10120
   841 10120
   842 10120
   843 10120
   844 10120
   845 10120
   846 10120
   847 10120
   848 10120
   849 10120
   850 10120
   851 10120
   852 10120
   853 10120
   854 10120
   855 10120
   856 10120
   857 10120
   858 10120
   859 10120
   860 10120
   861 10120
   862 10120
   863 10120
   864 10120
   865 10120
   866 10120
   867 10120
   868 10120
   869 10120
   870 10120
   871 10120
   872 10120
   873 10120
   874 10120
   875 10120
   876 10120
   877 10120
   878 10120
   879 10120
   880 10120
   881 10120
   882 10120
   883 10120
   884 10120
   885 10120
   886 10120
   887 10120
   888 10120
   889 10120
   890 10120
   891 10120
   892 10120
   893 10120
   894 10120
   895 10120
   896 10120
   897 10120
   898 10120
   899 10120
   900 10120
   901 10120
   902 10120
   903 10120
   904 10120
   905 10120
   906 10120
   907 10120
   908 10120
   909 10120
   910 10120
   911 10120
   912 10120
   913 10120
   914 10120
   915 10120
   916 10120
   917 10120
   918 10120
   919 10120
   920 10120
   921 10120
   922 10120
   923 10120
   924 10120
   925 10120
   926 10120
   927 10120
   928 10120
   929 10120
   930 10120
   931 10120
   932 10120
   933 10120
   934 10120
   935 10120
   936 10120
   937 10120
   938 10120
   939 10120
   940 10120
   941 10120
   942 10120
   943 10120
   944 10120
   945 10120
   946 10120
   947 10120
   948 10120
   949 10120
   950 10120
   951 10120
   952 10120
   953 10120
   954 10120
   955 10120
   956 10120
   957 10120
   958 10120
   959 10120
   960 10120
   961 10120
   962 10120
   963 10120
   964 10120
   965 10120
   966 10120
   967 10120
   968 10120
   969 10120
   970 10120
   971 10120
   972 10120
   973 10120
   974 10120
   975 10120
   976 10120
   977 10120
   978 10120
   979 10120
   980 10120
   981 10120
   982 10120
   983 10120
   984 10120
   985 10120
   986 10120
   987 10120
   988 10120
   989 10120
   990 10120
   991 10120
   992 10120
   993 10120
   994 10120
   995 10120
   996 10120
   997 10120
   998 10120
   999 10120
  1000 10120
  1001 10120
  1002 10120
  1003 10120
  1004 10120
  1005 10120
  1006 10120
  1007 10120
  1008 10120
  1009 10120
  1010 10120
  1011 10120
  1012 10120
  1013 10120
  1014 10120
  1015 10120
  1016 10120
  1017 10120
  1018 10120
  1019 10120
  1020 10120
  1021 10131
  1022 10131
  1023 10131
  1024 10131
  1025 10131
  1026 10131
  1027 10131
  1028 10131
  1029 10131
  1030 10131
  1031 10131
  1032 10131
  1033 10131
  1034 10131
  1035 10131
  1036 10131
  1037 10131
  1038 10131
  1039 10131
  1040 10131
  1041 10131
  1042 10131
  1043 10131
  1044 10131
  1045 10131
  1046 10131
  1047 10131
  1048 10131
  1049 10131
  1050 10131
  1051 10131
  1052 10131
  1053 10131
  1054 10131
  1055 10131
  1056 10131
  1057 10131
  1058 10131
  1059 10131
  1060 10131
  1061 10131
  1062 10131
  1063 10131
  1064 10131
  1065 10131
  1066 10131
  1067 10131
  1068 10131
  1069 10131
  1070 10131
  1071 10131
  1072 10131
  1073 10131
  1074 10131
  1075 10131
  1076 10131
  1077 10131
  1078 10131
  1079 10131
  1080 10131
  1081 10131
  1082 10131
  1083 10131
  1084 10131
  1085 10131
  1086 10131
  1087 10131
  1088 10131
  1089 10131
  1090 10131
  1091 10131
  1092 10131
  1093 10131
  1094 10131
  1095 10131
  1096 10131
  1097 10131
  1098 10131
  1099 10131
  1100 10131
  1101 10131
  1102 10131
  1103 10131
  1104 10131
  1105 10131
  1106 10131
  1107 10131
  1108 10131
  1109 10131
  1110 10131
  1111 10131
  1112 10131
  1113 10131
  1114 10131
  1115 10131
  1116 10131
  1117 10131
  1118 10131
  1119 10131
  1120 10131
  1121 10131
  1122 10131
  1123 10131
  1124 10131
  1125 10131
  1126 10131
  1127 10131
  1128 10131
  1129 10131
  1130 10131
  1131 10131
  1132 10131
  1133 10131
  1134 10131
  1135 10131
  1136 10131
  1137 10131
  1138 10131
  1139 10131
  1140 10131
  1141 10131
  1142 10131
  1143 10131
  1144 10131
  1145 10131
  1146 10131
  1147 10131
  1148 10131
  1149 10131
  1150 10131
  1151 10131
  1152 10131
  1153 10131
  1154 10131
  1155 10131
  1156 10131
  1157 10131
  1158 10131
  1159 10131
  1160 10131
  1161 10131
  1162 10131
  1163 10131
  1164 10131
  1165 10131
  1166 10131
  1167 10131
  1168 10131
  1169 10131
  1170 10131
  1171 10131
  1172 10131
  1173 10131
  1174 10131
  1175 10131
  1176 10131
  1177 10131
  1178 10131
  1179 10131
  1180 10131
  1181 10131
  1182 10131
  1183 10131
  1184 10131
  1185 10131
  1186 10131
  1187 10131
  1188 10131
  1189 10131
  1190 10131
  1191 10131
  1192 10131
  1193 10131
  1194 10131
  1195 10131
  1196 10131
  1197 10131
  1198 10131
  1199 10131
  1200 10131
  1201 10131
  1202 10131
  1203 10131
  1204 10131
  1205 10131
  1206 10131
  1207 10131
  1208 10131
  1209 10131
  1210 10131
  1211 10131
  1212 10131
  1213 10131
  1214 10131
  1215 10131
  1216 10131
  1217 10131
  1218 10131
  1219 10131
  1220 10131
  1221 10131
  1222 10131
  1223 10131
  1224 10131
  1225 10131
  1226 10131
  1227 10131
  1228 10131
  1229 10131
  1230 10131
  1231 10131
  1232 10131
  1233 10131
  1234 10131
  1235 10131
  1236 10131
  1237 10131
  1238 10131
  1239 10131
  1240 10131
  1241 10131
  1242 10131
  1243 10131
  1244 10131
  1245 10131
  1246 10131
  1247 10131
  1248 10131
  1249 10131
  1250 10131
  1251 10131
  1252 10131
  1253 10131
  1254 10131
  1255 10131
  1256 10131
  1257 10131
  1305 10018
  1376 10055
  1379 10097
  1380 10097
  1381 10162
  1382 10162
  1383 10162
  1384 10162
  1385 10162
  1386 10162
  1387 10162
  1388 10162
  1389 10162
  1390 10162
  1391 10162
  1392 10162
  1393 10162
  1394 10162
  1395 10162
  1396 10162
  1397 10162
  1398 10162
  1399 10162
  1400 10162
  1401 10162
  1402 10162
  1403 10162
  1404 10162
  1405 10162
  1406 10162
  1407 10162
  1408 10162
  1409 10162
  1410 10162
  1411 10162
  1412 10162
  1413 10162
  1414 10162
  1415 10162
  1416 10162
  1417 10162
  1418 10162
  1419 10162
  1420 10162
  1421 10162
  1422 10162
  1423 10162
  1424 10162
  1425 10162
  1426 10162
  1427 10162
  1428 10162
  1429 10162
  1430 10162
  1431 10162
  1432 10162
  1433 10162
  1434 10162
  1435 10162
  1436 10162
  1437 10162
  1438 10162
  1439 10162
  1440 10162
  1441 10162
  1442 10162
  1443 10162
  1444 10162
  1445 10162
  1446 10162
  1447 10162
  1448 10162
  1449 10162
  1450 10162
  1451 10162
  1452 10162
  1453 10162
  1454 10162
  1455 10162
  1456 10162
  1457 10162
  1458 10162
  1459 10162
  1460 10162
  1461 10162
  1462 10162
  1463 10162
  1464 10162
  1465 10162
  1466 10162
  1467 10162
  1468 10162
  1469 10162
  1470 10162
  1471 10162
  1472 10162
  1473 10162
  1474 10162
  1475 10162
  1476 10162
  1477 10162
  1478 10162
  1479 10162
  1480 10162
  1481 10162
  1482 10162
  1483 10162
  1484 10162
  1485 10162
  1486 10162
  1487 10162
  1488 10162
  1489 10162
  1490 10162
  1491 10162
  1492 10162
  1493 10162
  1494 10162
  1495 10162
  1496 10162
  1497 10162
  1498 10162
  1499 10162
  1500 10162
  1501 10162
  1502 10162
  1503 10162
  1504 10162
  1505 10162
  1506 10162
  1507 10162
  1508 10162
  1509 10162
  1510 10162
  1511 10162
  1512 10162
  1513 10162
  1514 10162
  1515 10162
  1516 10162
  1517 10162
  1518 10162
  1519 10162
  1520 10162
  1521 10162
  1522 10162
  1523 10162
  1524 10162
  1525 10162
  1526 10162
  1527 10162
  1528 10162
  1529 10162
  1530 10162
  1531 10162
  1532 10162
  1533 10162
  1534 10162
  1535 10162
  1536 10162
  1537 10162
  1538 10162
  1539 10162
  1540 10162
  1541 10162
  1542 10162
  1543 10162
  1544 10162
  1545 10162
  1546 10162
  1547 10162
  1548 10162
  1549 10162
  1550 10162
  1551 10162
  1552 10162
  1553 10162
  1554 10162
  1555 10162
  1556 10162
  1557 10162
  1558 10162
  1559 10162
  1560 10162
  1561 10162
  1562 10162
  1563 10162
  1564 10162
  1565 10162
  1566 10162
  1567 10162
  1568 10162
  1569 10162
  1570 10162
  1571 10162
  1572 10162
  1573 10162
  1574 10162
  1575 10162
  1576 10162
  1577 10162
  1578 10162
  1579 10162
  1580 10162
  1581 10162
  1582 10162
  1583 10162
  1584 10162
  1585 10162
  1586 10162
  1587 10162
  1588 10162
  1589 10162
  1590 10162
  1591 10162
  1592 10162
  1593 10162
  1594 10162
  1595 10162
  1596 10162
  1597 10162
  1598 10162
  1599 10162
  1600 10162
  1601 10162
  1602 10162
  1603 10162
  1604 10162
  1605 10162
  1606 10162
  1607 10162
  1608 10162
  1609 10162
  1610 10162
  1611 10162
  1612 10162
  1613 10162
  1614 10162
  1615 10162
  1616 10162
  1617 10162
  1618 10162
  1619 10162
  1620 10162
  1622 10067
  1623 10043
  1627 10034
  1628 10034
  1629 10034
  1630 10034
  1631 10034
  1632 10034
  1633 10034
  1634 10034
  1635 10034
  1636 10034
  1637 10034
  1638 10034
  1639 10034
  1640 10034
  1641 10034
  1642 10034
  1643 10034
  1644 10034
  1645 10034
  1646 10034
  1647 10034
  1648 10034
  1649 10034
  1650 10034
  1651 10034
  1652 10034
  1653 10034
  1654 10034
  1655 10034
  1656 10034
  1657 10034
  1658 10034
  1659 10034
  1660 10034
  1661 10034
  1662 10034
  1663 10034
  1664 10034
  1665 10034
  1666 10034
  1667 10034
  1668 10034
  1669 10034
  1670 10034
  1671 10034
  1672 10034
  1673 10034
  1674 10034
  1675 10034
  1676 10034
  1677 10034
  1678 10034
  1679 10034
  1680 10034
  1681 10034
  1682 10034
  1683 10034
  1684 10034
  1685 10034
  1686 10034
  1687 10034
  1688 10034
  1689 10034
  1690 10034
  1691 10034
  1692 10034
  1693 10034
  1694 10034
  1695 10034
  1696 10034
  1697 10034
  1698 10034
  1699 10034
  1700 10034
  1701 10034
  1702 10034
  1703 10034
  1704 10034
  1705 10034
  1706 10034
  1707 10034
  1708 10034
  1709 10034
  1710 10034
  1711 10034
  1712 10034
  1713 10034
  1714 10034
  1715 10034
  1716 10034
  1717 10034
  1718 10034
  1719 10034
  1720 10034
  1721 10034
  1722 10034
  1723 10034
  1724 10034
  1725 10034
  1726 10034
  1727 10034
  1728 10034
  1729 10034
  1730 10034
  1731 10034
  1732 10034
  1733 10034
  1734 10034
  1735 10034
  1736 10034
  1737 10034
  1738 10034
  1739 10034
  1740 10034
  1741 10034
  1742 10034
  1743 10034
  1744 10034
  1745 10034
  1746 10034
  1747 10034
  1748 10034
  1749 10034
  1750 10034
  1751 10034
  1752 10034
  1753 10034
  1754 10034
  1755 10034
  1756 10034
  1757 10034
  1758 10034
  1759 10034
  1760 10034
  1761 10034
  1762 10034
  1763 10034
  1764 10034
  1765 10034
  1766 10034
  1767 10034
  1768 10034
  1769 10034
  1770 10034
  1771 10034
  1772 10034
  1773 10034
  1774 10034
  1775 10034
  1776 10034
  1777 10034
  1778 10034
  1779 10034
  1780 10034
  1781 10034
  1782 10034
  1783 10034
  1784 10034
  1785 10034
  1786 10034
  1787 10034
  1788 10034
  1789 10034
  1790 10034
  1791 10034
  1792 10034
  1793 10034
  1794 10034
  1795 10034
  1796 10034
  1797 10034
  1798 10034
  1799 10034
  1800 10034
  1801 10034
  1802 10034
  1803 10034
  1804 10034
  1805 10034
  1806 10034
  1807 10034
  1808 10034
  1809 10034
  1810 10034
  1811 10034
  1812 10034
  1813 10034
  1814 10034
  1815 10034
  1816 10034
  1817 10034
  1818 10034
  1819 10034
  1820 10034
  1821 10034
  1822 10034
  1823 10034
  1824 10034
  1825 10034
  1826 10034
  1827 10034
  1828 10034
  1829 10034
  1830 10034
  1831 10034
  1832 10034
  1833 10034
  1834 10034
  1835 10034
  1836 10034
  1837 10034
  1838 10034
  1839 10034
  1840 10034
  1841 10034
  1842 10034
  1843 10034
  1844 10034
  1845 10034
  1846 10034
  1847 10034
  1848 10034
  1849 10034
  1850 10034
  1851 10034
  1852 10034
  1853 10034
  1854 10034
  1855 10034
  1856 10034
  1857 10034
  1858 10034
  1859 10034
  1860 10034
  1861 10034
  1865 10061
  1866 10050
  1867 10050
  1868 10050
  1869 10050
  2021 10050
  2022 10036
  2023 10036
  2024 10154
  2025 10154
  2026 10154
  2027 10154
  2028 10016
  2029 10154
  2030 10154
  2031 10130
  2032 10130
  2033 10130
  2034 10130
