   690 10112
   691 10112
   692 10112
   693 10112
   694 10112
   695 10112
   696 10112
   697 10112
   698 10112
   699 10112
   700 10112
   701 10112
   702 10112
   703 10112
   704 10112
   705 10112
   706 10112
   707 10112
   708 10112
   709 10112
   710 10112
   711 10112
   712 10112
   713 10112
   714 10112
   715 10112
   716 10112
   717 10112
   718 10112
   719 10112
   720 10112
   721 10112
   722 10112
   723 10112
   724 10112
   725 10112
   726 10112
   727 10112
   728 10112
   729 10112
   730 10112
   731 10112
   732 10112
   733 10112
   734 10112
   735 10112
   736 10112
   737 10112
   738 10112
   739 10112
   740 10112
   741 10112
   742 10112
   743 10112
   744 10112
   745 10112
   746 10112
   747 10112
   748 10112
   749 10112
   750 10112
   751 10112
   752 10112
   753 10112
   754 10112
   755 10112
   756 10112
   757 10112
   758 10112
   759 10112
   760 10112
   761 10112
   762 10112
   763 10112
   764 10112
   765 10112
   766 10112
   767 10112
   768 10112
   769 10112
   770 10112
   771 10112
   772 10112
   773 10112
   774 10112
   775 10112
   776 10112
   777 10112
   778 10112
   779 10112
   780 10112
   781 10007
   782 10007
   783 10007
   784 10007
   785 10007
   786 10007
   787 10007
   788 10007
   789 10007
   790 10007
   791 10007
   792 10007
   793 10007
   794 10007
   795 10007
   796 10007
   797 10007
   798 10007
   799 10007
   800 10007
   801 10007
   802 10007
   803 10007
   804 10007
   805 10007
   806 10007
   807 10007
   808 10007
   809 10007
   810 10007
   811 10007
   812 10007
   813 10007
   814 10007
   815 10007
   816 10007
   817 10007
   818 10007
   819 10007
   820 10007
   821 10007
   822 10007
   823 10007
   824 10007
   825 10007
   826 10007
   827 10007
   828 10007
   829 10007
   830 10007
   831 10007
   832 10007
   833 10007
   834 10007
   835 10007
   836 10007
   837 10007
   838 10007
   839 10007
   840 10007
   841 10007
   842 10007
   843 10007
   844 10007
   845 10007
   846 10007
   847 10007
   848 10007
   849 10007
   850 10007
   851 10007
   852 10007
   853 10007
   854 10007
   855 10007
   856 10007
   857 10007
   858 10007
   859 10007
   860 10007
   861 10007
   862 10007
   863 10007
   864 10007
   865 10007
   866 10007
   867 10007
   868 10007
   869 10007
   870 10007
   871 10007
   872 10007
   873 10007
   874 10007
   875 10007
   876 10007
   877 10007
   878 10007
   879 10007
   880 10007
   881 10007
   882 10007
   883 10007
   884 10007
   885 10007
   886 10007
   887 10007
   888 10007
   889 10007
   890 10007
   891 10007
   892 10007
   893 10007
   894 10007
   895 10007
   896 10007
   897 10007
   898 10007
   899 10007
   900 10007
   901 10007
   902 10007
   903 10007
   904 10007
   905 10007
   906 10007
   907 10007
   908 10007
   909 10007
   910 10007
   911 10007
   912 10007
   913 10007
   914 10007
   915 10007
   916 10007
   917 10007
   918 10007
   919 10007
   920 10007
   921 10007
   922 10007
   923 10007
   924 10007
   925 10007
   926 10007
   927 10007
   928 10007
   929 10007
   930 10007
   931 10007
   932 10007
   933 10007
   934 10007
   935 10007
   936 10007
   937 10007
   938 10007
   939 10007
   940 10007
   941 10007
   942 10007
   943 10007
   944 10007
   945 10007
   946 10007
   947 10007
   948 10007
   949 10007
   950 10007
   951 10007
   952 10007
   953 10007
   954 10007
   955 10007
   956 10007
   957 10007
   958 10007
   959 10007
   960 10007
   961 10007
   962 10007
   963 10007
   964 10007
   965 10007
   966 10007
   967 10007
   968 10007
   969 10007
   970 10007
   971 10007
   972 10007
   973 10007
   974 10007
   975 10007
   976 10007
   977 10007
   978 10007
   979 10007
   980 10007
   981 10007
   982 10007
   983 10007
   984 10007
   985 10007
   986 10007
   987 10007
   988 10007
   989 10007
   990 10007
   991 10007
   992 10007
   993 10007
   994 10007
   995 10007
   996 10007
   997 10007
   998 10007
   999 10007
  1000 10007
  1001 10007
  1002 10007
  1003 10007
  1004 10007
  1005 10007
  1006 10007
  1007 10007
  1008 10007
  1009 10007
  1010 10007
  1011 10007
  1012 10007
  1013 10007
  1014 10007
  1015 10007
  1016 10007
  1017 10007
  1018 10007
  1019 10007
  1020 10007
  1021 10137
  1024 10167
  1025 10167
  1026 10167
  1027 10167
  1028 10167
  1029 10167
  1030 10167
  1031 10167
  1032 10167
  1033 10167
  1034 10167
  1035 10167
  1036 10167
  1037 10167
  1038 10167
  1039 10167
  1040 10167
  1041 10167
  1042 10167
  1043 10167
  1044 10167
  1045 10167
  1046 10167
  1047 10167
  1048 10167
  1049 10167
  1050 10167
  1051 10167
  1052 10167
  1053 10167
  1054 10167
  1055 10167
  1056 10167
  1057 10167
  1058 10167
  1059 10167
  1060 10167
  1061 10167
  1062 10167
  1063 10167
  1064 10167
  1065 10167
  1066 10167
  1067 10167
  1068 10167
  1069 10167
  1070 10167
  1071 10167
  1072 10167
  1073 10167
  1074 10167
  1075 10167
  1076 10167
  1077 10167
  1078 10167
  1079 10167
  1080 10167
  1081 10167
  1082 10167
  1083 10167
  1084 10167
  1085 10167
  1086 10167
  1087 10167
  1088 10167
  1089 10167
  1090 10167
  1091 10167
  1092 10167
  1093 10167
  1094 10167
  1095 10167
  1096 10167
  1097 10167
  1098 10167
  1099 10167
  1100 10167
  1101 10167
  1102 10167
  1103 10167
  1104 10167
  1105 10167
  1106 10167
  1107 10167
  1108 10167
  1109 10167
  1110 10167
  1111 10167
  1112 10167
  1113 10167
  1114 10167
  1115 10167
  1116 10167
  1117 10167
  1118 10167
  1119 10167
  1120 10167
  1121 10167
  1122 10167
  1123 10167
  1124 10167
  1125 10167
  1126 10167
  1127 10167
  1128 10167
  1129 10167
  1130 10167
  1131 10167
  1132 10167
  1133 10167
  1134 10167
  1135 10167
  1136 10167
  1137 10167
  1138 10167
  1139 10167
  1140 10167
  1141 10167
  1142 10167
  1143 10167
  1144 10167
  1145 10167
  1146 10167
  1147 10167
  1148 10167
  1149 10167
  1150 10167
  1151 10167
  1152 10167
  1153 10167
  1154 10167
  1155 10167
  1156 10167
  1157 10167
  1158 10167
  1159 10167
  1160 10167
  1161 10167
  1162 10167
  1163 10167
  1164 10167
  1165 10167
  1166 10167
  1167 10167
  1168 10167
  1169 10167
  1170 10167
  1171 10167
  1172 10167
  1173 10167
  1174 10167
  1175 10167
  1176 10167
  1177 10167
  1178 10167
  1179 10167
  1180 10167
  1181 10167
  1182 10167
  1183 10167
  1184 10167
  1185 10167
  1186 10167
  1187 10167
  1188 10167
  1189 10167
  1190 10167
  1191 10167
  1192 10167
  1193 10167
  1194 10167
  1195 10167
  1196 10167
  1197 10167
  1198 10167
  1199 10167
  1200 10167
  1201 10167
  1202 10167
  1203 10167
  1204 10167
  1205 10167
  1206 10167
  1207 10167
  1208 10167
  1209 10167
  1210 10167
  1211 10167
  1212 10167
  1213 10167
  1214 10167
  1215 10167
  1216 10167
  1217 10167
  1218 10167
  1219 10167
  1220 10167
  1221 10167
  1222 10167
  1223 10167
  1224 10167
  1225 10167
  1226 10167
  1227 10167
  1228 10167
  1229 10167
  1230 10167
  1231 10167
  1232 10167
  1233 10167
  1234 10167
  1235 10167
  1236 10167
  1237 10167
  1238 10167
  1239 10167
  1240 10167
  1241 10167
  1242 10167
  1243 10167
  1244 10167
  1245 10167
  1246 10167
  1247 10167
  1248 10167
  1249 10167
  1250 10167
  1251 10167
  1252 10167
  1253 10167
  1254 10167
  1255 10167
  1256 10167
  1257 10167
  1258 10167
  1259 10167
  1260 10167
  1261 10167
  1265 10018
  1266 10018
  1267 10018
  1268 10040
  1269 10040
  1270 10040
  1271 10040
  1272 10106
  1273 10106
  1274 10106
  1275 10167
  1276 10167
  1277 10167
  1278 10167
  1279 10167
  1280 10167
  1281 10167
  1282 10167
  1283 10167
  1284 10167
  1285 10167
  1286 10167
  1287 10167
  1288 10167
  1289 10167
  1290 10167
  1291 10167
  1292 10167
  1293 10167
  1294 10167
  1295 10167
  1296 10167
  1297 10167
  1298 10167
  1299 10167
  1300 10167
  1301 10167
  1302 10167
  1303 10167
  1304 10167
  1305 10167
  1306 10167
  1307 10167
  1308 10167
  1309 10167
  1310 10167
  1311 10167
  1312 10167
  1313 10167
  1314 10167
  1315 10167
  1316 10167
  1317 10167
  1318 10167
  1319 10167
  1320 10167
  1321 10167
  1322 10167
  1323 10167
  1324 10167
  1325 10167
  1326 10167
  1327 10167
  1328 10167
  1329 10167
  1330 10167
  1331 10167
  1332 10167
  1333 10167
  1334 10167
  1335 10167
  1336 10167
  1337 10167
  1338 10167
  1339 10167
  1340 10167
  1341 10167
  1342 10167
  1343 10167
  1344 10167
  1345 10167
  1346 10167
  1347 10167
  1348 10167
  1349 10167
  1350 10167
  1351 10167
  1352 10167
  1353 10167
  1354 10167
  1355 10167
  1356 10167
  1357 10167
  1358 10167
  1359 10167
  1360 10167
  1361 10167
  1362 10167
  1363 10167
  1364 10167
  1365 10167
  1366 10167
  1367 10167
  1368 10167
  1369 10167
  1370 10167
  1371 10167
  1372 10167
  1373 10167
  1374 10167
  1375 10167
  1376 10167
  1377 10167
  1378 10167
  1379 10167
  1380 10167
  1381 10167
  1382 10167
  1383 10167
  1384 10167
  1385 10167
  1386 10167
  1387 10167
  1388 10167
  1389 10167
  1390 10167
  1391 10167
  1392 10167
  1393 10167
  1394 10167
  1395 10167
  1396 10167
  1397 10167
  1398 10167
  1399 10167
  1400 10167
  1401 10167
  1402 10167
  1403 10167
  1404 10167
  1405 10167
  1406 10167
  1407 10167
  1408 10167
  1409 10167
  1410 10167
  1411 10167
  1412 10167
  1413 10167
  1414 10167
  1415 10167
  1416 10167
  1417 10167
  1418 10167
  1419 10167
  1420 10167
  1421 10167
  1422 10167
  1423 10167
  1424 10167
  1425 10167
  1426 10167
  1427 10167
  1428 10167
  1429 10167
  1430 10167
  1431 10167
  1432 10167
  1433 10167
  1434 10167
  1435 10167
  1436 10167
  1437 10167
  1438 10167
  1439 10167
  1440 10167
  1441 10167
  1442 10167
  1443 10167
  1444 10167
  1445 10167
  1446 10167
  1447 10167
  1448 10167
  1449 10167
  1450 10167
  1451 10167
  1452 10167
  1453 10167
  1454 10167
  1455 10167
  1456 10167
  1457 10167
  1458 10167
  1459 10167
  1460 10167
  1461 10167
  1462 10167
  1463 10167
  1464 10167
  1465 10167
  1466 10167
  1467 10167
  1468 10167
  1469 10167
  1470 10167
  1471 10167
  1472 10167
  1473 10167
  1474 10167
  1475 10167
  1476 10167
  1477 10167
  1478 10167
  1479 10167
  1480 10167
  1481 10167
  1482 10167
  1483 10167
  1484 10167
  1485 10167
  1486 10167
  1487 10167
  1488 10167
  1489 10167
  1490 10167
  1491 10167
  1492 10167
  1493 10167
  1494 10167
  1495 10167
  1496 10167
  1497 10167
  1498 10167
  1499 10167
  1500 10167
  1501 10040
  1502 10040
  1503 10106
  1504 10040
  1505 10106
  1506 10106
  1507 10106
  1508 10018
  1509 10018
  1510 10106
  1511 10106
  1512 10106
  1513 10040
  1514 10040
  1515 10040
  1516 10106
  1517 10106
  1518 10106
  1519 10106
  1520 10106
  1521 10106
  1522 10106
  1523 10040
  1524 10040
  1525 10040
  1526 10040
  1527 10040
  1528 10040
  1529 10106
  1530 10106
  1531 10106
  1532 10106
  1533 10106
  1534 10106
  1535 10106
  1536 10106
  1537 10106
  1538 10106
  1539 10040
  1540 10040
  1541 10106
  1542 10106
  1543 10106
  1544 10106
  1545 10106
  1546 10106
  1547 10106
  1548 10040
  1549 10106
  1550 10106
  1551 10106
  1552 10040
  1553 10040
  1554 10040
  1555 10106
  1556 10106
  1557 10106
  1558 10106
  1559 10106
  1560 10106
  1561 10106
  1562 10106
  1563 10106
  1564 10106
  1565 10106
  1566 10106
  1567 10106
  1568 10106
  1569 10106
  1570 10106
  1571 10106
  1572 10106
  1573 10106
  1574 10106
  1575 10106
  1576 10106
  1577 10106
  1578 10106
  1579 10106
  1580 10106
  1581 10040
  1582 10106
  1583 10106
  1584 10106
  1585 10106
  1586 10106
  1587 10106
  1588 10106
  1589 10106
  1590 10106
  1591 10106
  1592 10106
  1593 10106
  1594 10106
  1595 10040
  1596 10040
  1597 10106
  1598 10106
  1599 10040
  1600 10040
  1601 10040
  1602 10040
  1603 10040
  1604 10106
  1605 10106
  1606 10106
  1607 10106
  1608 10106
  1611 10106
  1612 10106
  1613 10106
  1615 10055
  1617 10173
  1618 10173
  1619 10173
  1620 10173
  1622 10163
  1623 10163
  1624 10163
  1625 10163
  1626 10163
  1627 10163
  1628 10163
  1629 10163
  1630 10163
  1631 10163
  1632 10163
  1633 10163
  1634 10163
  1635 10163
  1636 10163
  1637 10163
  1638 10163
  1639 10163
  1640 10163
  1641 10163
  1642 10163
  1643 10163
  1644 10163
  1645 10163
  1646 10163
  1647 10163
  1648 10163
  1649 10163
  1650 10163
  1651 10163
  1652 10163
  1653 10163
  1654 10163
  1655 10163
  1656 10163
  1657 10163
  1658 10163
  1659 10163
  1660 10163
  1661 10163
  1662 10163
  1663 10163
  1664 10163
  1665 10163
  1666 10163
  1667 10163
  1668 10163
  1669 10163
  1670 10163
  1671 10163
  1672 10163
  1673 10163
  1674 10163
  1675 10163
  1676 10163
  1677 10163
  1678 10163
  1679 10163
  1680 10163
  1681 10163
  1682 10163
  1683 10163
  1684 10163
  1685 10163
  1686 10163
  1687 10163
  1688 10163
  1689 10163
  1690 10163
  1691 10163
  1692 10163
  1693 10163
  1694 10163
  1695 10163
  1696 10163
  1697 10163
  1698 10163
  1699 10163
  1700 10163
  1701 10163
  1702 10163
  1703 10163
  1704 10163
  1705 10163
  1706 10163
  1707 10163
  1708 10163
  1709 10163
  1710 10163
  1711 10163
  1712 10163
  1713 10163
  1714 10163
  1715 10163
  1716 10163
  1717 10163
  1718 10163
  1719 10163
  1720 10163
  1721 10163
  1722 10163
  1723 10163
  1724 10163
  1725 10163
  1726 10163
  1727 10163
  1728 10163
  1729 10163
  1730 10163
  1731 10163
  1732 10163
  1733 10163
  1734 10163
  1735 10163
  1736 10163
  1737 10163
  1738 10163
  1739 10163
  1740 10163
  1741 10163
  1742 10163
  1743 10163
  1744 10163
  1745 10163
  1746 10163
  1747 10163
  1748 10163
  1749 10163
  1750 10163
  1751 10163
  1752 10163
  1753 10163
  1754 10163
  1755 10163
  1756 10163
  1757 10163
  1758 10163
  1759 10163
  1760 10163
  1761 10163
  1762 10163
  1763 10163
  1764 10163
  1765 10163
  1766 10163
  1767 10163
  1768 10163
  1769 10163
  1770 10163
  1771 10163
  1772 10163
  1773 10163
  1774 10163
  1775 10163
  1776 10163
  1777 10163
  1778 10163
  1779 10163
  1780 10163
  1781 10163
  1782 10163
  1783 10163
  1784 10163
  1785 10163
  1786 10163
  1787 10163
  1788 10163
  1789 10163
  1790 10163
  1791 10163
  1792 10163
  1793 10163
  1794 10163
  1795 10163
  1796 10163
  1797 10163
  1798 10163
  1799 10163
  1800 10163
  1801 10163
  1802 10163
  1803 10163
  1804 10163
  1805 10163
  1806 10163
  1807 10163
  1808 10163
  1809 10163
  1810 10163
  1811 10163
  1812 10163
  1813 10163
  1814 10163
  1815 10163
  1816 10163
  1817 10163
  1818 10163
  1819 10163
  1820 10163
  1821 10163
  1822 10163
  1823 10163
  1824 10163
  1825 10163
  1826 10163
  1827 10163
  1828 10163
  1829 10163
  1830 10163
  1831 10163
  1832 10163
  1833 10163
  1834 10163
  1835 10163
  1836 10163
  1837 10163
  1838 10163
  1839 10163
  1840 10163
  1841 10163
  1842 10163
  1843 10163
  1844 10163
  1845 10163
  1846 10163
  1847 10163
  1848 10163
  1849 10163
  1850 10163
  1851 10163
  1852 10163
  1853 10163
  1854 10163
  1855 10163
  1856 10163
  1857 10163
  1858 10163
  1859 10163
  1860 10067
  1861 10067
  1862 10067
  1863 10067
  1864 10067
  1865 10067
  1866 10163
  1870 10005
  1871 10005
  1872 10005
  1873 10005
  1874 10005
  1875 10005
  1876 10005
  1877 10005
  1878 10005
  1879 10005
  1880 10005
  1881 10005
  1882 10005
  1883 10005
  1884 10005
  1885 10005
  1886 10005
  1887 10005
  1888 10005
  1889 10005
  1890 10005
  1891 10005
  1892 10005
  1893 10005
  1894 10005
  1895 10005
  1896 10005
  1897 10005
  1898 10005
  1899 10005
  1900 10005
  1901 10005
  1902 10005
  1903 10005
  1904 10005
  1905 10005
  1906 10005
  1907 10005
  1908 10005
  1909 10005
  1910 10005
  1911 10005
  1912 10005
  1913 10005
  1914 10005
  1915 10005
  1916 10005
  1917 10005
  1918 10005
  1919 10005
  1920 10005
  1921 10005
  1922 10005
  1923 10005
  1924 10005
  1925 10005
  1926 10005
  1927 10005
  1928 10005
  1929 10005
  1930 10005
  1931 10005
  1932 10005
  1933 10005
  1934 10005
  1935 10005
  1936 10005
  1937 10005
  1938 10005
  1939 10005
  1940 10005
  1941 10005
  1942 10005
  1943 10005
  1944 10005
  1945 10005
  1946 10005
  1947 10005
  1948 10005
  1949 10005
  1950 10005
  1951 10005
  1952 10005
  1953 10005
  1954 10005
  1955 10005
  1956 10005
  1957 10005
  1958 10005
  1959 10005
  1960 10005
  1961 10005
  1962 10005
  1963 10005
  1964 10005
  1965 10005
  1966 10005
  1967 10005
  1968 10005
  1969 10005
  1970 10005
  1971 10005
  1972 10005
  1973 10005
  1974 10005
  1975 10005
  1976 10005
  1977 10005
  1978 10005
  1979 10005
  1980 10005
  1981 10005
  1982 10005
  1983 10005
  1984 10005
  1985 10005
  1986 10005
  1987 10005
  1988 10005
  1989 10005
  1990 10005
  1991 10005
  1992 10005
  1993 10005
  1994 10005
  1995 10005
  1996 10005
  1997 10005
  1998 10005
  1999 10005
  2000 10005
  2001 10005
  2002 10005
  2003 10005
  2004 10005
  2005 10005
  2006 10005
  2007 10005
  2008 10005
  2009 10005
  2010 10005
  2011 10005
  2012 10005
  2013 10005
  2014 10005
  2015 10005
  2016 10005
  2017 10005
  2018 10005
  2019 10005
  2020 10005
