   690 10011
   691 10011
   692 10011
   693 10011
   694 10011
   695 10011
   696 10011
   697 10011
   698 10011
   699 10011
   700 10011
   701 10011
   702 10011
   703 10011
   704 10011
   705 10011
   706 10011
   707 10011
   708 10011
   709 10011
   710 10011
   711 10011
   712 10011
   713 10011
   714 10011
   715 10011
   716 10011
   717 10011
   718 10011
   719 10011
   720 10011
   721 10011
   722 10011
   723 10011
   724 10011
   725 10011
   726 10011
   727 10011
   728 10011
   729 10011
   730 10011
   731 10011
   732 10011
   733 10011
   734 10011
   735 10011
   736 10011
   737 10011
   738 10011
   739 10011
   740 10011
   741 10011
   742 10011
   743 10011
   744 10011
   745 10011
   746 10011
   747 10011
   748 10011
   749 10011
   750 10011
   751 10011
   752 10011
   753 10011
   754 10011
   755 10011
   756 10011
   757 10011
   758 10011
   759 10011
   760 10011
   761 10011
   762 10011
   763 10011
   764 10011
   765 10011
   766 10011
   767 10011
   768 10011
   769 10011
   770 10011
   771 10011
   772 10011
   773 10011
   774 10011
   775 10011
   776 10011
   777 10011
   778 10011
   779 10011
   780 10011
   783 10101
   784 10101
   785 10101
   786 10101
   787 10101
   788 10154
   789 10154
   790 10095
   791 10095
   792 10074
   793 10156
   794 10156
   795 10074
   796 10074
   797 10074
   798 10074
   799 10074
   800 10074
   801 10074
   802 10074
   803 10074
   804 10074
   805 10074
   806 10074
   807 10074
   808 10074
   809 10074
   810 10074
   811 10074
   812 10074
   813 10074
   814 10074
   815 10074
   816 10074
   817 10074
   818 10074
   819 10074
   820 10074
   821 10074
   822 10074
   823 10074
   824 10074
   825 10074
   826 10074
   827 10074
   828 10074
   829 10074
   830 10074
   831 10074
   832 10074
   833 10074
   834 10074
   835 10074
   836 10074
   837 10074
   838 10074
   839 10074
   840 10074
   841 10074
   842 10074
   843 10074
   844 10074
   845 10074
   846 10074
   847 10074
   848 10074
   849 10074
   850 10074
   851 10074
   852 10074
   853 10074
   854 10074
   855 10074
   856 10074
   857 10074
   858 10074
   859 10074
   860 10074
   861 10074
   862 10074
   863 10074
   864 10074
   865 10074
   866 10074
   867 10074
   868 10074
   869 10074
   870 10074
   871 10074
   872 10074
   873 10074
   874 10074
   875 10074
   876 10074
   877 10074
   878 10074
   879 10074
   880 10074
   881 10074
   882 10074
   883 10074
   884 10074
   885 10074
   886 10074
   887 10074
   888 10074
   889 10074
   890 10074
   891 10074
   892 10074
   893 10074
   894 10074
   895 10074
   896 10074
   897 10074
   898 10074
   899 10074
   900 10074
   901 10074
   902 10074
   903 10074
   904 10074
   905 10074
   906 10074
   907 10074
   908 10074
   909 10074
   910 10074
   911 10074
   912 10074
   913 10074
   914 10074
   915 10074
   916 10074
   917 10074
   918 10074
   919 10074
   920 10074
   921 10074
   922 10074
   923 10074
   924 10074
   925 10074
   926 10074
   927 10074
   928 10074
   929 10074
   930 10074
   931 10074
   932 10074
   933 10074
   934 10074
   935 10074
   936 10074
   937 10074
   938 10074
   939 10074
   940 10074
   941 10074
   942 10074
   943 10074
   944 10074
   945 10074
   946 10074
   947 10074
   948 10074
   949 10074
   950 10074
   951 10074
   952 10074
   953 10074
   954 10074
   955 10074
   956 10074
   957 10074
   958 10074
   959 10074
   960 10074
   961 10074
   962 10074
   963 10074
   964 10074
   965 10074
   966 10074
   967 10074
   968 10074
   969 10074
   970 10074
   971 10074
   972 10074
   973 10074
   974 10074
   975 10074
   976 10074
   977 10074
   978 10074
   979 10074
   980 10074
   981 10074
   982 10074
   983 10074
   984 10074
   985 10074
   986 10074
   987 10074
   988 10074
   989 10074
   990 10074
   991 10074
   992 10074
   993 10074
   994 10074
   995 10074
   996 10074
   997 10074
   998 10074
   999 10074
  1000 10074
  1001 10074
  1002 10074
  1003 10074
  1004 10074
  1005 10074
  1006 10074
  1007 10074
  1008 10074
  1009 10074
  1010 10074
  1011 10074
  1012 10074
  1013 10074
  1014 10074
  1015 10074
  1016 10074
  1017 10074
  1018 10074
  1019 10074
  1020 10074
  1021 10156
  1022 10014
  1023 10154
  1024 10154
  1026 10085
  1029 10101
  1030 10128
  1031 10062
  1032 10128
  1033 10128
  1034 10128
  1035 10128
  1036 10128
  1037 10128
  1038 10128
  1039 10128
  1040 10128
  1041 10128
  1042 10128
  1043 10128
  1044 10128
  1045 10128
  1046 10128
  1047 10128
  1048 10128
  1049 10128
  1050 10128
  1051 10128
  1052 10128
  1053 10128
  1054 10128
  1055 10128
  1056 10128
  1057 10128
  1058 10128
  1059 10128
  1060 10128
  1061 10128
  1062 10128
  1063 10128
  1064 10128
  1065 10128
  1066 10128
  1067 10128
  1068 10128
  1069 10128
  1070 10128
  1071 10128
  1072 10128
  1073 10128
  1074 10128
  1075 10128
  1076 10128
  1077 10128
  1078 10128
  1079 10128
  1080 10128
  1081 10128
  1082 10128
  1083 10128
  1084 10128
  1085 10128
  1086 10128
  1087 10128
  1088 10128
  1089 10128
  1090 10128
  1091 10128
  1092 10128
  1093 10128
  1094 10128
  1095 10128
  1096 10128
  1097 10128
  1098 10128
  1099 10128
  1100 10128
  1101 10128
  1102 10128
  1103 10128
  1104 10128
  1105 10128
  1106 10128
  1107 10128
  1108 10128
  1109 10128
  1110 10128
  1111 10128
  1112 10128
  1113 10128
  1114 10128
  1115 10128
  1116 10128
  1117 10128
  1118 10128
  1119 10128
  1120 10128
  1121 10128
  1122 10128
  1123 10128
  1124 10128
  1125 10128
  1126 10128
  1127 10128
  1128 10128
  1129 10128
  1130 10128
  1131 10128
  1132 10128
  1133 10128
  1134 10128
  1135 10128
  1136 10128
  1137 10128
  1138 10128
  1139 10128
  1140 10128
  1141 10128
  1142 10128
  1143 10128
  1144 10128
  1145 10128
  1146 10128
  1147 10128
  1148 10128
  1149 10128
  1150 10128
  1151 10128
  1152 10128
  1153 10128
  1154 10128
  1155 10128
  1156 10128
  1157 10128
  1158 10128
  1159 10128
  1160 10128
  1161 10128
  1162 10128
  1163 10128
  1164 10128
  1165 10128
  1166 10128
  1167 10128
  1168 10128
  1169 10128
  1170 10128
  1171 10128
  1172 10128
  1173 10128
  1174 10128
  1175 10128
  1176 10128
  1177 10128
  1178 10128
  1179 10128
  1180 10128
  1181 10128
  1182 10128
  1183 10128
  1184 10128
  1185 10128
  1186 10128
  1187 10128
  1188 10128
  1189 10128
  1190 10128
  1191 10128
  1192 10128
  1193 10128
  1194 10128
  1195 10128
  1196 10128
  1197 10128
  1198 10128
  1199 10128
  1200 10128
  1201 10128
  1202 10128
  1203 10128
  1204 10128
  1205 10128
  1206 10128
  1207 10128
  1208 10128
  1209 10128
  1210 10128
  1211 10128
  1212 10128
  1213 10128
  1214 10128
  1215 10128
  1216 10128
  1217 10128
  1218 10128
  1219 10128
  1220 10128
  1221 10128
  1222 10128
  1223 10128
  1224 10128
  1225 10128
  1226 10128
  1227 10128
  1228 10128
  1229 10128
  1230 10128
  1231 10128
  1232 10128
  1233 10128
  1234 10128
  1235 10128
  1236 10128
  1237 10128
  1238 10128
  1239 10128
  1240 10128
  1241 10128
  1242 10128
  1243 10128
  1244 10128
  1245 10128
  1246 10128
  1247 10128
  1248 10128
  1249 10128
  1250 10128
  1251 10128
  1252 10128
  1253 10128
  1254 10128
  1255 10128
  1256 10128
  1257 10128
  1258 10083
  1259 10068
  1260 10138
  1261 10101
  1262 10101
  1263 10101
  1266 10173
  1267 10173
  1268 10173
  1269 10173
  1270 10173
  1271 10173
  1273 10055
  1274 10018
  1275 10018
  1276 10018
  1277 10018
  1278 10140
  1279 10140
  1280 10140
  1281 10140
  1282 10158
  1283 10158
  1284 10158
  1285 10018
  1286 10140
  1287 10018
  1288 10158
  1289 10055
  1290 10018
  1291 10055
  1292 10055
  1293 10055
  1294 10140
  1295 10055
  1296 10055
  1297 10055
  1298 10140
  1299 10018
  1300 10018
  1301 10018
  1302 10158
  1303 10158
  1304 10158
  1305 10018
  1306 10158
  1307 10140
  1308 10018
  1309 10018
  1310 10158
  1311 10158
  1312 10018
  1313 10055
  1314 10055
  1315 10055
  1316 10055
  1317 10055
  1318 10055
  1319 10055
  1322 10061
  1323 10101
  1324 10101
  1325 10138
  1326 10101
  1327 10061
  1328 10061
  1329 10061
  1330 10101
  1331 10169
  1332 10141
  1333 10141
  1334 10141
  1335 10141
  1340 10169
  1346 10141
  1348 10101
  1349 10101
  1350 10061
  1356 10128
  1357 10128
  1358 10138
  1359 10138
  1360 10138
  1361 10138
  1362 10138
  1363 10138
  1364 10138
  1368 10138
  1370 10138
  1371 10138
  1372 10138
  1376 10072
  1377 10072
  1378 10072
  1379 10072
  1380 10072
  1381 10072
  1382 10072
  1383 10072
  1384 10072
  1385 10072
  1386 10072
  1387 10072
  1388 10072
  1389 10072
  1390 10072
  1391 10072
  1392 10072
  1393 10072
  1394 10072
  1395 10072
  1396 10072
  1397 10072
  1406 10066
  1407 10066
  1408 10066
  1409 10066
  1410 10066
  1411 10066
  1412 10066
  1425 10066
  1426 10066
  1427 10066
  1428 10066
  1429 10066
  1437 10066
  1438 10066
  1439 10066
  1440 10066
  1441 10066
  1442 10066
  1443 10066
  1444 10066
  1445 10066
  1459 10066
  1460 10066
  1461 10066
  1468 10066
  1469 10066
  1470 10066
  1477 10066
  1478 10066
  1479 10066
  1480 10066
  1481 10066
  1482 10066
  1489 10066
  1491 10066
  1492 10066
  1493 10066
  1494 10066
  1496 10066
  1497 10066
  1498 10066
  1499 10066
  1500 10066
  1501 10066
  1502 10066
  1503 10066
  1504 10066
  1505 10066
  1506 10066
  1533 10066
  1534 10066
  1535 10066
  1544 10066
  1549 10066
  1550 10066
  1551 10066
  1552 10066
  1606 10066
  1607 10066
  1628 10074
  1629 10154
  1630 10154
  1631 10014
  1632 10156
  1633 10074
  1634 10074
  1635 10074
  1636 10074
  1637 10074
  1638 10074
  1639 10074
  1640 10074
  1641 10074
  1642 10074
  1643 10074
  1644 10074
  1645 10074
  1646 10074
  1647 10074
  1648 10074
  1649 10074
  1650 10074
  1651 10074
  1652 10074
  1653 10074
  1654 10074
  1655 10074
  1656 10074
  1657 10074
  1658 10074
  1659 10074
  1660 10074
  1661 10074
  1662 10074
  1663 10074
  1664 10074
  1665 10074
  1666 10074
  1667 10074
  1668 10074
  1669 10074
  1670 10074
  1671 10074
  1672 10074
  1673 10074
  1674 10074
  1675 10074
  1676 10074
  1677 10074
  1678 10074
  1679 10074
  1680 10074
  1681 10074
  1682 10074
  1683 10074
  1684 10074
  1685 10074
  1686 10074
  1687 10074
  1688 10074
  1689 10074
  1690 10074
  1691 10074
  1692 10074
  1693 10074
  1694 10074
  1695 10074
  1696 10074
  1697 10074
  1698 10074
  1699 10074
  1700 10074
  1701 10074
  1702 10074
  1703 10074
  1704 10074
  1705 10074
  1706 10074
  1707 10074
  1708 10074
  1709 10074
  1710 10074
  1711 10074
  1712 10074
  1713 10074
  1714 10074
  1715 10074
  1716 10074
  1717 10074
  1718 10074
  1719 10074
  1720 10074
  1721 10074
  1722 10074
  1723 10074
  1724 10074
  1725 10074
  1726 10074
  1727 10074
  1728 10074
  1729 10074
  1730 10074
  1731 10074
  1732 10074
  1733 10074
  1734 10074
  1735 10074
  1736 10074
  1737 10074
  1738 10074
  1739 10074
  1740 10074
  1741 10074
  1742 10074
  1743 10074
  1744 10074
  1745 10074
  1746 10074
  1747 10074
  1748 10074
  1749 10074
  1750 10074
  1751 10074
  1752 10074
  1753 10074
  1754 10074
  1755 10074
  1756 10074
  1757 10074
  1758 10074
  1759 10074
  1760 10074
  1761 10074
  1762 10074
  1763 10074
  1764 10074
  1765 10074
  1766 10074
  1767 10074
  1768 10074
  1769 10074
  1770 10074
  1771 10074
  1772 10074
  1773 10074
  1774 10074
  1775 10074
  1776 10074
  1777 10074
  1778 10074
  1779 10074
  1780 10074
  1781 10074
  1782 10074
  1783 10074
  1784 10074
  1785 10074
  1786 10074
  1787 10074
  1788 10074
  1789 10074
  1790 10074
  1791 10074
  1792 10074
  1793 10074
  1794 10074
  1795 10074
  1796 10074
  1797 10074
  1798 10074
  1799 10074
  1800 10074
  1801 10074
  1802 10074
  1803 10074
  1804 10074
  1806 10074
  1807 10074
  1808 10074
  1809 10074
  1810 10074
  1811 10074
  1812 10074
  1813 10074
  1814 10074
  1815 10074
  1820 10124
  1821 10124
  1822 10156
  1823 10156
  1824 10156
  1825 10156
  1826 10156
  1827 10156
  1828 10156
  1829 10156
  1830 10156
  1831 10156
  1832 10156
  1833 10156
  1834 10074
  1835 10074
  1836 10074
  1837 10074
  1838 10124
  1839 10074
  1840 10124
  1841 10124
  1842 10156
  1843 10156
  1844 10156
  1845 10074
  1846 10124
  1847 10124
  1848 10124
  1849 10074
  1850 10074
  1851 10074
  1852 10074
  1853 10074
  1854 10124
  1855 10156
  1856 10156
  1857 10156
  1868 10011
  1869 10011
  1870 10011
  1871 10011
  1872 10011
  1873 10011
  1874 10011
  1875 10011
  1876 10011
  1877 10011
  1878 10011
  1879 10011
  1880 10011
  1881 10011
  1882 10011
  1883 10011
  1884 10011
  1885 10011
  1886 10011
  1887 10011
  1888 10011
  1889 10011
  1890 10011
  1891 10011
  1892 10011
  1893 10011
  1894 10011
  1895 10011
  1896 10011
  1897 10011
  1898 10011
  1899 10011
  1900 10011
  1901 10011
  1902 10011
  1903 10011
  1904 10011
  1905 10011
  1906 10011
  1907 10011
  1908 10011
  1909 10011
  1910 10011
  1911 10011
  1912 10011
  1913 10011
  1914 10011
  1915 10011
  1916 10011
  1917 10011
  1918 10011
  1919 10011
  1920 10011
  1921 10011
  1922 10011
  1923 10011
  1924 10011
  1925 10011
  1926 10011
  1927 10011
  1928 10011
  1929 10011
  1930 10011
  1931 10011
  1932 10011
  1933 10011
  1934 10011
  1935 10011
  1936 10011
  1937 10011
  1938 10011
  1939 10011
  1940 10011
  1941 10011
  1942 10011
  1943 10011
  1944 10011
  1945 10011
  1946 10011
  1947 10011
  1948 10011
  1949 10011
  1950 10011
  1951 10011
  1952 10011
  1953 10011
  1954 10011
  1955 10011
  1956 10011
  1957 10011
  1958 10011
  1959 10011
  1960 10011
  1961 10011
  1962 10011
  1963 10011
  1964 10011
  1965 10011
  1966 10011
  1967 10011
  1968 10011
  1969 10011
  1970 10011
  1971 10011
  1972 10011
  1973 10011
  1974 10011
  1975 10011
  1976 10011
  1977 10011
  1978 10011
  1979 10011
  1980 10011
  1981 10011
  1982 10011
  1983 10011
  1984 10011
  1985 10011
  1986 10011
  1987 10011
  1988 10011
  1989 10011
  1990 10011
  1991 10011
  1992 10011
  1993 10011
  1994 10011
  1995 10011
  1996 10011
  1997 10011
  1998 10011
  1999 10011
  2000 10011
  2001 10011
  2002 10011
  2003 10011
  2004 10011
  2005 10011
  2006 10011
  2007 10011
  2008 10011
  2009 10011
  2010 10011
  2011 10011
  2012 10011
  2013 10011
  2014 10011
  2015 10011
  2016 10011
  2017 10011
  2018 10011
  2019 10011
  2020 10011
  2021 10011
  2022 10011
  2023 10011
  2024 10011
  2025 10011
  2026 10011
  2027 10011
  2028 10034
