   689 10151
   690 10151
   691 10151
   692 10151
   693 10151
   694 10151
   695 10151
   696 10151
   697 10151
   698 10151
   699 10151
   700 10151
   701 10151
   702 10151
   703 10151
   704 10151
   705 10151
   706 10151
   707 10151
   708 10151
   709 10151
   710 10151
   711 10151
   712 10151
   713 10151
   714 10151
   715 10151
   716 10151
   717 10151
   718 10151
   719 10151
   720 10151
   721 10151
   722 10151
   723 10151
   724 10151
   725 10151
   726 10151
   727 10151
   728 10151
   729 10151
   730 10151
   731 10151
   732 10151
   733 10151
   734 10151
   735 10151
   736 10151
   737 10151
   738 10151
   739 10151
   740 10151
   741 10151
   742 10151
   743 10151
   744 10151
   745 10151
   746 10151
   747 10151
   748 10151
   749 10151
   750 10151
   751 10151
   752 10151
   753 10151
   754 10151
   755 10151
   756 10151
   757 10151
   758 10151
   759 10151
   760 10151
   761 10151
   762 10151
   763 10151
   764 10151
   765 10151
   766 10151
   767 10151
   768 10151
   769 10151
   770 10151
   771 10151
   772 10151
   773 10151
   774 10151
   775 10151
   776 10151
   777 10151
   778 10151
   779 10151
   780 10151
   784 10095
   786 10169
   787 10169
   788 10169
   789 10169
   790 10169
   791 10169
   792 10169
   793 10169
   794 10169
   795 10169
   796 10169
   797 10169
   798 10169
   801 10154
   802 10154
   803 10143
   804 10143
   805 10143
   806 10143
   807 10016
   808 10016
   809 10016
   810 10016
   811 10016
   812 10016
   813 10016
   814 10016
   815 10016
   816 10016
   817 10016
   818 10016
   819 10016
   820 10016
   821 10153
   822 10153
   823 10153
   824 10153
   825 10153
   826 10153
   827 10153
   828 10153
   829 10153
   830 10153
   831 10153
   832 10153
   833 10153
   834 10153
   835 10153
   836 10153
   837 10153
   838 10153
   839 10153
   840 10153
   841 10153
   842 10153
   843 10153
   844 10153
   845 10153
   846 10153
   847 10153
   848 10153
   849 10153
   850 10153
   851 10153
   852 10153
   853 10153
   854 10153
   855 10153
   856 10153
   857 10153
   858 10153
   859 10153
   860 10153
   861 10153
   862 10153
   863 10153
   864 10153
   865 10153
   866 10153
   867 10153
   868 10153
   869 10153
   870 10153
   871 10153
   872 10153
   873 10153
   874 10153
   875 10153
   876 10153
   877 10153
   878 10153
   879 10153
   880 10153
   881 10153
   882 10153
   883 10153
   884 10153
   885 10153
   886 10153
   887 10153
   888 10153
   889 10153
   890 10153
   891 10153
   892 10153
   893 10153
   894 10153
   895 10153
   896 10153
   897 10153
   898 10153
   905 10153
   906 10153
   907 10153
   908 10153
   916 10153
   917 10153
   918 10153
   919 10153
   920 10153
   921 10153
   922 10153
   926 10153
   927 10153
   928 10153
   929 10153
   930 10153
   933 10153
   934 10153
   935 10153
   936 10153
   937 10153
   938 10016
   939 10016
   940 10016
   941 10016
   942 10016
   947 10016
   948 10016
   949 10016
   950 10016
   951 10016
   952 10016
   953 10016
   954 10016
   955 10016
   956 10016
   957 10016
   958 10111
   959 10111
   960 10016
   961 10016
   962 10016
   963 10016
   964 10016
   965 10016
   966 10016
   967 10016
   968 10016
   969 10016
   970 10016
   971 10016
   972 10016
   973 10016
   974 10016
   975 10016
   976 10016
   977 10016
   978 10016
   979 10016
   980 10016
   981 10016
   982 10016
   983 10016
   984 10016
   985 10016
   986 10016
   987 10016
   988 10016
   989 10016
   990 10016
   991 10016
   992 10016
   993 10016
   994 10016
   995 10016
   996 10016
   997 10016
   998 10016
   999 10016
  1000 10016
  1001 10016
  1002 10016
  1003 10016
  1004 10016
  1005 10016
  1006 10016
  1007 10016
  1008 10016
  1009 10016
  1010 10016
  1011 10016
  1012 10016
  1013 10016
  1014 10016
  1015 10143
  1016 10153
  1017 10016
  1018 10016
  1023 10159
  1024 10104
  1025 10045
  1026 10022
  1027 10022
  1028 10022
  1029 10022
  1030 10022
  1031 10022
  1032 10022
  1033 10022
  1034 10022
  1035 10022
  1036 10022
  1037 10022
  1038 10022
  1039 10022
  1040 10022
  1041 10022
  1042 10022
  1043 10022
  1044 10022
  1045 10022
  1046 10022
  1047 10022
  1048 10022
  1049 10022
  1050 10022
  1051 10022
  1052 10022
  1053 10022
  1054 10022
  1055 10022
  1056 10022
  1057 10022
  1058 10022
  1059 10022
  1060 10022
  1061 10022
  1062 10022
  1063 10022
  1064 10022
  1065 10022
  1066 10022
  1067 10022
  1068 10022
  1069 10022
  1070 10022
  1071 10022
  1072 10022
  1073 10022
  1074 10022
  1075 10022
  1076 10022
  1077 10022
  1078 10022
  1079 10022
  1080 10022
  1081 10022
  1082 10022
  1083 10022
  1084 10022
  1085 10022
  1086 10022
  1087 10022
  1088 10022
  1089 10022
  1090 10022
  1091 10022
  1092 10022
  1093 10022
  1094 10022
  1095 10022
  1096 10022
  1097 10022
  1098 10022
  1099 10022
  1100 10022
  1101 10022
  1102 10022
  1103 10022
  1104 10022
  1105 10022
  1106 10022
  1107 10022
  1108 10022
  1109 10022
  1110 10022
  1111 10022
  1112 10022
  1113 10022
  1114 10022
  1115 10022
  1116 10022
  1117 10022
  1118 10022
  1119 10022
  1120 10022
  1121 10022
  1122 10022
  1123 10022
  1124 10022
  1125 10022
  1126 10022
  1127 10022
  1128 10022
  1129 10022
  1130 10022
  1131 10022
  1132 10022
  1133 10022
  1134 10022
  1135 10022
  1136 10022
  1137 10022
  1138 10022
  1139 10022
  1140 10022
  1141 10022
  1142 10022
  1143 10022
  1144 10022
  1145 10022
  1146 10022
  1147 10022
  1148 10022
  1149 10022
  1150 10022
  1151 10022
  1152 10022
  1153 10022
  1154 10022
  1155 10022
  1156 10022
  1157 10022
  1158 10022
  1159 10022
  1160 10022
  1161 10022
  1162 10022
  1163 10022
  1164 10022
  1165 10022
  1166 10022
  1167 10022
  1168 10022
  1169 10022
  1170 10022
  1171 10022
  1172 10022
  1173 10022
  1174 10022
  1175 10022
  1176 10022
  1177 10022
  1178 10022
  1179 10022
  1180 10022
  1181 10022
  1182 10022
  1183 10022
  1184 10022
  1185 10022
  1186 10022
  1187 10022
  1188 10022
  1189 10022
  1190 10022
  1191 10022
  1192 10022
  1193 10022
  1194 10022
  1195 10022
  1196 10022
  1197 10022
  1198 10022
  1199 10022
  1200 10022
  1201 10022
  1202 10022
  1203 10022
  1204 10022
  1205 10022
  1206 10022
  1207 10022
  1208 10022
  1209 10022
  1210 10022
  1211 10022
  1212 10022
  1213 10022
  1214 10022
  1215 10022
  1216 10022
  1217 10022
  1218 10022
  1219 10022
  1220 10022
  1221 10022
  1222 10022
  1223 10022
  1224 10022
  1225 10022
  1226 10022
  1227 10022
  1228 10022
  1229 10022
  1230 10022
  1231 10022
  1232 10022
  1233 10022
  1234 10022
  1235 10022
  1236 10022
  1237 10022
  1238 10022
  1239 10022
  1240 10022
  1241 10022
  1242 10022
  1243 10022
  1244 10022
  1245 10022
  1246 10022
  1247 10022
  1248 10022
  1249 10022
  1250 10022
  1251 10022
  1252 10022
  1253 10022
  1254 10022
  1255 10022
  1256 10022
  1257 10022
  1258 10035
  1259 10035
  1260 10035
  1261 10035
  1262 10035
  1263 10035
  1264 10035
  1265 10035
  1266 10035
  1267 10035
  1268 10035
  1269 10035
  1270 10035
  1271 10035
  1272 10035
  1273 10035
  1274 10035
  1275 10035
  1276 10035
  1277 10035
  1278 10035
  1279 10035
  1280 10035
  1281 10035
  1282 10035
  1283 10035
  1284 10035
  1285 10035
  1286 10035
  1287 10035
  1288 10035
  1289 10035
  1290 10035
  1291 10035
  1292 10035
  1293 10035
  1294 10035
  1295 10035
  1296 10035
  1297 10035
  1298 10035
  1299 10035
  1300 10035
  1301 10035
  1302 10035
  1303 10035
  1304 10035
  1305 10035
  1306 10035
  1307 10035
  1308 10035
  1309 10035
  1310 10035
  1311 10035
  1312 10035
  1313 10035
  1314 10035
  1315 10035
  1316 10035
  1317 10035
  1318 10035
  1319 10035
  1320 10035
  1321 10035
  1322 10035
  1327 10035
  1328 10035
  1329 10035
  1330 10035
  1331 10035
  1332 10035
  1333 10035
  1334 10035
  1358 10035
  1359 10035
  1360 10035
  1361 10035
  1362 10035
  1363 10035
  1364 10035
  1365 10035
  1366 10035
  1367 10035
  1368 10035
  1369 10035
  1370 10035
  1371 10035
  1372 10035
  1373 10035
  1374 10035
  1375 10035
  1376 10035
  1377 10035
  1378 10035
  1379 10035
  1380 10035
  1381 10035
  1382 10035
  1383 10035
  1384 10035
  1385 10035
  1386 10035
  1387 10035
  1388 10035
  1389 10035
  1390 10035
  1391 10035
  1392 10035
  1393 10035
  1394 10035
  1395 10035
  1396 10035
  1397 10035
  1398 10035
  1399 10035
  1400 10035
  1401 10035
  1402 10035
  1403 10035
  1404 10035
  1405 10035
  1406 10035
  1407 10035
  1408 10035
  1409 10035
  1410 10035
  1411 10035
  1418 10035
  1419 10035
  1420 10035
  1421 10035
  1422 10035
  1423 10035
  1424 10035
  1427 10035
  1428 10035
  1429 10035
  1430 10035
  1431 10035
  1432 10035
  1433 10035
  1434 10035
  1435 10035
  1436 10035
  1437 10035
  1438 10035
  1439 10035
  1440 10035
  1441 10035
  1442 10035
  1445 10035
  1446 10035
  1447 10035
  1448 10035
  1449 10035
  1450 10035
  1451 10035
  1452 10035
  1453 10035
  1454 10035
  1455 10035
  1456 10035
  1457 10035
  1458 10035
  1459 10035
  1460 10035
  1461 10035
  1462 10035
  1463 10035
  1464 10035
  1465 10035
  1466 10035
  1467 10035
  1468 10035
  1469 10035
  1470 10035
  1471 10035
  1472 10035
  1473 10035
  1480 10035
  1481 10035
  1482 10035
  1483 10035
  1484 10035
  1485 10035
  1486 10035
  1487 10035
  1491 10101
  1510 10023
  1511 10023
  1512 10023
  1513 10023
  1514 10023
  1560 10055
  1618 10101
  1620 10101
  1621 10169
  1622 10138
  1623 10138
  1624 10138
  1625 10138
  1626 10138
  1627 10138
  1628 10138
  1629 10138
  1630 10138
  1631 10138
  1632 10138
  1633 10138
  1634 10138
  1635 10138
  1636 10138
  1637 10138
  1638 10138
  1639 10138
  1640 10138
  1641 10138
  1642 10138
  1643 10138
  1644 10138
  1645 10138
  1646 10138
  1647 10138
  1648 10138
  1649 10138
  1650 10138
  1651 10138
  1652 10138
  1653 10138
  1654 10138
  1655 10138
  1656 10138
  1657 10138
  1658 10138
  1659 10138
  1660 10138
  1661 10138
  1662 10138
  1663 10138
  1664 10138
  1665 10138
  1666 10138
  1667 10138
  1668 10138
  1669 10138
  1670 10138
  1671 10138
  1672 10138
  1673 10138
  1674 10138
  1675 10138
  1676 10138
  1677 10138
  1678 10138
  1679 10138
  1680 10138
  1681 10138
  1682 10138
  1683 10138
  1684 10138
  1685 10138
  1686 10138
  1687 10138
  1688 10138
  1689 10138
  1690 10138
  1691 10138
  1692 10138
  1693 10138
  1694 10138
  1695 10138
  1696 10138
  1697 10138
  1698 10138
  1699 10138
  1700 10138
  1701 10138
  1702 10138
  1703 10138
  1704 10138
  1705 10138
  1706 10138
  1707 10138
  1708 10138
  1709 10138
  1710 10138
  1711 10138
  1712 10138
  1713 10138
  1714 10138
  1715 10138
  1716 10138
  1717 10138
  1718 10138
  1719 10138
  1720 10138
  1721 10138
  1722 10138
  1723 10138
  1724 10138
  1725 10138
  1726 10138
  1727 10138
  1728 10138
  1729 10138
  1730 10138
  1731 10138
  1732 10138
  1733 10138
  1734 10138
  1735 10138
  1736 10138
  1737 10138
  1738 10138
  1739 10138
  1740 10138
  1741 10138
  1742 10138
  1743 10138
  1744 10138
  1745 10138
  1746 10138
  1747 10138
  1748 10138
  1749 10138
  1750 10138
  1751 10138
  1752 10138
  1753 10138
  1754 10138
  1755 10138
  1756 10138
  1757 10138
  1758 10138
  1759 10138
  1760 10138
  1761 10138
  1762 10138
  1763 10138
  1764 10138
  1765 10138
  1766 10138
  1767 10138
  1768 10138
  1769 10138
  1770 10138
  1771 10138
  1772 10138
  1773 10138
  1774 10138
  1775 10138
  1776 10138
  1777 10138
  1778 10138
  1779 10138
  1780 10138
  1781 10138
  1782 10138
  1783 10138
  1784 10138
  1785 10138
  1786 10138
  1787 10138
  1788 10138
  1789 10138
  1790 10138
  1791 10138
  1792 10138
  1793 10138
  1794 10138
  1795 10138
  1796 10138
  1797 10138
  1798 10138
  1799 10138
  1800 10138
  1801 10138
  1802 10138
  1803 10138
  1804 10138
  1805 10138
  1806 10138
  1807 10138
  1808 10138
  1809 10138
  1810 10138
  1811 10138
  1812 10138
  1813 10138
  1814 10138
  1815 10138
  1816 10138
  1817 10138
  1818 10138
  1819 10138
  1820 10138
  1821 10138
  1822 10138
  1823 10138
  1824 10138
  1825 10138
  1826 10138
  1827 10138
  1828 10138
  1829 10138
  1830 10138
  1831 10138
  1832 10138
  1833 10138
  1834 10138
  1835 10138
  1836 10138
  1837 10138
  1838 10138
  1839 10138
  1840 10138
  1841 10138
  1842 10138
  1843 10138
  1844 10138
  1845 10138
  1846 10138
  1847 10138
  1848 10138
  1849 10138
  1850 10138
  1851 10138
  1852 10138
  1853 10138
  1854 10138
  1855 10138
  1856 10138
  1857 10138
  1858 10138
  1859 10138
  1860 10138
  1861 10101
  1862 10050
  1863 10050
  1864 10065
  1865 10050
  1866 10050
  1867 10050
  1868 10050
  1869 10050
  1870 10065
  1871 10065
  1872 10065
  1873 10065
  1874 10065
  1875 10065
  1876 10065
  1877 10065
  1878 10065
  1879 10065
  1880 10065
  1881 10065
  1882 10065
  1883 10065
  1884 10065
  1885 10065
  1886 10065
  1887 10065
  1888 10065
  1889 10065
  1890 10065
  1891 10065
  1892 10065
  1893 10065
  1894 10065
  1895 10065
  1896 10065
  1897 10065
  1898 10065
  1899 10065
  1900 10065
  1901 10065
  1902 10065
  1903 10065
  1904 10065
  1905 10065
  1906 10065
  1907 10065
  1908 10065
  1909 10065
  1910 10065
  1911 10065
  1912 10065
  1913 10065
  1914 10065
  1915 10065
  1916 10065
  1917 10065
  1918 10065
  1919 10065
  1920 10065
  1921 10065
  1922 10065
  1923 10065
  1924 10065
  1925 10065
  1926 10065
  1927 10065
  1928 10065
  1929 10065
  1930 10065
  1931 10065
  1932 10065
  1933 10065
  1934 10065
  1935 10065
  1936 10065
  1937 10065
  1938 10065
  1939 10065
  1940 10065
  1941 10065
  1942 10065
  1943 10065
  1944 10065
  1945 10065
  1946 10065
  1947 10065
  1948 10065
  1949 10065
  1950 10065
  1951 10065
  1952 10065
  1953 10065
  1954 10065
  1955 10065
  1956 10065
  1957 10065
  1958 10065
  1959 10065
  1960 10065
  1961 10065
  1962 10065
  1963 10065
  1964 10065
  1965 10065
  1966 10065
  1967 10065
  1968 10065
  1969 10065
  1970 10065
  1971 10065
  1972 10065
  1973 10065
  1974 10065
  1975 10065
  1976 10065
  1977 10065
  1978 10065
  1979 10065
  1980 10065
  1981 10065
  1982 10065
  1983 10065
  1984 10065
  1985 10065
  1986 10065
  1987 10065
  1988 10065
  1989 10065
  1990 10065
  1991 10065
  1992 10065
  1993 10065
  1994 10065
  1995 10065
  1996 10065
  1997 10065
  1998 10065
  1999 10065
  2000 10065
  2001 10065
  2002 10065
  2003 10065
  2004 10065
  2005 10065
  2006 10065
  2007 10065
  2008 10065
  2009 10065
  2010 10065
  2011 10065
  2012 10065
  2013 10065
  2014 10065
  2015 10065
  2016 10065
  2017 10065
  2018 10065
  2019 10065
  2020 10065
  2021 10050
  2022 10141
  2030 10062
