   690 10155
   691 10155
   692 10155
   693 10155
   694 10155
   695 10155
   696 10155
   697 10155
   698 10155
   699 10155
   700 10155
   701 10155
   702 10155
   703 10155
   704 10155
   705 10155
   706 10155
   707 10155
   708 10155
   709 10155
   710 10155
   711 10155
   712 10155
   713 10155
   714 10155
   715 10155
   716 10155
   717 10155
   718 10155
   719 10155
   720 10155
   721 10155
   722 10155
   723 10155
   724 10155
   725 10155
   726 10155
   727 10155
   728 10155
   729 10155
   730 10155
   731 10155
   732 10155
   733 10155
   734 10155
   735 10155
   736 10155
   737 10155
   738 10155
   739 10155
   740 10155
   741 10155
   742 10155
   743 10155
   744 10155
   745 10155
   746 10155
   747 10155
   748 10155
   749 10155
   750 10155
   751 10155
   752 10155
   753 10155
   754 10155
   755 10155
   756 10155
   757 10155
   758 10155
   759 10155
   760 10155
   761 10155
   762 10155
   763 10155
   764 10155
   765 10155
   766 10155
   767 10155
   768 10155
   769 10155
   770 10155
   771 10155
   772 10155
   773 10155
   774 10155
   775 10155
   776 10155
   777 10155
   778 10155
   779 10155
   780 10155
   781 10143
   782 10143
   783 10120
   784 10120
   785 10120
   786 10120
   787 10120
   788 10120
   789 10120
   790 10120
   791 10120
   792 10120
   793 10120
   794 10120
   795 10120
   796 10120
   797 10120
   798 10120
   799 10120
   800 10120
   801 10120
   802 10120
   803 10120
   804 10120
   805 10120
   806 10120
   807 10120
   808 10120
   809 10120
   810 10120
   811 10120
   812 10120
   813 10120
   814 10120
   815 10120
   816 10120
   817 10120
   818 10120
   819 10120
   820 10120
   821 10120
   822 10120
   823 10120
   824 10120
   825 10120
   826 10120
   827 10120
   828 10120
   829 10120
   830 10120
   831 10120
   832 10120
   833 10120
   834 10120
   835 10120
   836 10120
   837 10120
   838 10120
   839 10120
   840 10120
   841 10120
   842 10120
   843 10120
   844 10120
   845 10120
   846 10120
   847 10120
   848 10120
   849 10120
   850 10120
   851 10120
   852 10120
   853 10120
   854 10120
   855 10120
   856 10120
   857 10120
   858 10120
   859 10120
   860 10120
   861 10120
   862 10120
   863 10120
   864 10120
   865 10120
   866 10120
   867 10120
   868 10120
   869 10120
   870 10120
   871 10120
   872 10120
   873 10120
   874 10120
   875 10120
   876 10120
   877 10120
   878 10120
   879 10120
   880 10120
   881 10120
   882 10120
   883 10120
   884 10120
   885 10120
   886 10120
   887 10120
   888 10120
   889 10120
   890 10120
   891 10120
   892 10120
   893 10120
   894 10120
   895 10120
   896 10120
   897 10120
   898 10120
   899 10120
   900 10120
   901 10120
   902 10120
   903 10120
   904 10120
   905 10120
   906 10120
   907 10120
   908 10120
   909 10120
   910 10120
   911 10120
   912 10120
   913 10120
   914 10120
   915 10120
   916 10120
   917 10120
   918 10120
   919 10120
   920 10120
   921 10120
   922 10120
   923 10120
   924 10120
   925 10120
   926 10120
   927 10120
   928 10120
   929 10120
   930 10120
   931 10120
   932 10120
   933 10120
   934 10120
   935 10120
   936 10120
   937 10120
   938 10120
   939 10120
   940 10120
   941 10120
   942 10120
   943 10120
   944 10120
   945 10120
   946 10120
   947 10120
   948 10120
   949 10120
   950 10120
   951 10120
   952 10120
   953 10120
   954 10120
   955 10120
   956 10120
   957 10120
   958 10120
   959 10120
   960 10120
   961 10120
   962 10120
   963 10120
   964 10120
   965 10120
   966 10120
   967 10120
   968 10120
   969 10120
   970 10120
   971 10120
   972 10120
   973 10120
   974 10120
   975 10120
   976 10120
   977 10120
   978 10120
   979 10120
   980 10120
   981 10120
   982 10120
   983 10120
   984 10120
   985 10120
   986 10120
   987 10120
   988 10120
   989 10120
   990 10120
   991 10120
   992 10120
   993 10120
   994 10120
   995 10120
   996 10120
   997 10120
   998 10120
   999 10120
  1000 10120
  1001 10120
  1002 10120
  1003 10120
  1004 10120
  1005 10120
  1006 10120
  1007 10120
  1008 10120
  1009 10120
  1010 10120
  1011 10120
  1012 10120
  1013 10120
  1014 10120
  1015 10120
  1016 10120
  1017 10120
  1018 10120
  1019 10120
  1020 10120
  1023 10101
  1024 10169
  1025 10169
  1027 10047
  1028 10022
  1029 10022
  1030 10022
  1031 10022
  1032 10022
  1033 10022
  1034 10022
  1035 10022
  1036 10022
  1037 10022
  1038 10022
  1039 10022
  1040 10022
  1041 10022
  1042 10022
  1043 10022
  1044 10022
  1045 10022
  1046 10022
  1047 10022
  1048 10022
  1049 10022
  1050 10022
  1051 10022
  1052 10022
  1053 10022
  1054 10022
  1055 10022
  1056 10022
  1057 10022
  1058 10022
  1059 10022
  1060 10022
  1061 10022
  1062 10022
  1063 10022
  1064 10022
  1065 10022
  1066 10022
  1067 10022
  1068 10022
  1069 10022
  1070 10022
  1071 10022
  1072 10022
  1073 10022
  1074 10022
  1075 10022
  1076 10022
  1077 10022
  1078 10022
  1079 10022
  1080 10022
  1081 10022
  1082 10022
  1083 10022
  1084 10022
  1085 10022
  1086 10022
  1087 10022
  1088 10022
  1089 10022
  1090 10022
  1091 10022
  1092 10022
  1093 10022
  1094 10022
  1095 10022
  1096 10022
  1097 10022
  1098 10022
  1099 10022
  1100 10022
  1101 10022
  1102 10022
  1103 10022
  1104 10022
  1105 10022
  1106 10022
  1107 10022
  1108 10022
  1109 10022
  1110 10022
  1111 10022
  1112 10022
  1113 10022
  1114 10022
  1115 10022
  1116 10022
  1117 10022
  1118 10022
  1119 10022
  1120 10022
  1121 10022
  1122 10022
  1123 10022
  1124 10022
  1125 10022
  1126 10022
  1127 10022
  1128 10022
  1129 10022
  1130 10022
  1131 10022
  1132 10022
  1133 10022
  1134 10022
  1135 10022
  1136 10022
  1137 10022
  1138 10022
  1139 10022
  1140 10022
  1141 10022
  1142 10022
  1143 10022
  1144 10022
  1145 10022
  1146 10022
  1147 10022
  1148 10022
  1149 10022
  1150 10022
  1151 10022
  1152 10022
  1153 10022
  1154 10022
  1155 10022
  1156 10022
  1157 10022
  1158 10022
  1159 10022
  1160 10022
  1161 10022
  1162 10022
  1163 10022
  1164 10022
  1165 10022
  1166 10022
  1167 10022
  1168 10022
  1169 10022
  1170 10022
  1171 10022
  1172 10022
  1173 10022
  1174 10022
  1175 10022
  1176 10022
  1177 10022
  1178 10022
  1179 10022
  1180 10022
  1181 10022
  1182 10022
  1183 10022
  1184 10022
  1185 10022
  1186 10022
  1187 10022
  1188 10022
  1189 10022
  1190 10022
  1191 10022
  1192 10022
  1193 10022
  1194 10022
  1195 10022
  1196 10022
  1197 10022
  1198 10022
  1199 10022
  1200 10022
  1201 10022
  1202 10022
  1203 10022
  1204 10022
  1205 10022
  1206 10022
  1207 10022
  1208 10022
  1209 10022
  1210 10022
  1211 10022
  1212 10022
  1213 10022
  1214 10022
  1215 10022
  1216 10022
  1217 10022
  1218 10022
  1219 10022
  1220 10022
  1221 10022
  1222 10022
  1223 10022
  1224 10022
  1225 10022
  1226 10022
  1227 10022
  1228 10022
  1229 10022
  1230 10022
  1231 10022
  1232 10022
  1233 10022
  1234 10022
  1235 10022
  1236 10022
  1237 10022
  1238 10022
  1239 10022
  1240 10022
  1241 10022
  1242 10022
  1243 10022
  1244 10022
  1245 10022
  1246 10022
  1247 10022
  1248 10022
  1249 10022
  1250 10022
  1251 10022
  1252 10022
  1253 10022
  1254 10022
  1255 10022
  1256 10022
  1257 10022
  1258 10101
  1259 10101
  1260 10101
  1261 10101
  1262 10101
  1264 10098
  1265 10018
  1266 10018
  1267 10018
  1268 10018
  1269 10018
  1270 10018
  1271 10158
  1272 10158
  1275 10152
  1276 10152
  1277 10152
  1278 10152
  1279 10152
  1280 10152
  1281 10152
  1282 10152
  1283 10152
  1284 10152
  1285 10152
  1286 10152
  1287 10152
  1288 10152
  1289 10152
  1290 10152
  1291 10152
  1292 10152
  1293 10152
  1294 10152
  1295 10152
  1296 10152
  1297 10152
  1298 10152
  1299 10152
  1300 10152
  1301 10152
  1302 10152
  1303 10152
  1304 10152
  1305 10152
  1306 10152
  1307 10152
  1308 10152
  1309 10152
  1310 10152
  1311 10152
  1312 10152
  1313 10152
  1314 10152
  1315 10152
  1316 10152
  1317 10152
  1318 10152
  1319 10152
  1320 10152
  1321 10152
  1322 10152
  1323 10152
  1324 10152
  1325 10152
  1326 10152
  1327 10152
  1328 10152
  1329 10152
  1330 10152
  1331 10152
  1332 10152
  1333 10152
  1334 10152
  1335 10152
  1336 10152
  1337 10152
  1338 10152
  1339 10152
  1340 10152
  1341 10152
  1342 10152
  1343 10152
  1344 10152
  1345 10152
  1346 10152
  1347 10152
  1348 10152
  1349 10152
  1350 10152
  1351 10152
  1352 10152
  1353 10152
  1354 10152
  1355 10152
  1356 10152
  1357 10152
  1358 10152
  1359 10152
  1360 10152
  1361 10152
  1362 10152
  1363 10152
  1364 10152
  1365 10152
  1366 10152
  1367 10152
  1368 10152
  1369 10152
  1370 10152
  1371 10152
  1372 10152
  1373 10152
  1374 10152
  1375 10152
  1376 10152
  1377 10152
  1378 10152
  1379 10152
  1380 10152
  1381 10152
  1382 10152
  1383 10152
  1384 10152
  1385 10152
  1386 10152
  1387 10152
  1388 10152
  1389 10152
  1390 10152
  1391 10152
  1392 10152
  1393 10152
  1394 10152
  1395 10152
  1396 10152
  1397 10152
  1398 10152
  1399 10152
  1400 10152
  1401 10152
  1402 10152
  1403 10152
  1404 10152
  1405 10152
  1406 10152
  1407 10152
  1408 10152
  1409 10152
  1410 10152
  1411 10152
  1412 10152
  1413 10152
  1414 10152
  1415 10152
  1416 10152
  1417 10152
  1418 10152
  1419 10152
  1420 10152
  1421 10152
  1422 10152
  1423 10152
  1424 10152
  1425 10152
  1426 10152
  1427 10152
  1428 10152
  1429 10152
  1430 10152
  1431 10152
  1432 10152
  1433 10152
  1434 10152
  1435 10152
  1436 10152
  1437 10152
  1438 10152
  1439 10152
  1440 10152
  1441 10152
  1442 10152
  1443 10152
  1444 10152
  1445 10152
  1446 10152
  1447 10152
  1448 10152
  1449 10152
  1450 10152
  1451 10152
  1452 10152
  1453 10152
  1454 10152
  1455 10152
  1456 10152
  1457 10152
  1458 10152
  1459 10152
  1460 10152
  1461 10152
  1462 10152
  1463 10152
  1464 10152
  1465 10152
  1466 10152
  1467 10152
  1468 10152
  1469 10152
  1470 10152
  1471 10152
  1472 10152
  1473 10152
  1474 10152
  1475 10152
  1476 10152
  1477 10152
  1478 10152
  1479 10152
  1480 10152
  1481 10152
  1482 10152
  1483 10152
  1484 10152
  1485 10152
  1486 10152
  1487 10152
  1488 10152
  1489 10152
  1490 10152
  1491 10152
  1492 10152
  1493 10152
  1494 10152
  1495 10152
  1496 10152
  1497 10152
  1498 10152
  1499 10152
  1500 10152
  1501 10049
  1502 10049
  1503 10049
  1504 10049
  1505 10049
  1506 10049
  1507 10049
  1508 10049
  1509 10049
  1510 10049
  1511 10049
  1512 10049
  1513 10049
  1514 10049
  1515 10049
  1516 10049
  1517 10049
  1518 10049
  1519 10049
  1520 10049
  1521 10049
  1522 10049
  1523 10049
  1524 10049
  1525 10049
  1526 10049
  1527 10049
  1528 10049
  1529 10049
  1530 10049
  1531 10049
  1532 10049
  1533 10049
  1534 10049
  1535 10049
  1536 10049
  1537 10049
  1538 10049
  1539 10049
  1540 10049
  1541 10049
  1542 10049
  1543 10049
  1544 10049
  1545 10049
  1546 10049
  1547 10049
  1548 10049
  1549 10049
  1550 10049
  1551 10049
  1552 10049
  1553 10049
  1554 10049
  1555 10049
  1556 10049
  1557 10049
  1558 10049
  1559 10049
  1560 10049
  1561 10049
  1562 10049
  1563 10049
  1564 10049
  1565 10049
  1566 10049
  1567 10049
  1568 10049
  1569 10049
  1570 10049
  1571 10049
  1572 10049
  1573 10049
  1574 10049
  1575 10049
  1576 10049
  1577 10049
  1578 10049
  1579 10049
  1580 10049
  1581 10049
  1582 10049
  1583 10049
  1584 10049
  1585 10049
  1586 10049
  1587 10049
  1588 10049
  1589 10049
  1590 10049
  1591 10049
  1592 10049
  1593 10049
  1594 10049
  1595 10049
  1596 10049
  1597 10049
  1598 10049
  1599 10049
  1600 10049
  1601 10049
  1602 10049
  1603 10049
  1604 10049
  1605 10049
  1606 10049
  1607 10049
  1608 10049
  1609 10049
  1610 10049
  1611 10049
  1612 10049
  1613 10049
  1614 10049
  1615 10049
  1616 10049
  1617 10049
  1618 10049
  1619 10049
  1620 10049
  1621 10108
  1622 10131
  1623 10131
  1624 10131
  1625 10131
  1626 10131
  1627 10131
  1628 10131
  1629 10131
  1630 10131
  1631 10131
  1632 10131
  1633 10131
  1634 10131
  1635 10131
  1636 10131
  1637 10131
  1638 10131
  1639 10131
  1640 10131
  1641 10131
  1642 10131
  1643 10131
  1644 10131
  1645 10131
  1646 10131
  1647 10131
  1648 10131
  1649 10131
  1650 10131
  1651 10131
  1652 10131
  1653 10131
  1654 10131
  1655 10131
  1656 10131
  1657 10131
  1658 10131
  1659 10131
  1660 10131
  1661 10131
  1662 10131
  1663 10131
  1664 10131
  1665 10131
  1666 10131
  1667 10131
  1668 10131
  1669 10131
  1670 10131
  1671 10131
  1672 10131
  1673 10131
  1674 10131
  1675 10131
  1676 10131
  1677 10131
  1678 10131
  1679 10131
  1680 10131
  1681 10131
  1682 10131
  1683 10131
  1684 10131
  1685 10131
  1686 10131
  1687 10131
  1688 10131
  1689 10131
  1690 10131
  1691 10131
  1692 10131
  1693 10131
  1694 10131
  1695 10131
  1696 10131
  1697 10131
  1698 10131
  1699 10131
  1700 10131
  1701 10131
  1702 10131
  1703 10131
  1704 10131
  1705 10131
  1706 10131
  1707 10131
  1708 10131
  1709 10131
  1710 10131
  1711 10131
  1712 10131
  1713 10131
  1714 10131
  1715 10131
  1716 10131
  1717 10131
  1718 10131
  1719 10131
  1720 10131
  1721 10131
  1722 10131
  1723 10131
  1724 10131
  1725 10131
  1726 10131
  1727 10131
  1728 10131
  1729 10131
  1730 10131
  1731 10131
  1732 10131
  1733 10131
  1734 10131
  1735 10131
  1736 10131
  1737 10131
  1738 10131
  1739 10131
  1740 10131
  1741 10131
  1742 10131
  1743 10131
  1744 10131
  1745 10131
  1746 10131
  1747 10131
  1748 10131
  1749 10131
  1750 10131
  1751 10131
  1752 10131
  1753 10131
  1754 10131
  1755 10131
  1756 10131
  1757 10131
  1758 10131
  1759 10131
  1760 10131
  1761 10131
  1762 10131
  1763 10131
  1764 10131
  1765 10131
  1766 10131
  1767 10131
  1768 10131
  1769 10131
  1770 10131
  1771 10131
  1772 10131
  1773 10131
  1774 10131
  1775 10131
  1776 10131
  1777 10131
  1778 10131
  1779 10131
  1780 10131
  1781 10131
  1782 10131
  1783 10131
  1784 10131
  1785 10131
  1786 10131
  1787 10131
  1788 10131
  1789 10131
  1790 10131
  1791 10131
  1792 10131
  1793 10131
  1794 10131
  1795 10131
  1796 10131
  1797 10131
  1798 10131
  1799 10131
  1800 10131
  1801 10131
  1802 10131
  1803 10131
  1804 10131
  1805 10131
  1806 10131
  1807 10131
  1808 10131
  1809 10131
  1810 10131
  1811 10131
  1812 10131
  1813 10131
  1814 10131
  1815 10131
  1816 10131
  1817 10131
  1818 10131
  1819 10131
  1820 10131
  1821 10131
  1822 10131
  1823 10131
  1824 10131
  1825 10131
  1826 10131
  1827 10131
  1828 10131
  1829 10131
  1830 10131
  1831 10131
  1832 10131
  1833 10131
  1834 10131
  1835 10131
  1836 10131
  1837 10131
  1838 10131
  1839 10131
  1840 10131
  1841 10131
  1842 10131
  1843 10131
  1844 10131
  1845 10131
  1846 10131
  1847 10131
  1848 10131
  1849 10131
  1850 10131
  1851 10131
  1852 10131
  1853 10131
  1854 10131
  1855 10131
  1856 10131
  1857 10112
  1858 10112
  1859 10112
  1860 10105
  1861 10105
  1862 10105
  1863 10105
  1864 10112
  1865 10112
  1866 10112
  1867 10112
  1868 10112
  1869 10112
  1870 10112
  1871 10112
  1872 10112
  1873 10112
  1874 10112
  1875 10112
  1876 10112
  1877 10112
  1878 10112
  1879 10112
  1880 10112
  1881 10112
  1882 10112
  1883 10112
  1884 10112
  1885 10112
  1886 10112
  1887 10112
  1888 10112
  1889 10112
  1890 10112
  1891 10112
  1892 10112
  1893 10112
  1894 10112
  1895 10112
  1896 10112
  1897 10112
  1898 10112
  1899 10112
  1900 10112
  1901 10112
  1902 10112
  1903 10112
  1904 10112
  1905 10112
  1906 10112
  1907 10112
  1908 10112
  1909 10112
  1910 10112
  1911 10112
  1912 10112
  1913 10112
  1914 10112
  1915 10112
  1916 10112
  1917 10112
  1918 10112
  1919 10112
  1920 10112
  1921 10112
  1922 10112
  1923 10112
  1924 10112
  1925 10112
  1926 10112
  1927 10112
  1928 10112
  1929 10112
  1930 10112
  1931 10112
  1932 10112
  1933 10112
  1934 10112
  1935 10112
  1936 10112
  1937 10112
  1938 10112
  1939 10112
  1940 10112
  1941 10112
  1942 10112
  1943 10112
  1944 10112
  1945 10112
  1946 10112
  1947 10112
  1948 10112
  1949 10112
  1950 10112
  1951 10112
  1952 10112
  1953 10112
  1954 10112
  1955 10112
  1956 10112
  1957 10112
  1958 10112
  1959 10112
  1960 10112
  1961 10112
  1962 10112
  1963 10112
  1964 10112
  1965 10112
  1966 10112
  1967 10112
  1968 10112
  1969 10112
  1970 10112
  1971 10112
  1972 10112
  1973 10112
  1974 10112
  1975 10112
  1976 10112
  1977 10112
  1978 10112
  1979 10112
  1980 10112
  1981 10112
  1982 10112
  1983 10112
  1984 10112
  1985 10112
  1986 10112
  1987 10112
  1988 10112
  1989 10112
  1990 10112
  1991 10112
  1992 10112
  1993 10112
  1994 10112
  1995 10112
  1996 10112
  1997 10112
  1998 10112
  1999 10112
  2000 10112
  2001 10112
  2002 10112
  2003 10112
  2004 10112
  2005 10112
  2006 10112
  2007 10112
  2008 10112
  2009 10112
  2010 10112
  2011 10112
  2012 10112
  2013 10112
  2014 10112
  2015 10112
  2016 10112
  2017 10112
  2018 10112
  2019 10112
  2020 10112
  2021 10112
  2022 10112
  2023 10112
  2024 10112
  2025 10112
  2026 10112
  2027 10112
  2028 10112
  2029 10112
  2030 10112
  2033 10154
  2034 10154
  2035 10143
  2036 10154
  2037 10154
  2038 10130
  2039 10154
  2040 10130
