   690 10118
   691 10118
   692 10118
   693 10118
   694 10118
   695 10118
   696 10118
   697 10118
   698 10118
   699 10118
   700 10118
   701 10118
   702 10118
   703 10118
   704 10118
   705 10118
   706 10118
   707 10118
   708 10118
   709 10118
   710 10118
   711 10118
   712 10118
   713 10118
   714 10118
   715 10118
   716 10118
   717 10118
   718 10118
   719 10118
   720 10118
   721 10118
   722 10118
   723 10118
   724 10118
   725 10118
   726 10118
   727 10118
   728 10118
   729 10118
   730 10118
   731 10118
   732 10118
   733 10118
   734 10118
   735 10118
   736 10118
   737 10118
   738 10118
   739 10118
   740 10118
   741 10118
   742 10118
   743 10118
   744 10118
   745 10118
   746 10118
   747 10118
   748 10118
   749 10118
   750 10118
   751 10118
   752 10118
   753 10118
   754 10118
   755 10118
   756 10118
   757 10118
   758 10118
   759 10118
   760 10118
   761 10118
   762 10118
   763 10118
   764 10118
   765 10118
   766 10118
   767 10118
   768 10118
   769 10118
   770 10118
   771 10118
   772 10118
   773 10118
   774 10118
   775 10118
   776 10118
   777 10118
   778 10118
   779 10118
   780 10118
   781 10143
   782 10143
   783 10081
   784 10081
   785 10081
   786 10081
   787 10081
   788 10081
   789 10081
   790 10081
   791 10081
   792 10081
   793 10081
   794 10081
   795 10081
   796 10081
   797 10081
   798 10081
   799 10081
   800 10081
   801 10081
   802 10081
   803 10081
   804 10081
   805 10081
   806 10081
   807 10081
   808 10081
   809 10081
   810 10081
   811 10081
   812 10081
   813 10081
   814 10081
   815 10081
   816 10081
   817 10081
   818 10081
   819 10081
   820 10081
   821 10081
   822 10081
   823 10081
   824 10081
   825 10081
   826 10081
   827 10081
   828 10081
   829 10081
   830 10081
   831 10081
   832 10081
   833 10081
   834 10081
   835 10081
   836 10081
   837 10081
   838 10081
   839 10081
   840 10081
   841 10081
   842 10081
   843 10081
   844 10081
   845 10081
   846 10081
   847 10081
   848 10081
   849 10081
   850 10081
   851 10081
   852 10081
   853 10081
   854 10081
   855 10081
   856 10081
   857 10081
   858 10081
   859 10081
   860 10081
   861 10081
   862 10081
   863 10081
   864 10081
   865 10081
   866 10081
   867 10081
   868 10081
   869 10081
   870 10081
   871 10081
   872 10081
   873 10081
   874 10081
   875 10081
   876 10081
   877 10081
   878 10081
   879 10081
   880 10081
   881 10081
   882 10081
   883 10081
   884 10081
   885 10081
   886 10081
   887 10081
   888 10081
   889 10081
   890 10081
   891 10081
   892 10081
   893 10081
   894 10081
   895 10081
   896 10081
   897 10081
   898 10081
   899 10081
   900 10081
   901 10081
   902 10081
   903 10081
   904 10081
   905 10081
   906 10081
   907 10081
   908 10081
   909 10081
   910 10081
   911 10081
   912 10081
   913 10081
   914 10081
   915 10081
   916 10081
   917 10081
   918 10081
   919 10081
   920 10081
   921 10081
   922 10081
   923 10081
   924 10081
   925 10081
   926 10081
   927 10081
   928 10081
   929 10081
   930 10081
   931 10081
   932 10081
   933 10081
   934 10081
   935 10081
   936 10081
   937 10081
   938 10081
   939 10081
   940 10081
   941 10081
   942 10081
   943 10081
   944 10081
   945 10081
   946 10081
   947 10081
   948 10081
   949 10081
   950 10081
   951 10081
   952 10081
   953 10081
   954 10081
   955 10081
   956 10081
   957 10081
   958 10081
   959 10081
   960 10081
   961 10081
   962 10081
   963 10081
   964 10081
   965 10081
   966 10081
   967 10081
   968 10081
   969 10081
   970 10081
   971 10081
   972 10081
   973 10081
   974 10081
   975 10081
   976 10081
   977 10081
   978 10081
   979 10081
   980 10081
   981 10081
   982 10081
   983 10081
   984 10081
   985 10081
   986 10081
   987 10081
   988 10081
   989 10081
   990 10081
   991 10081
   992 10081
   993 10081
   994 10081
   995 10081
   996 10081
   997 10081
   998 10081
   999 10081
  1000 10081
  1001 10081
  1002 10081
  1003 10081
  1004 10081
  1005 10081
  1006 10081
  1007 10081
  1008 10081
  1009 10081
  1010 10081
  1011 10081
  1012 10081
  1013 10081
  1014 10081
  1015 10081
  1016 10081
  1017 10081
  1018 10081
  1019 10081
  1020 10081
  1021 10074
  1025 10138
  1026 10033
  1027 10033
  1028 10033
  1029 10033
  1030 10033
  1031 10033
  1032 10033
  1033 10033
  1034 10033
  1035 10033
  1036 10033
  1037 10033
  1038 10033
  1039 10033
  1040 10033
  1041 10033
  1042 10033
  1043 10033
  1044 10033
  1045 10033
  1046 10033
  1047 10033
  1048 10033
  1049 10033
  1050 10033
  1051 10033
  1052 10033
  1053 10033
  1054 10033
  1055 10033
  1056 10033
  1057 10033
  1058 10033
  1059 10033
  1060 10033
  1061 10033
  1062 10033
  1063 10033
  1064 10033
  1065 10033
  1066 10033
  1067 10033
  1068 10033
  1069 10033
  1070 10033
  1071 10033
  1072 10033
  1073 10033
  1074 10033
  1075 10033
  1076 10033
  1077 10033
  1078 10033
  1079 10033
  1080 10033
  1081 10033
  1082 10033
  1083 10033
  1084 10033
  1085 10033
  1086 10033
  1087 10033
  1088 10033
  1089 10033
  1090 10033
  1091 10033
  1092 10033
  1093 10033
  1094 10033
  1095 10033
  1096 10033
  1097 10033
  1098 10033
  1099 10033
  1100 10033
  1101 10033
  1102 10033
  1103 10033
  1104 10033
  1105 10033
  1106 10033
  1107 10033
  1108 10033
  1109 10033
  1110 10033
  1111 10033
  1112 10033
  1113 10033
  1114 10033
  1115 10033
  1116 10033
  1117 10033
  1118 10033
  1119 10033
  1120 10033
  1121 10033
  1122 10033
  1123 10033
  1124 10033
  1125 10033
  1126 10033
  1127 10033
  1128 10033
  1129 10033
  1130 10033
  1131 10033
  1132 10033
  1133 10033
  1134 10033
  1135 10033
  1136 10033
  1137 10033
  1138 10033
  1139 10033
  1140 10033
  1141 10033
  1142 10033
  1143 10033
  1144 10033
  1145 10033
  1146 10033
  1147 10033
  1148 10033
  1149 10033
  1150 10033
  1151 10033
  1152 10033
  1153 10033
  1154 10033
  1155 10033
  1156 10033
  1157 10033
  1158 10033
  1159 10033
  1160 10033
  1161 10033
  1162 10033
  1163 10033
  1164 10033
  1165 10033
  1166 10033
  1167 10033
  1168 10033
  1169 10033
  1170 10033
  1171 10033
  1172 10033
  1173 10033
  1174 10033
  1175 10033
  1176 10033
  1177 10033
  1178 10033
  1179 10033
  1180 10033
  1181 10033
  1182 10033
  1183 10033
  1184 10033
  1185 10033
  1186 10033
  1187 10033
  1188 10033
  1189 10033
  1190 10033
  1191 10033
  1192 10033
  1193 10033
  1194 10033
  1195 10033
  1196 10033
  1197 10033
  1198 10033
  1199 10033
  1200 10033
  1201 10033
  1202 10033
  1203 10033
  1204 10033
  1205 10033
  1206 10033
  1207 10033
  1208 10033
  1209 10033
  1210 10033
  1211 10033
  1212 10033
  1213 10033
  1214 10033
  1215 10033
  1216 10033
  1217 10033
  1218 10033
  1219 10033
  1220 10033
  1221 10033
  1222 10033
  1223 10033
  1224 10033
  1225 10033
  1226 10033
  1227 10033
  1228 10033
  1229 10033
  1230 10033
  1231 10033
  1232 10033
  1233 10033
  1234 10033
  1235 10033
  1236 10033
  1237 10033
  1238 10033
  1239 10033
  1240 10033
  1241 10033
  1242 10033
  1243 10033
  1244 10033
  1245 10033
  1246 10033
  1247 10033
  1248 10033
  1249 10033
  1250 10033
  1251 10033
  1252 10033
  1253 10033
  1254 10033
  1255 10033
  1256 10033
  1257 10033
  1259 10136
  1260 10122
  1261 10122
  1262 10005
  1263 10122
  1264 10122
  1265 10122
  1266 10005
  1267 10122
  1268 10122
  1269 10005
  1270 10005
  1271 10005
  1272 10005
  1273 10005
  1274 10005
  1275 10005
  1276 10005
  1277 10005
  1278 10005
  1279 10005
  1280 10005
  1281 10005
  1282 10005
  1283 10005
  1284 10005
  1285 10005
  1286 10005
  1287 10005
  1288 10005
  1289 10005
  1290 10005
  1291 10005
  1292 10005
  1293 10005
  1294 10005
  1295 10005
  1296 10005
  1297 10005
  1298 10005
  1299 10005
  1300 10005
  1301 10005
  1302 10005
  1303 10005
  1304 10005
  1305 10005
  1306 10005
  1307 10005
  1308 10005
  1309 10005
  1310 10005
  1311 10005
  1312 10005
  1313 10005
  1314 10005
  1315 10005
  1316 10005
  1317 10005
  1318 10005
  1319 10005
  1320 10005
  1321 10005
  1322 10005
  1323 10005
  1324 10005
  1325 10005
  1326 10005
  1327 10005
  1328 10005
  1329 10005
  1330 10005
  1331 10005
  1332 10005
  1333 10005
  1334 10005
  1335 10005
  1336 10005
  1337 10005
  1338 10005
  1339 10005
  1340 10005
  1341 10005
  1342 10005
  1343 10005
  1344 10005
  1345 10005
  1346 10005
  1347 10005
  1348 10005
  1349 10005
  1350 10005
  1351 10005
  1352 10005
  1353 10005
  1354 10005
  1355 10005
  1356 10005
  1357 10005
  1358 10005
  1359 10005
  1360 10005
  1361 10005
  1362 10005
  1363 10005
  1364 10005
  1365 10005
  1366 10005
  1367 10005
  1368 10005
  1369 10005
  1370 10005
  1371 10005
  1372 10005
  1373 10005
  1374 10005
  1375 10005
  1376 10005
  1377 10005
  1378 10005
  1379 10005
  1380 10005
  1381 10005
  1382 10005
  1383 10005
  1384 10005
  1385 10005
  1386 10005
  1387 10005
  1388 10005
  1389 10005
  1390 10005
  1391 10005
  1392 10005
  1393 10005
  1394 10005
  1395 10005
  1396 10005
  1397 10005
  1398 10005
  1399 10005
  1400 10005
  1401 10005
  1402 10005
  1403 10005
  1404 10005
  1405 10005
  1406 10005
  1407 10005
  1408 10005
  1409 10005
  1410 10005
  1411 10005
  1412 10005
  1413 10005
  1414 10005
  1415 10005
  1416 10005
  1417 10005
  1418 10005
  1419 10005
  1420 10005
  1421 10005
  1422 10005
  1423 10005
  1424 10005
  1425 10005
  1426 10005
  1427 10005
  1428 10005
  1429 10005
  1430 10005
  1431 10005
  1432 10005
  1433 10005
  1434 10005
  1435 10005
  1436 10005
  1437 10005
  1438 10005
  1439 10005
  1440 10005
  1441 10005
  1442 10005
  1443 10005
  1444 10005
  1445 10005
  1446 10005
  1447 10005
  1448 10005
  1449 10005
  1450 10005
  1451 10005
  1452 10005
  1453 10005
  1454 10005
  1455 10005
  1456 10005
  1457 10005
  1458 10005
  1459 10005
  1460 10005
  1461 10005
  1462 10005
  1463 10005
  1464 10005
  1465 10005
  1466 10005
  1467 10005
  1468 10005
  1469 10005
  1470 10005
  1471 10005
  1472 10005
  1473 10005
  1474 10005
  1475 10005
  1476 10005
  1477 10005
  1478 10005
  1479 10005
  1480 10005
  1481 10005
  1482 10005
  1483 10005
  1484 10005
  1485 10005
  1486 10005
  1487 10005
  1488 10005
  1489 10005
  1490 10005
  1491 10005
  1492 10005
  1493 10005
  1494 10005
  1495 10005
  1496 10005
  1497 10005
  1498 10005
  1499 10005
  1500 10005
  1501 10018
  1502 10018
  1503 10098
  1504 10018
  1505 10018
  1506 10018
  1507 10018
  1508 10158
  1509 10158
  1510 10158
  1511 10158
  1512 10158
  1513 10158
  1514 10158
  1515 10158
  1516 10158
  1517 10158
  1518 10158
  1519 10158
  1520 10158
  1521 10158
  1522 10158
  1523 10158
  1524 10158
  1525 10018
  1526 10018
  1527 10158
  1528 10158
  1529 10158
  1530 10158
  1531 10158
  1532 10158
  1533 10158
  1534 10158
  1535 10158
  1536 10158
  1537 10158
  1538 10158
  1539 10158
  1540 10158
  1541 10158
  1542 10158
  1543 10158
  1544 10158
  1545 10158
  1546 10158
  1547 10158
  1548 10158
  1549 10158
  1550 10158
  1551 10018
  1552 10018
  1553 10018
  1554 10158
  1555 10055
  1557 10055
  1558 10055
  1559 10055
  1562 10016
  1563 10016
  1564 10016
  1565 10016
  1566 10016
  1567 10016
  1568 10016
  1569 10154
  1570 10154
  1575 10050
  1579 10138
  1580 10101
  1589 10061
  1590 10101
  1591 10101
  1592 10101
  1593 10101
  1594 10101
  1605 10062
  1608 10138
  1611 10141
  1612 10062
  1614 10062
  1615 10062
  1616 10062
  1617 10101
  1618 10101
  1619 10101
  1620 10141
  1621 10093
  1622 10097
  1623 10097
  1624 10097
  1625 10097
  1856 10097
  1857 10097
  1858 10068
  1859 10097
  1864 10002
  1865 10049
  1866 10049
  1867 10049
  1868 10049
  1869 10049
  1870 10049
  1871 10049
  1872 10049
  1873 10049
  1874 10049
  1875 10049
  1876 10049
  1877 10049
  1878 10049
  1879 10049
  1880 10049
  1881 10049
  1882 10049
  1883 10049
  1884 10049
  1885 10049
  1886 10049
  1887 10049
  1888 10049
  1889 10049
  1890 10049
  1891 10049
  1892 10049
  1893 10049
  1894 10049
  1895 10049
  1896 10049
  1897 10049
  1898 10049
  1899 10049
  1900 10049
  1901 10049
  1902 10049
  1903 10049
  1904 10049
  1905 10049
  1906 10049
  1907 10049
  1908 10049
  1909 10049
  1910 10049
  1911 10049
  1912 10049
  1913 10049
  1914 10049
  1915 10049
  1916 10049
  1917 10049
  1918 10049
  1919 10049
  1920 10049
  1921 10049
  1922 10049
  1923 10049
  1924 10049
  1925 10049
  1926 10049
  1927 10049
  1928 10049
  1929 10049
  1930 10049
  1931 10049
  1932 10049
  1933 10049
  1934 10049
  1935 10049
  1936 10049
  1937 10049
  1938 10049
  1939 10049
  1940 10049
  1941 10049
  1942 10049
  1943 10049
  1944 10049
  1945 10049
  1946 10049
  1947 10049
  1948 10049
  1949 10049
  1950 10049
  1951 10049
  1952 10049
  1953 10049
  1954 10049
  1955 10049
  1956 10049
  1957 10049
  1958 10049
  1959 10049
  1960 10049
  1961 10049
  1962 10049
  1963 10049
  1964 10049
  1965 10049
  1966 10049
  1967 10049
  1968 10049
  1969 10049
  1970 10049
  1971 10049
  1972 10049
  1973 10049
  1974 10049
  1975 10049
  1976 10049
  1977 10049
  1978 10049
  1979 10049
  1980 10049
  1981 10049
  1982 10049
  1983 10049
  1984 10049
  1985 10049
  1986 10049
  1987 10049
  1988 10049
  1989 10049
  1990 10049
  1991 10049
  1992 10049
  1993 10049
  1994 10049
  1995 10049
  1996 10049
  1997 10049
  1998 10049
  1999 10049
  2000 10049
  2001 10049
  2002 10049
  2003 10049
  2004 10049
  2005 10049
  2006 10049
  2007 10049
  2008 10049
  2009 10049
  2010 10049
  2011 10049
  2012 10049
  2013 10049
  2014 10049
  2015 10049
  2016 10049
  2017 10049
  2018 10049
  2019 10049
  2020 10049
  2021 10049
  2022 10049
  2026 10154
  2028 10129
  2029 10154
  2030 10129
  2819 10016
  2820 10016
  2821 10016
  2822 10016
  2823 10016
  2824 10016
  2825 10016
  2826 10016
  2827 10016
  2828 10016
  2829 10016
  2830 10016
  2831 10016
  2832 10016
  2833 10016
  2834 10016
  2835 10016
  2836 10016
  2837 10016
  2838 10016
  2839 10016
  2840 10016
  2841 10016
  2842 10016
  2843 10016
  2844 10016
  2845 10016
  2846 10016
  2847 10016
  2848 10016
  2849 10016
  2850 10016
  2851 10016
  2852 10016
  2853 10016
  2854 10001
  2855 10001
