   690 10123
   691 10123
   692 10123
   693 10123
   694 10123
   695 10123
   696 10123
   697 10123
   698 10123
   699 10123
   700 10123
   701 10123
   702 10123
   703 10123
   704 10123
   705 10123
   706 10123
   707 10123
   708 10123
   709 10123
   710 10123
   711 10123
   712 10123
   713 10123
   714 10123
   715 10123
   716 10123
   717 10123
   718 10123
   719 10123
   720 10123
   721 10123
   722 10123
   723 10123
   724 10123
   725 10123
   726 10123
   727 10123
   728 10123
   729 10123
   730 10123
   731 10123
   732 10123
   733 10123
   734 10123
   735 10123
   736 10123
   737 10123
   738 10123
   739 10123
   740 10123
   741 10123
   742 10123
   743 10123
   744 10123
   745 10123
   746 10123
   747 10123
   748 10123
   749 10123
   750 10123
   751 10123
   752 10123
   753 10123
   754 10123
   755 10123
   756 10123
   757 10123
   758 10123
   759 10123
   760 10123
   761 10123
   762 10123
   763 10123
   764 10123
   765 10123
   766 10123
   767 10123
   768 10123
   769 10123
   770 10123
   771 10123
   772 10123
   773 10123
   774 10123
   775 10123
   776 10123
   777 10123
   778 10123
   779 10123
   780 10123
   781 10123
   782 10123
   786 10041
   787 10041
   788 10034
   789 10151
   790 10034
   791 10034
   792 10034
   793 10034
   794 10034
   821 10020
   822 10020
   823 10020
   824 10020
   825 10020
   826 10020
   827 10020
   828 10020
   829 10020
   830 10020
   831 10020
   832 10020
   833 10020
   834 10020
   835 10020
   836 10020
   837 10020
   838 10020
   839 10020
   840 10020
   841 10020
   842 10020
   843 10020
   844 10020
   845 10020
   846 10020
   847 10020
   848 10020
   849 10020
   850 10020
   851 10020
   852 10020
   853 10020
   854 10020
   855 10020
   856 10020
   857 10020
   858 10020
   859 10020
   860 10020
   861 10020
   862 10020
   863 10020
   864 10020
   865 10020
   866 10020
   867 10020
   868 10020
   869 10020
   870 10020
   871 10020
   872 10020
   873 10020
   874 10020
   875 10020
   876 10020
   877 10020
   878 10020
   879 10020
   880 10020
   881 10020
   882 10020
   883 10020
   884 10020
   885 10020
   886 10020
   887 10020
   888 10020
   889 10020
   890 10020
   891 10020
   892 10020
   893 10020
   894 10020
   895 10020
   896 10020
   897 10020
   898 10020
   899 10020
   900 10020
   901 10020
   902 10020
   903 10020
   904 10020
   905 10020
   906 10020
   907 10020
   908 10020
   909 10020
   910 10020
   911 10020
   912 10020
   913 10020
   916 10020
   917 10020
   918 10020
   919 10020
   920 10020
   921 10020
   922 10020
   923 10020
   924 10020
   925 10020
   926 10020
   927 10020
   928 10020
   929 10020
   930 10020
   931 10020
   932 10020
   933 10020
   934 10020
   935 10020
   936 10020
   937 10020
   938 10020
   939 10020
   940 10020
   941 10020
   942 10020
   943 10020
   944 10020
   945 10020
   946 10020
   947 10020
   948 10020
   949 10020
   950 10020
   951 10020
   952 10020
   953 10020
   954 10020
   955 10020
   956 10020
   957 10020
   958 10020
   959 10020
   960 10020
   961 10020
   962 10020
   963 10020
   964 10020
   965 10020
   966 10020
   967 10020
   968 10020
   969 10020
   970 10020
   971 10020
   972 10020
   973 10020
   974 10020
   975 10020
   976 10020
   977 10020
   978 10020
   979 10020
   980 10020
   981 10020
   982 10020
   983 10020
   984 10020
   985 10020
   986 10020
   987 10020
   988 10020
   989 10020
   990 10020
   991 10020
   992 10020
   993 10020
   994 10020
   995 10020
   996 10020
   997 10020
   998 10020
   999 10020
  1000 10020
  1001 10020
  1002 10020
  1003 10020
  1004 10020
  1005 10020
  1006 10020
  1007 10020
  1008 10020
  1009 10020
  1010 10020
  1011 10020
  1012 10020
  1013 10020
  1014 10020
  1015 10020
  1016 10020
  1017 10020
  1018 10020
  1028 10108
  1030 10137
  1031 10167
  1032 10167
  1033 10167
  1034 10167
  1035 10167
  1036 10167
  1037 10167
  1038 10167
  1039 10167
  1040 10167
  1041 10167
  1042 10167
  1043 10167
  1044 10167
  1045 10167
  1046 10167
  1047 10167
  1048 10167
  1049 10167
  1050 10167
  1051 10167
  1052 10167
  1053 10167
  1054 10167
  1055 10167
  1056 10167
  1057 10167
  1058 10167
  1059 10167
  1060 10167
  1061 10167
  1062 10167
  1063 10167
  1064 10167
  1065 10167
  1066 10167
  1067 10167
  1068 10167
  1069 10167
  1070 10167
  1071 10167
  1072 10167
  1073 10167
  1074 10167
  1075 10167
  1076 10167
  1077 10167
  1078 10167
  1079 10167
  1080 10167
  1081 10167
  1082 10167
  1083 10167
  1084 10167
  1085 10167
  1086 10167
  1087 10167
  1088 10167
  1089 10167
  1090 10167
  1091 10167
  1092 10167
  1093 10167
  1094 10167
  1095 10167
  1096 10167
  1097 10167
  1098 10167
  1099 10167
  1100 10167
  1101 10167
  1102 10167
  1103 10167
  1104 10167
  1105 10167
  1106 10167
  1107 10167
  1108 10167
  1109 10167
  1110 10167
  1111 10167
  1112 10167
  1113 10167
  1114 10167
  1115 10167
  1116 10167
  1117 10167
  1118 10167
  1119 10167
  1120 10167
  1121 10167
  1122 10167
  1123 10167
  1124 10167
  1125 10167
  1126 10167
  1127 10167
  1128 10167
  1129 10167
  1130 10167
  1131 10167
  1132 10167
  1133 10167
  1134 10167
  1135 10167
  1136 10167
  1137 10167
  1138 10167
  1139 10167
  1140 10167
  1141 10167
  1142 10167
  1143 10167
  1144 10167
  1145 10167
  1146 10167
  1147 10167
  1148 10167
  1149 10167
  1150 10167
  1151 10167
  1152 10167
  1153 10167
  1154 10167
  1155 10167
  1156 10167
  1157 10167
  1158 10167
  1159 10167
  1160 10167
  1161 10167
  1162 10167
  1163 10167
  1164 10167
  1165 10167
  1166 10167
  1167 10167
  1168 10167
  1169 10167
  1170 10167
  1171 10167
  1172 10167
  1173 10167
  1174 10167
  1175 10167
  1176 10167
  1177 10167
  1178 10167
  1179 10167
  1180 10167
  1181 10167
  1182 10167
  1183 10167
  1184 10167
  1185 10167
  1186 10167
  1187 10167
  1188 10167
  1189 10167
  1190 10167
  1191 10167
  1192 10167
  1193 10167
  1194 10167
  1195 10167
  1196 10167
  1197 10167
  1198 10167
  1199 10167
  1200 10167
  1201 10167
  1202 10167
  1203 10167
  1204 10167
  1205 10167
  1206 10167
  1207 10167
  1208 10167
  1209 10167
  1210 10167
  1211 10167
  1212 10167
  1213 10167
  1214 10167
  1215 10167
  1216 10167
  1217 10167
  1218 10167
  1219 10167
  1220 10167
  1221 10167
  1222 10167
  1223 10167
  1224 10167
  1225 10167
  1226 10167
  1227 10167
  1228 10167
  1229 10167
  1230 10167
  1231 10167
  1232 10167
  1233 10167
  1234 10167
  1235 10167
  1236 10167
  1237 10167
  1238 10167
  1239 10167
  1240 10167
  1241 10167
  1242 10167
  1243 10167
  1244 10167
  1245 10167
  1246 10167
  1247 10167
  1248 10167
  1249 10167
  1250 10167
  1251 10167
  1252 10167
  1253 10167
  1254 10167
  1255 10167
  1256 10167
  1257 10167
  1258 10167
  1259 10016
  1260 10016
  1261 10016
  1266 10083
  1268 10083
  1269 10083
  1270 10083
  1271 10083
  1272 10083
  1273 10083
  1274 10083
  1275 10083
  1276 10083
  1277 10083
  1278 10083
  1279 10083
  1280 10083
  1281 10083
  1282 10083
  1283 10083
  1284 10083
  1285 10083
  1286 10083
  1287 10083
  1288 10083
  1289 10083
  1290 10083
  1291 10083
  1292 10083
  1293 10083
  1294 10083
  1295 10083
  1296 10083
  1297 10083
  1298 10083
  1299 10083
  1300 10083
  1301 10083
  1302 10083
  1303 10083
  1304 10083
  1305 10083
  1306 10083
  1307 10083
  1308 10083
  1309 10083
  1310 10083
  1311 10083
  1312 10083
  1313 10083
  1314 10083
  1315 10083
  1316 10083
  1317 10083
  1318 10083
  1319 10083
  1320 10083
  1321 10083
  1322 10083
  1323 10083
  1324 10083
  1325 10083
  1326 10083
  1327 10083
  1328 10083
  1329 10083
  1330 10083
  1331 10083
  1332 10083
  1333 10083
  1334 10083
  1335 10083
  1336 10083
  1337 10083
  1338 10083
  1339 10083
  1340 10083
  1341 10083
  1342 10083
  1343 10083
  1344 10083
  1345 10083
  1346 10083
  1347 10083
  1348 10083
  1349 10083
  1350 10083
  1351 10083
  1352 10083
  1353 10083
  1354 10083
  1355 10083
  1356 10083
  1357 10083
  1358 10083
  1359 10083
  1360 10083
  1361 10083
  1362 10083
  1363 10083
  1364 10083
  1365 10083
  1366 10083
  1367 10083
  1368 10083
  1369 10083
  1370 10083
  1371 10083
  1372 10083
  1373 10083
  1374 10083
  1375 10083
  1376 10083
  1377 10083
  1378 10083
  1379 10083
  1380 10083
  1381 10083
  1382 10083
  1383 10083
  1384 10083
  1385 10083
  1386 10083
  1387 10083
  1388 10083
  1389 10083
  1390 10083
  1391 10083
  1392 10083
  1393 10083
  1394 10083
  1395 10083
  1396 10083
  1397 10083
  1398 10083
  1399 10083
  1400 10083
  1401 10083
  1402 10083
  1403 10083
  1404 10083
  1405 10083
  1406 10083
  1407 10083
  1408 10083
  1409 10083
  1410 10083
  1411 10083
  1412 10083
  1413 10083
  1414 10083
  1415 10083
  1416 10083
  1417 10083
  1418 10083
  1419 10083
  1420 10083
  1421 10083
  1422 10083
  1423 10083
  1424 10083
  1425 10083
  1426 10083
  1427 10083
  1428 10083
  1429 10083
  1430 10083
  1431 10083
  1432 10083
  1433 10083
  1434 10083
  1435 10083
  1436 10083
  1437 10083
  1438 10083
  1439 10083
  1440 10083
  1441 10083
  1442 10083
  1443 10083
  1444 10083
  1445 10083
  1446 10083
  1447 10083
  1448 10083
  1449 10083
  1450 10083
  1451 10083
  1452 10083
  1453 10083
  1454 10083
  1455 10083
  1456 10083
  1457 10083
  1458 10083
  1459 10083
  1460 10083
  1461 10083
  1462 10083
  1463 10083
  1464 10083
  1465 10083
  1466 10083
  1467 10083
  1468 10083
  1469 10083
  1470 10083
  1471 10083
  1472 10083
  1473 10083
  1474 10083
  1475 10083
  1476 10083
  1477 10083
  1478 10083
  1479 10083
  1480 10083
  1481 10083
  1482 10083
  1483 10083
  1484 10083
  1485 10083
  1486 10083
  1487 10083
  1488 10083
  1489 10083
  1490 10083
  1491 10083
  1492 10083
  1493 10083
  1494 10083
  1495 10083
  1496 10083
  1497 10083
  1498 10083
  1499 10083
  1500 10083
  1505 10040
  1506 10040
  1507 10018
  1508 10018
  1509 10018
  1510 10018
  1511 10018
  1512 10018
  1513 10018
  1514 10018
  1515 10018
  1516 10018
  1517 10158
  1518 10018
  1519 10018
  1520 10018
  1521 10018
  1522 10018
  1523 10018
  1524 10018
  1525 10158
  1526 10158
  1527 10018
  1528 10018
  1529 10018
  1530 10018
  1531 10018
  1532 10018
  1533 10018
  1534 10018
  1535 10018
  1536 10018
  1537 10018
  1538 10018
  1539 10018
  1540 10158
  1541 10018
  1542 10018
  1543 10018
  1544 10158
  1545 10140
  1546 10055
  1547 10018
  1548 10140
  1549 10018
  1550 10018
  1551 10018
  1552 10018
  1553 10018
  1554 10018
  1555 10018
  1556 10018
  1557 10018
  1558 10018
  1559 10018
  1560 10018
  1561 10055
  1562 10018
  1563 10018
  1564 10018
  1565 10018
  1566 10018
  1567 10018
  1568 10018
  1569 10018
  1570 10018
  1571 10018
  1572 10018
  1573 10018
  1574 10018
  1575 10018
  1576 10018
  1577 10018
  1578 10055
  1579 10055
  1580 10055
  1581 10055
  1582 10055
  1614 10064
  1615 10064
  1616 10071
  1617 10071
  1618 10071
  1619 10071
  1620 10071
  1621 10071
  1622 10071
  1623 10041
  1624 10090
  1625 10090
  1627 10041
  1628 10003
  1630 10022
  1631 10022
  1632 10022
  1633 10022
  1634 10022
  1635 10022
  1636 10022
  1637 10022
  1638 10022
  1639 10022
  1640 10022
  1641 10022
  1642 10022
  1643 10022
  1644 10022
  1645 10022
  1646 10022
  1647 10022
  1648 10022
  1649 10022
  1650 10022
  1651 10022
  1652 10022
  1653 10022
  1654 10022
  1655 10022
  1656 10022
  1657 10022
  1658 10022
  1659 10022
  1660 10022
  1661 10022
  1662 10022
  1663 10022
  1664 10022
  1665 10022
  1666 10022
  1667 10022
  1668 10022
  1669 10022
  1670 10022
  1671 10022
  1672 10022
  1673 10022
  1674 10022
  1675 10022
  1676 10022
  1677 10022
  1678 10022
  1679 10022
  1680 10022
  1681 10022
  1682 10022
  1683 10022
  1684 10022
  1685 10022
  1686 10022
  1687 10022
  1688 10022
  1689 10022
  1690 10022
  1691 10022
  1692 10022
  1693 10022
  1694 10022
  1695 10022
  1696 10022
  1697 10022
  1698 10022
  1699 10022
  1700 10022
  1701 10022
  1702 10022
  1703 10022
  1704 10022
  1705 10022
  1706 10022
  1707 10022
  1708 10022
  1709 10022
  1710 10022
  1711 10022
  1712 10022
  1713 10022
  1714 10022
  1715 10022
  1716 10022
  1717 10022
  1718 10022
  1719 10022
  1720 10022
  1721 10022
  1722 10022
  1723 10022
  1724 10022
  1725 10022
  1726 10022
  1727 10022
  1728 10022
  1729 10022
  1730 10022
  1731 10022
  1732 10022
  1733 10022
  1734 10022
  1735 10022
  1736 10022
  1737 10022
  1738 10022
  1739 10022
  1740 10022
  1741 10022
  1742 10022
  1743 10022
  1744 10022
  1745 10022
  1746 10022
  1747 10022
  1748 10022
  1749 10022
  1750 10022
  1751 10022
  1752 10022
  1753 10022
  1754 10022
  1755 10022
  1756 10022
  1757 10022
  1758 10022
  1759 10022
  1760 10022
  1761 10022
  1762 10022
  1763 10022
  1764 10022
  1765 10022
  1766 10022
  1767 10022
  1768 10022
  1769 10022
  1770 10022
  1771 10022
  1772 10022
  1773 10022
  1774 10022
  1775 10022
  1776 10022
  1777 10022
  1778 10022
  1779 10022
  1780 10022
  1781 10022
  1782 10022
  1783 10022
  1784 10022
  1785 10022
  1786 10022
  1787 10022
  1788 10022
  1789 10022
  1790 10022
  1791 10022
  1792 10022
  1793 10022
  1794 10022
  1795 10022
  1796 10022
  1797 10022
  1798 10022
  1799 10022
  1800 10022
  1801 10022
  1802 10022
  1803 10022
  1804 10022
  1805 10022
  1806 10022
  1807 10022
  1808 10022
  1809 10022
  1810 10022
  1811 10022
  1812 10022
  1813 10022
  1814 10022
  1815 10022
  1816 10022
  1817 10022
  1818 10022
  1819 10022
  1820 10022
  1821 10022
  1822 10022
  1823 10022
  1824 10022
  1825 10022
  1826 10022
  1827 10022
  1828 10022
  1829 10022
  1830 10022
  1831 10022
  1832 10022
  1833 10022
  1834 10022
  1835 10022
  1836 10022
  1837 10022
  1838 10022
  1839 10022
  1840 10022
  1841 10022
  1842 10022
  1843 10022
  1844 10022
  1845 10022
  1846 10022
  1847 10022
  1848 10022
  1849 10022
  1850 10022
  1851 10022
  1852 10022
  1853 10022
  1854 10022
  1855 10022
  1859 10049
  1860 10049
  1861 10049
  1863 10043
  1864 10043
  1865 10164
  1866 10164
  1867 10164
  1868 10164
  1869 10164
  1870 10164
  1871 10164
  1872 10164
  1873 10164
  1874 10164
  1875 10164
  1876 10164
  1877 10164
  1878 10164
  1879 10164
  1880 10164
  1881 10164
  1882 10164
  1883 10164
  1884 10164
  1885 10164
  1886 10164
  1887 10164
  1888 10164
  1889 10164
  1890 10164
  1891 10164
  1892 10164
  1893 10164
  1894 10164
  1895 10164
  1896 10164
  1897 10164
  1898 10164
  1899 10164
  1900 10164
  1901 10164
  1902 10164
  1903 10164
  1904 10164
  1905 10164
  1906 10164
  1907 10164
  1908 10164
  1909 10164
  1910 10164
  1911 10164
  1912 10164
  1913 10164
  1914 10164
  1915 10164
  1916 10164
  1917 10164
  1918 10164
  1919 10164
  1920 10164
  1921 10164
  1922 10164
  1923 10164
  1924 10164
  1925 10164
  1926 10164
  1927 10164
  1928 10164
  1929 10164
  1930 10164
  1931 10164
  1932 10164
  1933 10164
  1934 10164
  1935 10164
  1936 10164
  1937 10164
  1938 10164
  1939 10164
  1940 10164
  1941 10164
  1942 10164
  1943 10164
  1944 10164
  1945 10164
  1946 10164
  1947 10164
  1948 10164
  1949 10164
  1950 10164
  1951 10164
  1952 10164
  1953 10164
  1954 10164
  1955 10164
  1956 10164
  1957 10164
  1958 10164
  1959 10164
  1960 10164
  1961 10164
  1962 10164
  1963 10164
  1964 10164
  1965 10164
  1966 10164
  1967 10164
  1968 10164
  1969 10164
  1970 10164
  1971 10164
  1972 10164
  1973 10164
  1974 10164
  1975 10164
  1976 10164
  1977 10164
  1978 10164
  1979 10164
  1980 10164
  1981 10164
  1982 10164
  1983 10164
  1984 10164
  1985 10164
  1986 10164
  1987 10164
  1988 10164
  1989 10164
  1990 10164
  1991 10164
  1992 10164
  1993 10164
  1994 10164
  1995 10164
  1996 10164
  1997 10164
  1998 10164
  1999 10164
  2000 10164
  2001 10164
  2002 10164
  2003 10164
  2004 10164
  2005 10164
  2006 10164
  2007 10164
  2008 10164
  2009 10164
  2010 10164
  2011 10164
  2012 10164
  2013 10164
  2014 10164
  2015 10164
  2016 10164
  2017 10164
  2018 10164
  2019 10164
  2020 10164
  2021 10164
  2022 10164
  2023 10164
  2024 10164
  2025 10164
  2026 10068
