  1630 10131
  1631 10131
  1632 10131
  1633 10131
  1634 10131
  1635 10131
  1636 10131
  1637 10131
  1638 10131
  1639 10131
  1640 10131
  1641 10131
  1642 10131
  1643 10131
  1644 10131
  1645 10131
  1646 10131
  1647 10131
  1648 10131
  1649 10131
  1650 10131
  1651 10131
  1652 10131
  1653 10131
  1654 10131
  1655 10131
  1656 10131
  1657 10131
  1658 10131
  1659 10131
  1660 10131
  1661 10131
  1662 10131
  1663 10131
  1664 10131
  1665 10131
  1666 10131
  1667 10131
  1668 10131
  1669 10131
  1670 10131
  1671 10131
  1672 10131
  1673 10131
  1674 10131
  1675 10131
  1676 10131
  1677 10131
  1678 10131
  1679 10131
  1680 10131
  1681 10131
  1682 10131
  1683 10131
  1684 10131
  1685 10131
  1686 10131
  1687 10131
  1688 10131
  1689 10131
  1690 10131
  1691 10131
  1692 10131
  1693 10131
  1694 10131
  1695 10131
  1696 10131
  1697 10131
  1698 10131
  1699 10131
  1700 10131
  1701 10131
  1702 10131
  1703 10131
  1704 10131
  1705 10131
  1706 10131
  1707 10131
  1708 10131
  1709 10131
  1710 10131
  1711 10131
  1712 10131
  1713 10131
  1714 10131
  1715 10131
  1716 10131
  1717 10131
  1718 10131
  1719 10131
  1720 10131
  1721 10131
  1722 10131
  1723 10131
  1724 10131
  1725 10131
  1726 10131
  1727 10131
  1728 10131
  1729 10131
  1730 10131
  1731 10131
  1732 10131
  1733 10131
  1734 10131
  1735 10131
  1736 10131
  1737 10131
  1738 10131
  1739 10131
  1740 10131
  1741 10131
  1742 10131
  1743 10131
  1744 10131
  1745 10131
  1746 10131
  1747 10131
  1748 10131
  1749 10131
  1750 10131
  1751 10131
  1752 10131
  1753 10131
  1754 10131
  1755 10131
  1756 10131
  1757 10131
  1758 10131
  1759 10131
  1760 10131
  1761 10131
  1762 10131
  1763 10131
  1764 10131
  1765 10131
  1766 10131
  1767 10131
  1768 10131
  1769 10131
  1770 10131
  1771 10131
  1772 10131
  1773 10131
  1774 10131
  1775 10131
  1776 10131
  1777 10131
  1778 10131
  1779 10131
  1780 10131
  1781 10131
  1782 10131
  1783 10131
  1784 10131
  1785 10131
  1786 10131
  1787 10131
  1788 10131
  1789 10131
  1790 10131
  1791 10131
  1792 10131
  1793 10131
  1794 10131
  1795 10131
  1796 10131
  1797 10131
  1798 10131
  1799 10131
  1800 10131
  1801 10131
  1802 10131
  1803 10131
  1804 10131
  1805 10131
  1806 10131
  1807 10131
  1808 10131
  1809 10131
  1810 10131
  1811 10131
  1812 10131
  1813 10131
  1814 10131
  1815 10131
  1816 10131
  1817 10131
  1818 10131
  1819 10131
  1820 10131
  1821 10131
  1822 10131
  1823 10131
  1824 10131
  1825 10131
  1826 10131
  1827 10131
  1828 10131
  1829 10131
  1830 10131
  1831 10131
  1832 10131
  1833 10131
  1834 10131
  1835 10131
  1836 10131
  1837 10131
  1838 10131
  1839 10131
  1840 10131
  1841 10131
  1842 10131
  1843 10131
  1844 10131
  1845 10131
  1846 10131
  1847 10131
  1848 10131
  1849 10131
  1850 10131
  1851 10131
  1852 10131
  1853 10131
  1854 10131
  1855 10131
