   690 10118
   691 10118
   692 10118
   693 10118
   694 10118
   695 10118
   696 10118
   697 10118
   698 10118
   699 10118
   700 10118
   701 10118
   702 10118
   703 10118
   704 10118
   705 10118
   706 10118
   707 10118
   708 10118
   709 10118
   710 10118
   711 10118
   712 10118
   713 10118
   714 10118
   715 10118
   716 10118
   717 10118
   718 10118
   719 10118
   720 10118
   721 10118
   722 10118
   723 10118
   724 10118
   725 10118
   726 10118
   727 10118
   728 10118
   729 10118
   730 10118
   731 10118
   732 10118
   733 10118
   734 10118
   735 10118
   736 10118
   737 10118
   738 10118
   739 10118
   740 10118
   741 10118
   742 10118
   743 10118
   744 10118
   745 10118
   746 10118
   747 10118
   748 10118
   749 10118
   750 10118
   751 10118
   752 10118
   753 10118
   754 10118
   755 10118
   756 10118
   757 10118
   758 10118
   759 10118
   760 10118
   761 10118
   762 10118
   763 10118
   764 10118
   765 10118
   766 10118
   767 10118
   768 10118
   769 10118
   770 10118
   771 10118
   772 10118
   773 10118
   774 10118
   775 10118
   776 10118
   777 10118
   778 10118
   779 10118
   780 10118
   781 10143
   782 10143
   783 10075
   784 10075
   785 10075
   786 10075
   787 10075
   788 10075
   789 10075
   790 10075
   791 10075
   792 10075
   793 10075
   794 10075
   795 10075
   796 10075
   797 10075
   798 10075
   799 10075
   800 10075
   801 10075
   802 10075
   803 10075
   804 10075
   805 10075
   806 10075
   807 10075
   808 10075
   809 10075
   810 10075
   811 10075
   812 10075
   813 10075
   814 10075
   815 10075
   816 10075
   817 10075
   818 10075
   819 10075
   820 10075
   821 10075
   822 10075
   823 10075
   824 10075
   825 10075
   826 10075
   827 10075
   828 10075
   829 10075
   830 10075
   831 10075
   832 10075
   833 10075
   834 10075
   835 10075
   836 10075
   837 10075
   838 10075
   839 10075
   840 10075
   841 10075
   842 10075
   843 10075
   844 10075
   845 10075
   846 10075
   847 10075
   848 10075
   849 10075
   850 10075
   851 10075
   852 10075
   853 10075
   854 10075
   855 10075
   856 10075
   857 10075
   858 10075
   859 10075
   860 10075
   861 10075
   862 10075
   863 10075
   864 10075
   865 10075
   866 10075
   867 10075
   868 10075
   869 10075
   870 10075
   871 10075
   872 10075
   873 10075
   874 10075
   875 10075
   876 10075
   877 10075
   878 10075
   879 10075
   880 10075
   881 10075
   882 10075
   883 10075
   884 10075
   885 10075
   886 10075
   887 10075
   888 10075
   889 10075
   890 10075
   891 10075
   892 10075
   893 10075
   894 10075
   895 10075
   896 10075
   897 10075
   898 10075
   899 10075
   900 10075
   901 10075
   902 10075
   903 10075
   904 10075
   905 10075
   906 10075
   907 10075
   908 10075
   909 10075
   910 10075
   911 10075
   912 10075
   913 10075
   914 10075
   915 10075
   916 10075
   917 10075
   918 10075
   919 10075
   920 10075
   921 10075
   922 10075
   923 10075
   924 10075
   925 10075
   926 10075
   927 10075
   928 10075
   929 10075
   930 10075
   931 10075
   932 10075
   933 10075
   934 10075
   935 10075
   936 10075
   937 10075
   938 10075
   939 10075
   940 10075
   941 10075
   942 10075
   943 10075
   944 10075
   945 10075
   946 10075
   947 10075
   948 10075
   949 10075
   950 10075
   951 10075
   952 10075
   953 10075
   954 10075
   955 10075
   956 10075
   957 10075
   958 10075
   959 10075
   960 10075
   961 10075
   962 10075
   963 10075
   964 10075
   965 10075
   966 10075
   967 10075
   968 10075
   969 10075
   970 10075
   971 10075
   972 10075
   973 10075
   974 10075
   975 10075
   976 10075
   977 10075
   978 10075
   979 10075
   980 10075
   981 10075
   982 10075
   983 10075
   984 10075
   985 10075
   986 10075
   987 10075
   988 10075
   989 10075
   990 10075
   991 10075
   992 10075
   993 10075
   994 10075
   995 10075
   996 10075
   997 10075
   998 10075
   999 10075
  1000 10075
  1001 10075
  1002 10075
  1003 10075
  1004 10075
  1005 10075
  1006 10075
  1007 10075
  1008 10075
  1009 10075
  1010 10075
  1011 10075
  1012 10075
  1013 10075
  1014 10075
  1015 10075
  1016 10075
  1017 10075
  1018 10075
  1019 10075
  1020 10075
  1025 10034
  1026 10034
  1027 10034
  1028 10034
  1029 10034
  1030 10034
  1031 10034
  1032 10034
  1033 10034
  1034 10034
  1035 10034
  1036 10034
  1037 10034
  1038 10034
  1039 10034
  1040 10034
  1041 10034
  1042 10034
  1043 10034
  1044 10034
  1045 10034
  1046 10034
  1047 10034
  1048 10034
  1049 10034
  1050 10034
  1051 10034
  1052 10034
  1053 10034
  1054 10034
  1055 10034
  1056 10034
  1057 10034
  1058 10034
  1059 10034
  1060 10034
  1061 10034
  1062 10034
  1063 10034
  1064 10034
  1065 10034
  1066 10034
  1067 10034
  1068 10034
  1069 10034
  1070 10034
  1071 10034
  1072 10034
  1073 10034
  1074 10034
  1075 10034
  1076 10034
  1077 10034
  1078 10034
  1079 10034
  1080 10034
  1081 10034
  1082 10034
  1083 10034
  1084 10034
  1085 10034
  1086 10034
  1087 10034
  1088 10034
  1089 10034
  1090 10034
  1091 10034
  1092 10034
  1093 10034
  1094 10034
  1095 10034
  1096 10034
  1097 10034
  1098 10034
  1099 10034
  1100 10034
  1101 10034
  1102 10034
  1103 10034
  1104 10034
  1105 10034
  1106 10034
  1107 10034
  1108 10034
  1109 10034
  1110 10034
  1111 10034
  1112 10034
  1113 10034
  1114 10034
  1115 10034
  1116 10034
  1117 10034
  1118 10034
  1119 10034
  1120 10034
  1121 10034
  1122 10034
  1123 10034
  1124 10034
  1125 10034
  1126 10034
  1127 10034
  1128 10034
  1129 10034
  1130 10034
  1131 10034
  1132 10034
  1133 10034
  1134 10034
  1135 10034
  1136 10034
  1137 10034
  1138 10034
  1139 10034
  1140 10034
  1141 10034
  1142 10034
  1143 10034
  1144 10034
  1145 10034
  1146 10034
  1147 10034
  1148 10034
  1149 10034
  1150 10034
  1151 10034
  1152 10034
  1153 10034
  1154 10034
  1155 10034
  1156 10034
  1157 10034
  1158 10034
  1159 10034
  1160 10034
  1161 10034
  1162 10034
  1163 10034
  1164 10034
  1165 10034
  1166 10034
  1167 10034
  1168 10034
  1169 10034
  1170 10034
  1171 10034
  1172 10034
  1173 10034
  1174 10034
  1175 10034
  1176 10034
  1177 10034
  1178 10034
  1179 10034
  1180 10034
  1181 10034
  1182 10034
  1183 10034
  1184 10034
  1185 10034
  1186 10034
  1187 10034
  1188 10034
  1189 10034
  1190 10034
  1191 10034
  1192 10034
  1193 10034
  1194 10034
  1195 10034
  1196 10034
  1197 10034
  1198 10034
  1199 10034
  1200 10034
  1201 10034
  1202 10034
  1203 10034
  1204 10034
  1205 10034
  1206 10034
  1207 10034
  1208 10034
  1209 10034
  1210 10034
  1211 10034
  1212 10034
  1213 10034
  1214 10034
  1215 10034
  1216 10034
  1217 10034
  1218 10034
  1219 10034
  1220 10034
  1221 10034
  1222 10034
  1223 10034
  1224 10034
  1225 10034
  1226 10034
  1227 10034
  1228 10034
  1229 10034
  1230 10034
  1231 10034
  1232 10034
  1233 10034
  1234 10034
  1235 10034
  1236 10034
  1237 10034
  1238 10034
  1239 10034
  1240 10034
  1241 10034
  1242 10034
  1243 10034
  1244 10034
  1245 10034
  1246 10034
  1247 10034
  1248 10034
  1249 10034
  1250 10034
  1251 10034
  1252 10034
  1253 10034
  1254 10034
  1255 10034
  1256 10034
  1257 10034
  1268 10136
  1269 10136
  1270 10136
  1271 10136
  1272 10136
  1273 10136
  1274 10136
  1275 10136
  1276 10136
  1277 10136
  1278 10136
  1279 10136
  1280 10136
  1281 10136
  1282 10136
  1283 10136
  1284 10136
  1285 10136
  1286 10136
  1287 10136
  1288 10136
  1289 10136
  1290 10136
  1291 10136
  1292 10136
  1293 10136
  1294 10136
  1295 10136
  1296 10136
  1297 10136
  1298 10136
  1299 10136
  1300 10136
  1301 10136
  1302 10136
  1303 10136
  1304 10136
  1305 10136
  1306 10136
  1307 10136
  1308 10136
  1309 10136
  1310 10136
  1311 10136
  1312 10136
  1313 10136
  1314 10136
  1315 10136
  1316 10136
  1317 10136
  1318 10136
  1319 10136
  1320 10136
  1321 10136
  1322 10136
  1323 10136
  1324 10136
  1325 10136
  1326 10136
  1327 10136
  1328 10136
  1329 10136
  1330 10136
  1331 10136
  1332 10136
  1333 10136
  1334 10136
  1335 10136
  1336 10136
  1337 10136
  1338 10136
  1339 10136
  1340 10136
  1341 10136
  1342 10136
  1343 10136
  1344 10136
  1345 10136
  1346 10136
  1347 10136
  1348 10136
  1349 10136
  1350 10136
  1351 10136
  1352 10136
  1353 10136
  1354 10136
  1355 10136
  1356 10136
  1357 10136
  1358 10136
  1359 10136
  1360 10136
  1361 10136
  1362 10136
  1363 10136
  1364 10136
  1365 10136
  1366 10136
  1367 10136
  1368 10136
  1369 10136
  1370 10136
  1371 10136
  1372 10136
  1373 10136
  1374 10136
  1375 10136
  1376 10136
  1377 10136
  1378 10136
  1379 10136
  1380 10136
  1381 10136
  1382 10136
  1383 10136
  1384 10136
  1385 10136
  1386 10136
  1387 10136
  1388 10136
  1389 10136
  1390 10136
  1391 10136
  1392 10136
  1393 10136
  1394 10136
  1395 10136
  1396 10136
  1397 10136
  1398 10136
  1399 10136
  1400 10136
  1401 10136
  1402 10136
  1403 10136
  1404 10136
  1405 10136
  1406 10136
  1407 10136
  1408 10136
  1409 10136
  1410 10136
  1411 10136
  1412 10136
  1413 10136
  1414 10136
  1415 10136
  1416 10136
  1417 10136
  1418 10136
  1419 10136
  1420 10136
  1421 10136
  1422 10136
  1423 10136
  1424 10136
  1425 10136
  1426 10136
  1427 10136
  1428 10136
  1429 10136
  1430 10136
  1431 10136
  1432 10136
  1433 10136
  1434 10136
  1435 10136
  1436 10136
  1437 10136
  1438 10136
  1439 10136
  1440 10136
  1441 10136
  1442 10136
  1443 10136
  1444 10136
  1445 10136
  1446 10136
  1447 10136
  1448 10136
  1449 10136
  1450 10136
  1451 10136
  1452 10136
  1453 10136
  1454 10136
  1455 10136
  1456 10136
  1457 10136
  1458 10136
  1459 10136
  1460 10136
  1461 10136
  1462 10136
  1463 10136
  1464 10136
  1465 10136
  1466 10136
  1467 10136
  1468 10136
  1469 10136
  1470 10136
  1471 10136
  1472 10136
  1473 10136
  1474 10136
  1475 10136
  1476 10136
  1477 10136
  1478 10136
  1479 10136
  1480 10136
  1481 10136
  1482 10136
  1483 10136
  1484 10136
  1485 10136
  1486 10136
  1487 10136
  1488 10136
  1489 10136
  1490 10136
  1491 10136
  1492 10136
  1493 10136
  1494 10136
  1495 10136
  1496 10136
  1497 10136
  1498 10136
  1499 10136
  1500 10136
  1501 10018
  1502 10018
  1503 10018
  1504 10018
  1505 10018
  1506 10018
  1507 10018
  1508 10018
  1509 10018
  1510 10018
  1511 10018
  1512 10018
  1513 10055
  1514 10018
  1515 10055
  1517 10018
  1518 10055
  1520 10107
  1521 10107
  1522 10107
  1523 10107
  1524 10154
  1525 10154
  1526 10154
  1527 10154
  1528 10154
  1574 10014
  1575 10014
  1576 10014
  1577 10014
  1578 10014
  1579 10014
  1580 10154
  1581 10014
  1582 10014
  1583 10016
  1584 10014
  1585 10016
  1608 10107
  1609 10154
  1610 10014
  1611 10154
  1612 10154
  1613 10154
  1614 10154
  1615 10016
  1616 10016
  1617 10016
  1618 10154
  1619 10014
  1620 10154
  1621 10154
  1622 10154
  1623 10154
  1624 10154
  1625 10014
  1626 10014
  1627 10014
  1628 10014
  1629 10154
  1630 10014
  1631 10014
  1632 10154
  1633 10154
  1634 10154
  1635 10154
  1636 10014
  1637 10154
  1638 10154
  1639 10154
  1640 10154
  1641 10154
  1642 10154
  1643 10107
  1644 10154
  1645 10014
  1646 10014
  1647 10107
  1648 10014
  1649 10014
  1650 10014
  1651 10014
  1652 10014
  1653 10014
  1654 10014
  1655 10014
  1656 10014
  1657 10014
  1658 10014
  1659 10014
  1660 10014
  1661 10014
  1662 10014
  1663 10016
  1664 10014
  1665 10014
  1666 10014
  1667 10014
  1668 10014
  1669 10014
  1670 10014
  1671 10014
  1672 10154
  1673 10154
  1674 10154
  1675 10036
  1676 10036
  1677 10036
  1678 10154
  1679 10036
  1680 10154
  1681 10016
  1682 10154
  1683 10014
  1684 10154
  1685 10154
  1686 10154
  1687 10154
  1688 10154
  1689 10154
  1690 10154
  1691 10154
  1692 10154
  1693 10154
  1694 10014
  1695 10014
  1696 10014
  1697 10014
  1698 10014
  1699 10014
  1700 10014
  1701 10014
  1702 10014
  1703 10014
  1704 10014
  1705 10014
  1706 10014
  1707 10014
  1708 10154
  1709 10154
  1710 10154
  1711 10154
  1712 10154
  1713 10154
  1714 10154
  1715 10154
  1716 10154
  1717 10154
  1718 10014
  1719 10014
  1720 10014
  1721 10014
  1722 10014
  1723 10154
  1724 10154
  1725 10154
  1726 10154
  1727 10154
  1728 10154
  1729 10154
  1730 10154
  1731 10154
  1732 10154
  1733 10154
  1734 10154
  1735 10154
  1736 10154
  1737 10154
  1738 10154
  1739 10154
  1740 10154
  1741 10154
  1742 10154
  1743 10154
  1744 10154
  1745 10154
  1746 10154
  1747 10154
  1748 10154
  1749 10154
  1750 10154
  1751 10014
  1752 10014
  1753 10014
  1754 10014
  1755 10014
  1756 10014
  1757 10014
  1758 10014
  1759 10014
  1760 10014
  1761 10014
  1762 10014
  1763 10154
  1764 10014
  1765 10014
  1766 10014
  1767 10014
  1768 10014
  1769 10014
  1770 10154
  1771 10154
  1772 10154
  1773 10154
  1774 10154
  1775 10154
  1776 10016
  1777 10154
  1778 10154
  1779 10014
  1780 10014
  1781 10014
  1782 10014
  1783 10014
  1784 10014
  1785 10014
  1786 10014
  1787 10014
  1788 10014
  1789 10014
  1790 10014
  1791 10014
  1792 10014
  1793 10014
  1794 10014
  1795 10014
  1796 10014
  1797 10014
  1798 10014
  1799 10014
  1800 10016
  1801 10014
  1802 10107
  1803 10107
  1804 10107
  1805 10107
  1806 10107
  1807 10014
  1808 10143
  1809 10143
  1810 10143
  1811 10143
  1812 10016
  1813 10014
  1814 10014
  1848 10154
  1849 10154
  1856 10101
  1857 10101
  1858 10101
  1859 10101
  1860 10101
  1861 10101
  1862 10101
  1863 10101
  1864 10101
  1865 10138
  1866 10138
  1867 10070
  1868 10070
  1869 10070
  1870 10070
  1871 10070
  1872 10070
  1873 10070
  1874 10070
  1875 10070
  1876 10070
  1877 10070
  1878 10070
  1879 10070
  1880 10070
  1881 10070
  1882 10070
  1883 10070
  1884 10070
  1885 10070
  1886 10070
  1887 10070
  1888 10070
  1889 10070
  1890 10070
  1891 10070
  1892 10070
  1893 10070
  1894 10070
  1895 10070
  1896 10070
  1897 10070
  1898 10070
  1899 10070
  1900 10070
  1901 10070
  1902 10070
  1903 10070
  1904 10070
  1905 10070
  1906 10070
  1907 10070
  1908 10070
  1909 10070
  1910 10070
  1911 10070
  1912 10070
  1913 10070
  1914 10070
  1915 10070
  1916 10070
  1917 10070
  1918 10070
  1919 10070
  1920 10070
  1921 10070
  1922 10070
  1923 10070
  1924 10070
  1925 10070
  1926 10070
  1927 10070
  1928 10070
  1929 10070
  1930 10070
  1931 10070
  1932 10070
  1933 10070
  1934 10070
  1935 10070
  1936 10070
  1937 10070
  1938 10070
  1939 10070
  1940 10070
  1941 10070
  1942 10070
  1943 10070
  1944 10070
  1945 10070
  1946 10070
  1947 10070
  1948 10070
  1949 10070
  1950 10070
  1951 10070
  1952 10070
  1953 10070
  1954 10070
  1955 10070
  1956 10070
  1957 10070
  1958 10070
  1959 10070
  1960 10070
  1961 10070
  1962 10070
  1963 10070
  1964 10070
  1965 10070
  1966 10070
  1967 10070
  1968 10070
  1969 10070
  1970 10070
  1971 10070
  1972 10070
  1973 10070
  1974 10070
  1975 10070
  1976 10070
  1977 10070
  1978 10070
  1979 10070
  1980 10070
  1981 10070
  1982 10070
  1983 10070
  1984 10070
  1985 10070
  1986 10070
  1987 10070
  1988 10070
  1989 10070
  1990 10070
  1991 10070
  1992 10070
  1993 10070
  1994 10070
  1995 10070
  1996 10070
  1997 10070
  1998 10070
  1999 10070
  2000 10070
  2001 10070
  2002 10070
  2003 10070
  2004 10070
  2005 10070
  2006 10070
  2007 10070
  2008 10070
  2009 10070
  2010 10070
  2011 10070
  2012 10070
  2013 10070
  2014 10070
  2015 10070
  2016 10070
  2017 10070
  2018 10070
  2019 10070
  2020 10070
  2021 10070
  2022 10070
  2023 10138
  2026 10122
  2027 10118
  2028 10118
  2029 10118
  2030 10118
