   690 10034
   691 10034
   692 10034
   693 10034
   694 10034
   695 10034
   696 10034
   697 10034
   698 10034
   699 10034
   700 10034
   701 10034
   702 10034
   703 10034
   704 10034
   705 10034
   706 10034
   707 10034
   708 10034
   709 10034
   710 10034
   711 10034
   712 10034
   713 10034
   714 10034
   715 10034
   716 10034
   717 10034
   718 10034
   719 10034
   720 10034
   721 10034
   722 10034
   723 10034
   724 10034
   725 10034
   726 10034
   727 10034
   728 10034
   729 10034
   730 10034
   731 10034
   732 10034
   733 10034
   734 10034
   735 10034
   736 10034
   737 10034
   738 10034
   739 10034
   740 10034
   741 10034
   742 10034
   743 10034
   744 10034
   745 10034
   746 10034
   747 10034
   748 10034
   749 10034
   750 10034
   751 10034
   752 10034
   753 10034
   754 10034
   755 10034
   756 10034
   757 10034
   758 10034
   759 10034
   760 10034
   761 10034
   762 10034
   763 10034
   764 10034
   765 10034
   766 10034
   767 10034
   768 10034
   769 10034
   770 10034
   771 10034
   772 10034
   773 10034
   774 10034
   775 10034
   776 10034
   777 10034
   778 10034
   779 10034
   780 10034
   781 10034
   782 10034
   783 10034
   784 10152
   785 10152
   786 10152
   787 10152
   788 10034
   789 10034
   790 10034
   791 10034
   792 10034
   793 10034
   794 10034
   795 10034
   796 10034
   797 10034
   798 10034
   799 10034
   800 10034
   801 10034
   802 10034
   803 10034
   804 10034
   805 10034
   806 10034
   807 10034
   808 10034
   809 10034
   810 10034
   811 10034
   812 10034
   813 10034
   814 10034
   815 10034
   816 10034
   817 10034
   818 10034
   819 10034
   820 10034
   821 10034
   822 10034
   823 10034
   824 10034
   825 10034
   826 10034
   827 10034
   828 10034
   829 10034
   830 10034
   831 10034
   832 10034
   833 10034
   834 10034
   835 10034
   836 10034
   837 10034
   838 10034
   839 10034
   840 10034
   841 10034
   842 10034
   843 10034
   844 10034
   845 10034
   846 10034
   847 10034
   848 10034
   849 10034
   850 10034
   851 10034
   852 10034
   853 10034
   854 10034
   855 10034
   856 10034
   857 10034
   858 10034
   859 10034
   860 10034
   861 10034
   862 10034
   863 10034
   864 10034
   865 10034
   866 10034
   867 10034
   868 10034
   869 10034
   870 10034
   871 10034
   872 10034
   873 10034
   874 10034
   875 10034
   876 10034
   877 10034
   878 10034
   879 10034
   880 10034
   881 10034
   882 10034
   883 10034
   884 10034
   885 10034
   886 10034
   887 10034
   888 10034
   889 10034
   890 10034
   891 10034
   892 10034
   893 10034
   894 10034
   895 10034
   896 10034
   897 10034
   898 10034
   899 10034
   900 10034
   901 10034
   902 10034
   903 10034
   904 10034
   905 10034
   906 10034
   907 10034
   908 10034
   909 10034
   910 10034
   911 10034
   912 10034
   913 10034
   914 10034
   915 10034
   916 10034
   917 10034
   918 10034
   919 10034
   920 10034
   921 10034
   922 10034
   923 10034
   924 10034
   925 10034
   926 10034
   927 10034
   928 10034
   929 10034
   930 10034
   931 10034
   932 10034
   933 10034
   934 10034
   935 10034
   936 10034
   937 10034
   938 10034
   939 10034
   940 10034
   941 10034
   942 10034
   943 10034
   944 10034
   945 10034
   946 10034
   947 10034
   948 10034
   949 10034
   950 10034
   951 10034
   952 10034
   953 10034
   954 10034
   955 10034
   956 10034
   957 10034
   958 10034
   959 10034
   960 10034
   961 10034
   962 10034
   963 10034
   964 10034
   965 10034
   966 10034
   967 10034
   968 10034
   969 10034
   970 10034
   971 10034
   972 10034
   973 10034
   974 10034
   975 10034
   976 10034
   977 10034
   978 10034
   979 10034
   980 10034
   981 10034
   982 10034
   983 10034
   984 10034
   985 10034
   986 10034
   987 10034
   988 10034
   989 10034
   990 10034
   991 10034
   992 10034
   993 10034
   994 10034
   995 10034
   996 10034
   997 10034
   998 10034
   999 10034
  1000 10034
  1001 10034
  1002 10034
  1003 10034
  1004 10034
  1005 10034
  1006 10034
  1007 10034
  1008 10034
  1009 10034
  1010 10034
  1011 10034
  1012 10034
  1013 10034
  1014 10034
  1015 10034
  1016 10034
  1017 10034
  1018 10034
  1019 10034
  1020 10034
  1021 10045
  1022 10045
  1023 10045
  1024 10021
  1030 10034
  1031 10034
  1032 10034
  1033 10034
  1034 10034
  1035 10034
  1036 10034
  1037 10034
  1038 10034
  1039 10034
  1040 10034
  1041 10034
  1042 10034
  1043 10034
  1044 10034
  1045 10034
  1046 10034
  1047 10034
  1048 10034
  1049 10034
  1050 10034
  1051 10034
  1052 10034
  1053 10034
  1054 10034
  1055 10034
  1056 10034
  1057 10034
  1058 10034
  1059 10034
  1060 10034
  1061 10034
  1062 10034
  1063 10034
  1064 10034
  1065 10034
  1066 10034
  1067 10034
  1068 10034
  1069 10034
  1070 10034
  1071 10034
  1072 10034
  1073 10034
  1074 10034
  1075 10034
  1076 10034
  1077 10034
  1078 10034
  1079 10034
  1080 10034
  1081 10034
  1082 10034
  1083 10034
  1084 10034
  1085 10034
  1086 10034
  1087 10034
  1088 10034
  1089 10034
  1090 10034
  1091 10034
  1092 10034
  1093 10034
  1094 10034
  1095 10034
  1096 10034
  1097 10034
  1098 10034
  1099 10034
  1100 10034
  1101 10034
  1102 10034
  1103 10034
  1104 10034
  1105 10034
  1106 10034
  1107 10034
  1108 10034
  1109 10034
  1110 10034
  1111 10034
  1112 10034
  1113 10034
  1114 10034
  1115 10034
  1116 10034
  1117 10034
  1118 10034
  1119 10034
  1120 10034
  1121 10034
  1122 10034
  1123 10034
  1124 10034
  1125 10034
  1126 10034
  1127 10034
  1128 10034
  1129 10034
  1130 10034
  1131 10034
  1132 10034
  1133 10034
  1134 10034
  1135 10034
  1136 10034
  1137 10034
  1138 10034
  1139 10034
  1140 10034
  1141 10034
  1142 10034
  1143 10034
  1144 10034
  1145 10034
  1146 10034
  1147 10034
  1148 10034
  1149 10034
  1150 10034
  1151 10034
  1152 10034
  1153 10034
  1154 10034
  1155 10034
  1156 10034
  1157 10034
  1158 10034
  1159 10034
  1160 10034
  1161 10034
  1162 10034
  1163 10034
  1164 10034
  1165 10034
  1166 10034
  1167 10034
  1168 10034
  1169 10034
  1170 10034
  1171 10034
  1172 10034
  1173 10034
  1174 10034
  1175 10034
  1176 10034
  1177 10034
  1178 10034
  1179 10034
  1180 10034
  1181 10034
  1182 10034
  1183 10034
  1184 10034
  1185 10034
  1186 10034
  1187 10034
  1188 10034
  1189 10034
  1190 10034
  1191 10034
  1192 10034
  1193 10034
  1194 10034
  1195 10034
  1196 10034
  1197 10034
  1198 10034
  1199 10034
  1200 10034
  1201 10034
  1202 10034
  1203 10034
  1204 10034
  1205 10034
  1206 10034
  1207 10034
  1208 10034
  1209 10034
  1210 10034
  1211 10034
  1212 10034
  1213 10034
  1214 10034
  1215 10034
  1216 10034
  1217 10034
  1218 10034
  1219 10034
  1220 10034
  1221 10034
  1222 10034
  1223 10034
  1224 10034
  1225 10034
  1226 10034
  1227 10034
  1228 10034
  1229 10034
  1230 10034
  1231 10034
  1232 10034
  1233 10034
  1234 10034
  1235 10034
  1236 10034
  1237 10034
  1238 10034
  1239 10034
  1240 10034
  1241 10034
  1242 10034
  1243 10034
  1244 10034
  1245 10034
  1246 10034
  1247 10034
  1248 10034
  1249 10034
  1250 10034
  1251 10034
  1252 10034
  1253 10034
  1254 10034
  1255 10034
  1256 10034
  1257 10034
  1258 10152
  1259 10152
  1260 10152
  1261 10152
  1269 10061
  1270 10061
  1271 10061
  1272 10018
  1273 10018
  1274 10018
  1275 10018
  1276 10018
  1277 10018
  1278 10018
  1279 10018
  1280 10055
  1281 10040
  1283 10040
  1284 10040
  1285 10018
  1286 10018
  1287 10018
  1288 10018
  1289 10158
  1290 10158
  1291 10158
  1292 10158
  1293 10158
  1294 10158
  1295 10158
  1296 10158
  1297 10158
  1298 10158
  1299 10158
  1300 10158
  1301 10158
  1302 10158
  1303 10158
  1304 10158
  1305 10158
  1306 10158
  1307 10158
  1308 10158
  1309 10158
  1310 10158
  1311 10158
  1312 10158
  1313 10158
  1314 10158
  1315 10158
  1316 10158
  1317 10158
  1318 10158
  1319 10158
  1320 10140
  1321 10140
  1322 10140
  1323 10140
  1324 10158
  1325 10140
  1326 10140
  1327 10140
  1328 10140
  1329 10140
  1330 10158
  1331 10158
  1332 10158
  1333 10158
  1334 10158
  1335 10158
  1336 10158
  1337 10158
  1338 10158
  1339 10158
  1340 10158
  1341 10158
  1342 10158
  1343 10158
  1344 10158
  1345 10010
  1346 10158
  1347 10158
  1348 10098
  1349 10098
  1358 10072
  1359 10072
  1368 10011
  1369 10011
  1370 10011
  1371 10042
  1372 10042
  1373 10042
  1374 10034
  1375 10034
  1376 10034
  1377 10034
  1378 10034
  1379 10034
  1380 10034
  1382 10034
  1383 10011
  1384 10011
  1385 10011
  1386 10034
  1387 10034
  1388 10034
  1389 10006
  1390 10034
  1391 10006
  1392 10006
  1393 10006
  1394 10034
  1395 10034
  1396 10034
  1397 10034
  1398 10034
  1399 10034
  1400 10034
  1401 10034
  1402 10034
  1403 10034
  1404 10034
  1405 10034
  1406 10034
  1407 10034
  1408 10034
  1409 10034
  1410 10034
  1411 10034
  1412 10034
  1413 10034
  1414 10034
  1415 10034
  1416 10034
  1417 10034
  1418 10034
  1419 10034
  1420 10034
  1421 10034
  1422 10034
  1423 10034
  1424 10034
  1425 10034
  1426 10034
  1427 10034
  1428 10034
  1429 10034
  1430 10034
  1431 10034
  1432 10034
  1433 10034
  1434 10034
  1435 10034
  1436 10034
  1437 10034
  1438 10034
  1439 10034
  1440 10034
  1441 10034
  1442 10034
  1443 10034
  1444 10034
  1445 10034
  1446 10034
  1447 10034
  1448 10034
  1449 10034
  1450 10034
  1451 10034
  1452 10034
  1453 10034
  1454 10034
  1455 10034
  1456 10034
  1457 10034
  1458 10034
  1459 10034
  1460 10034
  1461 10034
  1462 10034
  1463 10034
  1464 10034
  1465 10034
  1466 10034
  1467 10034
  1468 10034
  1469 10034
  1470 10034
  1471 10034
  1472 10034
  1473 10034
  1474 10034
  1475 10034
  1476 10034
  1477 10034
  1478 10034
  1479 10034
  1480 10034
  1481 10034
  1482 10034
  1483 10034
  1484 10034
  1485 10034
  1486 10034
  1487 10034
  1488 10034
  1489 10034
  1490 10034
  1491 10034
  1492 10034
  1493 10034
  1494 10034
  1495 10034
  1496 10034
  1497 10034
  1498 10034
  1499 10034
  1500 10034
  1501 10034
  1502 10034
  1503 10034
  1504 10034
  1505 10034
  1506 10034
  1507 10034
  1508 10034
  1509 10034
  1510 10034
  1511 10034
  1512 10034
  1513 10034
  1514 10034
  1515 10034
  1516 10034
  1517 10034
  1518 10034
  1519 10034
  1520 10034
  1521 10034
  1522 10034
  1523 10034
  1524 10034
  1525 10034
  1526 10034
  1527 10034
  1528 10034
  1529 10034
  1530 10034
  1531 10034
  1532 10034
  1533 10034
  1534 10034
  1535 10034
  1536 10034
  1537 10034
  1538 10034
  1539 10034
  1540 10034
  1541 10034
  1542 10034
  1543 10034
  1544 10034
  1545 10034
  1546 10034
  1547 10034
  1548 10034
  1549 10034
  1550 10034
  1551 10034
  1552 10034
  1553 10034
  1554 10034
  1555 10034
  1556 10034
  1557 10034
  1558 10034
  1559 10034
  1560 10034
  1561 10034
  1562 10034
  1563 10034
  1564 10034
  1565 10034
  1566 10034
  1567 10034
  1568 10034
  1569 10034
  1570 10034
  1571 10034
  1572 10034
  1573 10034
  1574 10034
  1575 10034
  1576 10034
  1577 10034
  1578 10034
  1579 10034
  1580 10034
  1581 10034
  1582 10034
  1583 10034
  1584 10034
  1585 10034
  1586 10034
  1587 10034
  1588 10034
  1589 10034
  1590 10034
  1591 10034
  1592 10034
  1593 10034
  1594 10034
  1595 10034
  1596 10034
  1597 10034
  1598 10034
  1599 10034
  1600 10034
  1601 10034
  1602 10034
  1603 10034
  1604 10034
  1605 10034
  1606 10034
  1607 10034
  1608 10034
  1609 10034
  1610 10034
  1611 10034
  1612 10034
  1613 10034
  1614 10034
  1615 10034
  1616 10034
  1617 10034
  1618 10034
  1619 10034
  1620 10034
  1622 10045
  1623 10045
  1624 10045
  1625 10045
  1627 10041
  1628 10022
  1629 10041
  1630 10034
  1631 10034
  1632 10034
  1633 10034
  1634 10034
  1635 10034
  1636 10034
  1637 10034
  1638 10034
  1639 10034
  1640 10034
  1641 10034
  1642 10034
  1643 10034
  1644 10034
  1645 10034
  1646 10034
  1647 10034
  1648 10034
  1649 10034
  1650 10034
  1651 10034
  1652 10034
  1653 10034
  1654 10034
  1655 10034
  1656 10034
  1657 10034
  1658 10034
  1659 10034
  1660 10034
  1661 10034
  1662 10034
  1663 10034
  1664 10034
  1665 10034
  1666 10034
  1667 10034
  1668 10034
  1669 10034
  1670 10034
  1671 10034
  1672 10034
  1673 10034
  1674 10034
  1675 10034
  1676 10034
  1677 10034
  1678 10034
  1679 10034
  1680 10034
  1681 10034
  1682 10034
  1683 10034
  1684 10034
  1685 10034
  1686 10034
  1687 10034
  1688 10034
  1689 10034
  1690 10034
  1691 10034
  1692 10034
  1693 10034
  1694 10034
  1695 10034
  1696 10034
  1697 10034
  1698 10034
  1699 10034
  1700 10034
  1701 10034
  1702 10034
  1703 10034
  1704 10034
  1705 10034
  1706 10034
  1707 10034
  1708 10034
  1709 10034
  1710 10034
  1711 10034
  1712 10034
  1713 10034
  1714 10034
  1715 10034
  1716 10034
  1717 10034
  1718 10034
  1719 10034
  1720 10034
  1721 10034
  1722 10034
  1723 10034
  1724 10034
  1725 10034
  1726 10034
  1727 10034
  1728 10034
  1729 10034
  1730 10034
  1731 10034
  1732 10034
  1733 10034
  1734 10034
  1735 10034
  1736 10034
  1737 10034
  1738 10034
  1739 10034
  1740 10034
  1741 10034
  1742 10034
  1743 10034
  1744 10034
  1745 10034
  1746 10034
  1747 10034
  1748 10034
  1749 10034
  1750 10034
  1751 10034
  1752 10034
  1753 10034
  1754 10034
  1755 10034
  1756 10034
  1757 10034
  1758 10034
  1759 10034
  1760 10034
  1761 10034
  1762 10034
  1763 10034
  1764 10034
  1765 10034
  1766 10034
  1767 10034
  1768 10034
  1769 10034
  1770 10034
  1771 10034
  1772 10034
  1773 10034
  1774 10034
  1775 10034
  1776 10034
  1777 10034
  1778 10034
  1779 10034
  1780 10034
  1781 10034
  1782 10034
  1783 10034
  1784 10034
  1785 10034
  1786 10034
  1787 10034
  1788 10034
  1789 10034
  1790 10034
  1791 10034
  1792 10034
  1793 10034
  1794 10034
  1795 10034
  1796 10034
  1797 10034
  1798 10034
  1799 10034
  1800 10034
  1801 10034
  1802 10034
  1803 10034
  1804 10034
  1805 10034
  1806 10034
  1807 10034
  1808 10034
  1809 10034
  1810 10034
  1811 10034
  1812 10034
  1813 10034
  1814 10034
  1815 10034
  1816 10034
  1817 10034
  1818 10034
  1819 10034
  1820 10034
  1821 10034
  1822 10034
  1823 10034
  1824 10034
  1825 10034
  1826 10034
  1827 10034
  1828 10034
  1829 10034
  1830 10034
  1831 10034
  1832 10034
  1833 10034
  1834 10034
  1835 10034
  1836 10034
  1837 10034
  1838 10034
  1839 10034
  1840 10034
  1841 10034
  1842 10034
  1843 10034
  1844 10034
  1845 10034
  1846 10034
  1847 10034
  1848 10034
  1849 10034
  1850 10034
  1851 10034
  1852 10034
  1853 10034
  1854 10034
  1855 10034
  1856 10034
  1857 10034
  1858 10034
  1859 10034
  1860 10034
  1861 10011
  1862 10011
  1863 10011
  1864 10041
  1865 10041
  1866 10011
  1867 10041
  1868 10041
  1869 10041
  1870 10064
  1872 10064
  1873 10064
  1885 10028
  1886 10151
  1887 10151
  1906 10022
  1907 10022
  1949 10022
  1950 10022
  1980 10022
  1981 10022
  1982 10022
  1989 10022
  1990 10022
  1993 10022
  2021 10011
  2022 10034
  2023 10034
  2024 10034
  2025 10034
  2026 10034
  2027 10034
  2028 10034
  2029 10152
