   690 10124
   691 10124
   692 10124
   693 10124
   694 10124
   695 10124
   696 10124
   697 10124
   698 10124
   699 10124
   700 10124
   701 10124
   702 10124
   703 10124
   704 10124
   705 10124
   706 10124
   707 10124
   708 10124
   709 10124
   710 10124
   711 10124
   712 10124
   713 10124
   714 10124
   715 10124
   716 10124
   717 10124
   718 10124
   719 10124
   720 10124
   721 10124
   722 10124
   723 10124
   724 10124
   725 10124
   726 10124
   727 10124
   728 10124
   729 10124
   730 10124
   731 10124
   732 10124
   733 10124
   734 10124
   735 10124
   736 10124
   737 10124
   738 10124
   739 10124
   740 10124
   741 10124
   742 10124
   743 10124
   744 10124
   745 10124
   746 10124
   747 10124
   748 10124
   749 10124
   750 10124
   751 10124
   752 10124
   753 10124
   754 10124
   755 10124
   756 10124
   757 10124
   758 10124
   759 10124
   760 10124
   761 10124
   762 10124
   763 10124
   764 10124
   765 10124
   766 10124
   767 10124
   768 10124
   769 10124
   770 10124
   771 10124
   772 10124
   773 10124
   774 10124
   775 10124
   776 10124
   777 10124
   778 10124
   779 10124
   780 10124
   783 10101
   784 10101
   785 10101
   786 10101
   787 10101
   788 10164
   789 10164
   790 10164
   791 10164
   792 10164
   793 10164
   794 10164
   795 10136
   796 10136
   797 10136
   798 10136
   799 10136
   800 10136
   801 10136
   802 10136
   803 10136
   804 10136
   805 10136
   806 10136
   807 10136
   808 10136
   809 10136
   810 10136
   811 10136
   812 10136
   813 10136
   814 10136
   815 10136
   816 10136
   817 10136
   818 10136
   819 10136
   820 10136
   821 10136
   822 10136
   823 10136
   824 10136
   825 10136
   826 10136
   827 10136
   828 10136
   829 10136
   830 10136
   831 10136
   832 10136
   833 10136
   834 10136
   835 10136
   836 10136
   837 10136
   838 10136
   839 10136
   840 10136
   841 10136
   842 10136
   843 10136
   844 10136
   845 10136
   846 10136
   847 10136
   848 10136
   849 10136
   850 10136
   851 10136
   852 10136
   853 10136
   854 10136
   855 10136
   856 10136
   857 10136
   858 10136
   859 10136
   860 10136
   861 10136
   862 10136
   863 10136
   864 10136
   865 10136
   866 10136
   867 10136
   868 10136
   869 10136
   870 10136
   871 10136
   872 10136
   873 10136
   874 10136
   875 10136
   876 10136
   877 10136
   878 10136
   879 10136
   880 10136
   881 10136
   882 10136
   883 10136
   884 10136
   885 10136
   886 10136
   887 10136
   888 10136
   889 10136
   890 10136
   891 10136
   892 10136
   893 10136
   894 10136
   895 10136
   896 10136
   897 10136
   898 10136
   899 10136
   900 10136
   901 10136
   902 10136
   903 10136
   904 10136
   905 10136
   906 10136
   907 10136
   908 10136
   909 10136
   910 10136
   911 10136
   912 10136
   913 10136
   914 10136
   915 10136
   916 10136
   917 10136
   918 10136
   919 10136
   920 10136
   921 10136
   922 10136
   923 10136
   924 10136
   925 10136
   926 10136
   927 10136
   928 10136
   929 10136
   930 10136
   931 10136
   932 10136
   933 10136
   934 10136
   935 10136
   936 10136
   937 10136
   938 10136
   939 10136
   940 10136
   941 10136
   942 10136
   943 10136
   944 10136
   945 10136
   946 10136
   947 10136
   948 10136
   949 10136
   950 10136
   951 10136
   952 10136
   953 10136
   954 10136
   955 10136
   956 10136
   957 10136
   958 10136
   959 10136
   960 10136
   961 10136
   962 10136
   963 10136
   964 10136
   965 10136
   966 10136
   967 10136
   968 10136
   969 10136
   970 10136
   971 10136
   972 10136
   973 10136
   974 10136
   975 10136
   976 10136
   977 10136
   978 10136
   979 10136
   980 10136
   981 10136
   982 10136
   983 10136
   984 10136
   985 10136
   986 10136
   987 10136
   988 10136
   989 10136
   990 10136
   991 10136
   992 10136
   993 10136
   994 10136
   995 10136
   996 10136
   997 10136
   998 10136
   999 10136
  1000 10136
  1001 10136
  1002 10136
  1003 10136
  1004 10136
  1005 10136
  1006 10136
  1007 10136
  1008 10136
  1009 10136
  1010 10136
  1011 10136
  1012 10136
  1013 10136
  1014 10136
  1015 10136
  1016 10136
  1017 10136
  1018 10136
  1019 10136
  1020 10136
  1025 10136
  1026 10136
  1027 10136
  1028 10136
  1029 10136
  1030 10136
  1031 10136
  1032 10136
  1033 10136
  1034 10136
  1035 10136
  1036 10136
  1037 10136
  1038 10136
  1039 10136
  1040 10136
  1041 10136
  1042 10136
  1043 10136
  1044 10136
  1045 10136
  1046 10136
  1047 10136
  1048 10136
  1049 10136
  1050 10136
  1051 10136
  1052 10136
  1053 10136
  1054 10136
  1055 10136
  1056 10136
  1057 10136
  1058 10136
  1059 10136
  1060 10136
  1061 10136
  1062 10136
  1063 10136
  1064 10136
  1065 10136
  1066 10136
  1067 10136
  1068 10136
  1069 10136
  1070 10136
  1071 10136
  1072 10136
  1073 10136
  1074 10136
  1075 10136
  1076 10136
  1077 10136
  1078 10136
  1079 10136
  1080 10136
  1081 10136
  1082 10136
  1083 10136
  1084 10136
  1085 10136
  1086 10136
  1087 10136
  1088 10136
  1089 10136
  1090 10136
  1091 10136
  1092 10136
  1093 10136
  1094 10136
  1095 10136
  1096 10136
  1097 10136
  1098 10136
  1099 10136
  1100 10136
  1101 10136
  1102 10136
  1103 10136
  1104 10136
  1105 10136
  1106 10136
  1107 10136
  1108 10136
  1109 10136
  1110 10136
  1111 10136
  1112 10136
  1113 10136
  1114 10136
  1115 10136
  1116 10136
  1117 10136
  1118 10136
  1119 10136
  1120 10136
  1121 10136
  1122 10136
  1123 10136
  1124 10136
  1125 10136
  1126 10136
  1127 10136
  1128 10136
  1129 10136
  1130 10136
  1131 10136
  1132 10136
  1133 10136
  1134 10136
  1135 10136
  1136 10136
  1137 10136
  1138 10136
  1139 10136
  1140 10136
  1141 10136
  1142 10136
  1143 10136
  1144 10136
  1145 10136
  1146 10136
  1147 10136
  1148 10136
  1149 10136
  1150 10136
  1151 10136
  1152 10136
  1153 10136
  1154 10136
  1155 10136
  1156 10136
  1157 10136
  1158 10136
  1159 10136
  1160 10136
  1161 10136
  1162 10136
  1163 10136
  1164 10136
  1165 10136
  1166 10136
  1167 10136
  1168 10136
  1169 10136
  1170 10136
  1171 10136
  1172 10136
  1173 10136
  1174 10136
  1175 10136
  1176 10136
  1177 10136
  1178 10136
  1179 10136
  1180 10136
  1181 10136
  1182 10136
  1183 10136
  1184 10136
  1185 10136
  1186 10136
  1187 10136
  1188 10136
  1189 10136
  1190 10136
  1191 10136
  1192 10136
  1193 10136
  1194 10136
  1195 10136
  1196 10136
  1197 10136
  1198 10136
  1199 10136
  1200 10136
  1201 10136
  1202 10136
  1203 10136
  1204 10136
  1205 10136
  1206 10136
  1207 10136
  1208 10136
  1209 10136
  1210 10136
  1211 10136
  1212 10136
  1213 10136
  1214 10136
  1215 10136
  1216 10136
  1217 10136
  1218 10136
  1219 10136
  1220 10136
  1221 10136
  1222 10136
  1223 10136
  1224 10136
  1225 10136
  1226 10136
  1227 10136
  1228 10136
  1229 10136
  1230 10136
  1231 10136
  1232 10136
  1233 10136
  1234 10136
  1235 10136
  1236 10136
  1237 10136
  1238 10136
  1239 10136
  1240 10136
  1241 10136
  1242 10136
  1243 10136
  1244 10136
  1245 10136
  1246 10136
  1247 10136
  1248 10136
  1249 10136
  1250 10136
  1251 10136
  1252 10136
  1253 10136
  1254 10136
  1255 10136
  1256 10136
  1257 10136
  1258 10136
  1259 10136
  1260 10143
  1261 10143
  1262 10143
  1263 10143
  1264 10143
  1265 10154
  1266 10154
  1267 10154
  1268 10154
  1269 10154
  1270 10154
  1271 10014
  1272 10014
  1273 10036
  1274 10036
  1275 10036
  1276 10036
  1277 10036
  1278 10016
  1279 10016
  1280 10016
  1281 10016
  1282 10016
  1283 10016
  1284 10016
  1285 10014
  1286 10014
  1287 10014
  1288 10014
  1289 10154
  1290 10154
  1291 10154
  1292 10016
  1293 10016
  1294 10016
  1295 10014
  1296 10014
  1297 10014
  1298 10014
  1299 10014
  1300 10014
  1301 10036
  1302 10036
  1303 10036
  1304 10036
  1305 10014
  1306 10014
  1307 10154
  1308 10016
  1309 10016
  1310 10016
  1311 10016
  1312 10016
  1313 10016
  1314 10154
  1315 10016
  1316 10016
  1317 10014
  1318 10014
  1319 10014
  1320 10014
  1321 10014
  1322 10014
  1323 10014
  1324 10014
  1325 10014
  1326 10014
  1327 10016
  1328 10016
  1329 10016
  1330 10014
  1331 10016
  1332 10016
  1333 10016
  1334 10016
  1335 10016
  1336 10016
  1337 10016
  1338 10014
  1339 10016
  1340 10016
  1341 10016
  1342 10016
  1343 10016
  1344 10016
  1345 10016
  1346 10016
  1347 10016
  1348 10016
  1349 10016
  1350 10016
  1351 10016
  1352 10016
  1353 10016
  1354 10016
  1355 10016
  1356 10016
  1357 10016
  1358 10016
  1359 10016
  1360 10143
  1361 10143
  1362 10143
  1363 10016
  1364 10016
  1365 10016
  1366 10016
  1367 10016
  1368 10016
  1369 10016
  1370 10016
  1371 10016
  1372 10016
  1373 10016
  1374 10016
  1375 10016
  1376 10016
  1377 10016
  1378 10016
  1379 10016
  1380 10016
  1381 10016
  1382 10016
  1383 10016
  1384 10016
  1385 10016
  1386 10016
  1387 10016
  1388 10016
  1389 10016
  1390 10016
  1391 10016
  1392 10016
  1393 10016
  1394 10016
  1395 10016
  1396 10016
  1397 10016
  1398 10016
  1399 10016
  1400 10016
  1401 10016
  1402 10016
  1403 10016
  1404 10016
  1405 10016
  1406 10016
  1407 10016
  1408 10016
  1409 10016
  1410 10016
  1411 10016
  1412 10016
  1413 10016
  1414 10016
  1415 10016
  1416 10016
  1417 10016
  1418 10016
  1419 10016
  1420 10016
  1421 10055
  1422 10055
  1423 10055
  1424 10055
  1425 10018
  1426 10018
  1427 10068
  1428 10018
  1429 10018
  1430 10018
  1431 10018
  1432 10055
  1433 10055
  1434 10055
  1435 10055
  1436 10055
  1437 10055
  1438 10055
  1439 10055
  1440 10055
  1441 10140
  1442 10055
  1443 10055
  1444 10055
  1445 10055
  1446 10055
  1447 10140
  1448 10018
  1449 10055
  1450 10055
  1451 10055
  1452 10055
  1453 10055
  1454 10055
  1455 10018
  1456 10055
  1457 10055
  1458 10055
  1459 10055
  1460 10055
  1461 10018
  1462 10055
  1463 10055
  1464 10158
  1465 10055
  1466 10055
  1467 10055
  1468 10055
  1469 10055
  1470 10055
  1471 10055
  1472 10055
  1473 10055
  1474 10055
  1475 10055
  1476 10055
  1477 10158
  1478 10055
  1479 10055
  1480 10018
  1481 10018
  1485 10016
  1486 10081
  1487 10016
  1488 10016
  1489 10016
  1490 10016
  1491 10016
  1492 10016
  1493 10016
  1494 10016
  1495 10016
  1496 10016
  1497 10016
  1498 10016
  1499 10016
  1500 10016
  1501 10016
  1502 10016
  1503 10016
  1504 10016
  1505 10016
  1506 10016
  1507 10016
  1508 10016
  1509 10016
  1510 10016
  1511 10016
  1512 10016
  1513 10016
  1514 10016
  1515 10016
  1516 10016
  1517 10016
  1518 10016
  1519 10016
  1520 10016
  1521 10016
  1522 10016
  1523 10016
  1524 10016
  1525 10016
  1526 10016
  1527 10016
  1528 10016
  1529 10016
  1530 10016
  1531 10016
  1532 10016
  1533 10016
  1534 10016
  1535 10016
  1536 10016
  1537 10016
  1538 10016
  1539 10016
  1540 10016
  1541 10016
  1542 10016
  1543 10016
  1544 10016
  1545 10016
  1546 10016
  1547 10016
  1548 10016
  1549 10016
  1550 10016
  1551 10016
  1552 10016
  1553 10016
  1554 10016
  1555 10016
  1556 10016
  1557 10016
  1558 10016
  1559 10016
  1560 10016
  1561 10016
  1562 10016
  1563 10016
  1564 10016
  1565 10016
  1566 10016
  1567 10016
  1568 10016
  1569 10016
  1570 10016
  1571 10016
  1572 10016
  1573 10016
  1574 10016
  1575 10016
  1576 10016
  1577 10016
  1578 10016
  1579 10016
  1580 10016
  1581 10016
  1582 10016
  1583 10016
  1584 10016
  1585 10016
  1586 10016
  1587 10016
  1588 10016
  1589 10016
  1590 10016
  1591 10016
  1592 10143
  1593 10143
  1594 10143
  1595 10143
  1596 10016
  1597 10016
  1598 10016
  1599 10016
  1600 10016
  1601 10016
  1602 10016
  1603 10016
  1604 10016
  1605 10016
  1606 10016
  1607 10016
  1608 10016
  1609 10016
  1610 10016
  1611 10016
  1612 10016
  1613 10016
  1614 10016
  1615 10016
  1617 10016
  1626 10172
  1627 10172
  1628 10047
  1629 10047
  1630 10047
  1631 10047
  1632 10047
  1633 10047
  1634 10047
  1635 10047
  1636 10047
  1637 10047
  1638 10047
  1639 10047
  1640 10047
  1641 10047
  1642 10047
  1643 10047
  1644 10047
  1645 10047
  1646 10047
  1647 10047
  1648 10047
  1649 10047
  1650 10047
  1651 10047
  1652 10047
  1653 10047
  1654 10047
  1655 10047
  1656 10047
  1657 10047
  1658 10047
  1659 10047
  1660 10047
  1661 10047
  1662 10047
  1663 10047
  1664 10047
  1665 10047
  1666 10047
  1667 10047
  1668 10047
  1669 10047
  1670 10047
  1671 10047
  1672 10047
  1673 10047
  1674 10047
  1675 10047
  1676 10047
  1677 10047
  1678 10047
  1679 10047
  1680 10047
  1681 10047
  1682 10047
  1683 10047
  1684 10047
  1685 10047
  1686 10047
  1687 10047
  1688 10047
  1689 10047
  1690 10047
  1691 10047
  1692 10047
  1693 10047
  1694 10047
  1695 10047
  1696 10047
  1697 10047
  1698 10047
  1699 10047
  1700 10047
  1701 10047
  1702 10047
  1703 10047
  1704 10047
  1705 10047
  1706 10047
  1707 10047
  1708 10047
  1709 10047
  1710 10047
  1711 10047
  1712 10047
  1713 10047
  1714 10047
  1715 10047
  1716 10047
  1717 10047
  1718 10047
  1719 10047
  1720 10047
  1721 10047
  1722 10047
  1723 10047
  1724 10047
  1725 10047
  1726 10047
  1727 10047
  1728 10047
  1729 10047
  1730 10047
  1731 10047
  1732 10047
  1733 10047
  1734 10047
  1735 10047
  1736 10047
  1737 10047
  1738 10047
  1739 10047
  1740 10047
  1741 10047
  1742 10047
  1743 10047
  1744 10047
  1745 10047
  1746 10047
  1747 10047
  1748 10047
  1749 10047
  1750 10047
  1751 10047
  1752 10047
  1753 10047
  1754 10047
  1755 10047
  1756 10047
  1757 10047
  1758 10047
  1759 10047
  1760 10047
  1761 10047
  1762 10047
  1763 10047
  1764 10047
  1765 10047
  1766 10047
  1767 10047
  1768 10047
  1769 10047
  1770 10047
  1771 10047
  1772 10047
  1773 10047
  1774 10047
  1775 10047
  1776 10047
  1777 10047
  1778 10047
  1779 10047
  1780 10047
  1781 10047
  1782 10047
  1783 10047
  1784 10047
  1785 10047
  1786 10047
  1787 10047
  1788 10047
  1789 10047
  1790 10047
  1791 10047
  1792 10047
  1793 10047
  1794 10047
  1795 10047
  1796 10047
  1797 10047
  1798 10047
  1799 10047
  1800 10047
  1801 10047
  1802 10047
  1803 10047
  1804 10047
  1805 10047
  1806 10047
  1807 10047
  1808 10047
  1809 10047
  1810 10047
  1811 10047
  1812 10047
  1813 10047
  1814 10047
  1815 10047
  1816 10047
  1817 10047
  1818 10047
  1819 10047
  1820 10047
  1821 10047
  1822 10047
  1823 10047
  1824 10047
  1825 10047
  1826 10047
  1827 10047
  1828 10047
  1829 10047
  1830 10047
  1831 10047
  1832 10047
  1833 10047
  1834 10047
  1835 10047
  1836 10047
  1837 10047
  1838 10047
  1839 10047
  1840 10047
  1841 10047
  1842 10047
  1843 10047
  1844 10047
  1845 10047
  1846 10047
  1847 10047
  1848 10047
  1849 10047
  1850 10047
  1851 10047
  1856 10115
  1858 10036
  1859 10036
  1860 10036
  1861 10036
