   690 10033
   691 10033
   692 10033
   693 10033
   694 10033
   695 10033
   696 10033
   697 10033
   698 10033
   699 10033
   700 10033
   701 10033
   702 10033
   703 10033
   704 10033
   705 10033
   706 10033
   707 10033
   708 10033
   709 10033
   710 10033
   711 10033
   712 10033
   713 10033
   714 10033
   715 10033
   716 10033
   717 10033
   718 10033
   719 10033
   720 10033
   721 10033
   722 10033
   723 10033
   724 10033
   725 10033
   726 10033
   727 10033
   728 10033
   729 10033
   730 10033
   731 10033
   732 10033
   733 10033
   734 10033
   735 10033
   736 10033
   737 10033
   738 10033
   739 10033
   740 10033
   741 10033
   742 10033
   743 10033
   744 10033
   745 10033
   746 10033
   747 10033
   748 10033
   749 10033
   750 10033
   751 10033
   752 10033
   753 10033
   754 10033
   755 10033
   756 10033
   757 10033
   758 10033
   759 10033
   760 10033
   761 10033
   762 10033
   763 10033
   764 10033
   765 10033
   766 10033
   767 10033
   768 10033
   769 10033
   770 10033
   771 10033
   772 10033
   773 10033
   774 10033
   775 10033
   776 10033
   777 10033
   778 10033
   779 10033
   780 10033
   787 10044
   788 10044
   789 10044
   790 10044
   791 10044
   792 10044
   793 10044
   794 10044
   795 10044
   796 10044
   797 10044
   798 10044
   799 10044
   800 10044
   801 10044
   802 10044
   803 10044
   804 10044
   805 10044
   806 10044
   807 10044
   808 10044
   809 10044
   810 10044
   811 10044
   812 10044
   813 10044
   814 10044
   815 10044
   816 10044
   817 10044
   818 10044
   819 10044
   820 10044
   821 10044
   822 10044
   823 10044
   824 10044
   825 10044
   826 10044
   827 10044
   828 10044
   829 10044
   830 10044
   831 10044
   832 10044
   833 10044
   834 10044
   835 10044
   836 10044
   837 10044
   838 10044
   839 10044
   840 10044
   841 10044
   842 10044
   843 10044
   844 10044
   845 10044
   846 10044
   847 10044
   848 10044
   849 10044
   850 10044
   851 10044
   852 10044
   853 10044
   854 10044
   855 10044
   856 10044
   857 10044
   858 10044
   859 10044
   860 10044
   861 10044
   862 10044
   863 10044
   864 10044
   865 10044
   866 10044
   867 10044
   868 10044
   869 10044
   870 10044
   871 10044
   872 10044
   873 10044
   874 10044
   875 10044
   876 10044
   877 10044
   878 10044
   879 10044
   880 10044
   881 10044
   882 10044
   883 10044
   884 10044
   885 10044
   886 10044
   887 10044
   888 10044
   889 10044
   890 10044
   891 10044
   892 10044
   893 10044
   894 10044
   895 10044
   896 10044
   897 10044
   898 10044
   899 10044
   900 10044
   901 10044
   902 10044
   903 10044
   904 10044
   905 10044
   906 10044
   907 10044
   908 10044
   909 10044
   910 10044
   911 10044
   912 10044
   913 10044
   914 10044
   915 10044
   916 10044
   917 10044
   918 10044
   919 10044
   920 10044
   921 10044
   922 10044
   923 10044
   924 10044
   925 10044
   926 10044
   927 10044
   928 10044
   929 10044
   930 10044
   931 10044
   932 10044
   933 10044
   934 10044
   935 10044
   936 10044
   937 10044
   938 10044
   939 10044
   940 10044
   941 10044
   942 10044
   943 10044
   944 10044
   945 10044
   946 10044
   947 10044
   948 10044
   949 10044
   950 10044
   951 10044
   952 10044
   953 10044
   954 10044
   955 10044
   956 10044
   957 10044
   958 10044
   959 10044
   960 10044
   961 10044
   962 10044
   963 10044
   964 10044
   965 10044
   966 10044
   967 10044
   968 10044
   969 10044
   970 10044
   971 10044
   972 10044
   973 10044
   974 10044
   975 10044
   976 10044
   977 10044
   978 10044
   979 10044
   980 10044
   981 10044
   982 10044
   983 10044
   984 10044
   985 10044
   986 10044
   987 10044
   988 10044
   989 10044
   990 10044
   991 10044
   992 10044
   993 10044
   994 10044
   995 10044
   996 10044
   997 10044
   998 10044
   999 10044
  1000 10044
  1001 10044
  1002 10044
  1003 10044
  1004 10044
  1005 10044
  1006 10044
  1007 10044
  1008 10044
  1009 10044
  1010 10044
  1011 10044
  1012 10044
  1013 10044
  1014 10044
  1015 10044
  1016 10044
  1017 10044
  1018 10044
  1019 10044
  1020 10044
  1022 10029
  1023 10029
  1024 10120
  1025 10029
  1026 10029
  1027 10029
  1028 10029
  1029 10029
  1030 10029
  1031 10029
  1032 10029
  1033 10029
  1034 10029
  1035 10029
  1036 10029
  1037 10029
  1038 10029
  1039 10029
  1040 10029
  1041 10029
  1042 10029
  1043 10029
  1044 10029
  1045 10029
  1046 10029
  1047 10029
  1048 10029
  1049 10029
  1050 10029
  1051 10029
  1052 10029
  1053 10029
  1054 10029
  1055 10029
  1056 10029
  1057 10029
  1058 10029
  1059 10029
  1060 10029
  1061 10029
  1062 10029
  1063 10029
  1064 10029
  1065 10029
  1066 10029
  1067 10029
  1068 10029
  1069 10029
  1070 10029
  1071 10029
  1072 10029
  1073 10029
  1074 10029
  1075 10029
  1076 10029
  1077 10029
  1078 10029
  1079 10029
  1080 10029
  1081 10029
  1082 10029
  1083 10029
  1084 10029
  1085 10029
  1086 10029
  1087 10029
  1088 10029
  1089 10029
  1090 10029
  1091 10029
  1092 10029
  1093 10029
  1094 10029
  1095 10029
  1096 10029
  1097 10029
  1098 10029
  1099 10029
  1100 10029
  1101 10029
  1102 10029
  1103 10029
  1104 10029
  1105 10029
  1106 10029
  1107 10029
  1108 10029
  1109 10029
  1110 10029
  1111 10029
  1112 10029
  1113 10029
  1114 10029
  1115 10029
  1116 10029
  1117 10029
  1118 10029
  1119 10029
  1120 10029
  1121 10029
  1122 10029
  1123 10029
  1124 10029
  1125 10029
  1126 10029
  1127 10029
  1128 10029
  1129 10029
  1130 10029
  1131 10029
  1132 10029
  1133 10029
  1134 10029
  1135 10029
  1136 10029
  1137 10029
  1138 10029
  1139 10029
  1140 10029
  1141 10029
  1142 10029
  1143 10029
  1144 10029
  1145 10029
  1146 10029
  1147 10029
  1148 10029
  1149 10029
  1150 10029
  1151 10029
  1152 10029
  1153 10029
  1154 10029
  1155 10029
  1156 10029
  1157 10029
  1158 10029
  1159 10029
  1160 10029
  1161 10029
  1162 10029
  1163 10029
  1164 10029
  1165 10029
  1166 10029
  1167 10029
  1168 10029
  1169 10029
  1170 10029
  1171 10029
  1172 10029
  1173 10029
  1174 10029
  1175 10029
  1176 10029
  1177 10029
  1178 10029
  1179 10029
  1180 10029
  1181 10029
  1182 10029
  1183 10029
  1184 10029
  1185 10029
  1186 10029
  1187 10029
  1188 10029
  1189 10029
  1190 10029
  1191 10029
  1192 10029
  1193 10029
  1194 10029
  1195 10029
  1196 10029
  1197 10029
  1198 10029
  1199 10029
  1200 10029
  1201 10029
  1202 10029
  1203 10029
  1204 10029
  1205 10029
  1206 10029
  1207 10029
  1208 10029
  1209 10029
  1210 10029
  1211 10029
  1212 10029
  1213 10029
  1214 10029
  1215 10029
  1216 10029
  1217 10029
  1218 10029
  1219 10029
  1220 10029
  1221 10029
  1222 10029
  1223 10029
  1224 10029
  1225 10029
  1226 10029
  1227 10029
  1228 10029
  1229 10029
  1230 10029
  1231 10029
  1232 10029
  1233 10029
  1234 10029
  1235 10029
  1236 10029
  1237 10029
  1238 10029
  1239 10029
  1240 10029
  1241 10029
  1242 10029
  1243 10029
  1244 10029
  1245 10029
  1246 10029
  1247 10029
  1248 10029
  1249 10029
  1250 10029
  1251 10029
  1252 10029
  1253 10029
  1254 10029
  1255 10029
  1256 10029
  1257 10029
  1258 10029
  1259 10029
  1260 10029
  1261 10029
  1262 10029
  1263 10029
  1264 10029
  1265 10029
  1266 10029
  1267 10029
  1268 10029
  1269 10029
  1270 10029
  1271 10029
  1272 10029
  1273 10029
  1395 10081
  1396 10081
  1397 10081
  1398 10081
  1399 10081
  1400 10081
  1401 10081
  1402 10081
  1403 10081
  1404 10081
  1405 10081
  1406 10081
  1407 10081
  1408 10081
  1409 10081
  1410 10081
  1411 10081
  1412 10081
  1413 10081
  1414 10081
  1415 10081
  1416 10081
  1417 10081
  1418 10081
  1419 10081
  1420 10081
  1421 10081
  1422 10081
  1423 10081
  1424 10081
  1425 10081
  1426 10081
  1427 10081
  1428 10081
  1429 10081
  1430 10081
  1431 10081
  1432 10081
  1433 10081
  1434 10081
  1435 10081
  1436 10081
  1437 10081
  1438 10081
  1439 10081
  1440 10081
  1441 10081
  1442 10081
  1443 10081
  1444 10081
  1445 10081
  1446 10081
  1447 10081
  1448 10081
  1449 10081
  1450 10081
  1451 10081
  1452 10081
  1453 10081
  1454 10081
  1455 10081
  1456 10081
  1457 10081
  1458 10081
  1459 10081
  1460 10081
  1461 10081
  1462 10081
  1463 10081
  1464 10081
  1465 10081
  1466 10081
  1467 10081
  1468 10081
  1469 10081
  1470 10081
  1471 10081
  1472 10081
  1473 10081
  1474 10081
  1475 10081
  1476 10081
  1477 10081
  1478 10081
  1479 10081
  1480 10081
  1481 10081
  1482 10081
  1483 10081
  1484 10081
  1485 10081
  1486 10081
  1487 10081
  1488 10081
  1489 10081
  1490 10098
  1491 10098
  1492 10081
  1502 10018
  1503 10018
  1504 10018
  1505 10018
  1506 10018
  1507 10018
  1508 10018
  1509 10018
  1510 10018
  1511 10018
  1512 10018
  1513 10018
  1514 10018
  1515 10018
  1516 10018
  1517 10055
  1518 10055
  1519 10055
  1520 10055
  1521 10055
  1522 10055
  1523 10055
  1524 10018
  1525 10055
  1526 10055
  1527 10055
  1528 10055
  1529 10055
  1530 10055
  1531 10055
  1532 10055
  1533 10055
  1534 10055
  1535 10055
  1536 10055
  1537 10055
  1538 10055
  1539 10055
  1540 10055
  1541 10055
  1542 10055
  1543 10055
  1544 10055
  1545 10055
  1546 10055
  1547 10055
  1548 10018
  1549 10055
  1550 10055
  1551 10055
  1552 10055
  1553 10018
  1554 10055
  1555 10055
  1556 10055
  1557 10055
  1564 10016
  1565 10036
  1566 10036
  1567 10016
  1568 10016
  1569 10143
  1570 10143
  1571 10143
  1572 10143
  1573 10143
  1574 10143
  1575 10016
  1576 10143
  1577 10143
  1578 10143
  1579 10143
  1580 10143
  1581 10016
  1582 10143
  1583 10143
  1584 10143
  1585 10016
  1586 10143
  1587 10016
  1588 10143
  1589 10143
  1590 10143
  1591 10143
  1592 10143
  1593 10143
  1594 10143
  1595 10143
  1596 10143
  1597 10143
  1598 10143
  1599 10143
  1600 10016
  1601 10016
  1602 10016
  1603 10130
  1604 10130
  1605 10130
  1606 10130
  1607 10130
  1608 10130
  1609 10016
  1610 10130
  1621 10043
  1622 10043
  1623 10035
  1625 10003
  1627 10021
  1628 10021
  1629 10021
  1630 10021
  1631 10021
  1632 10021
  1633 10021
  1634 10021
  1635 10021
  1636 10021
  1637 10021
  1638 10021
  1639 10021
  1640 10021
  1641 10021
  1642 10021
  1643 10021
  1644 10021
  1645 10021
  1646 10021
  1647 10021
  1648 10021
  1649 10021
  1650 10021
  1651 10021
  1652 10021
  1653 10021
  1654 10021
  1655 10021
  1656 10021
  1657 10021
  1658 10021
  1659 10021
  1660 10021
  1661 10021
  1662 10021
  1663 10021
  1664 10021
  1665 10021
  1666 10021
  1667 10021
  1668 10021
  1669 10021
  1670 10021
  1671 10021
  1672 10021
  1673 10021
  1674 10021
  1675 10021
  1676 10021
  1677 10021
  1678 10021
  1679 10021
  1680 10021
  1681 10021
  1682 10021
  1683 10021
  1684 10021
  1685 10021
  1686 10021
  1687 10021
  1688 10021
  1689 10021
  1690 10021
  1691 10021
  1692 10021
  1693 10021
  1694 10021
  1695 10021
  1696 10021
  1697 10021
  1698 10021
  1699 10021
  1700 10021
  1701 10021
  1702 10021
  1703 10021
  1704 10021
  1705 10021
  1706 10021
  1707 10021
  1708 10021
  1709 10021
  1710 10021
  1711 10021
  1712 10021
  1713 10021
  1714 10021
  1715 10021
  1716 10021
  1717 10021
  1718 10021
  1719 10021
  1720 10021
  1721 10021
  1722 10021
  1723 10021
  1724 10021
  1725 10021
  1726 10021
  1727 10021
  1728 10021
  1729 10021
  1730 10021
  1731 10021
  1732 10021
  1733 10021
  1734 10021
  1735 10021
  1736 10021
  1737 10021
  1738 10021
  1739 10021
  1740 10021
  1741 10021
  1742 10021
  1743 10021
  1744 10021
  1745 10021
  1746 10021
  1747 10021
  1748 10021
  1749 10021
  1750 10021
  1751 10021
  1752 10021
  1753 10021
  1754 10021
  1755 10021
  1756 10021
  1757 10021
  1758 10021
  1759 10021
  1760 10021
  1761 10021
  1762 10021
  1763 10021
  1764 10021
  1765 10021
  1766 10021
  1767 10021
  1768 10021
  1769 10021
  1770 10021
  1771 10021
  1772 10021
  1773 10021
  1774 10021
  1775 10021
  1776 10021
  1777 10021
  1778 10021
  1779 10021
  1780 10021
  1781 10021
  1782 10021
  1783 10021
  1784 10021
  1785 10021
  1786 10021
  1787 10021
  1788 10021
  1789 10021
  1790 10021
  1791 10021
  1792 10021
  1793 10021
  1794 10021
  1795 10021
  1796 10021
  1797 10021
  1798 10021
  1799 10021
  1800 10021
  1801 10021
  1802 10021
  1803 10021
  1804 10021
  1805 10021
  1806 10021
  1807 10021
  1808 10021
  1809 10021
  1810 10021
  1811 10021
  1812 10021
  1813 10021
  1814 10021
  1815 10021
  1816 10021
  1817 10021
  1818 10021
  1819 10021
  1820 10021
  1821 10021
  1822 10021
  1823 10021
  1824 10021
  1825 10021
  1826 10021
  1827 10021
  1828 10021
  1829 10021
  1830 10021
  1831 10021
  1832 10021
  1833 10021
  1834 10021
  1835 10021
  1836 10021
  1837 10021
  1838 10021
  1839 10021
  1840 10021
  1841 10021
  1842 10021
  1843 10021
  1844 10021
  1845 10021
  1846 10021
  1847 10021
  1848 10021
  1849 10021
  1850 10021
  1851 10021
  1852 10021
  1853 10021
  1854 10021
  1855 10021
  1856 10021
  1857 10082
  1858 10082
  1859 10082
  1867 10007
  1868 10007
  1869 10007
  1870 10007
  1871 10007
  1872 10007
  1873 10007
  1874 10007
  1875 10007
  1876 10007
  1877 10007
  1878 10007
  1879 10007
  1880 10007
  1881 10007
  1882 10007
  1883 10007
  1884 10007
  1885 10007
  1886 10007
  1887 10007
  1888 10007
  1889 10007
  1890 10007
  1891 10007
  1892 10007
  1893 10007
  1894 10007
  1895 10007
  1896 10007
  1897 10007
  1898 10007
  1899 10007
  1900 10007
  1901 10007
  1902 10007
  1903 10007
  1904 10007
  1905 10007
  1906 10007
  1907 10007
  1908 10007
  1909 10007
  1910 10007
  1911 10007
  1912 10007
  1913 10007
  1914 10007
  1915 10007
  1916 10007
  1917 10007
  1918 10007
  1919 10007
  1920 10007
  1921 10007
  1922 10007
  1923 10007
  1924 10007
  1925 10007
  1926 10007
  1927 10007
  1928 10007
  1929 10007
  1930 10007
  1931 10007
  1932 10007
  1933 10007
  1934 10007
  1935 10007
  1936 10007
  1937 10007
  1938 10007
  1939 10007
  1940 10007
  1941 10007
  1942 10007
  1943 10007
  1944 10007
  1945 10007
  1946 10007
  1947 10007
  1948 10007
  1949 10007
  1950 10007
  1951 10007
  1952 10007
  1953 10007
  1954 10007
  1955 10007
  1956 10007
  1957 10007
  1958 10007
  1959 10007
  1960 10007
  1961 10007
  1962 10007
  1963 10007
  1964 10007
  1965 10007
  1966 10007
  1967 10007
  1968 10007
  1969 10007
  1970 10007
  1971 10007
  1972 10007
  1973 10007
  1974 10007
  1975 10007
  1976 10007
  1977 10007
  1978 10007
  1979 10007
  1980 10007
  1981 10007
  1982 10007
  1983 10007
  1984 10007
  1985 10007
  1986 10007
  1987 10007
  1988 10007
  1989 10007
  1990 10007
  1991 10007
  1992 10007
  1993 10007
  1994 10007
  1995 10007
  1996 10007
  1997 10007
  1998 10007
  1999 10007
  2000 10007
  2001 10007
  2002 10007
  2003 10007
  2004 10007
  2005 10007
  2006 10007
  2007 10007
  2008 10007
  2009 10007
  2010 10007
  2011 10007
  2012 10007
  2013 10007
  2014 10007
  2015 10007
  2016 10007
  2017 10007
  2018 10007
  2019 10007
  2020 10007
  2021 10007
  2022 10007
  2023 10007
  2024 10007
  2025 10007
