   781 10169
   782 10169
   783 10169
   784 10169
   785 10169
   786 10169
   787 10169
   788 10169
   789 10169
   790 10169
   791 10169
   792 10169
   793 10169
   794 10169
   795 10169
   796 10169
   797 10169
   798 10169
   800 10154
   801 10154
   802 10154
   803 10143
   804 10143
   805 10143
   806 10143
   807 10016
   808 10016
   809 10016
   810 10016
   811 10016
   812 10016
   813 10016
   815 10016
   817 10016
   818 10016
   819 10016
   820 10016
   821 10153
   822 10153
   823 10153
   824 10153
   825 10153
   826 10153
   827 10153
   828 10153
   829 10153
   830 10153
   831 10153
   832 10153
   833 10153
   834 10153
   835 10153
   836 10153
   837 10153
   838 10153
   839 10153
   840 10153
   841 10153
   842 10153
   843 10153
   844 10153
   845 10153
   846 10153
   847 10153
   848 10153
   849 10153
   850 10153
   851 10153
   852 10153
   853 10153
   854 10153
   855 10153
   856 10153
   857 10153
   858 10153
   859 10153
   860 10153
   861 10153
   862 10153
   863 10153
   864 10153
   865 10153
   866 10153
   867 10153
   868 10153
   869 10153
   870 10153
   871 10153
   872 10153
   873 10153
   874 10153
   875 10153
   876 10153
   877 10153
   878 10153
   879 10153
   880 10153
   881 10153
   882 10153
   883 10153
   884 10153
   885 10153
   886 10153
   887 10153
   888 10153
   889 10153
   890 10153
   891 10153
   933 10153
   934 10153
   935 10153
   936 10153
   937 10153
   938 10016
   986 10016
   987 10016
   988 10016
   989 10016
   995 10016
   996 10016
   997 10115
   998 10016
   999 10016
  1000 10016
  1001 10016
  1002 10016
  1020 10016
  1021 10016
  1022 10016
  1023 10074
  1024 10074
  1025 10074
  1026 10074
  1027 10074
  1028 10113
  1029 10113
  1030 10113
  1031 10113
  1258 10113
  1259 10113
  1266 10018
  1267 10018
  1268 10018
  1269 10158
  1270 10158
  1271 10158
  1272 10158
  1273 10018
  1274 10158
  1275 10153
  1276 10153
  1277 10153
  1278 10153
  1279 10153
  1280 10153
  1281 10153
  1282 10153
  1283 10153
  1284 10153
  1285 10153
  1286 10153
  1287 10153
  1288 10153
  1289 10153
  1290 10153
  1291 10153
  1292 10153
  1293 10153
  1294 10153
  1295 10153
  1296 10153
  1297 10153
  1298 10153
  1299 10153
  1300 10153
  1301 10153
  1302 10153
  1303 10153
  1304 10153
  1305 10153
  1306 10153
  1307 10153
  1308 10153
  1309 10153
  1310 10153
  1311 10153
  1312 10153
  1313 10153
  1314 10153
  1315 10153
  1316 10153
  1317 10153
  1318 10153
  1319 10153
  1320 10153
  1321 10153
  1322 10153
  1323 10153
  1324 10153
  1325 10153
  1326 10153
  1327 10153
  1328 10153
  1329 10153
  1330 10153
  1331 10153
  1332 10153
  1333 10153
  1334 10153
  1335 10153
  1336 10153
  1337 10153
  1338 10153
  1339 10153
  1340 10153
  1341 10153
  1342 10153
  1343 10153
  1344 10153
  1345 10153
  1346 10153
  1347 10153
  1348 10153
  1349 10153
  1350 10153
  1351 10153
  1352 10153
  1353 10153
  1354 10153
  1355 10153
  1356 10153
  1357 10153
  1358 10153
  1359 10153
  1360 10153
  1361 10153
  1362 10153
  1363 10153
  1364 10153
  1365 10153
  1366 10153
  1367 10153
  1368 10153
  1369 10153
  1370 10153
  1371 10153
  1372 10153
  1373 10153
  1374 10153
  1375 10153
  1376 10153
  1377 10153
  1378 10153
  1379 10153
  1380 10153
  1381 10153
  1382 10153
  1383 10153
  1384 10153
  1385 10153
  1386 10153
  1387 10153
  1388 10153
  1389 10153
  1390 10153
  1391 10153
  1392 10153
  1393 10153
  1394 10153
  1395 10153
  1396 10153
  1397 10153
  1398 10153
  1399 10153
  1400 10153
  1401 10153
  1402 10153
  1403 10153
  1404 10153
  1405 10153
  1406 10153
  1407 10153
  1408 10153
  1409 10153
  1410 10153
  1411 10153
  1412 10153
  1413 10153
  1414 10153
  1415 10153
  1416 10153
  1417 10153
  1418 10153
  1419 10153
  1420 10153
  1421 10153
  1422 10153
  1423 10153
  1424 10153
  1425 10153
  1426 10153
  1427 10153
  1428 10153
  1429 10153
  1430 10153
  1431 10153
  1432 10153
  1433 10153
  1434 10153
  1435 10153
  1436 10153
  1437 10153
  1438 10153
  1439 10153
  1440 10153
  1441 10153
  1442 10153
  1443 10153
  1444 10153
  1445 10153
  1446 10153
  1447 10153
  1448 10153
  1449 10153
  1450 10153
  1451 10153
  1452 10153
  1453 10153
  1454 10153
  1455 10153
  1456 10153
  1457 10153
  1458 10153
  1459 10153
  1460 10153
  1461 10153
  1462 10153
  1463 10153
  1464 10153
  1465 10153
  1466 10153
  1467 10153
  1468 10153
  1469 10153
  1470 10153
  1471 10153
  1472 10153
  1473 10153
  1474 10153
  1475 10153
  1476 10153
  1477 10153
  1478 10153
  1479 10153
  1480 10153
  1481 10153
  1482 10153
  1483 10153
  1484 10153
  1485 10153
  1486 10153
  1487 10153
  1488 10153
  1489 10153
  1490 10153
  1491 10153
  1492 10153
  1493 10153
  1494 10153
  1495 10153
  1496 10153
  1497 10153
  1498 10153
  1499 10153
  1500 10153
  1501 10034
  1502 10034
  1503 10034
  1504 10034
  1505 10034
  1506 10034
  1507 10034
  1508 10034
  1509 10034
  1510 10034
  1511 10034
  1512 10034
  1513 10034
  1514 10034
  1515 10034
  1516 10034
  1517 10034
  1518 10034
  1519 10034
  1520 10034
  1521 10034
  1522 10034
  1523 10034
  1524 10034
  1525 10034
  1526 10034
  1527 10034
  1528 10034
  1529 10034
  1530 10034
  1531 10034
  1532 10034
  1533 10034
  1534 10034
  1535 10034
  1536 10034
  1537 10034
  1538 10034
  1539 10034
  1540 10034
  1541 10034
  1542 10034
  1543 10034
  1544 10034
  1545 10034
  1546 10034
  1547 10034
  1548 10034
  1549 10034
  1550 10034
  1551 10034
  1552 10034
  1553 10034
  1554 10034
  1555 10034
  1556 10034
  1557 10034
  1558 10034
  1559 10034
  1560 10034
  1561 10034
  1562 10034
  1563 10034
  1564 10034
  1565 10034
  1566 10034
  1567 10034
  1568 10034
  1569 10034
  1570 10034
  1571 10034
  1572 10034
  1573 10034
  1574 10034
  1575 10034
  1576 10034
  1577 10034
  1578 10034
  1579 10034
  1580 10034
  1581 10034
  1582 10034
  1583 10034
  1584 10034
  1585 10034
  1586 10034
  1587 10034
  1588 10034
  1589 10034
  1590 10034
  1591 10034
  1592 10034
  1593 10034
  1594 10034
  1595 10034
  1596 10034
  1597 10034
  1598 10034
  1599 10034
  1600 10034
  1601 10034
  1602 10034
  1603 10034
  1604 10034
  1605 10034
  1606 10034
  1607 10034
  1608 10034
  1609 10034
  1610 10034
  1611 10034
  1612 10034
  1613 10034
  1614 10034
  1615 10034
  1616 10034
  1617 10034
  1618 10034
  1619 10034
  1620 10034
  1623 10067
  1625 10067
  1626 10067
  1627 10154
  1628 10154
  1629 10154
  1630 10081
  1631 10081
  1632 10081
  1633 10081
  1634 10081
  1635 10081
  1636 10081
  1637 10081
  1638 10081
  1639 10081
  1640 10081
  1641 10081
  1642 10081
  1643 10081
  1644 10081
  1645 10081
  1646 10081
  1647 10081
  1648 10081
  1649 10081
  1650 10081
  1651 10081
  1652 10081
  1653 10081
  1654 10081
  1655 10081
  1656 10081
  1657 10081
  1658 10081
  1659 10081
  1660 10081
  1661 10081
  1662 10081
  1663 10081
  1664 10081
  1665 10081
  1666 10081
  1667 10081
  1668 10081
  1669 10081
  1670 10081
  1671 10081
  1672 10081
  1673 10081
  1674 10081
  1675 10081
  1676 10081
  1677 10081
  1678 10081
  1679 10081
  1680 10081
  1681 10081
  1682 10081
  1683 10081
  1684 10081
  1685 10081
  1686 10081
  1687 10081
  1688 10081
  1689 10081
  1690 10081
  1691 10081
  1692 10081
  1693 10081
  1694 10081
  1695 10081
  1696 10081
  1697 10081
  1698 10081
  1699 10081
  1700 10081
  1701 10081
  1702 10081
  1703 10081
  1704 10081
  1705 10081
  1706 10081
  1707 10081
  1708 10081
  1709 10081
  1710 10081
  1711 10081
  1712 10081
  1713 10081
  1714 10081
  1715 10081
  1716 10081
  1717 10081
  1718 10081
  1719 10081
  1720 10081
  1721 10081
  1722 10081
  1723 10081
  1724 10081
  1725 10081
  1726 10081
  1727 10081
  1728 10081
  1729 10081
  1730 10081
  1731 10081
  1732 10081
  1733 10081
  1734 10081
  1735 10081
  1736 10081
  1737 10081
  1738 10081
  1739 10081
  1740 10081
  1741 10081
  1742 10081
  1743 10081
  1744 10081
  1745 10081
  1746 10081
  1747 10081
  1748 10081
  1749 10081
  1750 10081
  1751 10081
  1752 10081
  1753 10081
  1754 10081
  1755 10081
  1756 10081
  1757 10081
  1758 10081
  1759 10081
  1760 10081
  1761 10081
  1762 10081
  1763 10081
  1764 10081
  1765 10081
  1766 10081
  1767 10081
  1768 10081
  1769 10081
  1770 10081
  1771 10081
  1772 10081
  1773 10081
  1774 10081
  1775 10081
  1776 10081
  1777 10081
  1778 10081
  1779 10081
  1780 10081
  1781 10081
  1782 10081
  1783 10081
  1784 10081
  1785 10081
  1786 10081
  1787 10081
  1788 10081
  1789 10081
  1790 10081
  1791 10081
  1792 10081
  1793 10081
  1794 10081
  1795 10081
  1796 10081
  1797 10081
  1798 10081
  1799 10081
  1800 10081
  1801 10081
  1802 10081
  1803 10081
  1804 10081
  1805 10081
  1806 10081
  1807 10081
  1808 10081
  1809 10081
  1810 10081
  1811 10081
  1812 10081
  1813 10081
  1814 10081
  1815 10081
  1816 10081
  1817 10081
  1818 10081
  1819 10081
  1820 10081
  1821 10081
  1822 10081
  1823 10081
  1824 10081
  1825 10081
  1826 10081
  1827 10081
  1828 10081
  1829 10081
  1830 10081
  1831 10081
  1832 10081
  1833 10081
  1834 10081
  1835 10081
  1836 10081
  1837 10081
  1838 10081
  1839 10081
  1840 10081
  1841 10081
  1842 10081
  1843 10081
  1844 10081
  1845 10081
  1846 10081
  1847 10081
  1848 10081
  1849 10081
  1850 10081
  1851 10081
  1852 10081
  1853 10081
  1854 10081
  1855 10081
  1856 10167
  1857 10143
  1858 10016
  1859 10016
  1865 10123
  1866 10123
  1867 10123
  1868 10123
  1869 10123
  1870 10123
  1871 10123
  1872 10123
  1873 10123
  1874 10123
  1875 10123
  1876 10123
  1877 10123
  1878 10123
  1879 10123
  1880 10123
  1881 10123
  1882 10123
  1883 10123
  1884 10123
  1885 10123
  1886 10123
  1887 10123
  1888 10123
  1889 10123
  1890 10123
  1891 10123
  1892 10123
  1893 10123
  1894 10123
  1895 10123
  1896 10123
  1897 10123
  1898 10123
  1899 10123
  1900 10123
  1901 10123
  1902 10123
  1903 10123
  1904 10123
  1905 10123
  1906 10123
  1907 10123
  1908 10123
  1909 10123
  1910 10123
  1911 10123
  1912 10123
  1913 10123
  1914 10123
  1915 10123
  1916 10123
  1917 10123
  1918 10123
  1919 10123
  1920 10123
  1921 10123
  1922 10123
  1923 10123
  1924 10123
  1925 10123
  1926 10123
  1927 10123
  1928 10123
  1929 10123
  1930 10123
  1931 10123
  1932 10123
  1933 10123
  1934 10123
  1935 10123
  1936 10123
  1937 10123
  1938 10123
  1939 10123
  1940 10123
  1941 10123
  1942 10123
  1943 10123
  1944 10123
  1945 10123
  1946 10123
  1947 10123
  1948 10123
  1949 10123
  1950 10123
  1951 10123
  1952 10123
  1953 10123
  1954 10123
  1955 10123
  1956 10123
  1957 10123
  1958 10123
  1959 10123
  1960 10123
  1961 10123
  1962 10123
  1963 10123
  1964 10123
  1965 10123
  1966 10123
  1967 10123
  1968 10123
  1969 10123
  1970 10123
  1971 10123
  1972 10123
  1973 10123
  1974 10123
  1975 10123
  1976 10123
  1977 10123
  1978 10123
  1979 10123
  1980 10123
  1981 10123
  1982 10123
  1983 10123
  1984 10123
  1985 10123
  1986 10123
  1987 10123
  1988 10123
  1989 10123
  1990 10123
  1991 10123
  1992 10123
  1993 10123
  1994 10123
  1995 10123
  1996 10123
  1997 10123
  1998 10123
  1999 10123
  2000 10123
  2001 10123
  2002 10123
  2003 10123
  2004 10123
  2005 10123
  2006 10123
  2007 10123
  2008 10123
  2009 10123
  2010 10123
  2011 10123
  2012 10123
  2013 10123
  2014 10123
  2015 10123
  2016 10123
  2017 10123
  2018 10123
  2019 10123
  2020 10123
  2021 10050
  2022 10061
  2023 10061
  2024 10061
  2025 10101
  2026 10101
  2027 10101
  2028 10101
  2029 10101
  2030 10101
  2031 10169
