   605 10137
   606 10137
   607 10137
   608 10137
   609 10137
   612 10137
   613 10137
   614 10137
   615 10137
   616 10137
   642 10131
   643 10131
   644 10131
   645 10131
   646 10131
   647 10127
   648 10127
   649 10127
   650 10127
   651 10127
   672 10107
   673 10107
   674 10156
   675 10156
   676 10156
   677 10156
   688 10095
   689 10095
   690 10122
   691 10122
   692 10122
   693 10122
   694 10122
   695 10122
   696 10122
   697 10122
   698 10122
   699 10122
   700 10122
   701 10122
   702 10122
   703 10122
   704 10122
   705 10122
   706 10122
   707 10122
   708 10122
   709 10122
   710 10122
   711 10122
   712 10122
   713 10122
   714 10122
   715 10122
   716 10122
   717 10122
   718 10122
   719 10122
   720 10122
   721 10122
   722 10122
   723 10122
   724 10122
   725 10122
   726 10122
   727 10122
   728 10122
   729 10122
   730 10122
   731 10122
   732 10122
   733 10122
   734 10122
   735 10122
   736 10122
   737 10122
   738 10122
   739 10122
   740 10122
   741 10122
   742 10122
   743 10122
   744 10122
   745 10122
   746 10122
   747 10122
   748 10122
   749 10122
   750 10122
   751 10122
   752 10122
   753 10122
   754 10122
   755 10122
   756 10122
   757 10122
   758 10122
   759 10122
   760 10122
   761 10122
   762 10122
   763 10122
   764 10122
   765 10122
   766 10122
   767 10122
   768 10122
   769 10122
   770 10122
   771 10122
   772 10122
   773 10122
   774 10122
   775 10122
   776 10122
   777 10122
   778 10122
   779 10122
   780 10122
   781 10007
   782 10131
   783 10131
   784 10131
   785 10137
   786 10137
   787 10131
   788 10131
   789 10131
   790 10131
   791 10131
   792 10131
   793 10131
   794 10131
   795 10137
   796 10137
   797 10137
   798 10137
   799 10137
   800 10137
   801 10137
   802 10137
   803 10137
   804 10137
   805 10137
   806 10137
   807 10137
   808 10137
   809 10137
   810 10137
   811 10137
   812 10137
   813 10137
   814 10137
   815 10137
   816 10137
   817 10137
   818 10137
   819 10137
   820 10137
   821 10137
   822 10137
   823 10137
   824 10137
   825 10137
   826 10137
   827 10137
   828 10137
   829 10137
   830 10137
   831 10137
   832 10137
   833 10137
   834 10137
   835 10137
   836 10137
   837 10137
   838 10137
   839 10137
   840 10137
   841 10137
   842 10137
   843 10137
   844 10137
   845 10137
   846 10137
   847 10137
   848 10137
   849 10137
   850 10137
   851 10137
   852 10137
   853 10137
   854 10137
   855 10137
   856 10137
   857 10137
   858 10137
   859 10137
   860 10137
   861 10137
   862 10137
   863 10137
   864 10137
   865 10137
   866 10137
   867 10137
   868 10137
   869 10137
   870 10137
   871 10137
   872 10137
   873 10137
   874 10137
   875 10137
   876 10137
   877 10137
   878 10137
   879 10137
   880 10137
   881 10137
   882 10137
   883 10137
   884 10137
   885 10137
   886 10137
   887 10137
   888 10137
   889 10137
   890 10137
   891 10137
   892 10137
   893 10137
   894 10137
   895 10137
   896 10137
   897 10137
   898 10137
   899 10137
   900 10137
   901 10137
   902 10137
   903 10137
   904 10137
   905 10137
   906 10137
   907 10137
   908 10137
   909 10137
   910 10137
   911 10137
   912 10137
   913 10137
   914 10137
   915 10137
   916 10137
   917 10137
   918 10137
   919 10137
   920 10137
   921 10137
   922 10137
   923 10137
   924 10137
   925 10137
   926 10137
   927 10137
   928 10137
   929 10137
   930 10137
   931 10137
   932 10137
   933 10137
   934 10137
   935 10137
   936 10137
   937 10137
   938 10137
   939 10137
   940 10137
   941 10137
   942 10137
   943 10137
   944 10137
   945 10137
   946 10137
   947 10137
   948 10137
   949 10137
   950 10137
   951 10137
   952 10137
   953 10137
   954 10137
   955 10137
   956 10137
   957 10137
   958 10137
   959 10137
   960 10137
   961 10137
   962 10137
   963 10137
   964 10137
   965 10137
   966 10137
   967 10137
   968 10137
   969 10137
   970 10137
   971 10137
   972 10137
   973 10137
   974 10137
   975 10137
   976 10137
   977 10137
   978 10137
   979 10137
   980 10137
   981 10137
   982 10137
   983 10137
   984 10137
   985 10137
   986 10137
   987 10137
   988 10137
   989 10137
   990 10137
   991 10137
   992 10137
   993 10137
   994 10137
   995 10137
   996 10137
   997 10137
   998 10137
   999 10137
  1000 10137
  1001 10137
  1002 10137
  1003 10137
  1004 10137
  1005 10137
  1006 10137
  1007 10137
  1008 10137
  1009 10137
  1010 10137
  1011 10137
  1012 10137
  1013 10137
  1014 10137
  1015 10137
  1016 10137
  1017 10137
  1018 10137
  1019 10137
  1020 10137
  1021 10154
  1023 10154
  1024 10154
  1025 10156
  1026 10156
  1027 10156
  1028 10156
  1029 10156
  1030 10156
  1031 10156
  1032 10156
  1033 10156
  1034 10156
  1035 10156
  1036 10156
  1037 10156
  1038 10156
  1039 10156
  1040 10156
  1041 10156
  1042 10156
  1043 10156
  1044 10156
  1045 10156
  1046 10156
  1047 10156
  1048 10156
  1049 10156
  1050 10156
  1051 10156
  1052 10156
  1053 10156
  1054 10156
  1055 10156
  1056 10156
  1057 10156
  1058 10156
  1059 10156
  1060 10156
  1061 10156
  1062 10156
  1063 10156
  1064 10156
  1065 10156
  1066 10156
  1067 10156
  1068 10156
  1069 10156
  1070 10156
  1071 10156
  1072 10156
  1073 10156
  1074 10156
  1075 10156
  1076 10156
  1077 10156
  1078 10156
  1079 10156
  1080 10156
  1081 10156
  1082 10156
  1083 10156
  1084 10156
  1085 10156
  1086 10156
  1087 10156
  1088 10156
  1089 10156
  1090 10156
  1091 10156
  1092 10156
  1093 10156
  1094 10156
  1095 10156
  1096 10156
  1097 10156
  1098 10156
  1099 10156
  1100 10156
  1101 10156
  1102 10156
  1103 10156
  1104 10156
  1105 10156
  1106 10156
  1107 10156
  1108 10156
  1109 10156
  1110 10156
  1111 10156
  1112 10156
  1113 10156
  1114 10156
  1115 10156
  1116 10156
  1117 10156
  1118 10156
  1119 10156
  1120 10156
  1121 10156
  1122 10156
  1123 10156
  1124 10156
  1125 10156
  1126 10156
  1127 10156
  1128 10156
  1129 10156
  1130 10156
  1131 10156
  1132 10156
  1133 10156
  1134 10156
  1135 10156
  1136 10156
  1137 10156
  1138 10156
  1139 10156
  1140 10156
  1141 10156
  1142 10156
  1143 10156
  1144 10156
  1145 10156
  1146 10156
  1147 10156
  1148 10156
  1149 10156
  1150 10156
  1151 10156
  1152 10156
  1153 10156
  1154 10156
  1155 10156
  1156 10156
  1157 10156
  1158 10156
  1159 10156
  1160 10156
  1161 10156
  1162 10156
  1163 10156
  1164 10156
  1165 10156
  1166 10156
  1167 10156
  1168 10156
  1169 10156
  1170 10156
  1171 10156
  1172 10156
  1173 10156
  1174 10156
  1175 10156
  1176 10156
  1177 10156
  1178 10156
  1179 10156
  1180 10156
  1181 10156
  1182 10156
  1183 10156
  1184 10156
  1185 10156
  1186 10156
  1187 10156
  1188 10156
  1189 10156
  1190 10156
  1191 10156
  1192 10156
  1193 10156
  1194 10156
  1195 10156
  1196 10156
  1197 10156
  1198 10156
  1199 10156
  1200 10156
  1201 10156
  1202 10156
  1203 10156
  1204 10156
  1205 10156
  1206 10156
  1207 10156
  1208 10156
  1209 10156
  1210 10156
  1211 10156
  1212 10156
  1213 10156
  1214 10156
  1215 10156
  1216 10156
  1217 10156
  1218 10156
  1219 10156
  1220 10156
  1221 10156
  1222 10156
  1223 10156
  1224 10156
  1225 10156
  1226 10156
  1227 10156
  1228 10156
  1229 10156
  1230 10156
  1231 10156
  1232 10156
  1233 10156
  1234 10156
  1235 10156
  1236 10156
  1237 10156
  1238 10156
  1239 10156
  1240 10156
  1241 10156
  1242 10156
  1243 10156
  1244 10156
  1245 10156
  1246 10156
  1247 10156
  1248 10156
  1249 10156
  1250 10156
  1251 10156
  1252 10156
  1253 10156
  1254 10156
  1255 10156
  1256 10156
  1257 10156
  1258 10154
  1259 10154
  1268 10004
  1269 10004
  1270 10004
  1275 10065
  1276 10065
  1277 10065
  1278 10065
  1279 10065
  1280 10065
  1281 10065
  1282 10065
  1283 10065
  1284 10065
  1285 10065
  1286 10065
  1287 10065
  1288 10065
  1289 10065
  1290 10065
  1291 10065
  1292 10065
  1293 10065
  1294 10065
  1295 10065
  1296 10065
  1297 10065
  1298 10065
  1299 10065
  1300 10065
  1301 10065
  1302 10065
  1303 10065
  1304 10065
  1305 10065
  1306 10065
  1307 10065
  1308 10065
  1309 10065
  1310 10065
  1311 10065
  1312 10065
  1313 10065
  1314 10065
  1315 10065
  1316 10065
  1317 10065
  1318 10065
  1319 10065
  1320 10065
  1321 10065
  1322 10065
  1323 10065
  1324 10065
  1325 10065
  1326 10065
  1327 10065
  1328 10065
  1329 10065
  1330 10065
  1331 10065
  1332 10065
  1333 10065
  1334 10065
  1335 10065
  1336 10065
  1337 10065
  1338 10065
  1339 10065
  1340 10065
  1341 10065
  1342 10065
  1343 10065
  1344 10065
  1345 10065
  1346 10065
  1347 10065
  1348 10065
  1349 10065
  1350 10065
  1351 10065
  1352 10065
  1353 10065
  1354 10065
  1355 10065
  1356 10065
  1357 10065
  1358 10065
  1359 10065
  1360 10065
  1361 10065
  1362 10065
  1363 10065
  1364 10065
  1365 10065
  1366 10065
  1367 10065
  1368 10065
  1369 10065
  1370 10065
  1371 10065
  1372 10065
  1373 10065
  1374 10065
  1375 10065
  1376 10065
  1377 10065
  1378 10065
  1379 10065
  1380 10065
  1381 10065
  1382 10065
  1383 10065
  1384 10065
  1385 10065
  1386 10065
  1387 10065
  1388 10065
  1389 10065
  1390 10065
  1391 10065
  1392 10065
  1393 10065
  1394 10065
  1395 10065
  1396 10065
  1397 10065
  1398 10065
  1399 10065
  1400 10065
  1401 10065
  1402 10065
  1403 10065
  1404 10065
  1405 10065
  1406 10065
  1407 10065
  1408 10065
  1409 10065
  1410 10065
  1411 10065
  1412 10065
  1413 10065
  1414 10065
  1415 10065
  1416 10065
  1417 10065
  1418 10065
  1419 10065
  1420 10065
  1421 10065
  1422 10065
  1423 10065
  1424 10065
  1425 10065
  1426 10065
  1427 10065
  1428 10065
  1429 10065
  1430 10065
  1431 10065
  1432 10065
  1433 10065
  1434 10065
  1435 10065
  1436 10065
  1437 10065
  1438 10065
  1439 10065
  1440 10065
  1441 10065
  1442 10065
  1443 10065
  1444 10065
  1445 10065
  1446 10065
  1447 10065
  1448 10065
  1449 10065
  1450 10065
  1451 10065
  1452 10065
  1453 10065
  1454 10065
  1455 10065
  1456 10065
  1457 10065
  1458 10065
  1459 10065
  1460 10065
  1461 10065
  1462 10065
  1463 10065
  1464 10065
  1465 10065
  1466 10065
  1467 10065
  1468 10065
  1469 10065
  1470 10065
  1471 10065
  1472 10065
  1473 10065
  1474 10065
  1475 10065
  1476 10065
  1477 10065
  1478 10065
  1479 10065
  1480 10065
  1481 10065
  1482 10065
  1483 10065
  1484 10065
  1485 10065
  1486 10065
  1487 10065
  1488 10065
  1489 10065
  1490 10065
  1491 10065
  1492 10065
  1493 10065
  1494 10065
  1495 10065
  1496 10065
  1497 10065
  1498 10065
  1499 10065
  1500 10065
  1501 10071
  1502 10071
  1503 10071
  1504 10071
  1505 10071
  1506 10071
  1507 10071
  1508 10149
  1509 10071
  1510 10071
  1511 10071
  1512 10071
  1513 10071
  1514 10071
  1515 10071
  1516 10071
  1517 10071
  1518 10071
  1519 10071
  1520 10071
  1521 10071
  1522 10071
  1523 10071
  1524 10071
  1525 10071
  1526 10071
  1527 10071
  1528 10071
  1529 10071
  1530 10071
  1531 10071
  1532 10071
  1533 10071
  1541 10071
  1542 10071
  1543 10071
  1544 10071
  1545 10071
  1546 10071
  1547 10071
  1548 10071
  1549 10071
  1550 10071
  1551 10071
  1552 10071
  1553 10071
  1554 10071
  1555 10071
  1556 10071
  1557 10071
  1558 10071
  1559 10071
  1560 10071
  1564 10071
  1565 10071
  1566 10071
  1567 10071
  1568 10071
  1574 10071
  1575 10071
  1576 10071
  1577 10071
  1578 10071
  1581 10071
  1582 10071
  1583 10071
  1584 10071
  1585 10071
  1586 10071
  1587 10071
  1588 10071
  1589 10071
  1590 10071
  1591 10071
  1592 10071
  1593 10071
  1594 10071
  1595 10071
  1596 10071
  1597 10071
  1598 10071
  1599 10071
  1600 10071
  1601 10071
  1602 10071
  1603 10071
  1604 10071
  1605 10071
  1606 10071
  1607 10071
  1608 10071
  1609 10071
  1610 10071
  1611 10071
  1612 10071
  1613 10071
  1614 10071
  1615 10071
  1616 10071
  1617 10071
  1618 10071
  1619 10071
  1620 10071
  1621 10071
  1622 10071
  1623 10071
  1624 10071
  1625 10071
  1626 10071
  1627 10104
  1628 10104
  1629 10104
  1630 10104
  1631 10104
  1632 10104
  1633 10104
  1634 10104
  1635 10104
  1636 10104
  1637 10104
  1638 10104
  1639 10104
  1640 10104
  1641 10104
  1642 10104
  1643 10104
  1644 10104
  1645 10104
  1646 10104
  1647 10104
  1648 10104
  1649 10104
  1650 10104
  1651 10104
  1652 10104
  1653 10104
  1654 10104
  1655 10104
  1656 10104
  1657 10104
  1658 10104
  1659 10104
  1660 10104
  1661 10104
  1662 10104
  1663 10104
  1664 10104
  1665 10104
  1666 10104
  1667 10104
  1668 10104
  1669 10104
  1670 10104
  1671 10104
  1672 10104
  1673 10104
  1674 10104
  1675 10104
  1676 10104
  1677 10104
  1678 10104
  1679 10104
  1680 10104
  1681 10104
  1682 10104
  1683 10104
  1684 10104
  1685 10104
  1686 10104
  1687 10104
  1688 10104
  1689 10104
  1690 10104
  1691 10104
  1692 10104
  1693 10104
  1694 10104
  1695 10104
  1696 10104
  1697 10104
  1698 10104
  1699 10104
  1700 10104
  1701 10104
  1702 10104
  1703 10104
  1704 10104
  1705 10104
  1706 10104
  1707 10104
  1708 10104
  1709 10104
  1710 10104
  1711 10104
  1712 10104
  1713 10104
  1714 10104
  1715 10104
  1716 10104
  1717 10104
  1718 10104
  1719 10104
  1720 10104
  1721 10104
  1722 10104
  1723 10104
  1724 10104
  1725 10104
  1726 10104
  1727 10104
  1728 10104
  1729 10104
  1730 10104
  1731 10104
  1732 10104
  1733 10104
  1734 10104
  1735 10104
  1736 10104
  1737 10104
  1738 10104
  1739 10104
  1740 10104
  1741 10104
  1742 10104
  1743 10104
  1744 10104
  1745 10104
  1746 10104
  1747 10104
  1748 10104
  1749 10104
  1750 10104
  1751 10104
  1752 10104
  1753 10104
  1754 10104
  1755 10104
  1756 10104
  1757 10104
  1758 10104
  1759 10104
  1760 10104
  1761 10104
  1762 10104
  1763 10104
  1764 10104
  1765 10104
  1766 10104
  1767 10104
  1768 10104
  1769 10104
  1770 10104
  1771 10104
  1772 10104
  1773 10104
  1774 10104
  1775 10104
  1776 10104
  1777 10104
  1778 10104
  1779 10104
  1780 10104
  1781 10104
  1782 10104
  1783 10104
  1784 10104
  1785 10104
  1786 10104
  1787 10104
  1788 10104
  1789 10104
  1790 10104
  1791 10104
  1792 10104
  1793 10104
  1794 10104
  1795 10104
  1796 10104
  1797 10104
  1798 10104
  1799 10104
  1800 10104
  1801 10104
  1802 10104
  1803 10104
  1804 10104
  1805 10104
  1806 10104
  1807 10104
  1808 10104
  1809 10104
  1810 10104
  1811 10104
  1812 10104
  1813 10104
  1814 10104
  1815 10104
  1816 10104
  1817 10104
  1818 10104
  1819 10104
  1820 10104
  1821 10104
  1822 10104
  1823 10104
  1824 10104
  1825 10104
  1826 10104
  1827 10104
  1828 10104
  1829 10104
  1830 10104
  1831 10104
  1832 10104
  1833 10104
  1834 10104
  1835 10104
  1836 10104
  1837 10104
  1838 10104
  1839 10104
  1840 10104
  1841 10104
  1842 10104
  1843 10104
  1844 10104
  1845 10104
  1846 10104
  1847 10104
  1848 10104
  1849 10104
  1850 10104
  1851 10104
  1852 10104
  1853 10104
  1854 10104
  1855 10104
  1856 10104
  1857 10104
  1858 10104
  1859 10104
  1860 10104
  1861 10104
  1862 10104
  1863 10104
  1864 10104
  1866 10125
  1867 10007
  1870 10007
  1871 10007
  1872 10007
  1873 10007
  1874 10007
  1875 10007
  1876 10007
  1877 10007
  1878 10007
  1879 10007
  1880 10007
  1881 10007
  1882 10007
  1883 10007
  1884 10007
  1885 10007
  1886 10007
  1887 10007
  1888 10007
  1889 10007
  1890 10007
  1891 10007
  1892 10007
  1893 10007
  1894 10007
  1895 10007
  1896 10007
  1897 10007
  1898 10007
  1899 10007
  1900 10007
  1901 10007
  1902 10007
  1903 10007
  1904 10007
  1905 10007
  1906 10007
  1907 10007
  1908 10007
  1909 10007
  1910 10007
  1911 10007
  1912 10007
  1913 10007
  1914 10007
  1915 10007
  1916 10007
  1917 10007
  1918 10007
  1919 10007
  1920 10007
  1921 10007
  1922 10007
  1923 10007
  1924 10007
  1925 10007
  1926 10007
  1927 10007
  1928 10007
  1929 10007
  1930 10007
  1931 10007
  1932 10007
  1933 10007
  1934 10007
  1935 10007
  1936 10007
  1937 10007
  1938 10007
  1939 10007
  1940 10007
  1941 10007
  1942 10007
  1943 10007
  1944 10007
  1945 10007
  1946 10007
  1947 10007
  1948 10007
  1949 10007
  1950 10007
  1951 10007
  1952 10007
  1953 10007
  1954 10007
  1955 10007
  1956 10007
  1957 10007
  1958 10007
  1959 10007
  1960 10007
  1961 10007
  1962 10007
  1963 10007
  1964 10007
  1965 10007
  1966 10007
  1967 10007
  1968 10007
  1969 10007
  1970 10007
  1971 10007
  1972 10007
  1973 10007
  1974 10007
  1975 10007
  1976 10007
  1977 10007
  1978 10007
  1979 10007
  1980 10007
  1981 10007
  1982 10007
  1983 10007
  1984 10007
  1985 10007
  1986 10007
  1987 10007
  1988 10007
  1989 10007
  1990 10007
  1991 10007
  1992 10007
  1993 10007
  1994 10007
  1995 10007
  1996 10007
  1997 10007
  1998 10007
  1999 10007
  2000 10007
  2001 10007
  2002 10007
  2003 10007
  2004 10007
  2005 10007
  2006 10007
  2007 10007
  2008 10007
  2009 10007
  2010 10007
  2011 10007
  2012 10007
  2013 10007
  2014 10007
  2015 10007
  2016 10007
  2017 10007
  2018 10007
  2019 10007
  2020 10007
