   690 10123
   691 10123
   692 10123
   693 10123
   694 10123
   695 10123
   696 10123
   697 10123
   698 10123
   699 10123
   700 10123
   701 10123
   702 10123
   703 10123
   704 10123
   705 10123
   706 10123
   707 10123
   708 10123
   709 10123
   710 10123
   711 10123
   712 10123
   713 10123
   714 10123
   715 10123
   716 10123
   717 10123
   718 10123
   719 10123
   720 10123
   721 10123
   722 10123
   723 10123
   724 10123
   725 10123
   726 10123
   727 10123
   728 10123
   729 10123
   730 10123
   731 10123
   732 10123
   733 10123
   734 10123
   735 10123
   736 10123
   737 10123
   738 10123
   739 10123
   740 10123
   741 10123
   742 10123
   743 10123
   744 10123
   745 10123
   746 10123
   747 10123
   748 10123
   749 10123
   750 10123
   751 10123
   752 10123
   753 10123
   754 10123
   755 10123
   756 10123
   757 10123
   758 10123
   759 10123
   760 10123
   761 10123
   762 10123
   763 10123
   764 10123
   765 10123
   766 10123
   767 10123
   768 10123
   769 10123
   770 10123
   771 10123
   772 10123
   773 10123
   774 10123
   775 10123
   776 10123
   777 10123
   778 10123
   779 10123
   780 10123
   781 10123
   782 10123
   783 10123
   784 10123
   785 10123
   786 10123
   787 10043
   788 10083
   789 10043
   790 10094
   791 10094
   792 10094
   793 10094
   794 10094
   795 10094
   796 10094
   797 10052
   798 10052
   799 10094
   800 10094
   801 10094
   802 10094
   803 10080
   804 10026
   805 10026
   806 10026
   807 10026
   808 10026
   809 10026
   810 10026
   811 10026
   812 10026
   813 10026
   814 10026
   815 10026
   816 10071
   817 10071
   818 10071
   819 10087
   828 10071
   829 10071
   830 10071
   831 10071
   832 10071
   833 10071
   834 10071
   835 10071
   836 10071
   837 10071
   838 10071
   839 10071
   840 10071
   841 10071
   842 10071
   843 10071
   844 10071
   845 10071
   846 10071
   847 10071
   848 10071
   849 10071
   851 10071
   852 10071
   853 10071
   854 10071
   855 10071
   856 10071
   857 10071
   858 10071
   859 10071
   860 10071
   861 10071
   862 10071
   863 10071
   864 10071
   865 10071
   866 10071
   867 10071
   868 10071
   869 10071
   870 10071
   871 10071
   872 10071
   873 10071
   874 10071
   875 10071
   876 10071
   877 10071
   878 10071
   879 10071
   880 10071
   881 10071
   882 10071
   883 10071
   884 10071
   885 10071
   886 10071
   887 10071
   888 10071
   889 10071
   890 10071
   891 10071
   892 10071
   893 10071
   894 10071
   895 10071
   896 10071
   897 10071
   898 10071
   899 10071
   900 10071
   901 10071
   902 10071
   903 10071
   904 10071
   905 10071
   906 10071
   907 10071
   908 10071
   909 10071
   910 10071
   911 10071
   912 10149
   913 10071
   914 10071
   915 10071
   916 10071
   917 10071
   918 10071
   919 10071
   920 10071
   921 10026
   922 10026
   929 10026
   930 10026
   931 10026
   932 10026
   933 10026
   934 10026
   940 10026
   941 10026
   942 10026
   943 10026
   944 10026
   949 10026
   950 10026
   951 10026
   952 10026
   953 10026
   954 10026
   955 10026
   956 10026
   957 10026
   958 10026
   959 10026
   960 10026
   961 10026
   962 10026
   963 10026
   964 10026
   965 10026
   966 10026
   967 10026
   968 10026
   969 10026
   970 10026
   971 10026
   972 10026
   973 10026
   974 10026
   975 10026
   976 10026
   977 10026
   978 10026
   979 10026
   980 10026
   981 10026
   982 10026
   983 10026
   984 10026
   985 10026
   986 10026
   987 10026
   988 10026
   989 10026
   990 10026
   991 10026
   992 10026
   993 10026
   994 10026
  1006 10026
  1007 10026
  1032 10026
  1033 10026
  1034 10026
  1035 10026
  1036 10026
  1042 10026
  1043 10026
  1044 10026
  1045 10026
  1046 10026
  1047 10026
  1048 10026
  1049 10026
  1050 10026
  1051 10026
  1052 10026
  1053 10026
  1054 10026
  1055 10026
  1056 10026
  1057 10026
  1058 10026
  1059 10026
  1060 10026
  1061 10026
  1062 10026
  1066 10026
  1067 10026
  1068 10026
  1069 10026
  1083 10026
  1084 10026
  1085 10026
  1086 10026
  1087 10026
  1088 10026
  1089 10026
  1090 10026
  1091 10026
  1092 10026
  1093 10026
  1094 10026
  1097 10026
  1099 10026
  1100 10026
  1101 10026
  1102 10026
  1113 10026
  1114 10026
  1115 10026
  1134 10026
  1135 10026
  1136 10026
  1137 10026
  1138 10026
  1139 10026
  1140 10026
  1141 10026
  1142 10026
  1143 10026
  1144 10026
  1145 10026
  1147 10026
  1148 10026
  1149 10026
  1150 10026
  1151 10026
  1152 10026
  1153 10026
  1154 10026
  1155 10026
  1156 10026
  1160 10026
  1161 10026
  1162 10026
  1163 10026
  1164 10026
  1165 10026
  1166 10026
  1167 10026
  1168 10026
  1169 10026
  1170 10026
  1171 10026
  1173 10086
  1174 10086
  1228 10026
  1231 10026
  1232 10026
  1233 10026
  1234 10026
  1235 10026
  1236 10026
  1237 10026
  1238 10026
  1239 10026
  1240 10026
  1241 10026
  1242 10026
  1243 10026
  1244 10026
  1245 10026
  1246 10026
  1247 10026
  1248 10026
  1249 10071
  1250 10094
  1251 10094
  1252 10094
  1253 10094
  1256 10018
  1257 10018
  1258 10098
  1259 10018
  1260 10018
  1261 10018
  1262 10018
  1263 10018
  1264 10018
  1265 10018
  1266 10158
  1267 10158
  1268 10158
  1272 10097
  1273 10097
  1274 10097
  1275 10097
  1276 10097
  1284 10097
  1285 10097
  1286 10097
  1312 10077
  1313 10077
  1314 10077
  1316 10097
  1317 10097
  1318 10097
  1319 10097
  1320 10097
  1321 10097
  1322 10097
  1323 10097
  1324 10097
  1325 10097
  1326 10097
  1327 10097
  1328 10097
  1329 10097
  1330 10097
  1331 10097
  1332 10097
  1333 10097
  1334 10097
  1335 10097
  1338 10097
  1374 10093
  1375 10093
  1376 10093
  1377 10098
  1378 10098
  1383 10055
  1385 10025
  1386 10094
  1387 10094
  1388 10094
  1389 10064
  1390 10094
  1391 10064
  1392 10026
  1393 10026
  1394 10026
  1395 10026
  1396 10026
  1397 10026
  1400 10026
  1401 10026
  1402 10026
  1403 10026
  1404 10026
  1405 10026
  1406 10026
  1407 10026
  1408 10026
  1417 10026
  1418 10026
  1419 10026
  1420 10026
  1421 10026
  1422 10026
  1423 10026
  1424 10026
  1425 10026
  1426 10026
  1427 10026
  1428 10026
  1429 10026
  1430 10026
  1431 10026
  1432 10026
  1433 10026
  1434 10026
  1435 10026
  1436 10026
  1437 10026
  1438 10026
  1439 10026
  1440 10026
  1441 10026
  1442 10026
  1443 10026
  1444 10026
  1445 10026
  1446 10026
  1447 10026
  1448 10026
  1449 10026
  1450 10026
  1451 10026
  1452 10026
  1453 10026
  1454 10026
  1455 10026
  1456 10026
  1457 10026
  1458 10026
  1459 10026
  1460 10026
  1461 10026
  1462 10026
  1463 10026
  1464 10026
  1465 10026
  1466 10026
  1467 10026
  1468 10026
  1469 10026
  1470 10026
  1471 10026
  1472 10026
  1473 10026
  1474 10026
  1475 10026
  1476 10026
  1477 10026
  1478 10026
  1479 10026
  1480 10026
  1481 10026
  1482 10026
  1483 10026
  1484 10026
  1485 10026
  1486 10026
  1487 10026
  1488 10026
  1489 10026
  1490 10026
  1491 10026
  1492 10026
  1493 10026
  1494 10026
  1495 10026
  1496 10026
  1497 10026
  1498 10026
  1499 10026
  1500 10026
  1501 10026
  1502 10026
  1503 10026
  1504 10026
  1505 10026
  1506 10026
  1507 10026
  1508 10026
  1509 10026
  1510 10026
  1511 10026
  1518 10026
  1519 10026
  1520 10026
  1521 10026
  1522 10026
  1523 10026
  1524 10026
  1525 10026
  1526 10026
  1527 10026
  1528 10026
  1529 10026
  1530 10026
  1531 10026
  1532 10026
  1550 10026
  1551 10026
  1552 10026
  1556 10026
  1557 10026
  1558 10026
  1559 10026
  1560 10026
  1561 10026
  1562 10026
  1563 10026
  1564 10026
  1565 10026
  1566 10026
  1567 10026
  1568 10026
  1569 10026
  1570 10026
  1571 10026
  1572 10026
  1573 10026
  1574 10026
  1575 10026
  1576 10026
  1577 10026
  1580 10026
  1581 10026
  1582 10026
  1583 10026
  1584 10026
  1585 10026
  1586 10026
  1587 10026
  1592 10026
  1593 10026
  1594 10026
  1595 10026
  1596 10026
  1597 10026
  1609 10026
  1610 10026
  1611 10026
  1612 10026
  1613 10026
  1614 10026
  1617 10026
  1618 10026
  1619 10026
  1620 10026
  1621 10026
  1622 10026
  1623 10026
  1624 10026
  1625 10026
  1626 10026
  1627 10026
  1628 10026
  1629 10026
  1661 10026
  1662 10026
  1663 10026
  1665 10026
  1667 10026
  1668 10026
  1669 10026
  1670 10026
  1675 10026
  1676 10026
  1677 10026
  1678 10026
  1679 10026
  1680 10026
  1681 10026
  1682 10026
  1683 10026
  1684 10026
  1685 10026
  1686 10026
  1687 10026
  1688 10026
  1689 10026
  1690 10026
  1691 10026
  1692 10026
  1693 10026
  1694 10026
  1695 10026
  1696 10026
  1697 10026
  1698 10026
  1699 10026
  1700 10026
  1704 10026
  1705 10026
  1706 10026
  1707 10026
  1709 10026
  1710 10026
  1711 10026
  1712 10026
  1713 10026
  1714 10026
  1715 10026
  1716 10026
  1717 10026
  1718 10026
  1719 10026
  1720 10026
  1721 10026
  1722 10026
  1723 10026
  1724 10026
  1725 10026
  1726 10026
  1727 10026
  1728 10026
  1729 10026
  1730 10026
  1731 10026
  1732 10026
  1733 10026
  1734 10026
  1735 10026
  1736 10026
  1737 10026
  1738 10026
  1739 10026
  1740 10026
  1741 10026
  1742 10026
  1743 10026
  1744 10026
  1745 10026
  1746 10026
  1747 10026
  1748 10026
  1749 10026
  1750 10026
  1751 10026
  1752 10026
  1753 10026
  1754 10026
  1755 10026
  1756 10026
  1757 10026
  1758 10026
  1759 10026
  1760 10026
  1761 10026
  1762 10026
  1763 10026
  1764 10026
  1765 10026
  1766 10080
  1767 10080
  1768 10080
  1769 10080
  1774 10026
  1775 10026
  1799 10026
  1800 10026
  1801 10026
  1802 10026
  1803 10026
  1804 10026
  1808 10026
  1809 10026
  1810 10026
  1811 10026
  1812 10026
  1817 10026
  1818 10026
  1819 10026
  1820 10026
  1833 10026
  1834 10026
  1835 10026
  1836 10026
  1837 10026
  1838 10026
  1839 10026
  1852 10026
  1853 10026
  1854 10026
  1855 10026
  1856 10026
  1857 10026
  1858 10026
  1859 10026
  1860 10026
  1861 10026
  1862 10026
  1863 10026
  1864 10026
  1865 10026
  1866 10026
  1867 10026
  1868 10026
  1869 10026
  1870 10026
  1871 10026
  1872 10026
  1873 10026
  1874 10026
  1875 10026
  1876 10026
  1877 10026
  1878 10026
  1879 10026
  1880 10026
  1881 10026
  1882 10026
  1883 10026
  1884 10026
  1885 10026
  1886 10026
  1887 10026
  1888 10026
  1889 10026
  1890 10026
  1891 10026
  1892 10026
  1893 10026
  1894 10026
  1895 10026
  1896 10026
  1897 10026
  1898 10026
  1899 10026
  1900 10026
  1901 10026
  1902 10026
  1903 10026
  1904 10026
  1905 10026
  1906 10094
  1907 10062
  1908 10062
  1909 10123
  1910 10123
  1911 10123
