   690 10163
   691 10163
   692 10163
   693 10163
   694 10163
   695 10163
   696 10163
   697 10163
   698 10163
   699 10163
   700 10163
   701 10163
   702 10163
   703 10163
   704 10163
   705 10163
   706 10163
   707 10163
   708 10163
   709 10163
   710 10163
   711 10163
   712 10163
   713 10163
   714 10163
   715 10163
   716 10163
   717 10163
   718 10163
   719 10163
   720 10163
   721 10163
   722 10163
   723 10163
   724 10163
   725 10163
   726 10163
   727 10163
   728 10163
   729 10163
   730 10163
   731 10163
   732 10163
   733 10163
   734 10163
   735 10163
   736 10163
   737 10163
   738 10163
   739 10163
   740 10163
   741 10163
   742 10163
   743 10163
   744 10163
   745 10163
   746 10163
   747 10163
   748 10163
   749 10163
   750 10163
   751 10163
   752 10163
   753 10163
   754 10163
   755 10163
   756 10163
   757 10163
   758 10163
   759 10163
   760 10163
   761 10163
   762 10163
   763 10163
   764 10163
   765 10163
   766 10163
   767 10163
   768 10163
   769 10163
   770 10163
   771 10163
   772 10163
   773 10163
   774 10163
   775 10163
   776 10163
   777 10163
   778 10163
   779 10163
   780 10163
   785 10120
   786 10165
   787 10165
   788 10165
   789 10165
   790 10165
   791 10165
   792 10165
   793 10165
   794 10165
   795 10108
   796 10108
   797 10108
   798 10108
   799 10108
   800 10108
   801 10108
   802 10108
   803 10108
   804 10108
   805 10108
   806 10108
   807 10108
   808 10108
   809 10108
   810 10108
   811 10108
   812 10108
   813 10108
   814 10108
   815 10108
   816 10108
   817 10108
   818 10108
   819 10108
   820 10108
   821 10108
   822 10108
   823 10108
   824 10108
   825 10108
   826 10108
   827 10108
   828 10108
   829 10108
   830 10108
   831 10108
   832 10108
   833 10108
   834 10108
   835 10108
   836 10108
   837 10108
   838 10108
   839 10108
   840 10108
   841 10108
   842 10108
   843 10108
   844 10108
   845 10108
   846 10108
   847 10108
   848 10108
   849 10108
   850 10108
   851 10108
   852 10108
   853 10108
   854 10108
   855 10108
   856 10108
   857 10108
   858 10108
   859 10108
   860 10108
   861 10108
   862 10108
   863 10108
   864 10108
   865 10108
   866 10108
   867 10108
   868 10108
   869 10108
   870 10108
   871 10108
   872 10108
   873 10108
   874 10108
   875 10108
   876 10108
   877 10108
   878 10108
   879 10108
   880 10108
   881 10108
   882 10108
   883 10108
   884 10108
   885 10108
   886 10108
   887 10108
   888 10108
   889 10108
   890 10108
   891 10108
   892 10108
   893 10108
   894 10108
   895 10108
   896 10108
   897 10108
   898 10108
   899 10108
   900 10108
   901 10108
   902 10108
   903 10108
   904 10108
   905 10108
   906 10108
   907 10108
   908 10108
   909 10108
   910 10108
   911 10108
   912 10108
   913 10108
   914 10108
   915 10108
   916 10108
   917 10108
   918 10108
   919 10108
   920 10108
   921 10108
   922 10108
   923 10108
   924 10108
   925 10108
   926 10108
   927 10108
   928 10108
   929 10108
   930 10108
   931 10108
   932 10108
   933 10108
   934 10108
   935 10108
   936 10108
   937 10108
   938 10108
   939 10108
   940 10108
   941 10108
   942 10108
   943 10108
   944 10108
   945 10108
   946 10108
   947 10108
   948 10108
   949 10108
   950 10108
   951 10108
   952 10108
   953 10108
   954 10108
   955 10108
   956 10108
   957 10108
   958 10108
   959 10108
   960 10108
   961 10108
   962 10108
   963 10108
   964 10108
   965 10108
   966 10108
   967 10108
   968 10108
   969 10108
   970 10108
   971 10108
   972 10108
   973 10108
   974 10108
   975 10108
   976 10108
   977 10108
   978 10108
   979 10108
   980 10108
   981 10108
   982 10108
   983 10108
   984 10108
   985 10108
   986 10108
   987 10108
   988 10108
   989 10108
   990 10108
   991 10108
   992 10108
   993 10108
   994 10108
   995 10108
   996 10108
   997 10108
   998 10108
   999 10108
  1000 10108
  1001 10108
  1002 10108
  1003 10108
  1004 10108
  1005 10108
  1006 10108
  1007 10108
  1008 10108
  1009 10108
  1010 10108
  1011 10108
  1012 10108
  1013 10108
  1014 10108
  1015 10108
  1016 10108
  1017 10108
  1018 10108
  1019 10108
  1020 10108
  1021 10108
  1022 10108
  1023 10108
  1024 10108
  1025 10108
  1026 10108
  1027 10108
  1028 10108
  1029 10108
  1030 10108
  1031 10108
  1032 10108
  1033 10108
  1034 10108
  1035 10108
  1036 10108
  1037 10108
  1038 10108
  1039 10108
  1040 10108
  1041 10108
  1042 10108
  1043 10108
  1044 10108
  1045 10108
  1046 10108
  1047 10108
  1048 10108
  1049 10108
  1050 10108
  1051 10108
  1052 10108
  1053 10108
  1054 10108
  1055 10108
  1056 10108
  1057 10108
  1058 10108
  1059 10108
  1060 10108
  1061 10108
  1062 10108
  1063 10108
  1064 10108
  1065 10108
  1066 10108
  1067 10108
  1068 10108
  1069 10108
  1070 10108
  1071 10108
  1072 10108
  1073 10108
  1074 10108
  1075 10108
  1076 10108
  1077 10108
  1078 10108
  1079 10108
  1080 10108
  1081 10108
  1082 10108
  1083 10108
  1084 10108
  1085 10108
  1086 10108
  1087 10108
  1088 10108
  1089 10108
  1090 10108
  1091 10108
  1092 10108
  1093 10108
  1094 10108
  1095 10108
  1096 10108
  1097 10108
  1098 10108
  1099 10108
  1100 10108
  1101 10108
  1102 10108
  1103 10108
  1104 10108
  1105 10108
  1106 10108
  1107 10108
  1108 10108
  1109 10108
  1110 10108
  1111 10108
  1112 10108
  1113 10108
  1114 10108
  1115 10108
  1116 10108
  1117 10108
  1118 10108
  1119 10108
  1120 10108
  1121 10108
  1122 10108
  1123 10108
  1124 10108
  1125 10108
  1126 10108
  1127 10108
  1128 10108
  1129 10108
  1130 10108
  1131 10108
  1132 10108
  1133 10108
  1134 10108
  1135 10108
  1136 10108
  1137 10108
  1138 10108
  1139 10108
  1140 10108
  1141 10108
  1142 10108
  1143 10108
  1144 10108
  1145 10108
  1146 10108
  1147 10108
  1148 10108
  1149 10108
  1150 10108
  1151 10108
  1152 10108
  1153 10108
  1154 10108
  1155 10108
  1156 10108
  1157 10108
  1158 10108
  1159 10108
  1160 10108
  1161 10108
  1162 10108
  1163 10108
  1164 10108
  1165 10108
  1166 10108
  1167 10108
  1168 10108
  1169 10108
  1170 10108
  1171 10108
  1172 10108
  1173 10108
  1174 10108
  1175 10108
  1176 10108
  1177 10108
  1178 10108
  1179 10108
  1180 10108
  1181 10108
  1182 10108
  1183 10108
  1184 10108
  1185 10108
  1186 10108
  1187 10108
  1188 10108
  1189 10108
  1190 10108
  1191 10108
  1192 10108
  1193 10108
  1194 10108
  1195 10108
  1196 10108
  1197 10108
  1198 10108
  1199 10108
  1200 10108
  1201 10108
  1202 10108
  1203 10108
  1204 10108
  1205 10108
  1206 10108
  1207 10108
  1208 10108
  1209 10108
  1210 10108
  1211 10108
  1212 10108
  1213 10108
  1214 10108
  1215 10108
  1216 10108
  1217 10108
  1218 10108
  1219 10108
  1220 10108
  1221 10108
  1222 10108
  1223 10108
  1224 10108
  1225 10108
  1226 10108
  1227 10108
  1228 10108
  1229 10108
  1230 10108
  1231 10108
  1232 10108
  1233 10108
  1234 10108
  1235 10108
  1236 10108
  1237 10108
  1238 10108
  1239 10108
  1240 10108
  1241 10108
  1242 10108
  1243 10108
  1244 10108
  1245 10108
  1246 10108
  1247 10108
  1248 10108
  1249 10108
  1250 10108
  1251 10108
  1252 10108
  1253 10108
  1254 10108
  1255 10108
  1256 10108
  1257 10108
  1258 10108
  1259 10108
  1260 10108
  1261 10108
  1262 10108
  1263 10108
  1264 10108
  1265 10108
  1266 10108
  1267 10108
  1268 10108
  1269 10125
  1270 10125
  1271 10125
  1272 10125
  1273 10125
  1274 10108
  1275 10125
  1276 10125
  1277 10125
  1285 10098
  1286 10098
  1287 10098
  1288 10018
  1289 10055
  1310 10055
  1311 10055
  1312 10055
  1313 10055
  1314 10055
  1315 10055
  1316 10040
  1317 10040
  1318 10040
  1319 10040
  1320 10040
  1321 10040
  1322 10040
  1323 10040
  1324 10040
  1325 10040
  1326 10040
  1327 10040
  1328 10040
  1329 10040
  1330 10040
  1331 10040
  1332 10040
  1333 10040
  1334 10040
  1335 10040
  1336 10040
  1337 10040
  1338 10040
  1339 10040
  1340 10040
  1341 10040
  1342 10040
  1343 10040
  1344 10040
  1345 10040
  1346 10040
  1347 10040
  1348 10040
  1349 10040
  1350 10040
  1351 10040
  1352 10055
  1353 10055
  1354 10055
  1355 10055
  1356 10055
  1359 10101
  1360 10101
  1361 10101
  1362 10101
  1363 10101
  1364 10101
  1365 10086
  1366 10086
  1367 10080
  1368 10080
  1369 10080
  1370 10071
  1371 10064
  1372 10064
  1373 10064
  1374 10043
  1375 10043
  1376 10043
  1377 10086
  1378 10086
  1379 10086
  1380 10086
  1381 10086
  1383 10086
  1389 10086
  1392 10086
  1395 10086
  1396 10086
  1397 10086
  1398 10086
  1399 10086
  1400 10086
  1401 10086
  1402 10086
  1403 10086
  1404 10086
  1405 10086
  1406 10086
  1407 10086
  1408 10086
  1409 10086
  1410 10086
  1411 10086
  1412 10086
  1413 10086
  1414 10086
  1415 10086
  1416 10086
  1417 10086
  1418 10086
  1419 10086
  1420 10086
  1421 10086
  1422 10086
  1423 10086
  1424 10086
  1425 10086
  1426 10086
  1427 10086
  1428 10086
  1429 10086
  1430 10086
  1431 10086
  1432 10086
  1433 10086
  1434 10086
  1435 10086
  1436 10086
  1437 10086
  1438 10086
  1439 10086
  1440 10086
  1441 10086
  1442 10086
  1443 10086
  1444 10086
  1445 10086
  1446 10086
  1447 10086
  1448 10086
  1449 10086
  1450 10086
  1451 10086
  1452 10086
  1453 10086
  1454 10086
  1455 10086
  1456 10086
  1457 10086
  1458 10086
  1459 10086
  1460 10086
  1461 10086
  1462 10086
  1463 10086
  1464 10086
  1465 10086
  1466 10086
  1467 10086
  1468 10086
  1469 10086
  1470 10086
  1471 10086
  1472 10086
  1473 10086
  1474 10086
  1475 10086
  1476 10086
  1477 10086
  1478 10086
  1479 10086
  1480 10086
  1481 10086
  1482 10086
  1483 10086
  1484 10086
  1485 10086
  1486 10086
  1487 10086
  1488 10086
  1489 10086
  1490 10086
  1491 10086
  1492 10086
  1493 10086
  1494 10086
  1495 10086
  1496 10086
  1497 10086
  1498 10086
  1499 10086
  1500 10086
  1501 10086
  1502 10086
  1503 10086
  1504 10086
  1505 10086
  1506 10086
  1507 10086
  1508 10086
  1509 10086
  1510 10086
  1511 10086
  1512 10086
  1513 10086
  1514 10086
  1515 10086
  1516 10086
  1517 10086
  1518 10086
  1519 10086
  1520 10086
  1521 10086
  1522 10086
  1523 10086
  1524 10086
  1525 10086
  1526 10086
  1527 10086
  1528 10086
  1529 10086
  1530 10086
  1531 10086
  1532 10086
  1533 10086
  1534 10086
  1535 10086
  1536 10086
  1537 10086
  1538 10086
  1539 10086
  1540 10086
  1541 10086
  1542 10086
  1543 10086
  1544 10086
  1545 10086
  1546 10086
  1547 10086
  1548 10086
  1549 10086
  1550 10086
  1551 10086
  1552 10086
  1553 10086
  1554 10086
  1555 10086
  1556 10086
  1557 10086
  1558 10086
  1559 10086
  1560 10086
  1561 10086
  1562 10086
  1563 10086
  1564 10086
  1565 10086
  1566 10086
  1567 10086
  1568 10086
  1569 10086
  1570 10086
  1571 10086
  1572 10086
  1573 10086
  1574 10086
  1575 10086
  1576 10086
  1577 10086
  1578 10086
  1579 10086
  1580 10086
  1581 10086
  1582 10086
  1583 10086
  1584 10086
  1585 10086
  1586 10086
  1587 10086
  1588 10086
  1589 10086
  1590 10086
  1591 10086
  1592 10086
  1593 10086
  1594 10086
  1595 10086
  1596 10086
  1597 10086
  1598 10086
  1599 10086
  1600 10086
  1601 10086
  1602 10086
  1603 10086
  1604 10086
  1605 10086
  1606 10086
  1607 10086
  1608 10086
  1609 10086
  1610 10086
  1611 10086
  1612 10086
  1613 10086
  1614 10086
  1615 10086
  1616 10086
  1617 10086
  1618 10086
  1619 10086
  1620 10086
  1621 10042
  1623 10041
  1624 10041
  1625 10041
  1626 10041
  1627 10041
  1628 10041
  1629 10041
  1864 10112
  1865 10112
  1866 10112
  1867 10112
  1868 10112
  1869 10112
  1870 10112
  1871 10112
  1872 10112
  1873 10112
  1874 10112
  1875 10112
  1876 10112
  1877 10112
  1878 10112
  1879 10112
  1880 10112
  1881 10112
  1882 10112
  1883 10112
  1884 10112
  1885 10112
  1886 10112
  1887 10112
  1888 10112
  1889 10112
  1890 10112
  1891 10112
  1892 10112
  1893 10112
  1894 10112
  1895 10112
  1896 10112
  1897 10112
  1898 10112
  1899 10112
  1900 10112
  1901 10112
  1902 10112
  1903 10112
  1904 10112
  1905 10112
  1906 10112
  1907 10112
  1908 10112
  1909 10112
  1910 10112
  1911 10112
  1912 10112
  1913 10112
  1914 10112
  1915 10112
  1916 10112
  1917 10112
  1918 10112
  1919 10112
  1920 10112
  1921 10112
  1922 10112
  1923 10112
  1924 10112
  1925 10112
  1926 10112
  1927 10112
  1928 10112
  1929 10112
  1930 10112
  1931 10112
  1932 10112
  1933 10112
  1934 10112
  1935 10112
  1936 10112
  1937 10112
  1938 10112
  1939 10112
  1940 10112
  1941 10112
  1942 10112
  1943 10112
  1944 10112
  1945 10112
  1946 10112
  1947 10112
  1948 10112
  1949 10112
  1950 10112
  1951 10112
  1952 10112
  1953 10112
  1954 10112
  1955 10112
  1956 10112
  1957 10112
  1958 10112
  1959 10112
  1960 10112
  1961 10112
  1962 10112
  1963 10112
  1964 10112
  1965 10112
  1966 10112
  1967 10112
  1968 10112
  1969 10112
  1970 10112
  1971 10112
  1972 10112
  1973 10112
  1974 10112
  1975 10112
  1976 10112
  1977 10112
  1978 10112
  1979 10112
  1980 10112
  1981 10112
  1982 10112
  1983 10112
  1984 10112
  1985 10112
  1986 10112
  1987 10112
  1988 10112
  1989 10112
  1990 10112
  1991 10112
  1992 10112
  1993 10112
  1994 10112
  1995 10112
  1996 10112
  1997 10112
  1998 10112
  1999 10112
  2000 10112
  2001 10112
  2002 10112
  2003 10112
  2004 10112
  2005 10112
  2006 10112
  2007 10112
  2008 10112
  2009 10112
  2010 10112
  2011 10112
  2012 10112
  2013 10112
  2014 10112
  2015 10112
  2016 10112
  2017 10112
  2018 10112
  2019 10112
  2020 10112
  2021 10112
  2022 10112
  2023 10112
  2024 10112
  2025 10112
  2026 10112
  2027 10112
  2028 10112
  2029 10112
  2030 10112
  2031 10112
  2032 10112
  2033 10112
  2034 10112
  2035 10112
  2037 10130
  2038 10130
  2039 10130
  2040 10130
  2041 10130
