   690 10118
   691 10118
   692 10118
   693 10118
   694 10118
   695 10118
   696 10118
   697 10118
   698 10118
   699 10118
   700 10118
   701 10118
   702 10118
   703 10118
   704 10118
   705 10118
   706 10118
   707 10118
   708 10118
   709 10118
   710 10118
   711 10118
   712 10118
   713 10118
   714 10118
   715 10118
   716 10118
   717 10118
   718 10118
   719 10118
   720 10118
   721 10118
   722 10118
   723 10118
   724 10118
   725 10118
   726 10118
   727 10118
   728 10118
   729 10118
   730 10118
   731 10118
   732 10118
   733 10118
   734 10118
   735 10118
   736 10118
   737 10118
   738 10118
   739 10118
   740 10118
   741 10118
   742 10118
   743 10118
   744 10118
   745 10118
   746 10118
   747 10118
   748 10118
   749 10118
   750 10118
   751 10118
   752 10118
   753 10118
   754 10118
   755 10118
   756 10118
   757 10118
   758 10118
   759 10118
   760 10118
   761 10118
   762 10118
   763 10118
   764 10118
   765 10118
   766 10118
   767 10118
   768 10118
   769 10118
   770 10118
   771 10118
   772 10118
   773 10118
   774 10118
   775 10118
   776 10118
   777 10118
   778 10118
   779 10118
   780 10118
   781 10162
   782 10162
   783 10162
   784 10162
   785 10162
   786 10162
   787 10162
   788 10162
   789 10162
   790 10162
   791 10162
   792 10162
   793 10162
   794 10162
   795 10162
   796 10162
   797 10162
   798 10162
   799 10162
   800 10162
   801 10162
   802 10162
   803 10162
   804 10162
   805 10162
   806 10162
   807 10162
   808 10162
   809 10162
   810 10162
   811 10162
   812 10162
   813 10162
   814 10162
   815 10162
   816 10162
   817 10162
   818 10162
   819 10162
   820 10162
   821 10162
   822 10162
   823 10162
   824 10162
   825 10162
   826 10162
   827 10162
   828 10162
   829 10162
   830 10162
   831 10162
   832 10162
   833 10162
   834 10162
   835 10162
   836 10162
   837 10162
   838 10162
   839 10162
   840 10162
   841 10162
   842 10162
   843 10162
   844 10162
   845 10162
   846 10162
   847 10162
   848 10162
   849 10162
   850 10162
   851 10162
   852 10162
   853 10162
   854 10162
   855 10162
   856 10162
   857 10162
   858 10162
   859 10162
   860 10162
   861 10162
   862 10162
   863 10162
   864 10162
   865 10162
   866 10162
   867 10162
   868 10162
   869 10162
   870 10162
   871 10162
   872 10162
   873 10162
   874 10162
   875 10162
   876 10162
   877 10162
   878 10162
   879 10162
   880 10162
   881 10162
   882 10162
   883 10162
   884 10162
   885 10162
   886 10162
   887 10162
   888 10162
   889 10162
   890 10162
   891 10162
   892 10162
   893 10162
   894 10162
   895 10162
   896 10162
   897 10162
   898 10162
   899 10162
   900 10162
   901 10162
   902 10162
   903 10162
   904 10162
   905 10162
   906 10162
   907 10162
   908 10162
   909 10162
   910 10162
   911 10162
   912 10162
   913 10162
   914 10162
   915 10162
   916 10162
   917 10162
   918 10162
   919 10162
   920 10162
   921 10162
   922 10162
   923 10162
   924 10162
   925 10162
   926 10162
   927 10162
   928 10162
   929 10162
   930 10162
   931 10162
   932 10162
   933 10162
   934 10162
   935 10162
   936 10162
   937 10162
   938 10162
   939 10162
   940 10162
   941 10162
   942 10162
   943 10162
   944 10162
   945 10162
   946 10162
   947 10162
   948 10162
   949 10162
   950 10162
   951 10162
   952 10162
   953 10162
   954 10162
   955 10162
   956 10162
   957 10162
   958 10162
   959 10162
   960 10162
   961 10162
   962 10162
   963 10162
   964 10162
   965 10162
   966 10162
   967 10162
   968 10162
   969 10162
   970 10162
   971 10162
   972 10162
   973 10162
   974 10162
   975 10162
   976 10162
   977 10162
   978 10162
   979 10162
   980 10162
   981 10162
   982 10162
   983 10162
   984 10162
   985 10162
   986 10162
   987 10162
   988 10162
   989 10162
   990 10162
   991 10162
   992 10162
   993 10162
   994 10162
   995 10162
   996 10162
   997 10162
   998 10162
   999 10162
  1000 10162
  1001 10162
  1002 10162
  1003 10162
  1004 10162
  1005 10162
  1006 10162
  1007 10162
  1008 10162
  1009 10162
  1010 10162
  1011 10162
  1012 10162
  1013 10162
  1014 10162
  1015 10162
  1016 10162
  1017 10162
  1018 10162
  1019 10162
  1020 10162
  1021 10149
  1022 10149
  1023 10149
  1024 10149
  1025 10090
  1026 10090
  1027 10090
  1028 10090
  1029 10090
  1030 10090
  1031 10090
  1032 10090
  1033 10090
  1034 10090
  1035 10090
  1036 10090
  1037 10090
  1038 10090
  1039 10090
  1040 10090
  1041 10090
  1042 10090
  1043 10090
  1044 10090
  1045 10090
  1046 10090
  1047 10090
  1048 10090
  1049 10090
  1050 10090
  1051 10090
  1052 10090
  1053 10090
  1054 10090
  1055 10090
  1056 10090
  1057 10090
  1058 10090
  1059 10090
  1060 10090
  1061 10090
  1062 10090
  1063 10090
  1064 10090
  1065 10090
  1066 10090
  1067 10090
  1068 10090
  1069 10090
  1070 10090
  1071 10090
  1072 10090
  1073 10090
  1074 10090
  1075 10090
  1076 10090
  1077 10090
  1078 10090
  1079 10090
  1080 10090
  1081 10090
  1082 10090
  1083 10090
  1084 10090
  1085 10090
  1086 10090
  1087 10090
  1088 10090
  1089 10090
  1090 10090
  1091 10090
  1092 10090
  1093 10090
  1094 10090
  1095 10090
  1096 10090
  1097 10090
  1098 10090
  1099 10090
  1100 10090
  1101 10090
  1102 10090
  1103 10090
  1104 10090
  1105 10090
  1106 10090
  1107 10090
  1108 10090
  1109 10090
  1110 10090
  1111 10090
  1112 10090
  1113 10090
  1114 10090
  1115 10090
  1116 10090
  1117 10090
  1118 10090
  1119 10090
  1120 10090
  1121 10090
  1122 10090
  1123 10090
  1124 10090
  1125 10090
  1126 10090
  1127 10090
  1128 10090
  1129 10090
  1130 10090
  1131 10090
  1132 10090
  1133 10090
  1134 10090
  1135 10090
  1136 10090
  1137 10090
  1138 10090
  1139 10090
  1140 10090
  1141 10090
  1142 10090
  1143 10090
  1144 10090
  1145 10090
  1146 10090
  1147 10090
  1148 10090
  1149 10090
  1150 10090
  1151 10090
  1152 10090
  1153 10090
  1154 10090
  1155 10090
  1156 10090
  1157 10090
  1158 10090
  1159 10090
  1160 10090
  1161 10090
  1162 10090
  1163 10090
  1164 10090
  1165 10090
  1166 10090
  1167 10090
  1168 10090
  1169 10090
  1170 10090
  1171 10090
  1172 10090
  1173 10090
  1174 10090
  1175 10090
  1176 10090
  1177 10090
  1178 10090
  1179 10090
  1180 10090
  1181 10090
  1182 10090
  1183 10090
  1184 10090
  1185 10090
  1186 10090
  1187 10090
  1188 10090
  1189 10090
  1190 10090
  1191 10090
  1192 10090
  1193 10090
  1194 10090
  1195 10090
  1196 10090
  1197 10090
  1198 10090
  1199 10090
  1200 10090
  1201 10090
  1202 10090
  1203 10090
  1204 10090
  1205 10090
  1206 10090
  1207 10090
  1208 10090
  1209 10090
  1210 10090
  1211 10090
  1212 10090
  1213 10090
  1214 10090
  1215 10090
  1216 10090
  1217 10090
  1218 10090
  1219 10090
  1220 10090
  1221 10090
  1222 10090
  1223 10090
  1224 10090
  1225 10090
  1226 10090
  1227 10090
  1228 10090
  1229 10090
  1230 10090
  1231 10090
  1232 10090
  1233 10090
  1234 10090
  1235 10090
  1236 10090
  1237 10090
  1238 10090
  1239 10090
  1240 10090
  1241 10090
  1242 10090
  1243 10090
  1244 10090
  1245 10090
  1246 10090
  1247 10090
  1248 10090
  1249 10090
  1250 10090
  1251 10090
  1252 10090
  1253 10090
  1254 10090
  1255 10090
  1256 10090
  1257 10090
  1258 10090
  1259 10090
  1260 10090
  1261 10090
  1262 10090
  1263 10090
  1264 10090
  1265 10090
  1266 10090
  1267 10090
  1268 10090
  1269 10090
  1270 10123
  1271 10101
  1272 10101
  1273 10101
  1274 10055
  1275 10018
  1276 10018
  1277 10018
  1278 10018
  1279 10018
  1280 10018
  1281 10018
  1282 10018
  1283 10055
  1284 10055
  1285 10055
  1286 10055
  1287 10055
  1288 10055
  1289 10055
  1290 10055
  1291 10055
  1292 10055
  1293 10055
  1294 10055
  1295 10055
  1296 10055
  1297 10055
  1298 10055
  1299 10055
  1300 10055
  1301 10018
  1302 10018
  1303 10018
  1304 10018
  1305 10018
  1306 10055
  1309 10154
  1310 10154
  1311 10074
  1312 10074
  1314 10036
  1318 10154
  1319 10154
  1320 10154
  1321 10143
  1322 10161
  1323 10161
  1324 10161
  1325 10161
  1326 10161
  1327 10161
  1328 10161
  1329 10161
  1330 10145
  1331 10145
  1332 10015
  1333 10015
  1334 10015
  1335 10015
  1336 10014
  1337 10014
  1338 10014
  1339 10143
  1340 10143
  1341 10016
  1342 10016
  1343 10016
  1344 10143
  1345 10143
  1346 10016
  1347 10016
  1348 10143
  1349 10015
  1350 10143
  1351 10143
  1352 10011
  1353 10016
  1354 10143
  1355 10016
  1356 10143
  1358 10143
  1360 10143
  1361 10143
  1362 10143
  1363 10143
  1364 10143
  1365 10143
  1366 10143
  1367 10143
  1368 10006
  1369 10006
  1370 10006
  1371 10006
  1372 10006
  1373 10143
  1374 10143
  1375 10143
  1376 10143
  1377 10143
  1386 10011
  1387 10011
  1388 10011
  1389 10011
  1390 10011
  1391 10011
  1392 10011
  1393 10011
  1394 10011
  1395 10011
  1396 10011
  1397 10011
  1398 10011
  1399 10011
  1400 10011
  1401 10011
  1402 10011
  1403 10011
  1404 10011
  1405 10011
  1406 10011
  1407 10011
  1408 10011
  1409 10011
  1410 10011
  1411 10011
  1412 10011
  1413 10011
  1414 10011
  1415 10011
  1416 10011
  1417 10011
  1418 10011
  1419 10011
  1420 10011
  1421 10011
  1422 10011
  1423 10011
  1424 10011
  1425 10011
  1426 10011
  1427 10011
  1428 10011
  1429 10011
  1430 10011
  1431 10011
  1432 10011
  1433 10011
  1434 10011
  1435 10011
  1436 10011
  1437 10011
  1438 10011
  1439 10011
  1440 10011
  1441 10011
  1442 10011
  1443 10011
  1444 10011
  1445 10011
  1446 10011
  1447 10011
  1448 10011
  1449 10011
  1450 10011
  1451 10011
  1452 10011
  1453 10011
  1454 10011
  1455 10011
  1456 10011
  1457 10011
  1458 10011
  1459 10011
  1460 10011
  1461 10011
  1462 10011
  1463 10011
  1464 10011
  1465 10011
  1466 10011
  1467 10011
  1468 10011
  1469 10011
  1470 10011
  1471 10011
  1472 10011
  1473 10011
  1474 10011
  1475 10011
  1476 10011
  1477 10011
  1478 10011
  1479 10011
  1480 10011
  1481 10011
  1482 10011
  1483 10011
  1484 10011
  1485 10011
  1486 10011
  1487 10011
  1488 10011
  1489 10011
  1490 10011
  1491 10011
  1492 10011
  1493 10011
  1494 10011
  1495 10011
  1496 10011
  1497 10011
  1498 10011
  1499 10011
  1500 10011
  1501 10011
  1502 10011
  1503 10011
  1504 10011
  1505 10011
  1506 10011
  1507 10011
  1508 10011
  1509 10011
  1510 10011
  1511 10011
  1512 10011
  1513 10011
  1514 10011
  1515 10011
  1516 10011
  1517 10011
  1518 10011
  1519 10011
  1520 10011
  1521 10011
  1522 10011
  1523 10011
  1524 10011
  1525 10011
  1526 10011
  1527 10011
  1528 10011
  1529 10011
  1530 10011
  1531 10011
  1532 10011
  1533 10011
  1534 10011
  1535 10011
  1536 10011
  1537 10011
  1538 10011
  1539 10011
  1540 10011
  1541 10011
  1542 10011
  1543 10011
  1544 10011
  1545 10011
  1546 10011
  1547 10011
  1548 10011
  1549 10011
  1550 10011
  1551 10011
  1552 10011
  1553 10011
  1554 10011
  1555 10011
  1556 10011
  1557 10011
  1558 10011
  1559 10011
  1560 10011
  1561 10011
  1562 10011
  1563 10011
  1564 10011
  1565 10011
  1566 10011
  1567 10011
  1568 10011
  1569 10011
  1570 10011
  1571 10011
  1572 10011
  1573 10011
  1574 10011
  1575 10011
  1576 10011
  1577 10011
  1578 10011
  1579 10011
  1580 10011
  1581 10011
  1582 10011
  1583 10011
  1584 10011
  1585 10011
  1586 10011
  1587 10011
  1588 10011
  1589 10011
  1590 10011
  1591 10011
  1592 10011
  1593 10011
  1594 10011
  1595 10011
  1596 10011
  1597 10011
  1598 10011
  1599 10011
  1600 10011
  1601 10011
  1602 10011
  1603 10011
  1604 10011
  1605 10011
  1606 10011
  1607 10011
  1608 10011
  1609 10011
  1610 10011
  1611 10011
  1612 10011
  1613 10011
  1614 10011
  1615 10011
  1616 10011
  1617 10011
  1618 10011
  1619 10011
  1620 10011
  1625 10123
  1626 10059
  1627 10143
  1628 10014
  1629 10014
  1630 10059
  1631 10059
  1632 10059
  1633 10059
  1634 10059
  1635 10059
  1636 10059
  1637 10059
  1638 10059
  1639 10059
  1640 10059
  1641 10059
  1642 10059
  1643 10059
  1644 10059
  1645 10059
  1646 10059
  1647 10059
  1648 10059
  1649 10059
  1650 10059
  1651 10059
  1652 10059
  1653 10059
  1654 10059
  1655 10059
  1656 10059
  1657 10059
  1658 10059
  1659 10059
  1660 10059
  1661 10059
  1662 10059
  1663 10059
  1664 10059
  1665 10059
  1666 10059
  1667 10059
  1668 10059
  1669 10059
  1670 10059
  1671 10059
  1672 10059
  1673 10059
  1674 10059
  1675 10059
  1676 10059
  1677 10059
  1678 10059
  1679 10059
  1680 10059
  1681 10059
  1682 10059
  1683 10059
  1684 10059
  1685 10059
  1686 10059
  1687 10059
  1688 10059
  1689 10059
  1690 10059
  1691 10059
  1692 10059
  1693 10059
  1694 10059
  1695 10059
  1696 10059
  1697 10059
  1698 10059
  1699 10059
  1700 10059
  1701 10059
  1702 10059
  1703 10059
  1704 10059
  1705 10059
  1706 10059
  1707 10059
  1708 10059
  1709 10059
  1710 10059
  1711 10059
  1712 10059
  1713 10059
  1714 10059
  1715 10059
  1716 10059
  1717 10059
  1718 10059
  1719 10059
  1720 10059
  1721 10059
  1722 10059
  1723 10059
  1724 10059
  1725 10059
  1726 10059
  1727 10059
  1728 10059
  1729 10059
  1730 10059
  1731 10059
  1732 10059
  1733 10059
  1734 10059
  1735 10059
  1736 10059
  1737 10059
  1738 10059
  1739 10059
  1740 10059
  1741 10059
  1742 10059
  1743 10059
  1744 10059
  1745 10059
  1746 10059
  1747 10059
  1748 10059
  1749 10059
  1750 10059
  1751 10059
  1752 10059
  1753 10059
  1754 10059
  1755 10059
  1756 10059
  1757 10059
  1758 10059
  1759 10059
  1760 10059
  1761 10059
  1762 10059
  1763 10059
  1764 10059
  1765 10059
  1766 10059
  1767 10059
  1768 10059
  1769 10059
  1770 10059
  1771 10059
  1772 10059
  1773 10059
  1774 10059
  1775 10059
  1776 10059
  1777 10059
  1778 10059
  1779 10059
  1780 10059
  1781 10059
  1782 10059
  1783 10059
  1784 10059
  1785 10059
  1786 10059
  1787 10059
  1788 10059
  1789 10059
  1790 10059
  1791 10059
  1792 10059
  1793 10059
  1794 10059
  1795 10059
  1796 10059
  1797 10059
  1798 10059
  1799 10059
  1800 10059
  1801 10059
  1802 10059
  1803 10059
  1804 10059
  1805 10059
  1806 10059
  1807 10059
  1808 10059
  1809 10059
  1810 10059
  1811 10059
  1812 10059
  1813 10059
  1814 10059
  1815 10059
  1816 10059
  1817 10059
  1818 10059
  1819 10059
  1820 10059
  1821 10059
  1822 10059
  1823 10059
  1824 10059
  1825 10059
  1826 10059
  1827 10059
  1828 10059
  1829 10059
  1830 10059
  1831 10059
  1832 10059
  1833 10059
  1834 10059
  1835 10059
  1836 10059
  1837 10059
  1838 10059
  1839 10059
  1840 10059
  1841 10059
  1842 10059
  1843 10059
  1844 10059
  1845 10059
  1846 10059
  1847 10059
  1848 10059
  1849 10059
  1850 10059
  1851 10059
  1852 10059
  1853 10059
  1854 10059
  1855 10059
  1856 10059
  1857 10059
  1858 10143
  1859 10122
  1860 10122
  1861 10122
  1862 10122
  1863 10122
  1864 10122
  1865 10122
  1866 10122
  1867 10122
  1868 10122
  1869 10122
  1870 10122
  1871 10122
  1872 10122
  1873 10122
  1874 10122
  1875 10122
  1876 10122
  1877 10122
  1878 10122
  1879 10122
  1880 10122
  1881 10122
  1882 10122
  1883 10122
  1884 10122
  1885 10122
  1886 10122
  1887 10122
  1888 10122
  1889 10122
  1890 10122
  1891 10122
  1892 10122
  1893 10122
  1894 10122
  1895 10122
  1896 10122
  1897 10122
  1898 10122
  1899 10122
  1900 10122
  1901 10122
  1902 10122
  1903 10122
  1904 10122
  1905 10122
  1906 10122
  1907 10122
  1908 10122
  1909 10122
  1910 10122
  1911 10122
  1912 10122
  1913 10122
  1914 10122
  1915 10122
  1916 10122
  1917 10122
  1918 10122
  1919 10122
  1920 10122
  1921 10122
  1922 10122
  1923 10122
  1924 10122
  1925 10122
  1926 10122
  1927 10122
  1928 10122
  1929 10122
  1930 10122
  1931 10122
  1932 10122
  1933 10122
  1934 10122
  1935 10122
  1936 10122
  1937 10122
  1938 10122
  1939 10122
  1940 10122
  1941 10122
  1942 10122
  1943 10122
  1944 10122
  1945 10122
  1946 10122
  1947 10122
  1948 10122
  1949 10122
  1950 10122
  1951 10122
  1952 10122
  1953 10122
  1954 10122
  1955 10122
  1956 10122
  1957 10122
  1958 10122
  1959 10122
  1960 10122
  1961 10122
  1962 10122
  1963 10122
  1964 10122
  1965 10122
  1966 10122
  1967 10122
  1968 10122
  1969 10122
  1970 10122
  1971 10122
  1972 10122
  1973 10122
  1974 10122
  1975 10122
  1976 10122
  1977 10122
  1978 10122
  1979 10122
  1980 10122
  1981 10122
  1982 10122
  1983 10122
  1984 10122
  1985 10122
  1986 10122
  1987 10122
  1988 10122
  1989 10122
  1990 10122
  1991 10122
  1992 10122
  1993 10122
  1994 10122
  1995 10122
  1996 10122
  1997 10122
  1998 10122
  1999 10122
  2000 10122
  2001 10122
  2002 10122
  2003 10122
  2004 10122
  2005 10122
  2006 10122
  2007 10122
  2008 10122
  2009 10122
  2010 10122
  2011 10122
  2012 10122
  2013 10122
  2014 10122
  2015 10122
  2016 10122
  2017 10122
  2018 10122
  2019 10122
  2020 10122
  2021 10122
  2022 10122
  2023 10122
  2024 10122
  2025 10122
  2028 10118
  2029 10118
  2030 10118
