   687 10167
   688 10167
   689 10167
   690 10081
   691 10081
   692 10081
   693 10081
   694 10081
   695 10081
   696 10081
   697 10081
   698 10081
   699 10081
   700 10081
   701 10081
   702 10081
   703 10081
   704 10081
   705 10081
   706 10081
   707 10081
   708 10081
   709 10081
   710 10081
   711 10081
   712 10081
   713 10081
   714 10081
   715 10081
   716 10081
   717 10081
   718 10081
   719 10081
   720 10081
   721 10081
   722 10081
   723 10081
   724 10081
   725 10081
   726 10081
   727 10081
   728 10081
   729 10081
   730 10081
   731 10081
   732 10081
   733 10081
   734 10081
   735 10081
   736 10081
   737 10081
   738 10081
   739 10081
   740 10081
   741 10081
   742 10081
   743 10081
   744 10081
   745 10081
   746 10081
   747 10081
   748 10081
   749 10081
   750 10081
   751 10081
   752 10081
   753 10081
   754 10081
   755 10081
   756 10081
   757 10081
   758 10081
   759 10081
   760 10081
   761 10081
   762 10081
   763 10081
   764 10081
   765 10081
   766 10081
   767 10081
   768 10081
   769 10081
   770 10081
   771 10081
   772 10081
   773 10081
   774 10081
   775 10081
   776 10081
   777 10081
   778 10081
   779 10081
   780 10081
   781 10167
   782 10167
   783 10167
   784 10081
   785 10081
   786 10104
   787 10104
   790 10104
   791 10104
   792 10104
   793 10104
   794 10104
   795 10104
   796 10104
   797 10104
   798 10104
   799 10104
   800 10104
   801 10104
   802 10104
   803 10104
   804 10104
   805 10104
   806 10104
   807 10104
   808 10104
   809 10104
   810 10104
   811 10104
   812 10104
   813 10104
   814 10104
   815 10104
   816 10104
   817 10104
   818 10104
   819 10104
   820 10104
   821 10104
   822 10104
   823 10104
   824 10104
   825 10104
   826 10104
   827 10104
   828 10104
   829 10104
   830 10104
   831 10104
   832 10104
   833 10104
   834 10104
   835 10104
   836 10104
   837 10104
   838 10104
   839 10104
   840 10104
   841 10104
   842 10104
   843 10104
   844 10104
   845 10104
   846 10104
   847 10104
   848 10104
   849 10104
   850 10104
   851 10104
   852 10104
   853 10104
   854 10104
   855 10104
   856 10104
   857 10104
   858 10104
   859 10104
   860 10104
   861 10104
   862 10104
   863 10104
   864 10104
   865 10104
   866 10104
   867 10104
   868 10104
   869 10104
   870 10104
   871 10104
   872 10104
   873 10104
   874 10104
   875 10104
   876 10104
   877 10104
   878 10104
   879 10104
   880 10104
   881 10104
   882 10104
   883 10104
   884 10104
   885 10104
   886 10104
   887 10104
   888 10104
   889 10104
   890 10104
   891 10104
   892 10104
   893 10104
   894 10104
   895 10104
   896 10104
   897 10104
   898 10104
   899 10104
   900 10104
   901 10104
   902 10104
   903 10104
   904 10104
   905 10104
   906 10104
   907 10104
   908 10104
   909 10104
   910 10104
   911 10104
   912 10104
   913 10104
   914 10104
   915 10104
   916 10104
   917 10104
   918 10104
   919 10104
   920 10104
   921 10104
   922 10104
   923 10104
   924 10104
   925 10104
   926 10104
   927 10104
   928 10104
   929 10104
   930 10104
   931 10104
   932 10104
   933 10104
   934 10104
   935 10104
   936 10104
   937 10104
   938 10104
   939 10104
   940 10104
   941 10104
   942 10104
   943 10104
   944 10104
   945 10104
   946 10104
   947 10104
   948 10104
   949 10104
   950 10104
   951 10104
   952 10104
   953 10104
   954 10104
   955 10104
   956 10104
   957 10104
   958 10104
   959 10104
   960 10104
   961 10104
   962 10104
   963 10104
   964 10104
   965 10104
   966 10104
   967 10104
   968 10104
   969 10104
   970 10104
   971 10104
   972 10104
   973 10104
   974 10104
   975 10104
   976 10104
   977 10104
   978 10104
   979 10104
   980 10104
   981 10104
   982 10104
   983 10104
   984 10104
   985 10104
   986 10104
   987 10104
   988 10104
   989 10104
   990 10104
   991 10104
   992 10104
   993 10104
   994 10104
   995 10104
   996 10104
   997 10104
   998 10104
   999 10104
  1000 10104
  1001 10104
  1002 10104
  1003 10104
  1004 10104
  1005 10104
  1006 10104
  1007 10104
  1008 10104
  1009 10104
  1010 10104
  1011 10104
  1012 10104
  1013 10104
  1014 10104
  1015 10104
  1016 10104
  1017 10104
  1018 10104
  1019 10104
  1020 10104
  1026 10088
  1027 10067
  1028 10067
  1029 10067
  1030 10067
  1031 10067
  1032 10088
  1033 10088
  1034 10088
  1035 10088
  1036 10088
  1037 10088
  1038 10088
  1039 10088
  1040 10088
  1041 10088
  1042 10088
  1043 10088
  1044 10088
  1045 10088
  1046 10088
  1047 10088
  1048 10088
  1049 10088
  1050 10088
  1051 10088
  1052 10088
  1053 10088
  1054 10088
  1055 10088
  1056 10088
  1057 10088
  1058 10088
  1059 10088
  1060 10088
  1061 10088
  1062 10088
  1063 10088
  1064 10088
  1065 10088
  1066 10088
  1067 10088
  1068 10088
  1069 10088
  1070 10088
  1071 10088
  1072 10088
  1073 10088
  1074 10088
  1075 10088
  1076 10088
  1077 10088
  1078 10088
  1079 10088
  1080 10088
  1081 10088
  1082 10088
  1083 10088
  1084 10088
  1085 10088
  1086 10088
  1087 10088
  1088 10088
  1089 10088
  1090 10088
  1091 10088
  1092 10088
  1093 10088
  1094 10088
  1095 10088
  1096 10088
  1097 10088
  1098 10088
  1099 10088
  1100 10088
  1101 10088
  1102 10088
  1103 10088
  1104 10088
  1105 10088
  1106 10088
  1107 10088
  1108 10088
  1109 10088
  1110 10088
  1111 10088
  1112 10088
  1113 10088
  1114 10088
  1115 10088
  1116 10088
  1117 10088
  1118 10088
  1119 10088
  1120 10088
  1121 10088
  1122 10088
  1123 10088
  1124 10088
  1125 10088
  1126 10088
  1127 10088
  1128 10088
  1129 10088
  1130 10088
  1131 10088
  1132 10088
  1133 10088
  1134 10088
  1135 10088
  1136 10088
  1137 10088
  1138 10088
  1139 10088
  1140 10088
  1141 10088
  1142 10088
  1143 10088
  1144 10088
  1145 10088
  1146 10088
  1147 10088
  1148 10088
  1149 10088
  1150 10088
  1151 10088
  1152 10088
  1153 10088
  1154 10088
  1155 10088
  1156 10088
  1157 10088
  1158 10088
  1159 10088
  1160 10088
  1161 10088
  1162 10088
  1163 10088
  1164 10088
  1165 10088
  1166 10088
  1167 10088
  1168 10088
  1169 10088
  1170 10088
  1171 10088
  1172 10088
  1173 10088
  1174 10088
  1175 10088
  1176 10088
  1177 10088
  1178 10088
  1179 10088
  1180 10088
  1181 10088
  1182 10088
  1183 10088
  1184 10088
  1185 10088
  1186 10088
  1187 10088
  1188 10088
  1189 10088
  1190 10088
  1191 10088
  1192 10088
  1193 10088
  1194 10088
  1195 10088
  1196 10088
  1197 10088
  1198 10088
  1199 10088
  1200 10088
  1201 10088
  1202 10088
  1203 10088
  1204 10088
  1205 10088
  1206 10088
  1207 10088
  1208 10088
  1209 10088
  1210 10088
  1211 10088
  1212 10088
  1213 10088
  1214 10088
  1215 10088
  1216 10088
  1217 10088
  1218 10088
  1219 10088
  1220 10088
  1221 10088
  1222 10088
  1223 10088
  1224 10088
  1225 10088
  1226 10088
  1227 10088
  1228 10088
  1229 10088
  1230 10088
  1231 10088
  1232 10088
  1233 10088
  1234 10088
  1235 10088
  1236 10088
  1237 10088
  1238 10088
  1239 10088
  1240 10088
  1241 10088
  1242 10088
  1243 10088
  1244 10088
  1245 10088
  1246 10088
  1247 10088
  1248 10088
  1249 10088
  1250 10088
  1251 10088
  1252 10088
  1253 10088
  1254 10088
  1255 10088
  1256 10088
  1257 10088
  1258 10088
  1259 10088
  1260 10101
  1261 10101
  1262 10101
  1265 10134
  1267 10061
  1270 10141
  1271 10141
  1274 10134
  1277 10033
  1278 10033
  1280 10033
  1281 10061
  1282 10061
  1283 10141
  1284 10033
  1285 10141
  1286 10141
  1287 10033
  1292 10033
  1297 10141
  1298 10101
  1299 10141
  1300 10141
  1304 10033
  1306 10055
  1311 10128
  1332 10055
  1335 10141
  1338 10101
  1339 10101
  1340 10169
  1349 10068
  1350 10068
  1351 10068
  1352 10068
  1353 10055
  1354 10040
  1355 10040
  1356 10040
  1357 10040
  1358 10101
  1360 10101
  1364 10101
  1366 10141
  1367 10141
  1368 10141
  1369 10141
  1370 10141
  1375 10141
  1376 10141
  1377 10141
  1378 10141
  1379 10141
  1383 10169
  1384 10169
  1385 10169
  1386 10141
  1387 10141
  1388 10101
  1389 10020
  1390 10020
  1391 10020
  1392 10101
  1393 10020
  1394 10020
  1395 10020
  1396 10020
  1397 10020
  1398 10020
  1399 10020
  1400 10020
  1401 10020
  1402 10020
  1403 10020
  1404 10020
  1405 10020
  1406 10020
  1407 10020
  1408 10020
  1409 10020
  1410 10020
  1411 10020
  1412 10020
  1413 10020
  1414 10020
  1415 10020
  1416 10020
  1417 10020
  1418 10020
  1419 10020
  1420 10020
  1421 10020
  1422 10020
  1423 10020
  1424 10020
  1425 10020
  1426 10020
  1427 10020
  1428 10020
  1429 10020
  1430 10020
  1431 10020
  1432 10020
  1433 10020
  1434 10020
  1435 10020
  1436 10020
  1437 10020
  1438 10020
  1439 10020
  1440 10020
  1441 10020
  1442 10020
  1443 10020
  1444 10020
  1445 10020
  1446 10020
  1447 10020
  1448 10020
  1449 10020
  1450 10020
  1451 10020
  1452 10020
  1453 10020
  1454 10020
  1455 10020
  1456 10020
  1457 10020
  1458 10020
  1459 10020
  1460 10020
  1461 10020
  1462 10020
  1463 10020
  1464 10020
  1465 10020
  1466 10020
  1467 10020
  1468 10020
  1469 10020
  1470 10020
  1471 10020
  1472 10020
  1473 10020
  1474 10020
  1475 10020
  1476 10020
  1477 10020
  1478 10020
  1479 10020
  1480 10020
  1481 10020
  1482 10020
  1483 10020
  1484 10020
  1485 10020
  1486 10020
  1487 10020
  1488 10020
  1489 10020
  1490 10020
  1491 10020
  1492 10020
  1493 10020
  1494 10020
  1495 10020
  1496 10020
  1497 10020
  1498 10020
  1499 10020
  1500 10020
  1501 10020
  1502 10020
  1503 10020
  1504 10020
  1505 10020
  1506 10020
  1507 10020
  1508 10020
  1509 10020
  1510 10020
  1511 10020
  1512 10020
  1513 10020
  1514 10020
  1515 10020
  1516 10020
  1517 10020
  1518 10020
  1519 10020
  1520 10020
  1521 10020
  1522 10020
  1523 10020
  1524 10020
  1525 10020
  1526 10020
  1527 10020
  1528 10020
  1529 10020
  1530 10020
  1531 10020
  1532 10020
  1533 10020
  1534 10020
  1535 10020
  1536 10020
  1537 10020
  1538 10020
  1539 10020
  1540 10020
  1541 10020
  1542 10020
  1543 10020
  1544 10020
  1545 10020
  1546 10020
  1547 10020
  1548 10020
  1549 10020
  1550 10020
  1551 10020
  1552 10020
  1553 10020
  1554 10020
  1555 10020
  1556 10020
  1557 10020
  1558 10020
  1559 10020
  1560 10020
  1561 10020
  1562 10020
  1563 10020
  1564 10020
  1565 10020
  1566 10020
  1567 10020
  1568 10020
  1569 10020
  1570 10020
  1571 10020
  1572 10020
  1573 10020
  1574 10020
  1575 10020
  1576 10020
  1577 10020
  1578 10020
  1579 10020
  1580 10020
  1581 10020
  1582 10020
  1583 10020
  1584 10020
  1585 10020
  1586 10020
  1587 10020
  1588 10020
  1589 10020
  1590 10020
  1591 10020
  1592 10020
  1593 10020
  1594 10020
  1595 10020
  1596 10020
  1597 10020
  1598 10020
  1599 10020
  1600 10020
  1601 10020
  1602 10020
  1603 10020
  1604 10020
  1605 10020
  1606 10020
  1607 10020
  1608 10020
  1609 10020
  1610 10020
  1611 10020
  1612 10020
  1613 10020
  1614 10020
  1615 10020
  1616 10020
  1617 10020
  1618 10020
  1619 10020
  1620 10020
  1622 10154
  1623 10154
  1624 10154
  1625 10014
  1626 10014
  1627 10014
  1628 10014
  1629 10014
  1630 10081
  1631 10081
  1632 10081
  1633 10081
  1634 10081
  1635 10081
  1636 10081
  1637 10081
  1638 10081
  1639 10081
  1640 10081
  1641 10081
  1642 10081
  1643 10081
  1644 10081
  1645 10081
  1646 10081
  1647 10081
  1648 10081
  1649 10081
  1650 10081
  1651 10081
  1652 10081
  1653 10081
  1654 10081
  1655 10081
  1656 10081
  1657 10081
  1658 10081
  1659 10081
  1660 10081
  1661 10081
  1662 10081
  1663 10081
  1664 10081
  1665 10081
  1666 10081
  1667 10081
  1668 10081
  1669 10081
  1670 10081
  1671 10081
  1672 10081
  1673 10081
  1674 10081
  1675 10081
  1676 10081
  1677 10081
  1678 10081
  1679 10081
  1680 10081
  1681 10081
  1682 10081
  1683 10081
  1684 10081
  1685 10081
  1686 10081
  1687 10081
  1688 10081
  1689 10081
  1690 10081
  1691 10081
  1692 10081
  1693 10081
  1694 10081
  1695 10081
  1696 10081
  1697 10081
  1698 10081
  1699 10081
  1700 10081
  1701 10081
  1702 10081
  1703 10081
  1704 10081
  1705 10081
  1706 10081
  1707 10081
  1708 10081
  1709 10081
  1710 10081
  1711 10081
  1712 10081
  1713 10081
  1714 10081
  1715 10081
  1716 10081
  1717 10081
  1718 10081
  1719 10081
  1720 10081
  1721 10081
  1722 10081
  1723 10081
  1724 10081
  1725 10081
  1726 10081
  1727 10081
  1728 10081
  1729 10081
  1730 10081
  1731 10081
  1732 10081
  1733 10081
  1734 10081
  1735 10081
  1736 10081
  1737 10081
  1738 10081
  1739 10081
  1740 10081
  1741 10081
  1742 10081
  1743 10081
  1744 10081
  1745 10081
  1746 10081
  1747 10081
  1748 10081
  1749 10081
  1750 10081
  1751 10081
  1752 10081
  1753 10081
  1754 10081
  1755 10081
  1756 10081
  1757 10081
  1758 10081
  1759 10081
  1760 10081
  1761 10081
  1762 10081
  1763 10081
  1764 10081
  1765 10081
  1766 10081
  1767 10081
  1768 10081
  1769 10081
  1770 10081
  1771 10081
  1772 10081
  1773 10081
  1774 10081
  1775 10081
  1776 10081
  1777 10081
  1778 10081
  1779 10081
  1780 10081
  1781 10081
  1782 10081
  1783 10081
  1784 10081
  1785 10081
  1786 10081
  1787 10081
  1788 10081
  1789 10081
  1790 10081
  1791 10081
  1792 10081
  1793 10081
  1794 10081
  1795 10081
  1796 10081
  1797 10081
  1798 10081
  1799 10081
  1800 10081
  1801 10081
  1802 10081
  1803 10081
  1804 10081
  1805 10081
  1806 10081
  1807 10081
  1808 10081
  1809 10081
  1810 10081
  1811 10081
  1812 10081
  1813 10081
  1814 10081
  1815 10081
  1816 10081
  1817 10081
  1818 10081
  1819 10081
  1820 10081
  1821 10081
  1822 10081
  1823 10081
  1824 10081
  1825 10081
  1826 10081
  1827 10081
  1828 10081
  1829 10081
  1830 10081
  1831 10081
  1832 10081
  1833 10081
  1834 10081
  1835 10081
  1836 10081
  1837 10081
  1838 10081
  1839 10081
  1840 10081
  1841 10081
  1842 10081
  1843 10081
  1844 10081
  1845 10081
  1846 10081
  1847 10081
  1848 10081
  1849 10081
  1850 10081
  1851 10081
  1852 10081
  1853 10081
  1854 10081
  1855 10081
  1856 10074
  1857 10143
  1858 10143
  1859 10143
  1860 10143
  1861 10167
  1862 10167
  1863 10167
