   698 10087
   699 10087
   700 10087
   701 10087
   702 10087
   703 10087
   704 10087
   705 10087
   706 10087
   707 10087
   708 10087
   709 10087
   710 10087
   711 10087
   712 10087
   713 10087
   714 10087
   715 10087
   716 10087
   717 10087
   718 10087
   719 10087
   720 10087
   721 10087
   722 10087
   723 10087
   724 10087
   725 10087
   726 10087
   727 10087
   728 10087
   729 10087
   730 10087
   731 10087
   732 10087
   733 10087
   734 10087
   735 10087
   736 10087
   737 10087
   738 10087
   739 10087
   740 10087
   741 10087
   742 10087
   743 10087
   744 10087
   745 10087
   746 10087
   747 10087
   748 10087
   749 10087
   750 10087
   751 10087
   752 10087
   753 10087
   754 10087
   755 10087
   756 10087
   757 10087
   758 10087
   759 10087
   760 10087
   761 10087
   762 10087
   763 10087
   764 10087
   765 10087
   766 10087
   767 10087
   768 10087
   769 10087
   770 10087
   771 10087
   772 10087
   773 10087
   774 10087
   775 10087
   776 10087
   777 10087
   778 10087
   779 10087
   780 10087
   781 10087
   782 10087
   783 10087
   784 10087
   785 10087
   786 10087
   787 10087
   788 10087
   789 10087
   790 10087
   791 10087
   792 10087
   793 10087
   794 10087
   795 10087
   796 10087
   797 10087
   798 10087
   799 10087
   800 10087
   801 10087
   802 10087
   803 10087
   804 10087
   805 10087
   806 10087
   807 10087
   808 10087
   809 10087
   810 10087
   811 10087
   812 10087
   813 10087
   815 10087
   816 10087
   817 10087
   818 10087
   819 10087
   828 10071
   829 10071
   830 10071
   831 10071
   832 10071
   833 10071
   834 10071
   835 10071
   836 10071
   837 10071
   838 10071
   839 10071
   840 10071
   841 10071
   842 10071
   843 10071
   844 10071
   845 10071
   846 10071
   847 10071
   848 10071
   849 10071
   850 10071
   851 10071
   852 10071
   853 10071
   854 10071
   855 10071
   856 10071
   857 10071
   858 10071
   859 10071
   860 10071
   861 10071
   862 10071
   863 10071
   864 10071
   865 10071
   866 10071
   867 10071
   868 10071
   869 10071
   870 10071
   871 10071
   872 10071
   873 10071
   874 10071
   875 10071
   876 10071
   877 10071
   878 10071
   879 10071
   880 10071
   881 10071
   882 10071
   883 10071
   884 10071
   885 10071
   886 10071
   887 10071
   888 10071
   889 10071
   890 10071
   891 10071
   892 10071
   893 10071
   894 10071
   895 10071
   896 10071
   897 10071
   898 10071
   899 10071
   900 10071
   901 10071
   902 10071
   903 10071
   904 10071
   905 10071
   906 10071
   907 10071
   908 10071
   909 10071
   910 10071
   911 10149
   912 10087
   913 10087
   914 10087
   915 10087
   916 10071
   917 10071
   918 10087
   919 10087
   920 10087
   921 10087
   922 10087
   923 10087
   924 10087
   925 10087
   926 10087
   927 10087
   928 10087
   929 10087
   930 10087
   931 10087
   932 10087
   933 10087
   934 10087
   939 10087
   940 10087
   941 10087
   942 10087
   943 10087
   944 10087
   945 10087
   946 10094
   947 10094
   948 10094
   949 10094
   950 10094
   951 10094
   952 10094
   953 10094
   954 10094
   958 10154
   959 10154
   960 10154
   961 10154
   962 10154
   963 10166
   964 10166
   965 10166
   966 10166
   967 10166
   968 10166
   969 10166
   972 10094
   973 10094
   974 10094
   975 10094
   976 10094
   977 10094
   978 10069
   979 10069
   980 10094
   981 10094
   982 10064
   983 10087
   984 10087
   985 10087
   986 10087
   987 10087
   988 10087
   989 10087
   990 10087
   991 10087
   992 10087
   993 10087
   994 10087
   995 10087
   996 10087
   997 10087
   998 10087
   999 10087
  1000 10087
  1001 10087
  1002 10087
  1003 10087
  1004 10087
  1005 10087
  1006 10087
  1007 10087
  1008 10087
  1009 10087
  1010 10087
  1011 10087
  1012 10087
  1013 10087
  1014 10087
  1015 10087
  1016 10087
  1017 10087
  1018 10087
  1019 10087
  1020 10087
  1021 10087
  1022 10087
  1023 10087
  1024 10087
  1025 10087
  1026 10087
  1031 10087
  1032 10087
  1033 10087
  1034 10087
  1035 10087
  1036 10087
  1037 10087
  1038 10087
  1039 10087
  1040 10087
  1041 10087
  1042 10087
  1043 10087
  1044 10087
  1045 10087
  1046 10087
  1047 10087
  1048 10087
  1049 10087
  1050 10087
  1051 10087
  1052 10087
  1053 10087
  1054 10087
  1075 10087
  1076 10087
  1077 10087
  1078 10087
  1079 10087
  1080 10087
  1081 10087
  1082 10087
  1083 10087
  1084 10087
  1085 10087
  1086 10087
  1087 10087
  1088 10087
  1089 10087
  1090 10087
  1091 10087
  1092 10087
  1093 10087
  1094 10087
  1095 10087
  1096 10087
  1097 10087
  1098 10087
  1231 10064
  1232 10064
  1296 10064
  1297 10064
  1298 10064
  1299 10069
  1300 10069
  1301 10069
  1302 10069
  1303 10069
  1304 10094
  1305 10094
  1306 10094
  1307 10094
  1308 10094
  1309 10094
  1310 10094
  1311 10094
  1312 10094
  1313 10094
  1314 10094
  1315 10094
  1316 10094
  1317 10094
  1318 10094
  1319 10094
  1320 10094
  1321 10094
  1322 10094
  1323 10094
  1324 10094
  1325 10094
  1326 10094
  1327 10094
  1328 10054
  1329 10069
  1365 10055
  1366 10055
  1367 10055
  1368 10055
  1369 10018
  1370 10018
  1371 10018
  1372 10018
  1373 10018
  1374 10018
  1375 10106
  1376 10158
  1377 10106
  1378 10158
  1379 10018
  1380 10018
  1381 10018
  1382 10018
  1383 10055
  1384 10055
  1385 10055
  1386 10055
  1387 10055
  1388 10055
  1389 10018
  1390 10018
  1391 10018
  1392 10018
  1393 10018
  1394 10055
  1395 10055
  1396 10055
  1397 10055
  1398 10055
  1399 10055
  1400 10055
  1401 10055
  1402 10055
  1403 10055
  1404 10018
  1405 10018
  1406 10055
  1407 10055
  1408 10055
  1409 10055
  1410 10018
  1411 10055
  1412 10055
  1413 10055
  1414 10055
  1415 10055
  1416 10055
  1417 10055
  1418 10055
  1419 10055
  1420 10055
  1421 10055
  1422 10055
  1423 10055
  1424 10055
  1425 10055
  1426 10055
  1427 10140
  1428 10018
  1429 10018
  1430 10018
  1431 10055
  1432 10055
  1433 10055
  1434 10055
  1435 10055
  1436 10055
  1437 10140
  1438 10055
  1439 10055
  1440 10055
  1441 10055
  1442 10055
  1443 10140
  1444 10140
  1445 10140
  1446 10140
  1447 10140
  1448 10140
  1449 10140
  1450 10055
  1451 10055
  1452 10055
  1453 10106
  1454 10106
  1455 10098
  1456 10055
  1457 10055
  1458 10055
  1459 10055
  1460 10055
  1461 10055
  1462 10055
  1463 10055
  1464 10158
  1465 10158
  1466 10055
  1467 10055
  1468 10055
  1469 10140
  1470 10055
  1471 10055
  1472 10055
  1473 10055
  1474 10055
  1475 10055
  1476 10055
  1477 10055
  1478 10055
  1479 10055
  1480 10055
  1481 10055
  1482 10055
  1483 10055
  1484 10055
  1485 10055
  1486 10055
  1487 10055
  1488 10055
  1489 10055
  1490 10055
  1491 10055
  1492 10055
  1493 10055
  1494 10055
  1495 10055
  1496 10055
  1497 10055
  1498 10055
  1499 10018
  1500 10055
  1501 10158
  1502 10158
  1503 10018
  1504 10018
  1505 10018
  1506 10018
  1507 10018
  1508 10018
  1509 10158
  1510 10055
  1511 10158
  1512 10055
  1513 10055
  1514 10055
  1515 10055
  1516 10055
  1517 10055
  1519 10069
  1520 10069
  1521 10069
  1522 10069
  1523 10069
  1524 10069
  1525 10094
  1813 10064
  1814 10064
  1815 10064
  1816 10094
  1817 10094
  1818 10094
  1819 10094
  1820 10094
  1821 10094
  1822 10094
  1823 10094
  1824 10094
  1825 10094
  1826 10094
  1827 10094
  1828 10094
  1829 10094
  1830 10094
  1831 10094
  1832 10094
  1833 10094
  1834 10094
  1835 10094
