   690 10009
   691 10009
   692 10009
   693 10009
   694 10009
   695 10009
   696 10009
   697 10009
   698 10009
   699 10009
   700 10009
   701 10009
   702 10009
   703 10009
   704 10009
   705 10009
   706 10009
   707 10009
   708 10009
   709 10009
   710 10009
   711 10009
   712 10009
   713 10009
   714 10009
   715 10009
   716 10009
   717 10009
   718 10009
   719 10009
   720 10009
   721 10009
   722 10009
   723 10009
   724 10009
   725 10009
   726 10009
   727 10009
   728 10009
   729 10009
   730 10009
   731 10009
   732 10009
   733 10009
   734 10009
   735 10009
   736 10009
   737 10009
   738 10009
   739 10009
   740 10009
   741 10009
   742 10009
   743 10009
   744 10009
   745 10009
   746 10009
   747 10009
   748 10009
   749 10009
   750 10009
   751 10009
   752 10009
   753 10009
   754 10009
   755 10009
   756 10009
   757 10009
   758 10009
   759 10009
   760 10009
   761 10009
   762 10009
   763 10009
   764 10009
   765 10009
   766 10009
   767 10009
   768 10009
   769 10009
   770 10009
   771 10009
   772 10009
   773 10009
   774 10009
   775 10009
   776 10009
   777 10009
   778 10009
   779 10009
   780 10009
   783 10095
   784 10044
   785 10044
   786 10044
   787 10044
   788 10044
   789 10044
   790 10044
   791 10044
   792 10044
   793 10044
   794 10044
   795 10044
   796 10044
   797 10044
   798 10044
   799 10044
   800 10044
   801 10044
   802 10044
   803 10044
   804 10044
   805 10044
   806 10044
   807 10044
   808 10044
   809 10044
   810 10044
   811 10044
   812 10044
   813 10044
   814 10044
   815 10044
   816 10044
   817 10044
   818 10044
   819 10044
   820 10044
   821 10044
   822 10044
   823 10044
   824 10044
   825 10044
   826 10044
   827 10044
   828 10044
   829 10044
   830 10044
   831 10044
   832 10044
   833 10044
   834 10044
   835 10044
   836 10044
   837 10044
   838 10044
   839 10044
   840 10044
   841 10044
   842 10044
   843 10044
   844 10044
   845 10044
   846 10044
   847 10044
   848 10044
   849 10044
   850 10044
   851 10044
   852 10044
   853 10044
   854 10044
   855 10044
   856 10044
   857 10044
   858 10044
   859 10044
   860 10044
   861 10044
   862 10044
   863 10044
   864 10044
   865 10044
   866 10044
   867 10044
   868 10044
   869 10044
   870 10044
   871 10044
   872 10044
   873 10044
   874 10044
   875 10044
   876 10044
   877 10044
   878 10044
   879 10044
   880 10044
   881 10044
   882 10044
   883 10044
   884 10044
   885 10044
   886 10044
   887 10044
   888 10044
   889 10044
   890 10044
   891 10044
   892 10044
   893 10044
   894 10044
   895 10044
   896 10044
   897 10044
   898 10044
   899 10044
   900 10044
   901 10044
   902 10044
   903 10044
   904 10044
   905 10044
   906 10044
   907 10044
   908 10044
   909 10044
   910 10044
   911 10044
   912 10044
   913 10044
   914 10044
   915 10044
   916 10044
   917 10044
   918 10044
   919 10044
   920 10044
   921 10044
   922 10044
   923 10044
   924 10044
   925 10044
   926 10044
   927 10044
   928 10044
   929 10044
   930 10044
   931 10044
   932 10044
   933 10044
   934 10044
   935 10044
   936 10044
   937 10044
   938 10044
   939 10044
   940 10044
   941 10044
   942 10044
   943 10044
   944 10044
   945 10044
   946 10044
   947 10044
   948 10044
   949 10044
   950 10044
   951 10044
   952 10044
   953 10044
   954 10044
   955 10044
   956 10044
   957 10044
   958 10044
   959 10044
   960 10044
   961 10044
   962 10044
   963 10044
   964 10044
   965 10044
   966 10044
   967 10044
   968 10044
   969 10044
   970 10044
   971 10044
   972 10044
   973 10044
   974 10044
   975 10044
   976 10044
   977 10044
   978 10044
   979 10044
   980 10044
   981 10044
   982 10044
   983 10044
   984 10044
   985 10044
   986 10044
   987 10044
   988 10044
   989 10044
   990 10044
   991 10044
   992 10044
   993 10044
   994 10044
   995 10044
   996 10044
   997 10044
   998 10044
   999 10044
  1000 10044
  1001 10044
  1002 10044
  1003 10044
  1004 10044
  1005 10044
  1006 10044
  1007 10044
  1008 10044
  1009 10044
  1010 10044
  1011 10044
  1012 10044
  1013 10044
  1014 10044
  1015 10044
  1016 10044
  1017 10044
  1018 10044
  1019 10044
  1020 10044
  1021 10024
  1022 10024
  1025 10149
  1026 10090
  1027 10039
  1028 10090
  1029 10090
  1030 10090
  1031 10090
  1032 10090
  1033 10090
  1034 10090
  1035 10090
  1036 10090
  1037 10090
  1038 10090
  1039 10090
  1040 10090
  1041 10090
  1042 10090
  1043 10090
  1044 10090
  1045 10090
  1046 10090
  1047 10090
  1048 10090
  1049 10090
  1050 10090
  1051 10090
  1052 10090
  1053 10090
  1054 10090
  1055 10090
  1056 10090
  1057 10090
  1058 10090
  1059 10090
  1060 10090
  1061 10090
  1062 10090
  1063 10090
  1064 10090
  1065 10090
  1066 10090
  1067 10090
  1068 10090
  1069 10090
  1070 10090
  1071 10090
  1072 10090
  1073 10090
  1074 10090
  1075 10090
  1076 10090
  1077 10090
  1078 10090
  1079 10090
  1080 10090
  1081 10090
  1082 10090
  1083 10090
  1084 10090
  1085 10090
  1086 10090
  1087 10090
  1088 10090
  1089 10090
  1090 10090
  1091 10090
  1092 10090
  1093 10090
  1094 10090
  1095 10090
  1096 10090
  1097 10090
  1098 10090
  1099 10090
  1100 10090
  1101 10090
  1102 10090
  1103 10090
  1104 10090
  1105 10090
  1106 10090
  1107 10090
  1108 10090
  1109 10090
  1110 10090
  1111 10090
  1112 10090
  1113 10090
  1114 10090
  1115 10090
  1116 10090
  1117 10090
  1118 10090
  1119 10090
  1120 10090
  1121 10090
  1122 10090
  1123 10090
  1124 10090
  1125 10090
  1126 10090
  1127 10090
  1128 10090
  1129 10090
  1130 10090
  1131 10090
  1132 10090
  1133 10090
  1134 10090
  1135 10090
  1136 10090
  1137 10090
  1138 10090
  1139 10090
  1140 10090
  1141 10090
  1142 10090
  1143 10090
  1144 10090
  1145 10090
  1146 10090
  1147 10090
  1148 10090
  1149 10090
  1150 10090
  1151 10090
  1152 10090
  1153 10090
  1154 10090
  1155 10090
  1156 10090
  1157 10090
  1158 10090
  1159 10090
  1160 10090
  1161 10090
  1162 10090
  1163 10090
  1164 10090
  1165 10090
  1166 10090
  1167 10090
  1168 10090
  1169 10090
  1170 10090
  1171 10090
  1172 10090
  1173 10090
  1174 10090
  1175 10090
  1176 10090
  1177 10090
  1178 10090
  1179 10090
  1180 10090
  1181 10090
  1182 10090
  1183 10090
  1184 10090
  1185 10090
  1186 10090
  1187 10090
  1188 10090
  1189 10090
  1190 10090
  1191 10090
  1192 10090
  1193 10090
  1194 10090
  1195 10090
  1196 10090
  1197 10090
  1198 10090
  1199 10090
  1200 10090
  1201 10090
  1202 10090
  1203 10090
  1204 10090
  1205 10090
  1206 10090
  1207 10090
  1208 10090
  1209 10090
  1210 10090
  1211 10090
  1212 10090
  1213 10090
  1214 10090
  1215 10090
  1216 10090
  1217 10090
  1218 10090
  1219 10090
  1220 10090
  1221 10090
  1222 10090
  1223 10090
  1224 10090
  1225 10090
  1226 10090
  1227 10090
  1228 10090
  1229 10090
  1230 10090
  1231 10090
  1232 10090
  1233 10090
  1234 10090
  1235 10090
  1236 10090
  1237 10090
  1238 10090
  1239 10090
  1240 10090
  1241 10090
  1242 10090
  1243 10090
  1244 10090
  1245 10090
  1246 10090
  1247 10090
  1248 10090
  1249 10090
  1250 10090
  1251 10090
  1252 10090
  1253 10090
  1254 10090
  1255 10090
  1256 10090
  1257 10090
  1258 10090
  1259 10090
  1260 10090
  1261 10090
  1262 10090
  1264 10039
  1265 10090
  1266 10134
  1267 10134
  1268 10134
  1269 10134
  1270 10134
  1271 10047
  1272 10101
  1273 10101
  1274 10134
  1275 10134
  1276 10134
  1277 10134
  1278 10134
  1279 10134
  1280 10134
  1281 10134
  1282 10134
  1283 10134
  1284 10134
  1285 10134
  1286 10134
  1287 10134
  1288 10134
  1289 10134
  1290 10134
  1291 10134
  1292 10134
  1293 10134
  1294 10134
  1295 10134
  1296 10134
  1297 10134
  1298 10134
  1299 10134
  1300 10134
  1301 10134
  1302 10134
  1303 10134
  1304 10134
  1305 10134
  1306 10134
  1307 10134
  1308 10134
  1309 10134
  1310 10134
  1311 10134
  1312 10134
  1313 10134
  1314 10134
  1315 10134
  1316 10134
  1317 10134
  1318 10134
  1319 10134
  1320 10134
  1321 10134
  1322 10134
  1323 10134
  1324 10134
  1325 10134
  1326 10134
  1327 10134
  1328 10134
  1329 10134
  1330 10134
  1331 10134
  1332 10134
  1333 10134
  1334 10134
  1335 10134
  1336 10134
  1337 10134
  1338 10134
  1339 10134
  1340 10134
  1341 10134
  1342 10134
  1343 10134
  1344 10134
  1345 10134
  1346 10134
  1347 10134
  1348 10134
  1349 10134
  1350 10134
  1351 10134
  1352 10134
  1353 10134
  1354 10134
  1355 10134
  1356 10134
  1357 10134
  1358 10134
  1359 10134
  1360 10134
  1361 10134
  1362 10134
  1363 10134
  1364 10134
  1365 10134
  1366 10134
  1367 10134
  1368 10134
  1369 10134
  1370 10134
  1371 10134
  1372 10134
  1373 10134
  1374 10134
  1375 10134
  1376 10134
  1377 10134
  1378 10134
  1379 10134
  1380 10134
  1381 10134
  1382 10134
  1383 10134
  1384 10134
  1385 10134
  1386 10134
  1387 10134
  1388 10134
  1389 10134
  1390 10134
  1391 10134
  1392 10134
  1393 10134
  1394 10134
  1395 10134
  1396 10134
  1397 10134
  1398 10134
  1399 10134
  1400 10134
  1401 10134
  1402 10134
  1403 10134
  1404 10134
  1405 10134
  1406 10134
  1407 10134
  1408 10134
  1409 10134
  1410 10134
  1411 10134
  1412 10134
  1413 10134
  1414 10134
  1415 10134
  1416 10134
  1417 10134
  1418 10134
  1419 10134
  1420 10134
  1421 10134
  1422 10134
  1423 10134
  1424 10134
  1425 10134
  1426 10134
  1427 10134
  1428 10134
  1429 10134
  1430 10134
  1431 10134
  1432 10134
  1433 10134
  1434 10134
  1435 10134
  1436 10134
  1437 10134
  1438 10134
  1439 10134
  1440 10134
  1441 10134
  1442 10134
  1443 10134
  1444 10134
  1445 10134
  1446 10134
  1447 10134
  1448 10134
  1449 10134
  1450 10134
  1451 10134
  1452 10134
  1453 10134
  1454 10134
  1455 10134
  1456 10134
  1457 10134
  1458 10134
  1459 10134
  1460 10134
  1461 10134
  1462 10134
  1463 10134
  1464 10134
  1465 10134
  1466 10134
  1467 10134
  1468 10134
  1469 10134
  1470 10134
  1471 10134
  1472 10134
  1473 10134
  1474 10134
  1475 10134
  1476 10134
  1477 10134
  1478 10134
  1479 10134
  1480 10134
  1481 10134
  1482 10134
  1483 10134
  1484 10134
  1485 10134
  1486 10134
  1487 10134
  1488 10134
  1489 10134
  1490 10134
  1491 10134
  1492 10134
  1493 10134
  1494 10134
  1495 10134
  1496 10134
  1497 10134
  1498 10134
  1499 10134
  1500 10134
  1501 10018
  1502 10018
  1503 10018
  1504 10018
  1505 10106
  1506 10106
  1507 10106
  1508 10106
  1509 10018
  1510 10106
  1511 10106
  1512 10106
  1513 10106
  1514 10106
  1515 10106
  1516 10106
  1517 10106
  1518 10106
  1519 10106
  1520 10106
  1521 10106
  1522 10106
  1523 10106
  1524 10106
  1525 10106
  1526 10106
  1527 10106
  1528 10106
  1529 10106
  1530 10106
  1531 10106
  1532 10106
  1533 10018
  1534 10018
  1535 10106
  1536 10106
  1537 10106
  1538 10106
  1539 10106
  1540 10106
  1541 10106
  1542 10106
  1543 10106
  1544 10106
  1545 10106
  1546 10106
  1547 10106
  1548 10106
  1549 10106
  1550 10106
  1551 10106
  1552 10106
  1553 10040
  1554 10106
  1555 10106
  1556 10106
  1557 10106
  1558 10106
  1559 10106
  1560 10106
  1561 10106
  1562 10106
  1563 10106
  1564 10106
  1565 10106
  1566 10040
  1567 10106
  1568 10106
  1569 10106
  1570 10106
  1571 10106
  1572 10106
  1573 10055
  1574 10106
  1575 10106
  1576 10055
  1582 10055
  1583 10029
  1584 10114
  1586 10114
  1587 10114
  1588 10114
  1589 10114
  1590 10114
  1591 10114
  1592 10114
  1593 10114
  1594 10114
  1595 10114
  1596 10114
  1597 10114
  1598 10114
  1599 10114
  1600 10110
  1601 10114
  1622 10118
  1623 10118
  1624 10118
  1625 10118
  1626 10132
  1627 10118
  1628 10118
  1629 10118
  1630 10118
  1631 10118
  1632 10118
  1633 10118
  1634 10118
  1635 10118
  1636 10118
  1637 10118
  1638 10118
  1639 10118
  1640 10118
  1641 10118
  1642 10118
  1643 10118
  1644 10118
  1645 10118
  1646 10118
  1647 10118
  1648 10118
  1649 10118
  1650 10118
  1651 10118
  1652 10118
  1653 10118
  1654 10118
  1655 10118
  1656 10118
  1657 10118
  1658 10118
  1659 10118
  1660 10118
  1661 10118
  1662 10118
  1663 10118
  1664 10118
  1665 10118
  1666 10118
  1667 10118
  1668 10118
  1669 10118
  1670 10118
  1671 10118
  1672 10118
  1673 10118
  1674 10118
  1675 10118
  1676 10118
  1677 10118
  1678 10118
  1679 10118
  1680 10118
  1681 10118
  1682 10118
  1683 10118
  1684 10118
  1685 10118
  1686 10118
  1687 10118
  1688 10118
  1689 10118
  1690 10118
  1691 10118
  1692 10118
  1693 10118
  1694 10118
  1695 10118
  1696 10118
  1697 10118
  1698 10118
  1699 10118
  1700 10118
  1701 10118
  1702 10118
  1703 10118
  1704 10118
  1705 10118
  1706 10118
  1707 10118
  1708 10118
  1709 10118
  1710 10118
  1711 10118
  1712 10118
  1713 10118
  1714 10118
  1715 10118
  1716 10118
  1717 10118
  1718 10118
  1719 10118
  1720 10118
  1721 10118
  1722 10118
  1723 10118
  1724 10118
  1725 10118
  1726 10118
  1727 10118
  1728 10118
  1729 10118
  1730 10118
  1731 10118
  1732 10118
  1733 10118
  1734 10118
  1735 10118
  1736 10118
  1737 10118
  1738 10118
  1739 10118
  1740 10118
  1741 10118
  1742 10118
  1743 10118
  1744 10118
  1745 10118
  1746 10118
  1747 10118
  1748 10118
  1749 10118
  1750 10118
  1751 10118
  1752 10118
  1753 10118
  1754 10118
  1755 10118
  1756 10118
  1757 10118
  1758 10118
  1759 10118
  1760 10118
  1761 10118
  1762 10118
  1763 10118
  1764 10118
  1765 10118
  1766 10118
  1767 10118
  1768 10118
  1769 10118
  1770 10118
  1771 10118
  1772 10118
  1773 10118
  1774 10118
  1775 10118
  1776 10118
  1777 10118
  1778 10118
  1779 10118
  1780 10118
  1781 10118
  1782 10118
  1783 10118
  1784 10118
  1785 10118
  1786 10118
  1787 10118
  1788 10118
  1789 10118
  1790 10118
  1791 10118
  1792 10118
  1793 10118
  1794 10118
  1795 10118
  1796 10118
  1797 10118
  1798 10118
  1799 10118
  1800 10118
  1801 10118
  1802 10118
  1803 10118
  1804 10118
  1805 10118
  1806 10118
  1807 10118
  1808 10118
  1809 10118
  1810 10118
  1811 10118
  1812 10118
  1813 10118
  1814 10118
  1815 10118
  1816 10118
  1817 10118
  1818 10118
  1819 10118
  1820 10118
  1821 10118
  1822 10118
  1823 10118
  1824 10118
  1825 10118
  1826 10118
  1827 10118
  1828 10118
  1829 10118
  1830 10118
  1831 10118
  1832 10118
  1833 10118
  1834 10118
  1835 10118
  1836 10118
  1837 10118
  1838 10118
  1839 10118
  1840 10118
  1841 10118
  1842 10118
  1843 10118
  1844 10118
  1845 10118
  1846 10118
  1847 10118
  1848 10118
  1849 10118
  1850 10118
  1851 10118
  1852 10118
  1853 10118
  1854 10118
  1855 10118
  1856 10118
  1857 10118
  1858 10118
  1859 10118
  1860 10118
  1861 10118
  1862 10118
  1863 10118
  1864 10118
  1865 10118
  1866 10118
  1867 10118
  1868 10118
  1869 10118
  1870 10122
  1871 10122
  1872 10122
  1873 10122
  1874 10122
  1875 10122
  1876 10122
  1877 10122
  1878 10122
  1879 10122
  1880 10122
  1881 10122
  1882 10122
  1883 10122
  1884 10122
  1885 10122
  1886 10122
  1887 10122
  1888 10122
  1889 10122
  1890 10122
  1891 10122
  1892 10122
  1893 10122
  1894 10122
  1895 10122
  1896 10122
  1897 10122
  1898 10122
  1899 10122
  1900 10122
  1901 10122
  1902 10122
  1903 10122
  1904 10122
  1905 10122
  1906 10122
  1907 10122
  1908 10122
  1909 10122
  1910 10122
  1911 10122
  1912 10122
  1913 10122
  1914 10122
  1915 10122
  1916 10122
  1917 10122
  1918 10122
  1919 10122
  1920 10122
  1921 10122
  1922 10122
  1923 10122
  1924 10122
  1925 10122
  1926 10122
  1927 10122
  1928 10122
  1929 10122
  1930 10122
  1931 10122
  1932 10122
  1933 10122
  1934 10122
  1935 10122
  1936 10122
  1937 10122
  1938 10122
  1939 10122
  1940 10122
  1941 10122
  1942 10122
  1943 10122
  1944 10122
  1945 10122
  1946 10122
  1947 10122
  1948 10122
  1949 10122
  1950 10122
  1951 10122
  1952 10122
  1953 10122
  1954 10122
  1955 10122
  1956 10122
  1957 10122
  1958 10122
  1959 10122
  1960 10122
  1961 10122
  1962 10122
  1963 10122
  1964 10122
  1965 10122
  1966 10122
  1967 10122
  1968 10122
  1969 10122
  1970 10122
  1971 10122
  1972 10122
  1973 10122
  1974 10122
  1975 10122
  1976 10122
  1977 10122
  1978 10122
  1979 10122
  1980 10122
  1981 10122
  1982 10122
  1983 10122
  1984 10122
  1985 10122
  1986 10122
  1987 10122
  1988 10122
  1989 10122
  1990 10122
  1991 10122
  1992 10122
  1993 10122
  1994 10122
  1995 10122
  1996 10122
  1997 10122
  1998 10122
  1999 10122
  2000 10122
  2001 10122
  2002 10122
  2003 10122
  2004 10122
  2005 10122
  2006 10122
  2007 10122
  2008 10122
  2009 10122
  2010 10122
  2011 10122
  2012 10122
  2013 10122
  2014 10122
  2015 10122
  2016 10122
  2017 10122
  2018 10122
  2019 10122
  2020 10122
  2022 10009
  2023 10009
