   690 10165
   691 10165
   692 10165
   693 10165
   694 10165
   695 10165
   696 10165
   697 10165
   698 10165
   699 10165
   700 10165
   701 10165
   702 10165
   703 10165
   704 10165
   705 10165
   706 10165
   707 10165
   708 10165
   709 10165
   710 10165
   711 10165
   712 10165
   713 10165
   714 10165
   715 10165
   716 10165
   717 10165
   718 10165
   719 10165
   720 10165
   721 10165
   722 10165
   723 10165
   724 10165
   725 10165
   726 10165
   727 10165
   728 10165
   729 10165
   730 10165
   731 10165
   732 10165
   733 10165
   734 10165
   735 10165
   736 10165
   737 10165
   738 10165
   739 10165
   740 10165
   741 10165
   742 10165
   743 10165
   744 10165
   745 10165
   746 10165
   747 10165
   748 10165
   749 10165
   750 10165
   751 10165
   752 10165
   753 10165
   754 10165
   755 10165
   756 10165
   757 10165
   758 10165
   759 10165
   760 10165
   761 10165
   762 10165
   763 10165
   764 10165
   765 10165
   766 10165
   767 10165
   768 10165
   769 10165
   770 10165
   771 10165
   772 10165
   773 10165
   774 10165
   775 10165
   776 10165
   777 10165
   778 10165
   779 10165
   780 10165
   781 10101
   782 10134
   783 10101
   784 10101
   785 10138
   786 10138
   787 10138
   788 10138
   789 10138
   790 10138
   791 10138
   792 10138
   793 10138
   794 10138
   795 10138
   796 10138
   797 10138
   798 10138
   799 10138
   800 10138
   801 10138
   802 10138
   803 10138
   804 10138
   805 10138
   806 10138
   807 10138
   808 10138
   809 10138
   810 10138
   811 10138
   812 10138
   813 10138
   814 10138
   815 10138
   816 10138
   817 10138
   818 10138
   819 10138
   820 10138
   821 10138
   822 10138
   823 10138
   824 10138
   825 10138
   826 10138
   827 10138
   828 10138
   829 10138
   830 10138
   831 10138
   832 10138
   833 10138
   834 10138
   835 10138
   836 10138
   837 10138
   838 10138
   839 10138
   840 10138
   841 10138
   842 10138
   843 10138
   844 10138
   845 10138
   846 10138
   847 10138
   848 10138
   849 10138
   850 10138
   851 10138
   852 10138
   853 10138
   854 10138
   855 10138
   856 10138
   857 10138
   858 10138
   859 10138
   860 10138
   861 10138
   862 10138
   863 10138
   864 10138
   865 10138
   866 10138
   867 10138
   868 10138
   869 10138
   870 10138
   871 10138
   872 10138
   873 10138
   874 10138
   875 10138
   876 10138
   877 10138
   878 10138
   879 10138
   880 10138
   881 10138
   882 10138
   883 10138
   884 10138
   885 10138
   886 10138
   887 10138
   888 10138
   889 10138
   890 10138
   891 10138
   892 10138
   893 10138
   894 10138
   895 10138
   896 10138
   897 10138
   898 10138
   899 10138
   900 10138
   901 10138
   902 10138
   903 10138
   904 10138
   905 10138
   906 10138
   907 10138
   908 10138
   909 10138
   910 10138
   911 10138
   912 10138
   913 10138
   914 10138
   915 10138
   916 10138
   917 10138
   918 10138
   919 10138
   920 10138
   921 10138
   922 10138
   923 10138
   924 10138
   925 10138
   926 10138
   927 10138
   928 10138
   929 10138
   930 10138
   931 10138
   932 10138
   933 10138
   934 10138
   935 10138
   936 10138
   937 10138
   938 10138
   939 10138
   940 10138
   941 10138
   942 10138
   943 10138
   944 10138
   945 10138
   946 10138
   947 10138
   948 10138
   949 10138
   950 10138
   951 10138
   952 10138
   953 10138
   954 10138
   955 10138
   956 10138
   957 10138
   958 10138
   959 10138
   960 10138
   961 10138
   962 10138
   963 10138
   964 10138
   965 10138
   966 10138
   967 10138
   968 10138
   969 10138
   970 10138
   971 10138
   972 10138
   973 10138
   974 10138
   975 10138
   976 10138
   977 10138
   978 10138
   979 10138
   980 10138
   981 10138
   982 10138
   983 10138
   984 10138
   985 10138
   986 10138
   987 10138
   988 10138
   989 10138
   990 10138
   991 10138
   992 10138
   993 10138
   994 10138
   995 10138
   996 10138
   997 10138
   998 10138
   999 10138
  1000 10138
  1001 10138
  1002 10138
  1003 10138
  1004 10138
  1005 10138
  1006 10138
  1007 10138
  1008 10138
  1009 10138
  1010 10138
  1011 10138
  1012 10138
  1013 10138
  1014 10138
  1015 10138
  1016 10138
  1017 10138
  1018 10138
  1019 10138
  1020 10138
  1023 10104
  1026 10104
  1027 10104
  1028 10137
  1029 10137
  1030 10137
  1031 10131
  1037 10137
  1038 10137
  1039 10137
  1040 10137
  1041 10137
  1042 10137
  1043 10137
  1044 10137
  1045 10137
  1046 10137
  1047 10137
  1048 10137
  1049 10137
  1050 10137
  1051 10137
  1052 10137
  1053 10137
  1054 10137
  1055 10137
  1056 10137
  1057 10137
  1058 10137
  1059 10137
  1060 10137
  1061 10137
  1062 10137
  1063 10137
  1064 10137
  1065 10137
  1066 10137
  1067 10137
  1068 10137
  1069 10137
  1070 10137
  1071 10137
  1072 10137
  1073 10137
  1074 10137
  1075 10137
  1076 10137
  1077 10137
  1078 10137
  1079 10137
  1080 10137
  1081 10137
  1082 10137
  1083 10137
  1084 10137
  1085 10137
  1086 10137
  1087 10137
  1088 10137
  1089 10137
  1090 10137
  1091 10137
  1092 10137
  1093 10137
  1094 10137
  1095 10137
  1096 10137
  1097 10137
  1098 10137
  1099 10137
  1100 10137
  1101 10137
  1102 10137
  1103 10137
  1104 10137
  1105 10137
  1106 10137
  1107 10137
  1108 10137
  1109 10137
  1110 10137
  1111 10137
  1112 10137
  1113 10137
  1114 10137
  1115 10137
  1116 10137
  1117 10137
  1118 10137
  1119 10137
  1120 10137
  1121 10137
  1122 10137
  1123 10137
  1124 10137
  1125 10137
  1126 10137
  1127 10137
  1128 10137
  1129 10137
  1130 10137
  1131 10137
  1132 10137
  1133 10137
  1134 10137
  1135 10137
  1136 10137
  1137 10137
  1138 10137
  1139 10137
  1140 10137
  1141 10137
  1142 10137
  1143 10137
  1144 10137
  1145 10137
  1146 10137
  1147 10137
  1148 10137
  1149 10137
  1150 10137
  1151 10137
  1152 10137
  1153 10137
  1154 10137
  1155 10137
  1156 10137
  1157 10137
  1158 10137
  1159 10137
  1160 10137
  1161 10137
  1162 10137
  1163 10137
  1164 10137
  1165 10137
  1166 10137
  1167 10137
  1168 10137
  1169 10137
  1170 10137
  1171 10137
  1172 10137
  1173 10137
  1174 10137
  1175 10137
  1176 10137
  1177 10137
  1178 10137
  1179 10137
  1180 10137
  1181 10137
  1182 10137
  1183 10137
  1184 10137
  1185 10137
  1186 10137
  1187 10137
  1188 10137
  1189 10137
  1190 10137
  1191 10137
  1192 10137
  1193 10137
  1194 10137
  1195 10137
  1196 10137
  1197 10137
  1198 10137
  1199 10137
  1200 10137
  1201 10137
  1202 10137
  1203 10137
  1204 10137
  1205 10137
  1206 10137
  1207 10137
  1208 10137
  1209 10137
  1210 10137
  1211 10137
  1212 10137
  1213 10137
  1214 10137
  1215 10137
  1216 10137
  1217 10137
  1218 10137
  1219 10137
  1220 10137
  1221 10137
  1222 10137
  1223 10137
  1224 10137
  1225 10137
  1226 10137
  1227 10137
  1228 10137
  1229 10137
  1230 10137
  1231 10137
  1232 10137
  1233 10137
  1234 10137
  1235 10137
  1236 10137
  1237 10137
  1238 10137
  1239 10137
  1240 10137
  1241 10137
  1242 10137
  1243 10137
  1244 10137
  1245 10137
  1246 10137
  1247 10137
  1248 10137
  1249 10137
  1250 10137
  1251 10137
  1252 10137
  1258 10137
  1259 10104
  1260 10104
  1261 10104
  1262 10104
  1263 10104
  1264 10104
  1265 10104
  1266 10104
  1267 10104
  1268 10104
  1269 10104
  1270 10104
  1271 10104
  1272 10104
  1273 10104
  1274 10104
  1275 10104
  1276 10104
  1277 10104
  1278 10104
  1279 10104
  1280 10104
  1281 10104
  1282 10104
  1283 10104
  1284 10104
  1285 10104
  1286 10104
  1287 10104
  1288 10104
  1289 10104
  1290 10104
  1291 10104
  1292 10104
  1293 10104
  1294 10104
  1295 10104
  1296 10104
  1297 10104
  1298 10104
  1299 10104
  1300 10104
  1301 10104
  1302 10104
  1303 10104
  1304 10104
  1305 10104
  1306 10104
  1307 10104
  1308 10104
  1309 10104
  1310 10104
  1311 10104
  1312 10104
  1313 10104
  1314 10104
  1315 10104
  1316 10104
  1317 10104
  1318 10104
  1319 10104
  1320 10104
  1321 10104
  1322 10104
  1323 10104
  1324 10104
  1325 10104
  1326 10104
  1327 10104
  1328 10104
  1329 10104
  1330 10104
  1331 10104
  1332 10104
  1333 10104
  1334 10104
  1335 10104
  1336 10104
  1337 10104
  1338 10104
  1339 10104
  1340 10104
  1341 10104
  1342 10104
  1343 10104
  1344 10104
  1345 10104
  1346 10104
  1347 10104
  1348 10104
  1349 10104
  1350 10104
  1351 10104
  1352 10104
  1353 10104
  1354 10104
  1355 10104
  1356 10104
  1357 10104
  1358 10104
  1359 10104
  1360 10104
  1361 10104
  1362 10104
  1363 10104
  1364 10104
  1365 10104
  1366 10104
  1367 10104
  1368 10104
  1369 10104
  1370 10104
  1371 10104
  1372 10104
  1373 10104
  1374 10104
  1375 10104
  1376 10104
  1377 10104
  1378 10104
  1379 10104
  1380 10104
  1381 10104
  1382 10104
  1383 10104
  1384 10104
  1385 10104
  1386 10104
  1387 10104
  1388 10104
  1389 10104
  1390 10104
  1391 10104
  1392 10104
  1393 10104
  1394 10104
  1395 10104
  1396 10104
  1397 10104
  1398 10104
  1399 10104
  1400 10104
  1401 10104
  1402 10104
  1403 10104
  1404 10104
  1405 10104
  1406 10104
  1407 10104
  1408 10104
  1409 10104
  1410 10104
  1411 10104
  1412 10104
  1413 10104
  1414 10104
  1415 10104
  1416 10104
  1417 10104
  1418 10104
  1419 10104
  1420 10104
  1421 10104
  1422 10104
  1423 10104
  1424 10104
  1425 10104
  1426 10104
  1427 10104
  1428 10104
  1429 10104
  1430 10104
  1431 10104
  1432 10104
  1433 10104
  1434 10104
  1435 10104
  1436 10104
  1437 10104
  1438 10104
  1439 10104
  1440 10104
  1441 10104
  1442 10104
  1443 10104
  1444 10104
  1445 10104
  1446 10104
  1447 10104
  1448 10104
  1449 10104
  1450 10104
  1451 10104
  1452 10104
  1453 10104
  1454 10104
  1455 10104
  1456 10104
  1457 10104
  1458 10104
  1459 10104
  1460 10104
  1461 10104
  1462 10104
  1463 10104
  1464 10104
  1465 10104
  1466 10104
  1467 10104
  1468 10104
  1469 10104
  1470 10104
  1471 10104
  1472 10104
  1473 10104
  1474 10104
  1475 10104
  1476 10104
  1477 10104
  1478 10104
  1479 10104
  1480 10104
  1481 10104
  1482 10104
  1483 10104
  1484 10104
  1485 10104
  1486 10104
  1487 10104
  1488 10104
  1489 10104
  1490 10104
  1491 10104
  1492 10104
  1493 10104
  1494 10104
  1495 10104
  1496 10104
  1497 10104
  1498 10104
  1499 10104
  1500 10104
  1501 10104
  1502 10125
  1503 10125
  1504 10125
  1505 10125
  1506 10125
  1507 10125
  1508 10104
  1509 10125
  1510 10125
  1511 10125
  1512 10125
  1513 10125
  1514 10125
  1515 10125
  1516 10125
  1517 10125
  1518 10125
  1519 10125
  1524 10055
  1526 10055
  1528 10055
  1529 10055
  1530 10018
  1531 10158
  1532 10158
  1533 10158
  1534 10158
  1535 10158
  1536 10158
  1537 10158
  1538 10158
  1539 10158
  1540 10158
  1541 10158
  1542 10158
  1543 10158
  1544 10158
  1545 10158
  1546 10158
  1547 10158
  1548 10158
  1549 10158
  1550 10158
  1551 10158
  1552 10158
  1553 10158
  1554 10158
  1555 10158
  1556 10158
  1557 10158
  1558 10055
  1559 10158
  1560 10158
  1561 10158
  1562 10158
  1563 10158
  1564 10158
  1565 10158
  1566 10158
  1567 10158
  1568 10158
  1569 10158
  1570 10158
  1571 10158
  1572 10158
  1573 10158
  1574 10158
  1575 10158
  1576 10158
  1577 10158
  1578 10158
  1579 10158
  1580 10158
  1581 10158
  1582 10158
  1583 10158
  1584 10158
  1585 10158
  1586 10158
  1587 10158
  1588 10158
  1589 10158
  1590 10158
  1591 10158
  1592 10158
  1593 10158
  1594 10158
  1595 10158
  1596 10158
  1597 10158
  1598 10158
  1599 10158
  1600 10158
  1601 10158
  1602 10158
  1603 10158
  1604 10055
  1605 10055
  1606 10055
  1622 10154
  1623 10154
  1624 10154
  1625 10014
  1626 10014
  1627 10014
  1628 10014
  1629 10111
  1630 10081
  1631 10081
  1632 10081
  1633 10081
  1634 10081
  1635 10081
  1636 10081
  1637 10081
  1638 10081
  1639 10081
  1640 10081
  1641 10081
  1642 10081
  1643 10081
  1644 10081
  1645 10081
  1646 10081
  1647 10081
  1648 10081
  1649 10081
  1650 10081
  1651 10081
  1652 10081
  1653 10081
  1654 10081
  1655 10081
  1656 10081
  1657 10081
  1658 10081
  1659 10081
  1660 10081
  1661 10081
  1662 10081
  1663 10081
  1664 10081
  1665 10081
  1666 10081
  1667 10081
  1668 10081
  1669 10081
  1670 10081
  1671 10081
  1672 10081
  1673 10081
  1674 10081
  1675 10081
  1676 10081
  1677 10081
  1678 10081
  1679 10081
  1680 10081
  1681 10081
  1682 10081
  1683 10081
  1684 10081
  1685 10081
  1686 10081
  1687 10081
  1688 10081
  1689 10081
  1690 10081
  1691 10081
  1692 10081
  1693 10081
  1694 10081
  1695 10081
  1696 10081
  1697 10081
  1698 10081
  1699 10081
  1700 10081
  1701 10081
  1702 10081
  1703 10081
  1704 10081
  1705 10081
  1706 10081
  1707 10081
  1708 10081
  1709 10081
  1710 10081
  1711 10081
  1712 10081
  1713 10081
  1714 10081
  1715 10081
  1716 10081
  1717 10081
  1718 10081
  1719 10081
  1720 10081
  1721 10081
  1722 10081
  1723 10081
  1724 10081
  1725 10081
  1726 10081
  1727 10081
  1728 10081
  1729 10081
  1730 10081
  1731 10081
  1732 10081
  1733 10081
  1734 10081
  1735 10081
  1736 10081
  1737 10081
  1738 10081
  1739 10081
  1740 10081
  1741 10081
  1742 10081
  1743 10081
  1744 10081
  1745 10081
  1746 10081
  1747 10081
  1748 10081
  1749 10081
  1750 10081
  1751 10081
  1752 10081
  1753 10081
  1754 10081
  1755 10081
  1756 10081
  1757 10081
  1758 10081
  1759 10081
  1760 10081
  1761 10081
  1762 10081
  1763 10081
  1764 10081
  1765 10081
  1766 10081
  1767 10081
  1768 10081
  1769 10081
  1770 10081
  1771 10081
  1772 10081
  1773 10081
  1774 10081
  1775 10081
  1776 10081
  1777 10081
  1778 10081
  1779 10081
  1780 10081
  1781 10081
  1782 10081
  1783 10081
  1784 10081
  1785 10081
  1786 10081
  1787 10081
  1788 10081
  1789 10081
  1790 10081
  1791 10081
  1792 10081
  1793 10081
  1794 10081
  1795 10081
  1796 10081
  1797 10081
  1798 10081
  1799 10081
  1800 10081
  1801 10081
  1802 10081
  1803 10081
  1804 10081
  1805 10081
  1806 10081
  1807 10081
  1808 10081
  1809 10081
  1810 10081
  1811 10081
  1812 10081
  1813 10081
  1814 10081
  1815 10081
  1816 10081
  1817 10081
  1818 10081
  1819 10081
  1820 10081
  1821 10081
  1822 10081
  1823 10081
  1824 10081
  1825 10081
  1826 10081
  1827 10081
  1828 10081
  1829 10081
  1830 10081
  1831 10081
  1832 10081
  1833 10081
  1834 10081
  1835 10081
  1836 10081
  1837 10081
  1838 10081
  1839 10081
  1840 10081
  1841 10081
  1842 10081
  1843 10081
  1844 10081
  1845 10081
  1846 10081
  1847 10081
  1848 10081
  1849 10081
  1850 10081
  1851 10081
  1852 10081
  1853 10081
  1854 10081
  1855 10081
  1856 10153
  1857 10153
  1858 10153
  1859 10153
  1860 10153
  1861 10153
  1862 10153
  1863 10153
  1864 10153
  1865 10153
  1866 10153
  1867 10153
  1868 10153
  1869 10153
  1870 10155
  1871 10155
  1872 10155
  1873 10155
  1874 10155
  1875 10155
  1876 10155
  1877 10155
  1878 10155
  1879 10155
  1880 10155
  1881 10155
  1882 10155
  1883 10155
  1884 10155
  1885 10155
  1886 10155
  1887 10155
  1888 10155
  1889 10155
  1890 10155
  1891 10155
  1892 10155
  1893 10155
  1894 10155
  1895 10155
  1896 10155
  1897 10155
  1898 10155
  1899 10155
  1900 10155
  1901 10155
  1902 10155
  1903 10155
  1904 10155
  1905 10155
  1906 10155
  1907 10155
  1908 10155
  1909 10155
  1910 10155
  1911 10155
  1912 10155
  1913 10155
  1914 10155
  1915 10155
  1916 10155
  1917 10155
  1918 10155
  1919 10155
  1920 10155
  1921 10155
  1922 10155
  1923 10155
  1924 10155
  1925 10155
  1926 10155
  1927 10155
  1928 10155
  1929 10155
  1930 10155
  1931 10155
  1932 10155
  1933 10155
  1934 10155
  1935 10155
  1936 10155
  1937 10155
  1938 10155
  1939 10155
  1940 10155
  1941 10155
  1942 10155
  1943 10155
  1944 10155
  1945 10155
  1946 10155
  1947 10155
  1948 10155
  1949 10155
  1950 10155
  1951 10155
  1952 10155
  1953 10155
  1954 10155
  1955 10155
  1956 10155
  1957 10155
  1958 10155
  1959 10155
  1960 10155
  1961 10155
  1962 10155
  1963 10155
  1964 10155
  1965 10155
  1966 10155
  1967 10155
  1968 10155
  1969 10155
  1970 10155
  1971 10155
  1972 10155
  1973 10155
  1974 10155
  1975 10155
  1976 10155
  1977 10155
  1978 10155
  1979 10155
  1980 10155
  1981 10155
  1982 10155
  1983 10155
  1984 10155
  1985 10155
  1986 10155
  1987 10155
  1988 10155
  1989 10155
  1990 10155
  1991 10155
  1992 10155
  1993 10155
  1994 10155
  1995 10155
  1996 10155
  1997 10155
  1998 10155
  1999 10155
  2000 10155
  2001 10155
  2002 10155
  2003 10155
  2004 10155
  2005 10155
  2006 10155
  2007 10155
  2008 10155
  2009 10155
  2010 10155
  2011 10155
  2012 10155
  2013 10155
  2014 10155
  2015 10155
  2016 10155
  2017 10155
  2018 10155
  2019 10155
  2020 10155
  2021 10075
  2022 10075
  2023 10153
  2024 10075
  2025 10075
  2026 10075
  2027 10153
  2028 10153
  2029 10153
  2030 10153
  2031 10157
  2041 10075
  2042 10075
  2043 10157
  2044 10157
  2045 10157
  2046 10075
  2047 10075
  2048 10075
  2049 10075
  2050 10075
  2051 10075
  2052 10075
  2053 10075
  2054 10075
  2055 10075
  2056 10075
  2057 10075
  2058 10075
  2059 10075
  2060 10075
  2061 10075
  2062 10075
  2063 10075
  2064 10075
  2065 10075
  2066 10075
  2067 10075
  2068 10075
  2069 10075
  2070 10075
  2071 10075
  2072 10075
  2073 10075
  2074 10075
  2075 10075
  2076 10075
  2077 10075
  2078 10075
  2079 10075
  2080 10075
  2081 10075
  2084 10075
  2085 10075
  2086 10075
  2087 10075
  2088 10075
  2089 10075
  2092 10155
  2093 10155
  2094 10075
  2095 10075
  2096 10155
  2097 10155
  2098 10155
  2099 10155
  2100 10155
  2101 10155
  2102 10155
  2103 10155
  2104 10075
  2105 10075
  2106 10075
  2107 10075
  2108 10075
  2109 10075
  2110 10154
  2111 10154
  2112 10154
  2113 10154
  2114 10154
  2115 10107
