   690 10041
   691 10041
   692 10041
   693 10041
   694 10041
   695 10041
   696 10041
   697 10041
   698 10041
   699 10041
   700 10041
   701 10041
   702 10041
   703 10041
   704 10041
   705 10041
   706 10041
   707 10041
   708 10041
   709 10041
   710 10041
   711 10041
   712 10041
   713 10041
   714 10041
   715 10041
   716 10041
   717 10041
   718 10041
   719 10041
   720 10041
   721 10041
   722 10041
   723 10041
   724 10041
   725 10041
   726 10041
   727 10041
   728 10041
   729 10041
   730 10041
   731 10041
   732 10041
   733 10041
   734 10041
   735 10041
   736 10041
   737 10041
   738 10041
   739 10041
   740 10041
   741 10041
   742 10041
   743 10041
   744 10041
   745 10041
   746 10041
   747 10041
   748 10041
   749 10041
   750 10041
   751 10041
   752 10041
   753 10041
   754 10041
   755 10041
   756 10041
   757 10041
   758 10041
   759 10041
   760 10041
   761 10041
   762 10041
   763 10041
   764 10041
   765 10041
   766 10041
   767 10041
   768 10041
   769 10041
   770 10041
   771 10041
   772 10041
   773 10041
   774 10041
   775 10041
   776 10041
   777 10041
   778 10041
   779 10041
   780 10041
   781 10041
   782 10041
   783 10041
   784 10041
   787 10002
   788 10002
   789 10049
   790 10086
   791 10164
   792 10096
   793 10154
   794 10130
   795 10096
   796 10096
   797 10096
   798 10096
   799 10096
   800 10096
   801 10096
   802 10096
   803 10096
   804 10096
   805 10096
   806 10096
   807 10096
   808 10096
   809 10096
   810 10096
   811 10096
   812 10096
   813 10096
   814 10096
   815 10096
   816 10096
   817 10096
   818 10096
   819 10096
   820 10096
   821 10096
   822 10096
   823 10096
   824 10096
   825 10096
   826 10096
   827 10096
   828 10096
   829 10096
   830 10096
   831 10096
   832 10096
   833 10096
   834 10096
   835 10096
   836 10096
   837 10096
   838 10096
   839 10096
   840 10096
   841 10096
   842 10096
   843 10096
   844 10096
   845 10096
   846 10096
   847 10096
   848 10096
   849 10096
   850 10096
   851 10096
   852 10096
   853 10096
   854 10096
   855 10096
   856 10096
   857 10096
   858 10096
   859 10096
   860 10096
   861 10096
   862 10096
   863 10096
   864 10096
   865 10096
   866 10096
   867 10096
   868 10096
   869 10096
   870 10096
   871 10096
   872 10096
   873 10096
   874 10096
   875 10096
   876 10096
   877 10096
   878 10096
   879 10096
   880 10096
   881 10096
   882 10096
   883 10096
   884 10096
   885 10096
   886 10096
   887 10096
   888 10096
   889 10096
   890 10096
   891 10096
   892 10096
   893 10096
   894 10096
   895 10096
   896 10096
   897 10096
   898 10096
   899 10096
   900 10096
   901 10096
   902 10096
   903 10096
   904 10096
   905 10096
   906 10096
   907 10096
   908 10096
   909 10096
   910 10096
   911 10096
   912 10096
   913 10096
   914 10096
   915 10096
   916 10096
   917 10096
   918 10096
   919 10096
   920 10096
   921 10096
   922 10096
   923 10096
   924 10096
   925 10096
   926 10096
   927 10096
   928 10096
   929 10096
   930 10096
   931 10096
   932 10096
   933 10096
   934 10096
   935 10096
   936 10096
   937 10096
   938 10096
   939 10096
   940 10096
   941 10096
   942 10096
   943 10096
   944 10096
   945 10096
   946 10096
   947 10096
   948 10096
   949 10096
   950 10096
   951 10096
   952 10096
   953 10096
   954 10096
   955 10096
   956 10096
   957 10096
   958 10096
   959 10096
   960 10096
   961 10096
   962 10096
   963 10096
   964 10096
   965 10096
   966 10096
   967 10096
   968 10096
   969 10096
   970 10096
   971 10096
   972 10096
   973 10096
   974 10096
   975 10096
   976 10096
   977 10096
   978 10096
   979 10096
   980 10096
   981 10096
   982 10096
   983 10096
   984 10096
   985 10096
   986 10096
   987 10096
   988 10096
   989 10096
   990 10096
   991 10096
   992 10096
   993 10096
   994 10096
   995 10096
   996 10096
   997 10096
   998 10096
   999 10096
  1000 10096
  1001 10096
  1002 10096
  1003 10096
  1004 10096
  1005 10096
  1006 10096
  1007 10096
  1008 10096
  1009 10096
  1010 10096
  1011 10096
  1012 10096
  1013 10096
  1014 10096
  1015 10096
  1016 10096
  1017 10096
  1018 10096
  1019 10096
  1020 10096
  1026 10101
  1027 10138
  1028 10138
  1029 10138
  1030 10138
  1031 10138
  1032 10138
  1033 10138
  1034 10138
  1035 10138
  1036 10138
  1037 10138
  1038 10138
  1039 10138
  1040 10138
  1041 10138
  1042 10138
  1043 10138
  1044 10138
  1045 10138
  1046 10138
  1047 10138
  1048 10138
  1049 10138
  1050 10138
  1051 10138
  1052 10138
  1053 10138
  1054 10138
  1055 10138
  1056 10138
  1057 10138
  1058 10138
  1059 10138
  1060 10138
  1061 10138
  1062 10138
  1063 10138
  1064 10138
  1065 10138
  1066 10138
  1067 10138
  1068 10138
  1069 10138
  1070 10138
  1071 10138
  1072 10138
  1073 10138
  1074 10138
  1075 10138
  1076 10138
  1077 10138
  1078 10138
  1079 10138
  1080 10138
  1081 10138
  1082 10138
  1083 10138
  1084 10138
  1085 10138
  1086 10138
  1087 10138
  1088 10138
  1089 10138
  1090 10138
  1091 10138
  1092 10138
  1093 10138
  1094 10138
  1095 10138
  1096 10138
  1097 10138
  1098 10138
  1099 10138
  1100 10138
  1101 10138
  1102 10138
  1103 10138
  1104 10138
  1105 10138
  1106 10138
  1107 10138
  1108 10138
  1109 10138
  1110 10138
  1111 10138
  1112 10138
  1113 10138
  1114 10138
  1115 10138
  1116 10138
  1117 10138
  1118 10138
  1119 10138
  1120 10138
  1121 10138
  1122 10138
  1123 10138
  1124 10138
  1125 10138
  1126 10138
  1127 10138
  1128 10138
  1129 10138
  1130 10138
  1131 10138
  1132 10138
  1133 10138
  1134 10138
  1135 10138
  1136 10138
  1137 10138
  1138 10138
  1139 10138
  1140 10138
  1141 10138
  1142 10138
  1143 10138
  1144 10138
  1145 10138
  1146 10138
  1147 10138
  1148 10138
  1149 10138
  1150 10138
  1151 10138
  1152 10138
  1153 10138
  1154 10138
  1155 10138
  1156 10138
  1157 10138
  1158 10138
  1159 10138
  1160 10138
  1161 10138
  1162 10138
  1163 10138
  1164 10138
  1165 10138
  1166 10138
  1167 10138
  1168 10138
  1169 10138
  1170 10138
  1171 10138
  1172 10138
  1173 10138
  1174 10138
  1175 10138
  1176 10138
  1177 10138
  1178 10138
  1179 10138
  1180 10138
  1181 10138
  1182 10138
  1183 10138
  1184 10138
  1185 10138
  1186 10138
  1187 10138
  1188 10138
  1189 10138
  1190 10138
  1191 10138
  1192 10138
  1193 10138
  1194 10138
  1195 10138
  1196 10138
  1197 10138
  1198 10138
  1199 10138
  1200 10138
  1201 10138
  1202 10138
  1203 10138
  1204 10138
  1205 10138
  1206 10138
  1207 10138
  1208 10138
  1209 10138
  1210 10138
  1211 10138
  1212 10138
  1213 10138
  1214 10138
  1215 10138
  1216 10138
  1217 10138
  1218 10138
  1219 10138
  1220 10138
  1221 10138
  1222 10138
  1223 10138
  1224 10138
  1225 10138
  1226 10138
  1227 10138
  1228 10138
  1229 10138
  1230 10138
  1231 10138
  1232 10138
  1233 10138
  1234 10138
  1235 10138
  1236 10138
  1237 10138
  1238 10138
  1239 10138
  1240 10138
  1241 10138
  1242 10138
  1243 10138
  1244 10138
  1245 10138
  1246 10138
  1247 10138
  1248 10138
  1249 10138
  1250 10138
  1251 10138
  1252 10138
  1253 10138
  1254 10138
  1255 10138
  1256 10138
  1257 10138
  1258 10138
  1259 10138
  1260 10138
  1261 10101
  1262 10138
  1263 10009
  1266 10154
  1267 10081
  1268 10081
  1269 10081
  1270 10081
  1271 10081
  1272 10081
  1273 10081
  1274 10081
  1395 10033
  1396 10033
  1397 10033
  1398 10033
  1399 10033
  1400 10033
  1401 10033
  1402 10033
  1403 10033
  1404 10033
  1405 10033
  1406 10033
  1407 10033
  1408 10033
  1409 10033
  1410 10033
  1411 10033
  1412 10033
  1413 10033
  1414 10033
  1415 10033
  1416 10033
  1417 10033
  1418 10033
  1419 10033
  1420 10033
  1421 10033
  1422 10033
  1423 10033
  1424 10033
  1425 10033
  1426 10033
  1427 10033
  1428 10033
  1429 10033
  1430 10033
  1431 10033
  1432 10033
  1433 10033
  1434 10033
  1435 10033
  1436 10033
  1437 10033
  1438 10033
  1439 10033
  1440 10033
  1441 10033
  1442 10033
  1443 10033
  1444 10033
  1445 10033
  1446 10033
  1447 10033
  1448 10033
  1449 10033
  1450 10033
  1451 10033
  1452 10033
  1453 10033
  1454 10033
  1455 10033
  1456 10033
  1457 10033
  1458 10033
  1459 10033
  1460 10033
  1461 10033
  1462 10033
  1463 10033
  1464 10033
  1465 10033
  1466 10033
  1467 10033
  1468 10033
  1469 10033
  1470 10033
  1471 10033
  1472 10033
  1473 10033
  1474 10033
  1475 10033
  1476 10033
  1477 10033
  1478 10033
  1479 10033
  1480 10033
  1481 10033
  1482 10033
  1483 10033
  1484 10033
  1485 10033
  1486 10033
  1487 10033
  1488 10033
  1489 10033
  1490 10033
  1491 10033
  1492 10033
  1493 10033
  1494 10033
  1495 10033
  1496 10033
  1497 10033
  1498 10033
  1499 10033
  1500 10033
  1501 10033
  1502 10033
  1503 10033
  1504 10033
  1505 10033
  1506 10033
  1507 10033
  1508 10033
  1509 10033
  1510 10033
  1511 10033
  1512 10033
  1513 10033
  1514 10033
  1515 10033
  1516 10033
  1517 10033
  1518 10033
  1519 10033
  1520 10033
  1521 10033
  1522 10033
  1523 10033
  1524 10033
  1525 10033
  1526 10033
  1527 10033
  1528 10033
  1529 10033
  1530 10033
  1531 10033
  1532 10033
  1533 10033
  1534 10033
  1535 10033
  1536 10033
  1537 10033
  1538 10033
  1539 10033
  1540 10033
  1541 10033
  1542 10033
  1543 10033
  1544 10033
  1545 10033
  1546 10033
  1547 10033
  1548 10033
  1549 10033
  1550 10033
  1551 10033
  1552 10033
  1553 10033
  1554 10033
  1555 10033
  1556 10033
  1557 10033
  1558 10033
  1559 10033
  1560 10033
  1561 10033
  1562 10033
  1563 10033
  1564 10033
  1565 10033
  1566 10033
  1567 10033
  1568 10033
  1569 10033
  1570 10033
  1571 10033
  1572 10033
  1573 10033
  1574 10033
  1575 10033
  1576 10033
  1577 10033
  1578 10033
  1579 10033
  1580 10033
  1581 10033
  1582 10033
  1583 10033
  1584 10033
  1585 10033
  1586 10033
  1587 10033
  1588 10033
  1589 10033
  1590 10033
  1591 10033
  1592 10033
  1593 10033
  1594 10033
  1595 10033
  1596 10033
  1597 10033
  1598 10033
  1599 10033
  1600 10033
  1601 10033
  1602 10033
  1603 10033
  1604 10033
  1605 10033
  1606 10033
  1607 10033
  1608 10033
  1609 10033
  1610 10033
  1611 10033
  1612 10033
  1613 10033
  1614 10033
  1615 10033
  1616 10033
  1617 10033
  1618 10033
  1619 10033
  1620 10033
  1621 10016
  1622 10016
  1623 10016
  1624 10143
  1625 10059
  1626 10059
  1627 10059
  1628 10059
  1629 10059
  1630 10059
  1631 10059
  1632 10059
  1633 10059
  1634 10059
  1635 10059
  1636 10059
  1637 10059
  1638 10059
  1639 10059
  1640 10059
  1641 10059
  1642 10059
  1643 10059
  1644 10059
  1645 10059
  1646 10059
  1647 10059
  1648 10059
  1649 10059
  1650 10059
  1651 10059
  1652 10059
  1653 10059
  1654 10059
  1655 10059
  1656 10059
  1657 10059
  1658 10059
  1659 10059
  1660 10059
  1661 10059
  1662 10059
  1663 10059
  1664 10059
  1665 10059
  1666 10059
  1667 10059
  1668 10059
  1669 10059
  1670 10059
  1671 10059
  1672 10059
  1673 10059
  1674 10059
  1675 10059
  1676 10059
  1677 10059
  1678 10059
  1679 10059
  1680 10059
  1681 10059
  1682 10059
  1683 10059
  1684 10059
  1685 10059
  1686 10059
  1687 10059
  1688 10059
  1689 10059
  1690 10059
  1691 10059
  1692 10059
  1693 10059
  1694 10059
  1695 10059
  1696 10059
  1697 10059
  1698 10059
  1699 10059
  1700 10059
  1701 10059
  1702 10059
  1703 10059
  1704 10059
  1705 10059
  1706 10059
  1707 10059
  1708 10059
  1709 10059
  1710 10059
  1711 10059
  1712 10059
  1713 10059
  1714 10059
  1715 10059
  1716 10059
  1717 10059
  1718 10059
  1719 10059
  1720 10059
  1721 10059
  1722 10059
  1723 10059
  1724 10059
  1725 10059
  1726 10059
  1727 10059
  1728 10059
  1729 10059
  1730 10059
  1731 10059
  1732 10059
  1733 10059
  1734 10059
  1735 10059
  1736 10059
  1737 10059
  1738 10059
  1739 10059
  1740 10059
  1741 10059
  1742 10059
  1743 10059
  1744 10059
  1745 10059
  1746 10059
  1747 10059
  1748 10059
  1749 10059
  1750 10059
  1751 10059
  1752 10059
  1753 10059
  1754 10059
  1755 10059
  1756 10059
  1757 10059
  1758 10059
  1759 10059
  1760 10059
  1761 10059
  1762 10059
  1763 10059
  1764 10059
  1765 10059
  1766 10059
  1767 10059
  1768 10059
  1769 10059
  1770 10059
  1771 10059
  1772 10059
  1773 10059
  1774 10059
  1775 10059
  1776 10059
  1777 10059
  1778 10059
  1779 10059
  1780 10059
  1781 10059
  1782 10059
  1783 10059
  1784 10059
  1785 10059
  1786 10059
  1787 10059
  1788 10059
  1789 10059
  1790 10059
  1791 10059
  1792 10059
  1793 10059
  1794 10059
  1795 10059
  1796 10059
  1797 10059
  1798 10059
  1799 10059
  1800 10059
  1801 10059
  1802 10059
  1803 10059
  1804 10059
  1805 10059
  1806 10059
  1807 10059
  1808 10059
  1809 10059
  1810 10059
  1811 10059
  1812 10059
  1813 10059
  1814 10059
  1815 10059
  1816 10059
  1817 10059
  1818 10059
  1819 10059
  1820 10059
  1821 10059
  1822 10059
  1823 10059
  1824 10059
  1825 10059
  1826 10059
  1827 10059
  1828 10059
  1829 10059
  1830 10059
  1831 10059
  1832 10059
  1833 10059
  1834 10059
  1835 10059
  1836 10059
  1837 10059
  1838 10059
  1839 10059
  1840 10059
  1841 10059
  1842 10059
  1843 10059
  1844 10059
  1845 10059
  1846 10059
  1847 10059
  1848 10059
  1849 10059
  1850 10059
  1851 10059
  1852 10059
  1853 10059
  1854 10059
  1855 10059
  1856 10059
  1857 10059
  1858 10143
  1859 10143
  1860 10143
  1861 10122
  1862 10122
  1863 10122
  1864 10122
  1865 10122
  1866 10122
  1867 10122
  1868 10122
  1869 10122
  1870 10122
  1871 10122
  1872 10122
  1873 10122
  1874 10122
  1875 10122
  1876 10122
  1877 10122
  1878 10122
  1879 10122
  1880 10122
  1881 10122
  1882 10122
  1883 10122
  1884 10122
  1885 10122
  1886 10122
  1887 10122
  1888 10122
  1889 10122
  1890 10122
  1891 10122
  1892 10122
  1893 10122
  1894 10122
  1895 10122
  1896 10122
  1897 10122
  1898 10122
  1899 10122
  1900 10122
  1901 10122
  1902 10122
  1903 10122
  1904 10122
  1905 10122
  1906 10122
  1907 10122
  1908 10122
  1909 10122
  1910 10122
  1911 10122
  1912 10122
  1913 10122
  1914 10122
  1915 10122
  1916 10122
  1917 10122
  1918 10122
  1919 10122
  1920 10122
  1921 10122
  1922 10122
  1923 10122
  1924 10122
  1925 10122
  1926 10122
  1927 10122
  1928 10122
  1929 10122
  1930 10122
  1931 10122
  1932 10122
  1933 10122
  1934 10122
  1935 10122
  1936 10122
  1937 10122
  1938 10122
  1939 10122
  1940 10122
  1941 10122
  1942 10122
  1943 10122
  1944 10122
  1945 10122
  1946 10122
  1947 10122
  1948 10122
  1949 10122
  1950 10122
  1951 10122
  1952 10122
  1953 10122
  1954 10122
  1955 10122
  1956 10122
  1957 10122
  1958 10122
  1959 10122
  1960 10122
  1961 10122
  1962 10122
  1963 10122
  1964 10122
  1965 10122
  1966 10122
  1967 10122
  1968 10122
  1969 10122
  1970 10122
  1971 10122
  1972 10122
  1973 10122
  1974 10122
  1975 10122
  1976 10122
  1977 10122
  1978 10122
  1979 10122
  1980 10122
  1981 10122
  1982 10122
  1983 10122
  1984 10122
  1985 10122
  1986 10122
  1987 10122
  1988 10122
  1989 10122
  1990 10122
  1991 10122
  1992 10122
  1993 10122
  1994 10122
  1995 10122
  1996 10122
  1997 10122
  1998 10122
  1999 10122
  2000 10122
  2001 10122
  2002 10122
  2003 10122
  2004 10122
  2005 10122
  2006 10122
  2007 10122
  2008 10122
  2009 10122
  2010 10122
  2011 10122
  2012 10122
  2013 10122
  2014 10122
  2015 10122
  2016 10122
  2017 10122
  2018 10122
  2019 10122
  2020 10122
  2021 10122
  2022 10122
  2023 10122
  2024 10122
  2025 10122
  2026 10122
  2036 10028
  2037 10028
  2038 10151
  2039 10151
  2040 10151
  2041 10151
  2042 10151
  2043 10151
  2044 10151
  2045 10072
  2046 10072
  2047 10151
  2048 10151
  2049 10151
  2050 10151
  2051 10041
  2052 10041
  2053 10041
  2054 10041
  2055 10041
  2056 10041
  2057 10041
  2058 10041
  2059 10041
  2060 10041
  2061 10041
  2062 10041
  2063 10041
  2064 10041
  2065 10041
  2066 10041
  2067 10041
  2068 10041
  2069 10041
