   686 10164
   687 10164
   688 10164
   689 10164
   690 10164
   691 10164
   692 10164
   693 10164
   694 10164
   695 10164
   696 10164
   697 10164
   698 10164
   699 10164
   700 10164
   701 10164
   702 10164
   703 10164
   704 10164
   705 10164
   706 10164
   707 10164
   708 10164
   709 10164
   710 10164
   711 10164
   712 10164
   713 10164
   714 10164
   715 10164
   716 10164
   717 10164
   718 10164
   719 10164
   720 10164
   721 10164
   722 10164
   723 10164
   724 10164
   725 10164
   726 10164
   727 10164
   728 10164
   729 10164
   730 10164
   731 10164
   732 10164
   733 10164
   734 10164
   735 10164
   736 10164
   737 10164
   738 10164
   739 10164
   740 10164
   741 10164
   742 10164
   743 10164
   744 10164
   745 10164
   746 10164
   747 10164
   748 10164
   749 10164
   750 10164
   751 10164
   752 10164
   753 10164
   754 10164
   755 10164
   756 10164
   757 10164
   758 10164
   759 10164
   760 10164
   761 10164
   762 10164
   763 10164
   764 10164
   765 10164
   766 10164
   767 10164
   768 10164
   769 10164
   770 10164
   771 10164
   772 10164
   773 10164
   774 10164
   775 10164
   776 10164
   777 10164
   778 10164
   779 10164
   780 10164
   786 10022
   787 10022
   788 10022
   789 10022
   790 10022
   791 10022
   792 10022
   793 10022
   794 10022
   795 10022
   796 10022
   797 10022
   798 10022
   799 10022
   800 10022
   801 10022
   802 10022
   803 10022
   804 10022
   805 10022
   806 10022
   807 10022
   808 10022
   809 10022
   810 10022
   811 10022
   812 10022
   813 10022
   814 10022
   815 10022
   816 10022
   817 10022
   818 10022
   819 10022
   820 10022
   821 10022
   822 10022
   823 10022
   824 10022
   825 10022
   826 10022
   827 10022
   828 10022
   829 10022
   830 10022
   831 10022
   832 10022
   833 10022
   834 10022
   835 10022
   836 10022
   837 10022
   838 10022
   839 10022
   840 10022
   841 10022
   842 10022
   843 10022
   844 10022
   845 10022
   846 10022
   847 10022
   848 10022
   849 10022
   850 10022
   851 10022
   852 10022
   853 10022
   854 10022
   855 10022
   856 10022
   857 10022
   858 10022
   859 10022
   860 10022
   861 10022
   862 10022
   863 10022
   864 10022
   865 10022
   866 10022
   867 10022
   868 10022
   869 10022
   870 10022
   871 10022
   872 10022
   873 10022
   874 10022
   875 10022
   876 10022
   877 10022
   878 10022
   879 10022
   880 10022
   881 10022
   882 10022
   883 10022
   884 10022
   885 10022
   886 10022
   887 10022
   888 10022
   889 10022
   890 10022
   891 10022
   892 10022
   893 10022
   894 10022
   895 10022
   896 10022
   897 10022
   898 10022
   899 10022
   900 10022
   901 10022
   902 10022
   903 10022
   904 10022
   905 10022
   906 10022
   907 10022
   908 10022
   909 10022
   910 10022
   911 10022
   912 10022
   913 10022
   914 10022
   915 10022
   916 10022
   917 10022
   918 10022
   919 10022
   920 10022
   921 10022
   922 10022
   923 10022
   924 10022
   925 10022
   926 10022
   927 10022
   928 10022
   929 10022
   930 10022
   931 10022
   932 10022
   933 10022
   934 10022
   935 10022
   936 10022
   937 10022
   938 10022
   939 10022
   940 10022
   941 10022
   942 10022
   943 10022
   944 10022
   945 10022
   946 10022
   947 10022
   948 10022
   949 10022
   950 10022
   951 10022
   952 10022
   953 10022
   954 10022
   955 10022
   956 10022
   957 10022
   958 10022
   959 10022
   960 10022
   961 10022
   962 10022
   963 10022
   964 10022
   965 10022
   966 10022
   967 10022
   968 10022
   969 10022
   970 10022
   971 10022
   972 10022
   973 10022
   974 10022
   975 10022
   976 10022
   977 10022
   978 10022
   979 10022
   980 10022
   981 10022
   982 10022
   983 10022
   984 10022
   985 10022
   986 10022
   987 10022
   988 10022
   989 10022
   990 10022
   991 10022
   992 10022
   993 10022
   994 10022
   995 10022
   996 10022
   997 10022
   998 10022
   999 10022
  1000 10022
  1001 10022
  1002 10022
  1003 10022
  1004 10022
  1005 10022
  1006 10022
  1007 10022
  1008 10022
  1009 10022
  1010 10022
  1011 10022
  1012 10022
  1013 10022
  1014 10022
  1015 10022
  1016 10022
  1017 10022
  1018 10022
  1019 10022
  1020 10022
  1021 10104
  1025 10050
  1026 10101
  1027 10050
  1028 10050
  1029 10050
  1030 10050
  1031 10050
  1032 10050
  1033 10050
  1034 10050
  1035 10050
  1036 10050
  1037 10050
  1038 10050
  1039 10050
  1040 10050
  1041 10050
  1042 10050
  1043 10050
  1044 10050
  1045 10050
  1046 10050
  1047 10050
  1048 10050
  1049 10050
  1050 10050
  1051 10050
  1052 10050
  1053 10050
  1054 10050
  1055 10050
  1056 10050
  1057 10050
  1058 10050
  1059 10050
  1060 10050
  1061 10050
  1062 10050
  1063 10050
  1064 10050
  1065 10050
  1066 10050
  1067 10050
  1068 10050
  1069 10050
  1070 10050
  1071 10050
  1072 10050
  1073 10050
  1074 10050
  1075 10050
  1076 10050
  1077 10050
  1078 10050
  1079 10050
  1080 10050
  1081 10050
  1082 10050
  1083 10050
  1084 10050
  1085 10050
  1086 10050
  1087 10050
  1088 10050
  1089 10050
  1090 10050
  1091 10050
  1092 10050
  1093 10050
  1094 10050
  1095 10050
  1096 10050
  1097 10050
  1098 10050
  1099 10050
  1100 10050
  1101 10050
  1102 10050
  1103 10050
  1104 10050
  1105 10050
  1106 10050
  1107 10050
  1108 10050
  1109 10050
  1110 10050
  1111 10050
  1112 10050
  1113 10050
  1114 10050
  1115 10050
  1116 10050
  1117 10050
  1118 10050
  1119 10050
  1120 10050
  1121 10050
  1122 10050
  1123 10050
  1124 10050
  1125 10050
  1126 10050
  1127 10050
  1128 10050
  1129 10050
  1130 10050
  1131 10050
  1132 10050
  1133 10050
  1134 10050
  1135 10050
  1136 10050
  1137 10050
  1138 10050
  1139 10050
  1140 10050
  1141 10050
  1142 10050
  1143 10050
  1144 10050
  1145 10050
  1146 10050
  1147 10050
  1148 10050
  1149 10050
  1150 10050
  1151 10050
  1152 10050
  1153 10050
  1154 10050
  1155 10050
  1156 10050
  1157 10050
  1158 10050
  1159 10050
  1160 10050
  1161 10050
  1162 10050
  1163 10050
  1164 10050
  1165 10050
  1166 10050
  1167 10050
  1168 10050
  1169 10050
  1170 10050
  1171 10050
  1172 10050
  1173 10050
  1174 10050
  1175 10050
  1176 10050
  1177 10050
  1178 10050
  1179 10050
  1180 10050
  1181 10050
  1182 10050
  1183 10050
  1184 10050
  1185 10050
  1186 10050
  1187 10050
  1188 10050
  1189 10050
  1190 10050
  1191 10050
  1192 10050
  1193 10050
  1194 10050
  1195 10050
  1196 10050
  1197 10050
  1198 10050
  1199 10050
  1200 10050
  1201 10050
  1202 10050
  1203 10050
  1204 10050
  1205 10050
  1206 10050
  1207 10050
  1208 10050
  1209 10050
  1210 10050
  1211 10050
  1212 10050
  1213 10050
  1214 10050
  1215 10050
  1216 10050
  1217 10050
  1218 10050
  1219 10050
  1220 10050
  1221 10050
  1222 10050
  1223 10050
  1224 10050
  1225 10050
  1226 10050
  1227 10050
  1228 10050
  1229 10050
  1230 10050
  1231 10050
  1232 10050
  1233 10050
  1234 10050
  1235 10050
  1236 10050
  1237 10050
  1238 10050
  1239 10050
  1240 10050
  1241 10050
  1242 10050
  1243 10050
  1244 10050
  1245 10050
  1246 10050
  1247 10050
  1248 10050
  1249 10050
  1250 10050
  1251 10050
  1252 10050
  1253 10050
  1254 10050
  1255 10050
  1256 10050
  1257 10050
  1258 10101
  1259 10101
  1260 10101
  1261 10101
  1262 10101
  1263 10065
  1264 10065
  1265 10065
  1266 10065
  1267 10065
  1268 10065
  1275 10065
  1276 10065
  1277 10065
  1278 10065
  1279 10065
  1280 10065
  1281 10065
  1282 10065
  1283 10065
  1284 10065
  1285 10065
  1286 10065
  1287 10065
  1288 10065
  1289 10065
  1290 10065
  1291 10065
  1292 10065
  1293 10065
  1294 10065
  1295 10065
  1296 10065
  1297 10065
  1298 10065
  1299 10065
  1300 10065
  1301 10065
  1302 10065
  1303 10065
  1304 10065
  1305 10065
  1306 10065
  1307 10065
  1308 10065
  1309 10065
  1310 10065
  1311 10065
  1312 10065
  1313 10065
  1314 10065
  1315 10065
  1316 10065
  1317 10065
  1318 10065
  1319 10065
  1320 10065
  1321 10065
  1322 10065
  1323 10065
  1324 10065
  1325 10065
  1326 10065
  1327 10065
  1328 10065
  1329 10065
  1330 10065
  1331 10065
  1332 10065
  1333 10065
  1334 10065
  1335 10065
  1336 10065
  1337 10065
  1338 10065
  1339 10065
  1340 10065
  1341 10065
  1342 10065
  1343 10065
  1344 10065
  1345 10065
  1346 10065
  1347 10065
  1348 10065
  1349 10065
  1350 10065
  1351 10065
  1352 10065
  1353 10065
  1354 10065
  1355 10065
  1356 10065
  1357 10065
  1358 10065
  1359 10065
  1360 10065
  1361 10065
  1362 10065
  1363 10065
  1364 10065
  1365 10065
  1366 10065
  1367 10065
  1368 10065
  1369 10065
  1370 10065
  1371 10065
  1372 10065
  1373 10065
  1374 10065
  1375 10065
  1376 10065
  1377 10065
  1378 10065
  1379 10065
  1380 10065
  1381 10065
  1382 10065
  1383 10065
  1384 10065
  1385 10065
  1386 10065
  1387 10065
  1388 10065
  1389 10065
  1390 10065
  1391 10065
  1392 10065
  1393 10065
  1394 10065
  1395 10065
  1396 10065
  1397 10065
  1398 10065
  1399 10065
  1400 10065
  1401 10065
  1402 10065
  1403 10065
  1404 10065
  1405 10065
  1406 10065
  1407 10065
  1408 10065
  1409 10065
  1410 10065
  1411 10065
  1412 10065
  1413 10065
  1414 10065
  1415 10065
  1416 10065
  1417 10065
  1418 10065
  1419 10065
  1420 10065
  1421 10065
  1422 10065
  1423 10065
  1424 10065
  1425 10065
  1426 10065
  1427 10065
  1428 10065
  1429 10065
  1430 10065
  1431 10065
  1432 10065
  1433 10065
  1434 10065
  1435 10065
  1436 10065
  1437 10065
  1438 10065
  1439 10065
  1440 10065
  1441 10065
  1442 10065
  1443 10065
  1444 10065
  1445 10065
  1446 10065
  1447 10065
  1448 10065
  1449 10065
  1450 10065
  1451 10065
  1452 10065
  1453 10065
  1454 10065
  1455 10065
  1456 10065
  1457 10065
  1458 10065
  1459 10065
  1460 10065
  1461 10065
  1462 10065
  1463 10065
  1464 10065
  1465 10065
  1466 10065
  1467 10065
  1468 10065
  1469 10065
  1470 10065
  1471 10065
  1472 10065
  1473 10065
  1474 10065
  1475 10065
  1476 10065
  1477 10065
  1478 10065
  1479 10065
  1480 10065
  1481 10065
  1482 10065
  1483 10065
  1484 10065
  1485 10065
  1486 10065
  1487 10065
  1488 10065
  1489 10065
  1490 10065
  1491 10065
  1492 10065
  1493 10065
  1494 10065
  1495 10065
  1496 10065
  1497 10065
  1498 10065
  1499 10065
  1500 10065
  1510 10023
  1535 10055
  1536 10018
  1537 10018
  1538 10018
  1539 10018
  1540 10018
  1541 10018
  1542 10018
  1543 10018
  1544 10158
  1545 10158
  1546 10055
  1547 10018
  1548 10140
  1549 10018
  1550 10140
  1551 10018
  1552 10018
  1553 10018
  1554 10018
  1555 10018
  1556 10055
  1557 10018
  1558 10040
  1559 10018
  1560 10018
  1561 10018
  1562 10018
  1563 10018
  1564 10158
  1565 10158
  1566 10158
  1567 10158
  1569 10018
  1570 10055
  1614 10064
  1615 10031
  1617 10031
  1618 10031
  1619 10031
  1620 10031
  1621 10031
  1622 10031
  1623 10031
  1624 10031
  1625 10031
  1626 10031
  1627 10031
  1630 10031
  1631 10031
  1632 10031
  1633 10031
  1634 10031
  1635 10031
  1636 10031
  1637 10031
  1638 10031
  1639 10031
  1640 10031
  1641 10031
  1642 10031
  1643 10031
  1644 10031
  1645 10031
  1646 10031
  1647 10031
  1648 10031
  1649 10031
  1650 10031
  1651 10031
  1652 10031
  1653 10031
  1654 10031
  1655 10031
  1656 10031
  1657 10031
  1658 10031
  1659 10031
  1660 10031
  1661 10031
  1662 10031
  1663 10031
  1664 10031
  1665 10031
  1666 10031
  1667 10031
  1668 10031
  1669 10031
  1670 10031
  1671 10031
  1672 10031
  1673 10031
  1674 10031
  1675 10031
  1676 10031
  1677 10031
  1678 10031
  1679 10031
  1680 10031
  1681 10031
  1682 10031
  1683 10031
  1684 10031
  1685 10031
  1686 10031
  1687 10031
  1688 10031
  1689 10031
  1690 10031
  1691 10031
  1692 10031
  1693 10031
  1694 10031
  1695 10031
  1696 10031
  1697 10031
  1698 10031
  1699 10031
  1700 10031
  1701 10031
  1702 10031
  1703 10031
  1704 10031
  1705 10031
  1706 10031
  1707 10031
  1708 10031
  1709 10031
  1710 10031
  1711 10031
  1712 10031
  1713 10031
  1714 10031
  1715 10031
  1716 10031
  1717 10031
  1718 10031
  1719 10031
  1720 10031
  1721 10031
  1722 10031
  1723 10031
  1724 10031
  1725 10031
  1726 10031
  1727 10031
  1728 10031
  1729 10031
  1730 10031
  1731 10031
  1732 10031
  1733 10031
  1734 10031
  1735 10031
  1736 10031
  1737 10031
  1738 10031
  1739 10031
  1740 10031
  1741 10031
  1742 10031
  1743 10031
  1744 10031
  1745 10031
  1746 10031
  1747 10031
  1748 10031
  1749 10031
  1750 10031
  1751 10031
  1752 10031
  1753 10031
  1754 10031
  1755 10031
  1756 10031
  1757 10031
  1758 10031
  1759 10031
  1760 10031
  1761 10031
  1762 10031
  1763 10031
  1764 10031
  1765 10031
  1766 10031
  1767 10031
  1768 10031
  1769 10031
  1770 10031
  1771 10031
  1772 10031
  1773 10031
  1774 10031
  1775 10031
  1776 10031
  1777 10031
  1778 10031
  1779 10031
  1780 10031
  1781 10031
  1782 10031
  1783 10031
  1784 10031
  1785 10031
  1786 10031
  1787 10031
  1788 10031
  1789 10031
  1790 10031
  1791 10031
  1792 10031
  1793 10031
  1794 10031
  1795 10031
  1796 10031
  1797 10031
  1798 10031
  1799 10031
  1800 10031
  1801 10031
  1802 10031
  1803 10031
  1804 10031
  1805 10031
  1806 10031
  1807 10031
  1808 10031
  1809 10031
  1810 10031
  1811 10031
  1812 10031
  1813 10031
  1814 10031
  1815 10031
  1816 10031
  1817 10031
  1818 10031
  1819 10031
  1820 10031
  1821 10031
  1822 10031
  1823 10031
  1824 10031
  1825 10031
  1826 10031
  1827 10031
  1828 10031
  1829 10031
  1830 10031
  1831 10031
  1832 10031
  1833 10031
  1834 10031
  1835 10031
  1836 10031
  1837 10031
  1838 10031
  1839 10031
  1840 10031
  1841 10031
  1842 10031
  1843 10031
  1844 10031
  1845 10031
  1846 10031
  1847 10031
  1848 10031
  1849 10031
  1850 10031
  1851 10031
  1852 10031
  1853 10031
  1854 10031
  1855 10031
  1856 10036
  1857 10130
  1858 10130
  1859 10130
  1860 10130
  1861 10130
  1862 10130
