   690 10095
   691 10095
   692 10095
   693 10095
   694 10095
   695 10095
   696 10095
   697 10095
   698 10095
   699 10095
   700 10095
   701 10095
   702 10095
   703 10095
   704 10095
   705 10095
   706 10095
   707 10095
   708 10095
   709 10095
   710 10095
   711 10095
   712 10095
   713 10095
   714 10095
   715 10095
   716 10095
   717 10095
   718 10095
   719 10095
   720 10095
   721 10095
   722 10095
   723 10095
   724 10095
   725 10095
   726 10095
   727 10095
   728 10095
   729 10095
   730 10095
   731 10095
   732 10095
   733 10095
   734 10095
   735 10095
   736 10095
   737 10095
   738 10095
   739 10095
   740 10095
   741 10095
   742 10095
   743 10095
   744 10095
   745 10095
   746 10095
   747 10095
   748 10095
   749 10095
   750 10095
   751 10095
   752 10095
   753 10095
   754 10095
   755 10095
   756 10095
   757 10095
   758 10095
   759 10095
   760 10095
   761 10095
   762 10095
   763 10095
   764 10095
   765 10095
   766 10095
   767 10095
   768 10095
   769 10095
   770 10095
   771 10095
   772 10095
   773 10095
   774 10095
   775 10095
   776 10095
   777 10095
   778 10095
   779 10095
   780 10095
   781 10137
   782 10137
   783 10137
   784 10137
   785 10108
   786 10137
   787 10108
   788 10108
   789 10108
   790 10108
   791 10108
   792 10108
   793 10108
   794 10108
   795 10108
   796 10108
   797 10108
   798 10108
   799 10108
   800 10108
   801 10108
   802 10108
   803 10108
   804 10108
   805 10108
   806 10108
   807 10108
   808 10108
   809 10108
   810 10108
   811 10108
   812 10108
   813 10108
   814 10108
   815 10108
   816 10108
   817 10108
   818 10108
   819 10108
   820 10108
   821 10108
   822 10108
   823 10108
   824 10108
   825 10108
   826 10108
   827 10108
   828 10108
   829 10108
   830 10108
   831 10108
   832 10108
   833 10108
   834 10108
   835 10108
   836 10108
   837 10108
   838 10108
   839 10108
   840 10108
   841 10108
   842 10108
   843 10108
   844 10108
   845 10108
   846 10108
   847 10108
   848 10108
   849 10108
   850 10108
   851 10108
   852 10108
   853 10108
   854 10108
   855 10108
   856 10108
   857 10108
   858 10108
   859 10108
   860 10108
   861 10108
   862 10108
   863 10108
   864 10108
   865 10108
   866 10108
   867 10108
   868 10108
   869 10108
   870 10108
   871 10108
   872 10108
   873 10108
   874 10108
   875 10108
   876 10108
   877 10108
   878 10108
   879 10108
   880 10108
   881 10108
   882 10108
   883 10108
   884 10108
   885 10108
   886 10108
   887 10108
   888 10108
   889 10108
   890 10108
   891 10108
   892 10108
   893 10108
   894 10108
   895 10108
   896 10108
   897 10108
   898 10108
   899 10108
   900 10108
   901 10108
   902 10108
   903 10108
   904 10108
   905 10108
   906 10108
   907 10108
   908 10108
   909 10108
   910 10108
   911 10108
   912 10108
   913 10108
   914 10108
   915 10108
   916 10108
   917 10108
   918 10108
   919 10108
   920 10108
   921 10108
   922 10108
   923 10108
   924 10108
   925 10108
   926 10108
   927 10108
   928 10108
   929 10108
   930 10108
   931 10108
   932 10108
   933 10108
   934 10108
   935 10108
   936 10108
   937 10108
   938 10108
   939 10108
   940 10108
   941 10108
   942 10108
   943 10108
   944 10108
   945 10108
   946 10108
   947 10108
   948 10108
   949 10108
   950 10108
   951 10108
   952 10108
   953 10108
   954 10108
   955 10108
   956 10108
   957 10108
   958 10108
   959 10108
   960 10108
   961 10108
   962 10108
   963 10108
   964 10108
   965 10108
   966 10108
   967 10108
   968 10108
   969 10108
   970 10108
   971 10108
   972 10108
   973 10108
   974 10108
   975 10108
   976 10108
   977 10108
   978 10108
   979 10108
   980 10108
   981 10108
   982 10108
   983 10108
   984 10108
   985 10108
   986 10108
   987 10108
   988 10108
   989 10108
   990 10108
   991 10108
   992 10108
   993 10108
   994 10108
   995 10108
   996 10108
   997 10108
   998 10108
   999 10108
  1000 10108
  1001 10108
  1002 10108
  1003 10108
  1004 10108
  1005 10108
  1006 10108
  1007 10108
  1008 10108
  1009 10108
  1010 10108
  1011 10108
  1012 10108
  1013 10108
  1014 10108
  1015 10108
  1016 10108
  1017 10108
  1018 10108
  1019 10108
  1020 10108
  1026 10101
  1028 10138
  1029 10138
  1030 10068
  1031 10068
  1032 10068
  1033 10068
  1034 10068
  1035 10068
  1036 10068
  1037 10068
  1038 10068
  1039 10068
  1040 10068
  1041 10068
  1042 10068
  1043 10068
  1044 10068
  1045 10068
  1046 10068
  1047 10068
  1048 10068
  1049 10068
  1050 10068
  1051 10068
  1052 10068
  1053 10068
  1054 10068
  1055 10068
  1056 10068
  1057 10068
  1058 10068
  1059 10068
  1060 10068
  1061 10068
  1062 10068
  1063 10068
  1064 10068
  1065 10068
  1066 10068
  1067 10068
  1068 10068
  1069 10068
  1070 10068
  1071 10068
  1072 10068
  1073 10068
  1074 10068
  1075 10068
  1076 10068
  1077 10068
  1078 10068
  1079 10068
  1080 10068
  1081 10068
  1082 10068
  1083 10068
  1084 10068
  1085 10068
  1086 10068
  1087 10068
  1088 10068
  1089 10068
  1090 10068
  1091 10068
  1092 10068
  1093 10068
  1094 10068
  1095 10068
  1096 10068
  1097 10068
  1098 10068
  1099 10068
  1100 10068
  1101 10068
  1102 10068
  1103 10068
  1104 10068
  1105 10068
  1106 10068
  1107 10068
  1108 10068
  1109 10068
  1110 10068
  1111 10068
  1112 10068
  1113 10068
  1114 10068
  1115 10068
  1116 10068
  1117 10068
  1118 10068
  1119 10068
  1120 10068
  1121 10068
  1122 10068
  1123 10068
  1124 10068
  1125 10068
  1126 10068
  1127 10068
  1128 10068
  1129 10068
  1130 10068
  1131 10068
  1132 10068
  1133 10068
  1134 10068
  1135 10068
  1136 10068
  1137 10068
  1138 10068
  1139 10068
  1140 10068
  1141 10068
  1142 10068
  1143 10068
  1144 10068
  1145 10068
  1146 10068
  1147 10068
  1148 10068
  1149 10068
  1150 10068
  1151 10068
  1152 10068
  1153 10068
  1154 10068
  1155 10068
  1156 10068
  1157 10068
  1158 10068
  1159 10068
  1160 10068
  1161 10068
  1162 10068
  1163 10068
  1164 10068
  1165 10068
  1166 10068
  1167 10068
  1168 10068
  1169 10068
  1170 10068
  1171 10068
  1172 10068
  1173 10068
  1174 10068
  1175 10068
  1176 10068
  1177 10068
  1178 10068
  1179 10068
  1180 10068
  1181 10068
  1182 10068
  1183 10068
  1184 10068
  1185 10068
  1186 10068
  1187 10068
  1188 10068
  1189 10068
  1190 10068
  1191 10068
  1192 10068
  1193 10068
  1194 10068
  1195 10068
  1196 10068
  1197 10068
  1198 10068
  1199 10068
  1200 10068
  1201 10068
  1202 10068
  1203 10068
  1204 10068
  1205 10068
  1206 10068
  1207 10068
  1208 10068
  1209 10068
  1210 10068
  1211 10068
  1212 10068
  1213 10068
  1214 10068
  1215 10068
  1216 10068
  1217 10068
  1218 10068
  1219 10068
  1220 10068
  1221 10068
  1222 10068
  1223 10068
  1224 10068
  1225 10068
  1226 10068
  1227 10068
  1228 10068
  1229 10068
  1230 10068
  1231 10068
  1232 10068
  1233 10068
  1234 10068
  1235 10068
  1236 10068
  1237 10068
  1238 10068
  1239 10068
  1240 10068
  1241 10068
  1242 10068
  1243 10068
  1244 10068
  1245 10068
  1246 10068
  1247 10068
  1248 10068
  1249 10068
  1250 10068
  1251 10068
  1252 10068
  1253 10068
  1254 10068
  1255 10068
  1256 10068
  1257 10068
  1258 10101
  1262 10014
  1263 10143
  1264 10014
  1265 10143
  1266 10154
  1267 10095
  1268 10154
  1269 10095
  1270 10095
  1271 10154
  1272 10154
  1273 10154
  1274 10130
  1275 10130
  1276 10130
  1278 10018
  1279 10018
  1280 10018
  1281 10018
  1282 10018
  1283 10018
  1284 10055
  1285 10055
  1286 10018
  1287 10055
  1288 10158
  1289 10055
  1290 10055
  1291 10055
  1292 10055
  1293 10055
  1294 10055
  1295 10055
  1296 10055
  1297 10055
  1298 10055
  1299 10055
  1300 10055
  1301 10055
  1302 10055
  1303 10055
  1304 10055
  1305 10055
  1306 10055
  1307 10055
  1308 10055
  1309 10055
  1310 10055
  1311 10055
  1312 10055
  1313 10055
  1314 10055
  1315 10055
  1316 10055
  1317 10055
  1318 10055
  1319 10055
  1320 10055
  1321 10055
  1322 10055
  1323 10055
  1324 10055
  1325 10055
  1326 10154
  1333 10154
  1334 10154
  1335 10154
  1339 10154
  1340 10036
  1341 10016
  1342 10016
  1343 10016
  1344 10143
  1345 10143
  1346 10143
  1347 10016
  1348 10016
  1349 10016
  1350 10016
  1351 10016
  1352 10016
  1353 10016
  1354 10154
  1355 10016
  1357 10055
  1358 10055
  1359 10055
  1360 10055
  1361 10018
  1362 10055
  1366 10130
  1367 10016
  1368 10130
  1369 10130
  1370 10130
  1378 10082
  1379 10082
  1380 10151
  1381 10151
  1382 10151
  1383 10151
  1384 10034
  1385 10034
  1386 10034
  1387 10034
  1388 10034
  1389 10034
  1390 10034
  1391 10034
  1392 10034
  1393 10034
  1394 10034
  1395 10034
  1396 10034
  1397 10034
  1398 10034
  1399 10034
  1400 10034
  1401 10034
  1402 10034
  1403 10034
  1404 10034
  1405 10034
  1406 10034
  1407 10034
  1408 10034
  1409 10034
  1410 10034
  1411 10034
  1412 10034
  1413 10034
  1414 10034
  1415 10034
  1416 10034
  1417 10034
  1418 10034
  1419 10034
  1420 10034
  1421 10034
  1422 10034
  1423 10034
  1424 10034
  1425 10034
  1426 10034
  1427 10034
  1428 10034
  1429 10034
  1430 10034
  1431 10034
  1432 10034
  1433 10034
  1434 10034
  1435 10034
  1436 10034
  1437 10034
  1438 10034
  1439 10034
  1440 10034
  1441 10034
  1442 10034
  1443 10034
  1444 10034
  1445 10034
  1446 10034
  1447 10034
  1448 10034
  1449 10034
  1450 10034
  1451 10034
  1452 10034
  1453 10034
  1454 10034
  1455 10034
  1456 10034
  1457 10034
  1458 10034
  1459 10034
  1460 10034
  1461 10034
  1462 10034
  1463 10034
  1464 10034
  1465 10034
  1466 10034
  1467 10034
  1468 10034
  1469 10034
  1470 10034
  1471 10034
  1472 10034
  1473 10034
  1474 10034
  1475 10034
  1476 10034
  1477 10034
  1478 10034
  1479 10034
  1480 10034
  1481 10034
  1482 10034
  1483 10034
  1484 10034
  1485 10034
  1486 10034
  1487 10034
  1488 10034
  1489 10034
  1490 10034
  1491 10034
  1492 10034
  1493 10034
  1494 10034
  1495 10034
  1496 10034
  1497 10034
  1498 10034
  1499 10034
  1500 10034
  1501 10034
  1502 10034
  1503 10034
  1504 10034
  1505 10034
  1506 10034
  1507 10034
  1508 10034
  1509 10034
  1510 10034
  1511 10034
  1512 10034
  1513 10034
  1514 10034
  1515 10034
  1516 10034
  1517 10034
  1518 10034
  1519 10034
  1520 10034
  1521 10034
  1522 10034
  1523 10034
  1524 10034
  1525 10034
  1526 10034
  1527 10034
  1528 10034
  1529 10034
  1530 10034
  1531 10034
  1532 10034
  1533 10034
  1534 10034
  1535 10034
  1536 10034
  1537 10034
  1538 10034
  1539 10034
  1540 10034
  1541 10034
  1542 10034
  1543 10034
  1544 10034
  1545 10034
  1546 10034
  1547 10034
  1548 10034
  1549 10034
  1550 10034
  1551 10034
  1552 10034
  1553 10034
  1554 10034
  1555 10034
  1556 10034
  1557 10034
  1558 10034
  1559 10034
  1560 10034
  1561 10034
  1562 10034
  1563 10034
  1564 10034
  1565 10034
  1566 10034
  1567 10034
  1568 10034
  1569 10034
  1570 10034
  1571 10034
  1572 10034
  1573 10034
  1574 10034
  1575 10034
  1576 10034
  1577 10034
  1578 10034
  1579 10034
  1580 10034
  1581 10034
  1582 10034
  1583 10034
  1584 10034
  1585 10034
  1586 10034
  1587 10034
  1588 10034
  1589 10034
  1590 10034
  1591 10034
  1592 10034
  1593 10034
  1594 10034
  1595 10034
  1596 10034
  1597 10034
  1598 10034
  1599 10034
  1600 10034
  1601 10034
  1602 10034
  1603 10034
  1604 10034
  1605 10034
  1606 10034
  1607 10034
  1608 10034
  1609 10034
  1610 10034
  1611 10034
  1612 10034
  1613 10034
  1614 10034
  1615 10034
  1616 10034
  1617 10034
  1618 10034
  1619 10034
  1620 10034
  1622 10043
  1626 10062
  1627 10167
  1628 10167
  1629 10106
  1630 10143
  1856 10167
  1857 10167
  1858 10130
  1859 10130
  1860 10016
  1861 10016
  1862 10016
  1863 10143
  1864 10143
  1865 10143
  1866 10143
  1867 10143
  1868 10143
  1869 10107
  1870 10006
  1871 10006
  1872 10006
  1873 10006
  1874 10006
  1875 10006
  1876 10006
  1877 10006
  1878 10006
  1879 10006
  1880 10006
  1881 10006
  1882 10006
  1883 10006
  1884 10006
  1885 10006
  1886 10006
  1887 10006
  1888 10006
  1889 10006
  1890 10006
  1891 10006
  1892 10006
  1893 10006
  1894 10006
  1895 10006
  1896 10006
  1897 10006
  1898 10006
  1899 10006
  1900 10006
  1901 10006
  1902 10006
  1903 10006
  1904 10006
  1905 10006
  1906 10006
  1907 10006
  1908 10006
  1909 10006
  1910 10006
  1911 10006
  1912 10006
  1913 10006
  1914 10006
  1915 10006
  1916 10006
  1917 10006
  1918 10006
  1919 10006
  1920 10006
  1921 10006
  1922 10006
  1923 10006
  1924 10006
  1925 10006
  1926 10006
  1927 10006
  1928 10006
  1929 10006
  1930 10006
  1931 10006
  1932 10006
  1933 10006
  1934 10006
  1935 10006
  1936 10006
  1937 10006
  1938 10006
  1939 10006
  1940 10006
  1941 10006
  1942 10006
  1943 10006
  1944 10006
  1945 10006
  1946 10006
  1947 10006
  1948 10006
  1949 10006
  1950 10006
  1951 10006
  1952 10006
  1953 10006
  1954 10006
  1955 10006
  1956 10006
  1957 10006
  1958 10006
  1959 10006
  1960 10006
  1961 10006
  1962 10006
  1963 10006
  1964 10006
  1965 10006
  1966 10006
  1967 10006
  1968 10006
  1969 10006
  1970 10006
  1971 10006
  1972 10006
  1973 10006
  1974 10006
  1975 10006
  1976 10006
  1977 10006
  1978 10006
  1979 10006
  1980 10006
  1981 10006
  1982 10006
  1983 10006
  1984 10006
  1985 10006
  1986 10006
  1987 10006
  1988 10006
  1989 10006
  1990 10006
  1991 10006
  1992 10006
  1993 10006
  1994 10006
  1995 10006
  1996 10006
  1997 10006
  1998 10006
  1999 10006
  2000 10006
  2001 10006
  2002 10006
  2003 10006
  2004 10006
  2005 10006
  2006 10006
  2007 10006
  2008 10006
  2009 10006
  2010 10006
  2011 10006
  2012 10006
  2013 10006
  2014 10006
  2015 10006
  2016 10006
  2017 10006
  2018 10006
  2019 10006
  2020 10006
  2021 10143
  2022 10143
  2023 10081
  2024 10016
  2025 10143
  2026 10016
  2027 10154
  2028 10154
  2029 10154
  2030 10143
  2031 10143
  2032 10143
  2033 10095
  2034 10095
  2035 10095
  2036 10095
  2037 10095
