   686 10138
   687 10138
   688 10138
   689 10138
   690 10138
   691 10138
   692 10138
   693 10138
   694 10138
   695 10138
   696 10138
   697 10138
   698 10138
   699 10138
   700 10138
   701 10138
   702 10138
   703 10138
   704 10138
   705 10138
   706 10138
   707 10138
   708 10138
   709 10138
   710 10138
   711 10138
   712 10138
   713 10138
   714 10138
   715 10138
   716 10138
   717 10138
   718 10138
   719 10138
   720 10138
   721 10138
   722 10138
   723 10138
   724 10138
   725 10138
   726 10138
   727 10138
   728 10138
   729 10138
   730 10138
   731 10138
   732 10138
   733 10138
   734 10138
   735 10138
   736 10138
   737 10138
   738 10138
   739 10138
   740 10138
   741 10138
   742 10138
   743 10138
   744 10138
   745 10138
   746 10138
   747 10138
   748 10138
   749 10138
   750 10138
   751 10138
   752 10138
   753 10138
   754 10138
   755 10138
   756 10138
   757 10138
   758 10138
   759 10138
   760 10138
   761 10138
   762 10138
   763 10138
   764 10138
   765 10138
   766 10138
   767 10138
   768 10138
   769 10138
   770 10138
   771 10138
   772 10138
   773 10138
   774 10138
   775 10138
   776 10138
   777 10138
   778 10138
   779 10138
   780 10138
   781 10138
   782 10138
   783 10101
   784 10101
   785 10101
   786 10101
   788 10074
   789 10074
   790 10074
   791 10074
   792 10074
   793 10074
   794 10074
   795 10074
   796 10074
   797 10074
   798 10074
   799 10074
   800 10074
   801 10074
   802 10074
   803 10074
   804 10074
   805 10074
   806 10074
   807 10074
   808 10074
   809 10074
   810 10074
   811 10074
   812 10074
   813 10074
   814 10074
   815 10074
   816 10074
   817 10074
   818 10074
   819 10074
   820 10074
   821 10074
   822 10074
   823 10074
   824 10074
   825 10074
   826 10074
   827 10074
   828 10074
   829 10074
   830 10074
   831 10074
   832 10074
   833 10074
   834 10074
   835 10074
   836 10074
   837 10074
   838 10074
   839 10074
   840 10074
   841 10074
   842 10074
   843 10074
   844 10074
   845 10074
   846 10074
   847 10074
   848 10074
   849 10074
   850 10074
   851 10074
   852 10074
   853 10074
   854 10074
   855 10074
   856 10074
   857 10074
   858 10074
   859 10074
   860 10074
   861 10074
   862 10074
   863 10074
   864 10074
   865 10074
   866 10074
   867 10074
   868 10074
   869 10074
   870 10074
   871 10074
   872 10074
   873 10074
   874 10074
   875 10074
   876 10074
   877 10074
   878 10074
   879 10074
   880 10074
   881 10074
   882 10074
   883 10074
   884 10074
   885 10074
   886 10074
   887 10074
   888 10074
   889 10074
   890 10074
   891 10074
   892 10074
   893 10074
   894 10074
   895 10074
   896 10074
   897 10074
   898 10074
   899 10074
   900 10074
   901 10074
   902 10074
   903 10074
   904 10074
   905 10074
   906 10074
   907 10074
   908 10074
   909 10074
   910 10074
   911 10074
   912 10074
   913 10074
   914 10074
   915 10074
   916 10074
   917 10074
   918 10074
   919 10074
   920 10074
   921 10074
   922 10074
   923 10074
   924 10074
   925 10074
   926 10074
   927 10074
   928 10074
   929 10074
   930 10074
   931 10074
   932 10074
   933 10074
   934 10074
   935 10074
   936 10074
   937 10074
   938 10074
   939 10074
   940 10074
   941 10074
   942 10074
   943 10074
   944 10074
   945 10074
   946 10074
   947 10074
   948 10074
   949 10074
   950 10074
   951 10074
   952 10074
   953 10074
   954 10074
   955 10074
   956 10074
   957 10074
   958 10074
   959 10074
   960 10074
   961 10074
   962 10074
   963 10074
   964 10074
   965 10074
   966 10074
   967 10074
   968 10074
   969 10074
   970 10074
   971 10074
   972 10074
   973 10074
   974 10074
   975 10074
   976 10074
   977 10074
   978 10074
   979 10074
   980 10074
   981 10074
   982 10074
   983 10074
   984 10074
   985 10074
   986 10074
   987 10074
   988 10074
   989 10074
   990 10074
   991 10074
   992 10074
   993 10074
   994 10074
   995 10074
   996 10074
   997 10074
   998 10074
   999 10074
  1000 10074
  1001 10074
  1002 10074
  1003 10074
  1004 10074
  1005 10074
  1006 10074
  1007 10074
  1008 10074
  1009 10074
  1010 10074
  1011 10074
  1012 10074
  1013 10074
  1014 10074
  1015 10074
  1016 10074
  1017 10074
  1018 10074
  1019 10074
  1020 10074
  1021 10016
  1030 10041
  1031 10041
  1032 10041
  1033 10041
  1034 10041
  1035 10041
  1036 10041
  1037 10041
  1038 10041
  1039 10041
  1040 10041
  1041 10041
  1042 10041
  1043 10041
  1044 10041
  1045 10041
  1046 10041
  1047 10041
  1048 10041
  1049 10041
  1050 10041
  1051 10041
  1052 10041
  1053 10041
  1054 10041
  1055 10041
  1056 10041
  1057 10041
  1058 10041
  1059 10041
  1060 10041
  1061 10041
  1062 10041
  1063 10041
  1064 10041
  1065 10041
  1066 10041
  1067 10041
  1068 10041
  1069 10041
  1070 10041
  1071 10041
  1072 10041
  1073 10041
  1074 10041
  1075 10041
  1076 10041
  1077 10041
  1078 10041
  1079 10041
  1080 10041
  1081 10041
  1082 10041
  1083 10041
  1084 10041
  1085 10041
  1086 10041
  1087 10041
  1088 10041
  1089 10041
  1090 10041
  1091 10041
  1092 10041
  1093 10041
  1094 10041
  1095 10041
  1096 10041
  1097 10041
  1098 10041
  1099 10041
  1100 10041
  1101 10041
  1102 10041
  1103 10041
  1104 10041
  1105 10041
  1106 10041
  1107 10041
  1108 10041
  1109 10041
  1110 10041
  1111 10041
  1112 10041
  1113 10041
  1114 10041
  1115 10041
  1116 10041
  1117 10041
  1118 10041
  1119 10041
  1120 10041
  1121 10041
  1122 10041
  1123 10041
  1124 10041
  1125 10041
  1126 10041
  1127 10041
  1128 10041
  1129 10041
  1130 10041
  1131 10041
  1132 10041
  1133 10041
  1134 10041
  1135 10041
  1136 10041
  1137 10041
  1138 10041
  1139 10041
  1140 10041
  1141 10041
  1142 10041
  1143 10041
  1144 10041
  1145 10041
  1146 10041
  1147 10041
  1148 10041
  1149 10041
  1150 10041
  1151 10041
  1152 10041
  1153 10041
  1154 10041
  1155 10041
  1156 10041
  1157 10041
  1158 10041
  1159 10041
  1160 10041
  1161 10041
  1162 10041
  1163 10041
  1164 10041
  1165 10041
  1166 10041
  1167 10041
  1168 10041
  1169 10041
  1170 10041
  1171 10041
  1172 10041
  1173 10041
  1174 10041
  1175 10041
  1176 10041
  1177 10041
  1178 10041
  1179 10041
  1180 10041
  1181 10041
  1182 10041
  1183 10041
  1184 10041
  1185 10041
  1186 10041
  1187 10041
  1188 10041
  1189 10041
  1190 10041
  1191 10041
  1192 10041
  1193 10041
  1194 10041
  1195 10041
  1196 10041
  1197 10041
  1198 10041
  1199 10041
  1200 10041
  1201 10041
  1202 10041
  1203 10041
  1204 10041
  1205 10041
  1206 10041
  1207 10041
  1208 10041
  1209 10041
  1210 10041
  1211 10041
  1212 10041
  1213 10041
  1214 10041
  1215 10041
  1216 10041
  1217 10041
  1218 10041
  1219 10041
  1220 10041
  1221 10041
  1222 10041
  1223 10041
  1224 10041
  1225 10041
  1226 10041
  1227 10041
  1228 10041
  1229 10041
  1230 10041
  1231 10041
  1232 10041
  1233 10041
  1234 10041
  1235 10041
  1236 10041
  1237 10041
  1238 10041
  1239 10041
  1240 10041
  1241 10041
  1242 10041
  1243 10041
  1244 10041
  1245 10041
  1246 10041
  1247 10041
  1248 10041
  1249 10041
  1250 10041
  1251 10041
  1252 10041
  1253 10041
  1254 10041
  1255 10041
  1256 10041
  1257 10041
  1258 10041
  1259 10041
  1260 10041
  1270 10018
  1272 10055
  1273 10018
  1274 10018
  1275 10062
  1276 10062
  1277 10062
  1278 10062
  1279 10062
  1280 10062
  1281 10062
  1282 10062
  1283 10062
  1284 10062
  1285 10062
  1286 10062
  1287 10062
  1288 10062
  1289 10062
  1290 10062
  1291 10062
  1292 10062
  1293 10062
  1294 10062
  1295 10062
  1296 10062
  1297 10062
  1298 10062
  1299 10062
  1300 10062
  1301 10062
  1302 10062
  1303 10062
  1304 10062
  1305 10062
  1306 10062
  1307 10062
  1308 10062
  1309 10062
  1310 10062
  1311 10062
  1312 10062
  1313 10062
  1314 10062
  1315 10062
  1316 10062
  1317 10062
  1318 10062
  1319 10062
  1320 10062
  1321 10062
  1322 10062
  1323 10062
  1324 10062
  1325 10062
  1326 10062
  1327 10062
  1328 10062
  1329 10062
  1330 10062
  1331 10062
  1332 10062
  1333 10062
  1334 10062
  1335 10062
  1336 10062
  1337 10062
  1338 10062
  1339 10062
  1340 10062
  1341 10062
  1342 10062
  1343 10062
  1344 10062
  1345 10062
  1346 10062
  1347 10062
  1348 10062
  1349 10062
  1350 10062
  1351 10062
  1352 10062
  1353 10062
  1354 10062
  1355 10062
  1356 10062
  1357 10062
  1358 10062
  1359 10062
  1360 10062
  1361 10062
  1362 10062
  1363 10062
  1364 10062
  1365 10062
  1366 10062
  1367 10062
  1368 10062
  1369 10062
  1370 10062
  1371 10062
  1372 10062
  1373 10062
  1374 10062
  1375 10062
  1376 10062
  1377 10062
  1378 10062
  1379 10062
  1380 10062
  1381 10062
  1382 10062
  1383 10062
  1384 10062
  1385 10062
  1386 10062
  1387 10062
  1388 10062
  1389 10062
  1390 10062
  1391 10062
  1392 10062
  1393 10062
  1394 10062
  1395 10062
  1396 10062
  1397 10062
  1398 10062
  1399 10062
  1400 10062
  1401 10062
  1402 10062
  1403 10062
  1404 10062
  1405 10062
  1406 10062
  1407 10062
  1408 10062
  1409 10062
  1410 10062
  1411 10062
  1412 10062
  1413 10062
  1414 10062
  1415 10062
  1416 10062
  1417 10062
  1418 10062
  1419 10062
  1420 10062
  1421 10062
  1422 10062
  1423 10062
  1424 10062
  1425 10062
  1426 10062
  1427 10062
  1428 10062
  1429 10062
  1430 10062
  1431 10062
  1432 10062
  1433 10062
  1434 10062
  1435 10062
  1436 10062
  1437 10062
  1438 10062
  1439 10062
  1440 10062
  1441 10062
  1442 10062
  1443 10062
  1444 10062
  1445 10062
  1446 10062
  1447 10062
  1448 10062
  1449 10062
  1450 10062
  1451 10062
  1452 10062
  1453 10062
  1454 10062
  1455 10062
  1456 10062
  1457 10062
  1458 10062
  1459 10062
  1460 10062
  1461 10062
  1462 10062
  1463 10062
  1464 10062
  1465 10062
  1466 10062
  1467 10062
  1468 10062
  1469 10062
  1470 10062
  1471 10062
  1472 10062
  1473 10062
  1474 10062
  1475 10062
  1476 10062
  1477 10062
  1478 10062
  1479 10062
  1480 10062
  1481 10062
  1482 10062
  1483 10062
  1484 10062
  1485 10062
  1486 10062
  1487 10062
  1488 10062
  1489 10062
  1490 10062
  1491 10062
  1492 10062
  1493 10062
  1494 10062
  1495 10062
  1496 10062
  1497 10062
  1498 10062
  1499 10062
  1500 10062
  1501 10138
  1502 10101
  1503 10138
  1505 10138
  1510 10123
  1519 10062
  1520 10062
  1521 10062
  1536 10138
  1538 10062
  1539 10062
  1541 10138
  1542 10141
  1543 10138
  1544 10101
  1545 10101
  1546 10101
  1547 10138
  1548 10080
  1549 10101
  1550 10138
  1551 10101
  1552 10138
  1553 10138
  1554 10101
  1556 10071
  1558 10138
  1559 10101
  1564 10062
  1565 10062
  1566 10062
  1567 10062
  1568 10062
  1569 10062
  1570 10101
  1576 10138
  1579 10138
  1582 10138
  1583 10138
  1584 10138
  1585 10138
  1587 10101
  1588 10132
  1589 10132
  1601 10101
  1602 10101
  1603 10101
  1605 10062
  1606 10062
  1608 10062
  1610 10062
  1611 10062
  1612 10062
  1613 10062
  1614 10062
  1619 10061
  1620 10061
  1621 10043
  1622 10043
  1623 10086
  1626 10062
  1627 10062
  1628 10062
  1629 10062
  1630 10062
  1631 10062
  1632 10062
  1633 10062
  1634 10062
  1635 10062
  1636 10062
  1637 10062
  1638 10062
  1639 10062
  1640 10062
  1641 10062
  1642 10062
  1643 10062
  1644 10062
  1645 10062
  1646 10062
  1647 10062
  1648 10062
  1649 10062
  1650 10062
  1651 10062
  1652 10062
  1653 10062
  1654 10062
  1655 10062
  1656 10062
  1657 10062
  1658 10062
  1659 10062
  1660 10062
  1661 10062
  1662 10062
  1663 10062
  1664 10062
  1665 10062
  1666 10062
  1667 10062
  1668 10062
  1669 10062
  1670 10062
  1671 10062
  1672 10062
  1673 10062
  1674 10062
  1675 10062
  1676 10062
  1677 10062
  1678 10062
  1679 10062
  1680 10062
  1681 10062
  1682 10062
  1683 10062
  1684 10062
  1685 10062
  1686 10062
  1687 10062
  1688 10062
  1689 10062
  1690 10062
  1691 10062
  1692 10062
  1693 10062
  1694 10062
  1695 10062
  1696 10062
  1697 10062
  1698 10062
  1699 10062
  1700 10062
  1701 10062
  1702 10062
  1703 10062
  1704 10062
  1705 10062
  1706 10062
  1707 10062
  1708 10062
  1709 10062
  1710 10062
  1711 10062
  1712 10062
  1713 10062
  1714 10062
  1715 10062
  1716 10062
  1717 10062
  1718 10062
  1719 10062
  1720 10062
  1721 10062
  1722 10062
  1723 10062
  1724 10062
  1725 10062
  1726 10062
  1727 10062
  1728 10062
  1729 10062
  1730 10062
  1731 10062
  1732 10062
  1733 10062
  1734 10062
  1735 10062
  1736 10062
  1737 10062
  1738 10062
  1739 10062
  1740 10062
  1741 10062
  1742 10062
  1743 10062
  1744 10062
  1745 10062
  1746 10062
  1747 10062
  1748 10062
  1749 10062
  1750 10062
  1751 10062
  1752 10062
  1753 10062
  1754 10062
  1755 10062
  1756 10062
  1757 10062
  1758 10062
  1759 10062
  1760 10062
  1761 10062
  1762 10062
  1763 10062
  1764 10062
  1765 10062
  1766 10062
  1767 10062
  1768 10062
  1769 10062
  1770 10062
  1771 10062
  1772 10062
  1773 10062
  1774 10062
  1775 10062
  1776 10062
  1777 10062
  1778 10062
  1779 10062
  1780 10062
  1781 10062
  1782 10062
  1783 10062
  1784 10062
  1785 10062
  1786 10062
  1787 10062
  1788 10062
  1789 10062
  1790 10062
  1791 10062
  1792 10062
  1793 10062
  1794 10062
  1795 10062
  1796 10062
  1797 10062
  1798 10062
  1799 10062
  1800 10062
  1801 10062
  1802 10062
  1803 10062
  1804 10062
  1805 10062
  1806 10062
  1807 10062
  1808 10062
  1809 10062
  1810 10062
  1811 10062
  1812 10062
  1813 10062
  1814 10062
  1815 10062
  1816 10062
  1817 10062
  1818 10062
  1819 10062
  1820 10062
  1821 10062
  1822 10062
  1823 10062
  1824 10062
  1825 10062
  1826 10062
  1827 10062
  1828 10062
  1829 10062
  1830 10062
  1831 10062
  1832 10062
  1833 10062
  1834 10062
  1835 10062
  1836 10062
  1837 10062
  1838 10062
  1839 10062
  1840 10062
  1841 10062
  1842 10062
  1843 10062
  1844 10062
  1845 10062
  1846 10062
  1847 10062
  1848 10062
  1849 10062
  1850 10062
  1851 10062
  1852 10062
  1853 10062
  1854 10062
  1855 10062
  1856 10062
  1857 10062
  1858 10062
  1859 10062
  1860 10062
  1861 10062
  1862 10062
  1863 10062
  1864 10062
  1865 10062
  1866 10062
  1867 10062
  1868 10128
  1869 10128
  1870 10128
  1871 10128
  1872 10128
  1873 10128
  1874 10128
  1875 10128
  1876 10128
  1877 10128
  1878 10128
  1879 10128
  1880 10128
  1881 10128
  1882 10128
  1883 10128
  1884 10128
  1885 10128
  1886 10128
  1887 10128
  1888 10128
  1889 10128
  1890 10128
  1891 10128
  1892 10128
  1893 10128
  1894 10128
  1895 10128
  1896 10128
  1897 10128
  1898 10128
  1899 10128
  1900 10128
  1901 10128
  1902 10128
  1903 10128
  1904 10128
  1905 10128
  1906 10128
  1907 10128
  1908 10128
  1909 10128
  1910 10128
  1911 10128
  1912 10128
  1913 10128
  1914 10128
  1915 10128
  1916 10128
  1917 10128
  1918 10128
  1919 10128
  1920 10128
  1921 10128
  1922 10128
  1923 10128
  1924 10128
  1925 10128
  1926 10128
  1927 10128
  1928 10128
  1929 10128
  1930 10128
  1931 10128
  1932 10128
  1933 10128
  1934 10128
  1935 10128
  1936 10128
  1937 10128
  1938 10128
  1939 10128
  1940 10128
  1941 10128
  1942 10128
  1943 10128
  1944 10128
  1945 10128
  1946 10128
  1947 10128
  1948 10128
  1949 10128
  1950 10128
  1951 10128
  1952 10128
  1953 10128
  1954 10128
  1955 10128
  1956 10128
  1957 10128
  1958 10128
  1959 10128
  1960 10128
  1961 10128
  1962 10128
  1963 10128
  1964 10128
  1965 10128
  1966 10128
  1967 10128
  1968 10128
  1969 10128
  1970 10128
  1971 10128
  1972 10128
  1973 10128
  1974 10128
  1975 10128
  1976 10128
  1977 10128
  1978 10128
  1979 10128
  1980 10128
  1981 10128
  1982 10128
  1983 10128
  1984 10128
  1985 10128
  1986 10128
  1987 10128
  1988 10128
  1989 10128
  1990 10128
  1991 10128
  1992 10128
  1993 10128
  1994 10128
  1995 10128
  1996 10128
  1997 10128
  1998 10128
  1999 10128
  2000 10128
  2001 10128
  2002 10128
  2003 10128
  2004 10128
  2005 10128
  2006 10128
  2007 10128
  2008 10128
  2009 10128
  2010 10128
  2011 10128
  2012 10128
  2013 10128
  2014 10128
  2015 10128
  2016 10128
  2017 10128
  2018 10128
  2019 10128
  2020 10128
  2021 10128
  2022 10128
  2023 10128
  2024 10128
  2025 10128
  2026 10128
