   600 10127
   601 10127
   602 10127
   603 10127
   604 10127
   605 10127
   607 10137
   608 10137
   609 10127
   610 10127
   611 10127
   612 10127
   613 10127
   614 10137
   615 10137
   617 10131
   620 10131
   621 10131
   622 10131
   623 10131
   624 10131
   625 10131
   626 10131
   627 10131
   628 10131
   629 10131
   630 10131
   631 10131
   632 10131
   633 10131
   636 10127
   637 10127
   638 10127
   644 10131
   645 10127
   646 10131
   649 10127
   650 10127
   651 10127
   652 10127
   653 10137
   654 10131
   655 10131
   657 10131
   658 10131
   660 10127
   661 10127
   690 10028
   691 10028
   692 10028
   693 10028
   694 10028
   695 10028
   696 10028
   697 10028
   698 10028
   699 10028
   700 10028
   701 10028
   702 10028
   703 10028
   704 10028
   705 10028
   706 10028
   707 10028
   708 10028
   709 10028
   710 10028
   711 10028
   712 10028
   713 10028
   714 10028
   715 10028
   716 10028
   717 10028
   718 10028
   719 10028
   720 10028
   721 10028
   722 10028
   723 10028
   724 10028
   725 10028
   726 10028
   727 10028
   728 10028
   729 10028
   730 10028
   731 10028
   732 10028
   733 10028
   734 10028
   735 10028
   736 10028
   737 10028
   738 10028
   739 10028
   740 10028
   741 10028
   742 10028
   743 10028
   744 10028
   745 10028
   746 10028
   747 10028
   748 10028
   749 10028
   750 10028
   751 10028
   752 10028
   753 10028
   754 10028
   755 10028
   756 10028
   757 10028
   758 10028
   759 10028
   760 10028
   761 10028
   762 10028
   763 10028
   764 10028
   765 10028
   766 10028
   767 10028
   768 10028
   769 10028
   770 10028
   771 10028
   772 10028
   773 10028
   774 10028
   775 10028
   776 10028
   777 10028
   778 10028
   779 10028
   780 10028
   781 10007
   782 10131
   783 10131
   784 10131
   785 10137
   786 10137
   787 10131
   788 10131
   789 10131
   790 10131
   791 10131
   792 10131
   793 10131
   794 10131
   795 10007
   796 10007
   797 10007
   798 10007
   799 10007
   800 10007
   801 10007
   802 10007
   803 10007
   804 10007
   805 10007
   806 10007
   807 10007
   808 10007
   809 10007
   810 10007
   811 10007
   812 10007
   813 10007
   814 10007
   815 10007
   816 10007
   817 10007
   818 10007
   819 10007
   820 10007
   821 10007
   822 10007
   823 10007
   824 10007
   825 10007
   826 10007
   827 10007
   828 10007
   829 10007
   830 10007
   831 10007
   832 10007
   833 10007
   834 10007
   835 10007
   836 10007
   837 10007
   838 10007
   839 10007
   840 10007
   841 10007
   842 10007
   843 10007
   844 10007
   845 10007
   846 10007
   847 10007
   848 10007
   849 10007
   850 10007
   851 10007
   852 10007
   853 10007
   854 10007
   855 10007
   856 10007
   857 10007
   858 10007
   859 10007
   860 10007
   861 10007
   862 10007
   863 10007
   864 10007
   865 10007
   866 10007
   867 10007
   868 10007
   869 10007
   870 10007
   871 10007
   872 10007
   873 10007
   874 10007
   875 10007
   876 10007
   877 10007
   878 10007
   879 10007
   880 10007
   881 10007
   882 10007
   883 10007
   884 10007
   885 10007
   886 10007
   887 10007
   888 10007
   889 10007
   890 10007
   891 10007
   892 10007
   893 10007
   894 10007
   895 10007
   896 10007
   897 10007
   898 10007
   899 10007
   900 10007
   901 10007
   902 10007
   903 10007
   904 10007
   905 10007
   906 10007
   907 10007
   908 10007
   909 10007
   910 10007
   911 10007
   912 10007
   913 10007
   914 10007
   915 10007
   916 10007
   917 10007
   918 10007
   919 10007
   920 10007
   921 10007
   922 10007
   923 10007
   924 10007
   925 10007
   926 10007
   927 10007
   928 10007
   929 10007
   930 10007
   931 10007
   932 10007
   933 10007
   934 10007
   935 10007
   936 10007
   937 10007
   938 10007
   939 10007
   940 10007
   941 10007
   942 10007
   943 10007
   944 10007
   945 10007
   946 10007
   947 10007
   948 10007
   949 10007
   950 10007
   951 10007
   952 10007
   953 10007
   954 10007
   955 10007
   956 10007
   957 10007
   958 10007
   959 10007
   960 10007
   961 10007
   962 10007
   963 10007
   964 10007
   965 10007
   966 10007
   967 10007
   968 10007
   969 10007
   970 10007
   971 10007
   972 10007
   973 10007
   974 10007
   975 10007
   976 10007
   977 10007
   978 10007
   979 10007
   980 10007
   981 10007
   982 10007
   983 10007
   984 10007
   985 10007
   986 10007
   987 10007
   988 10007
   989 10007
   990 10007
   991 10007
   992 10007
   993 10007
   994 10007
   995 10007
   996 10007
   997 10007
   998 10007
   999 10007
  1000 10007
  1001 10007
  1002 10007
  1003 10007
  1004 10007
  1005 10007
  1006 10007
  1007 10007
  1008 10007
  1009 10007
  1010 10007
  1011 10007
  1012 10007
  1013 10007
  1014 10007
  1015 10007
  1016 10007
  1017 10007
  1018 10007
  1019 10007
  1020 10007
  1021 10104
  1025 10031
  1026 10156
  1027 10156
  1028 10156
  1029 10156
  1030 10156
  1031 10156
  1032 10156
  1033 10156
  1034 10156
  1035 10156
  1036 10156
  1037 10156
  1038 10156
  1039 10156
  1040 10156
  1041 10156
  1042 10156
  1043 10156
  1044 10156
  1045 10156
  1046 10156
  1047 10156
  1048 10156
  1049 10156
  1050 10156
  1051 10156
  1052 10156
  1053 10156
  1054 10156
  1055 10156
  1056 10156
  1057 10156
  1058 10156
  1059 10156
  1060 10156
  1061 10156
  1062 10156
  1063 10156
  1064 10156
  1065 10156
  1066 10156
  1067 10156
  1068 10156
  1069 10156
  1070 10156
  1071 10156
  1072 10156
  1073 10156
  1074 10156
  1075 10156
  1076 10156
  1077 10156
  1078 10156
  1079 10156
  1080 10156
  1081 10156
  1082 10156
  1083 10156
  1084 10156
  1085 10156
  1086 10156
  1087 10156
  1088 10156
  1089 10156
  1090 10156
  1091 10156
  1092 10156
  1093 10156
  1094 10156
  1095 10156
  1096 10156
  1097 10156
  1098 10156
  1099 10156
  1100 10156
  1101 10156
  1102 10156
  1103 10156
  1104 10156
  1105 10156
  1106 10156
  1107 10156
  1108 10156
  1109 10156
  1110 10156
  1111 10156
  1112 10156
  1113 10156
  1114 10156
  1115 10156
  1116 10156
  1117 10156
  1118 10156
  1119 10156
  1120 10156
  1121 10156
  1122 10156
  1123 10156
  1124 10156
  1125 10156
  1126 10156
  1127 10156
  1128 10156
  1129 10156
  1130 10156
  1131 10156
  1132 10156
  1133 10156
  1134 10156
  1135 10156
  1136 10156
  1137 10156
  1138 10156
  1139 10156
  1140 10156
  1141 10156
  1142 10156
  1143 10156
  1144 10156
  1145 10156
  1146 10156
  1147 10156
  1148 10156
  1149 10156
  1150 10156
  1151 10156
  1152 10156
  1153 10156
  1154 10156
  1155 10156
  1156 10156
  1157 10156
  1158 10156
  1159 10156
  1160 10156
  1161 10156
  1162 10156
  1163 10156
  1164 10156
  1165 10156
  1166 10156
  1167 10156
  1168 10156
  1169 10156
  1170 10156
  1171 10156
  1172 10156
  1173 10156
  1174 10156
  1175 10156
  1176 10156
  1177 10156
  1178 10156
  1179 10156
  1180 10156
  1181 10156
  1182 10156
  1183 10156
  1184 10156
  1185 10156
  1186 10156
  1187 10156
  1188 10156
  1189 10156
  1190 10156
  1191 10156
  1192 10156
  1193 10156
  1194 10156
  1195 10156
  1196 10156
  1197 10156
  1198 10156
  1199 10156
  1200 10156
  1201 10156
  1202 10156
  1203 10156
  1204 10156
  1205 10156
  1206 10156
  1207 10156
  1208 10156
  1209 10156
  1210 10156
  1211 10156
  1212 10156
  1213 10156
  1214 10156
  1215 10156
  1216 10156
  1217 10156
  1218 10156
  1219 10156
  1220 10156
  1221 10156
  1222 10156
  1223 10156
  1224 10156
  1225 10156
  1226 10156
  1227 10156
  1228 10156
  1229 10156
  1230 10156
  1231 10156
  1232 10156
  1233 10156
  1234 10156
  1235 10156
  1236 10156
  1237 10156
  1238 10156
  1239 10156
  1240 10156
  1241 10156
  1242 10156
  1243 10156
  1244 10156
  1245 10156
  1246 10156
  1247 10156
  1248 10156
  1249 10156
  1250 10156
  1251 10156
  1252 10156
  1253 10156
  1254 10156
  1255 10156
  1256 10156
  1257 10156
  1259 10104
  1260 10104
  1261 10104
  1262 10104
  1263 10104
  1264 10104
  1265 10104
  1266 10104
  1267 10104
  1268 10104
  1269 10104
  1270 10104
  1271 10104
  1272 10104
  1273 10104
  1274 10104
  1275 10104
  1276 10104
  1277 10104
  1278 10104
  1279 10104
  1280 10104
  1281 10104
  1282 10104
  1283 10104
  1284 10104
  1285 10104
  1286 10104
  1287 10104
  1288 10104
  1289 10104
  1290 10104
  1291 10104
  1292 10104
  1293 10104
  1294 10104
  1295 10104
  1296 10104
  1297 10104
  1298 10104
  1299 10104
  1300 10104
  1301 10104
  1302 10104
  1303 10104
  1304 10104
  1305 10104
  1306 10104
  1307 10104
  1308 10104
  1309 10104
  1310 10104
  1311 10104
  1312 10104
  1313 10104
  1314 10104
  1315 10104
  1316 10104
  1317 10104
  1318 10104
  1319 10104
  1320 10104
  1321 10104
  1322 10104
  1323 10104
  1324 10104
  1325 10104
  1326 10104
  1327 10104
  1328 10104
  1329 10104
  1330 10104
  1331 10104
  1332 10104
  1333 10104
  1334 10104
  1335 10104
  1336 10104
  1337 10104
  1338 10104
  1339 10104
  1340 10104
  1341 10104
  1342 10104
  1343 10104
  1344 10104
  1345 10104
  1346 10104
  1347 10104
  1348 10104
  1349 10104
  1350 10104
  1351 10104
  1352 10104
  1353 10104
  1354 10104
  1355 10104
  1356 10104
  1357 10104
  1358 10104
  1359 10104
  1360 10104
  1361 10104
  1362 10104
  1363 10104
  1364 10104
  1365 10104
  1366 10104
  1367 10104
  1368 10104
  1369 10104
  1370 10104
  1371 10104
  1372 10104
  1373 10104
  1374 10104
  1375 10104
  1376 10104
  1377 10104
  1378 10104
  1379 10104
  1380 10104
  1381 10104
  1382 10104
  1383 10104
  1384 10104
  1385 10104
  1386 10104
  1387 10104
  1388 10104
  1389 10104
  1390 10104
  1391 10104
  1392 10104
  1393 10104
  1394 10104
  1395 10104
  1396 10104
  1397 10104
  1398 10104
  1399 10104
  1400 10104
  1401 10104
  1402 10104
  1403 10104
  1404 10104
  1405 10104
  1406 10104
  1407 10104
  1408 10104
  1409 10104
  1410 10104
  1411 10104
  1412 10104
  1413 10104
  1414 10104
  1415 10104
  1416 10104
  1417 10104
  1418 10104
  1419 10104
  1420 10104
  1421 10104
  1422 10104
  1423 10104
  1424 10104
  1425 10104
  1426 10104
  1427 10104
  1428 10104
  1429 10104
  1430 10104
  1431 10104
  1432 10104
  1433 10104
  1434 10104
  1435 10104
  1436 10104
  1437 10104
  1438 10104
  1439 10104
  1440 10104
  1441 10104
  1442 10104
  1443 10104
  1444 10104
  1445 10104
  1446 10104
  1447 10104
  1448 10104
  1449 10104
  1450 10104
  1451 10104
  1452 10104
  1453 10104
  1454 10104
  1455 10104
  1456 10104
  1457 10104
  1458 10104
  1459 10104
  1460 10104
  1461 10104
  1462 10104
  1463 10104
  1464 10104
  1465 10104
  1466 10104
  1467 10104
  1468 10104
  1469 10104
  1470 10104
  1471 10104
  1472 10104
  1473 10104
  1474 10104
  1475 10104
  1476 10104
  1477 10104
  1478 10104
  1479 10104
  1480 10104
  1481 10104
  1482 10104
  1483 10104
  1484 10104
  1485 10104
  1486 10104
  1487 10104
  1488 10104
  1489 10104
  1490 10104
  1491 10104
  1492 10104
  1493 10104
  1494 10104
  1495 10104
  1496 10104
  1497 10104
  1498 10104
  1499 10104
  1500 10104
  1501 10018
  1502 10158
  1503 10158
  1529 10010
  1530 10010
  1531 10010
  1532 10010
  1533 10010
  1534 10010
  1535 10055
  1536 10055
  1538 10031
  1546 10138
  1547 10138
  1550 10141
  1551 10141
  1552 10141
  1553 10141
  1554 10101
  1555 10062
  1556 10138
  1557 10138
  1558 10138
  1562 10132
  1567 10132
  1569 10031
  1570 10031
  1571 10031
  1572 10055
  1573 10055
  1574 10055
  1575 10031
  1576 10031
  1577 10031
  1578 10031
  1579 10031
  1580 10031
  1581 10031
  1582 10031
  1583 10031
  1584 10031
  1586 10016
  1587 10074
  1588 10016
  1589 10016
  1590 10016
  1591 10085
  1592 10097
  1593 10097
  1594 10097
  1595 10010
  1596 10098
  1597 10055
  1598 10055
  1599 10158
  1600 10055
  1601 10055
  1602 10055
  1603 10055
  1604 10055
  1605 10055
  1606 10055
  1607 10055
  1609 10031
  1610 10093
  1615 10097
  1617 10016
  1618 10016
  1619 10143
  1620 10143
  1621 10143
  1622 10143
  1623 10145
  1624 10143
  1625 10143
  1626 10081
  1627 10097
  1628 10095
  1630 10145
  1631 10145
  1632 10145
  1633 10145
  1634 10145
  1635 10145
  1636 10145
  1637 10145
  1638 10145
  1639 10145
  1640 10145
  1641 10145
  1642 10145
  1643 10145
  1644 10145
  1645 10145
  1646 10145
  1647 10145
  1648 10145
  1649 10145
  1650 10145
  1651 10145
  1652 10145
  1653 10145
  1654 10145
  1655 10145
  1656 10145
  1657 10145
  1658 10145
  1659 10145
  1660 10145
  1661 10145
  1662 10145
  1663 10145
  1664 10145
  1665 10145
  1666 10145
  1667 10145
  1668 10145
  1669 10145
  1670 10145
  1671 10145
  1672 10145
  1673 10145
  1674 10145
  1675 10145
  1676 10145
  1677 10145
  1678 10145
  1679 10145
  1680 10145
  1681 10145
  1682 10145
  1683 10145
  1684 10145
  1685 10145
  1686 10145
  1687 10145
  1688 10145
  1689 10145
  1690 10145
  1691 10145
  1692 10145
  1693 10145
  1694 10145
  1695 10145
  1696 10145
  1697 10145
  1698 10145
  1699 10145
  1700 10145
  1701 10145
  1702 10145
  1703 10145
  1704 10145
  1705 10145
  1706 10145
  1707 10145
  1708 10145
  1709 10145
  1710 10145
  1711 10145
  1712 10145
  1713 10145
  1714 10145
  1715 10145
  1716 10145
  1717 10145
  1718 10145
  1719 10145
  1720 10145
  1721 10145
  1722 10145
  1723 10145
  1724 10145
  1725 10145
  1726 10145
  1727 10145
  1728 10145
  1729 10145
  1730 10145
  1731 10145
  1732 10145
  1733 10145
  1734 10145
  1735 10145
  1736 10145
  1737 10145
  1738 10145
  1739 10145
  1740 10145
  1741 10145
  1742 10145
  1743 10145
  1744 10145
  1745 10145
  1746 10145
  1747 10145
  1748 10145
  1749 10145
  1750 10145
  1751 10145
  1752 10145
  1753 10145
  1754 10145
  1755 10145
  1756 10145
  1757 10145
  1758 10145
  1759 10145
  1760 10145
  1761 10145
  1762 10145
  1763 10145
  1764 10145
  1765 10145
  1766 10145
  1767 10145
  1768 10145
  1769 10145
  1770 10145
  1771 10145
  1772 10145
  1773 10145
  1774 10145
  1775 10145
  1776 10145
  1777 10145
  1778 10145
  1779 10145
  1780 10145
  1781 10145
  1782 10145
  1783 10145
  1784 10145
  1785 10145
  1786 10145
  1787 10145
  1788 10145
  1789 10145
  1790 10145
  1791 10145
  1792 10145
  1793 10145
  1794 10145
  1795 10145
  1796 10145
  1797 10145
  1798 10145
  1799 10145
  1800 10145
  1801 10145
  1802 10145
  1803 10145
  1804 10145
  1805 10145
  1806 10145
  1807 10145
  1808 10145
  1809 10145
  1810 10145
  1811 10145
  1812 10145
  1813 10145
  1814 10145
  1815 10145
  1816 10145
  1817 10145
  1818 10145
  1819 10145
  1820 10145
  1821 10145
  1822 10145
  1823 10145
  1824 10145
  1825 10145
  1826 10145
  1827 10145
  1828 10145
  1829 10145
  1830 10145
  1831 10145
  1832 10145
  1833 10145
  1834 10145
  1835 10145
  1836 10145
  1837 10145
  1838 10145
  1839 10145
  1840 10145
  1841 10145
  1842 10145
  1843 10145
  1844 10145
  1845 10145
  1846 10145
  1847 10145
  1848 10145
  1849 10145
  1850 10145
  1851 10145
  1852 10145
  1853 10145
  1854 10145
  1855 10145
  1856 10016
  1857 10143
  1858 10016
  1859 10016
  1860 10016
  1861 10074
  1862 10074
  1863 10074
  1864 10074
  1865 10074
  1866 10074
  1867 10074
  1868 10074
  1869 10074
  1870 10074
  1871 10074
  1872 10074
  1873 10074
  1874 10074
  1875 10074
  1876 10074
  1877 10074
  1878 10074
  1879 10074
  1880 10074
  1881 10074
  1882 10074
  1883 10074
  1884 10074
  1885 10074
  1886 10074
  1887 10074
  1888 10074
  1889 10074
  1890 10074
  1891 10074
  1892 10074
  1893 10074
  1894 10074
  1895 10074
  1896 10074
  1897 10074
  1898 10074
  1899 10074
  1900 10074
  1901 10074
  1902 10074
  1903 10074
  1904 10074
  1905 10074
  1906 10074
  1907 10074
  1908 10074
  1909 10074
  1910 10074
  1911 10074
  1912 10074
  1913 10074
  1914 10074
  1915 10074
  1916 10074
  1917 10074
  1918 10074
  1919 10074
  1920 10074
  1921 10074
  1922 10074
  1923 10074
  1924 10074
  1925 10074
  1926 10074
  1927 10074
  1928 10074
  1929 10074
  1930 10074
  1931 10074
  1932 10074
  1933 10074
  1934 10074
  1935 10074
  1936 10074
  1937 10074
  1938 10074
  1939 10074
  1940 10074
  1941 10074
  1942 10074
  1943 10074
  1944 10074
  1945 10074
  1946 10074
  1947 10074
  1948 10074
  1949 10074
  1950 10074
  1951 10074
  1952 10074
  1953 10074
  1954 10074
  1955 10074
  1956 10074
  1957 10074
  1958 10074
  1959 10074
  1960 10074
  1961 10074
  1962 10074
  1963 10074
  1964 10074
  1965 10074
  1966 10074
  1967 10074
  1968 10074
  1969 10074
  1970 10074
  1971 10074
  1972 10074
  1973 10074
  1974 10074
  1975 10074
  1976 10074
  1977 10074
  1978 10074
  1979 10074
  1980 10074
  1981 10074
  1982 10074
  1983 10074
  1984 10074
  1985 10074
  1986 10074
  1987 10074
  1988 10074
  1989 10074
  1990 10074
  1991 10074
  1992 10074
  1993 10074
  1994 10074
  1995 10074
  1996 10074
  1997 10074
  1998 10074
  1999 10074
  2000 10074
  2001 10074
  2002 10074
  2003 10074
  2004 10074
  2005 10074
  2006 10074
  2007 10074
  2008 10074
  2009 10074
  2010 10074
  2011 10074
  2012 10074
  2013 10074
  2014 10074
  2015 10074
  2016 10074
  2017 10074
  2018 10074
  2019 10074
  2020 10074
  2021 10074
  2022 10074
  2023 10074
  2024 10074
  2025 10074
  2026 10154
  2027 10106
  2032 10138
  2036 10045
  2037 10028
  2038 10028
  2039 10028
  2040 10028
