   690 10157
   691 10157
   692 10157
   693 10157
   694 10157
   695 10157
   696 10157
   697 10157
   698 10157
   699 10157
   700 10157
   701 10157
   702 10157
   703 10157
   704 10157
   705 10157
   706 10157
   707 10157
   708 10157
   709 10157
   710 10157
   711 10157
   712 10157
   713 10157
   714 10157
   715 10157
   716 10157
   717 10157
   718 10157
   719 10157
   720 10157
   721 10157
   722 10157
   723 10157
   724 10157
   725 10157
   726 10157
   727 10157
   728 10157
   729 10157
   730 10157
   731 10157
   732 10157
   733 10157
   734 10157
   735 10157
   736 10157
   737 10157
   738 10157
   739 10157
   740 10157
   741 10157
   742 10157
   743 10157
   744 10157
   745 10157
   746 10157
   747 10157
   748 10157
   749 10157
   750 10157
   751 10157
   752 10157
   753 10157
   754 10157
   755 10157
   756 10157
   757 10157
   758 10157
   759 10157
   760 10157
   761 10157
   762 10157
   763 10157
   764 10157
   765 10157
   766 10157
   767 10157
   768 10157
   769 10157
   770 10157
   771 10157
   772 10157
   773 10157
   774 10157
   775 10157
   776 10157
   777 10157
   778 10157
   779 10157
   780 10157
   781 10154
   782 10014
   783 10014
   785 10157
   786 10157
   787 10153
   788 10153
   789 10153
   790 10153
   791 10153
   792 10153
   793 10153
   794 10153
   795 10157
   796 10157
   797 10157
   798 10157
   799 10157
   800 10157
   801 10157
   802 10157
   803 10157
   804 10157
   805 10157
   806 10157
   807 10157
   808 10157
   809 10157
   810 10157
   811 10157
   812 10157
   813 10157
   814 10157
   815 10157
   816 10157
   817 10157
   818 10157
   819 10157
   820 10157
   821 10157
   822 10157
   823 10157
   824 10157
   825 10157
   826 10157
   827 10157
   828 10157
   829 10157
   830 10157
   831 10157
   832 10157
   833 10157
   834 10157
   835 10157
   836 10157
   837 10157
   838 10157
   839 10157
   840 10157
   841 10157
   842 10157
   843 10157
   844 10157
   845 10157
   846 10157
   847 10157
   848 10157
   849 10157
   850 10157
   851 10157
   852 10157
   853 10157
   854 10157
   855 10157
   856 10157
   857 10157
   858 10157
   859 10157
   860 10157
   861 10157
   862 10157
   863 10157
   864 10157
   865 10157
   866 10157
   867 10157
   868 10157
   869 10157
   870 10157
   871 10157
   872 10157
   873 10157
   874 10157
   875 10157
   876 10157
   877 10157
   878 10157
   879 10157
   880 10157
   881 10157
   882 10157
   883 10157
   884 10157
   885 10157
   886 10157
   887 10157
   888 10157
   889 10157
   890 10157
   891 10157
   892 10157
   893 10157
   894 10157
   895 10157
   896 10157
   897 10157
   898 10157
   899 10157
   900 10157
   901 10157
   902 10157
   903 10157
   904 10157
   905 10157
   906 10157
   907 10157
   908 10157
   909 10157
   910 10157
   911 10157
   912 10157
   913 10157
   914 10157
   915 10157
   916 10157
   917 10157
   918 10157
   919 10157
   920 10157
   921 10157
   922 10157
   923 10157
   924 10157
   925 10157
   926 10157
   927 10157
   928 10157
   929 10157
   930 10157
   931 10157
   932 10157
   933 10157
   934 10157
   935 10157
   936 10157
   937 10157
   938 10157
   939 10157
   940 10157
   941 10157
   942 10157
   943 10157
   944 10157
   945 10157
   946 10157
   947 10157
   948 10157
   949 10157
   950 10157
   951 10157
   952 10157
   953 10157
   954 10157
   955 10157
   956 10157
   957 10157
   958 10157
   959 10157
   960 10157
   961 10157
   962 10157
   963 10157
   964 10157
   965 10157
   966 10157
   967 10157
   968 10157
   969 10157
   970 10157
   971 10157
   972 10157
   973 10157
   974 10157
   975 10157
   976 10157
   977 10157
   978 10157
   979 10157
   980 10157
   981 10157
   982 10157
   983 10157
   984 10157
   985 10157
   986 10157
   987 10157
   988 10157
   989 10157
   990 10157
   991 10157
   992 10157
   993 10157
   994 10157
   995 10157
   996 10157
   997 10157
   998 10157
   999 10157
  1000 10157
  1001 10157
  1002 10157
  1003 10157
  1004 10157
  1005 10157
  1006 10157
  1007 10157
  1008 10157
  1009 10157
  1010 10157
  1011 10157
  1012 10157
  1013 10157
  1014 10157
  1015 10157
  1016 10157
  1017 10157
  1018 10157
  1019 10157
  1020 10157
  1021 10153
  1022 10153
  1023 10153
  1024 10153
  1025 10153
  1026 10153
  1027 10081
  1028 10081
  1029 10081
  1030 10081
  1031 10081
  1032 10081
  1033 10074
  1034 10074
  1035 10074
  1036 10074
  1038 10049
  1042 10107
  1043 10107
  1044 10107
  1050 10085
  1052 10154
  1053 10107
  1054 10107
  1067 10107
  1068 10107
  1069 10107
  1070 10107
  1071 10107
  1072 10107
  1073 10107
  1074 10107
  1075 10107
  1076 10107
  1077 10107
  1078 10107
  1079 10107
  1080 10107
  1081 10107
  1082 10107
  1083 10107
  1084 10107
  1085 10107
  1086 10107
  1087 10107
  1088 10107
  1089 10107
  1090 10107
  1091 10107
  1092 10107
  1093 10107
  1094 10107
  1095 10107
  1096 10107
  1097 10107
  1098 10107
  1099 10107
  1100 10107
  1104 10107
  1105 10166
  1106 10107
  1107 10107
  1108 10107
  1109 10107
  1110 10107
  1111 10107
  1112 10107
  1113 10107
  1114 10107
  1115 10107
  1116 10107
  1117 10107
  1118 10107
  1119 10107
  1120 10107
  1121 10107
  1122 10107
  1123 10107
  1124 10107
  1125 10107
  1126 10107
  1127 10107
  1128 10107
  1129 10107
  1130 10107
  1131 10107
  1132 10107
  1133 10107
  1134 10107
  1136 10107
  1137 10107
  1138 10107
  1139 10107
  1140 10107
  1141 10107
  1142 10107
  1143 10107
  1144 10107
  1145 10107
  1146 10107
  1147 10107
  1148 10107
  1149 10107
  1150 10107
  1151 10107
  1152 10107
  1153 10107
  1154 10107
  1155 10107
  1156 10107
  1157 10107
  1158 10107
  1159 10107
  1160 10107
  1161 10107
  1162 10107
  1163 10107
  1164 10107
  1165 10107
  1169 10166
  1170 10166
  1171 10166
  1172 10166
  1173 10166
  1174 10166
  1175 10166
  1176 10166
  1177 10166
  1178 10166
  1179 10166
  1180 10107
  1181 10107
  1182 10107
  1183 10107
  1184 10107
  1185 10107
  1186 10107
  1187 10107
  1188 10107
  1189 10107
  1190 10107
  1191 10107
  1192 10107
  1193 10107
  1194 10107
  1195 10107
  1196 10107
  1197 10107
  1198 10107
  1199 10107
  1200 10107
  1201 10166
  1202 10166
  1203 10107
  1204 10107
  1205 10107
  1206 10107
  1207 10107
  1208 10107
  1209 10107
  1210 10107
  1211 10107
  1212 10107
  1213 10107
  1214 10107
  1215 10107
  1216 10107
  1217 10107
  1218 10107
  1219 10107
  1220 10107
  1221 10107
  1222 10107
  1223 10107
  1224 10107
  1225 10107
  1226 10107
  1227 10107
  1228 10107
  1229 10107
  1230 10107
  1231 10107
  1232 10107
  1233 10107
  1234 10107
  1235 10107
  1236 10107
  1237 10107
  1238 10107
  1239 10107
  1240 10166
  1241 10166
  1242 10166
  1243 10107
  1244 10107
  1245 10107
  1246 10107
  1247 10107
  1248 10107
  1249 10107
  1250 10107
  1251 10107
  1252 10107
  1253 10107
  1254 10107
  1255 10107
  1256 10107
  1257 10107
  1258 10107
  1259 10107
  1260 10107
  1261 10107
  1262 10014
  1263 10081
  1264 10081
  1265 10081
  1266 10081
  1267 10081
  1268 10081
  1269 10081
  1270 10081
  1271 10081
  1272 10081
  1273 10081
  1274 10081
  1341 10016
  1395 10081
  1396 10153
  1397 10153
  1398 10153
  1399 10153
  1400 10081
  1401 10081
  1402 10081
  1403 10081
  1404 10081
  1405 10153
  1406 10153
  1407 10153
  1408 10153
  1409 10153
  1410 10081
  1411 10016
  1412 10167
  1413 10173
  1414 10173
  1415 10173
  1416 10173
  1418 10106
  1419 10040
  1420 10040
  1421 10098
  1422 10098
  1423 10158
  1424 10055
  1425 10055
  1426 10055
  1427 10140
  1428 10018
  1429 10018
  1430 10018
  1431 10055
  1432 10055
  1433 10055
  1434 10055
  1435 10055
  1436 10055
  1437 10055
  1438 10055
  1439 10055
  1440 10018
  1441 10018
  1442 10018
  1443 10068
  1444 10018
  1445 10018
  1446 10140
  1447 10140
  1448 10140
  1449 10140
  1450 10055
  1451 10055
  1452 10055
  1453 10140
  1454 10018
  1455 10018
  1456 10018
  1457 10018
  1458 10018
  1459 10158
  1460 10158
  1461 10055
  1462 10158
  1463 10158
  1464 10158
  1465 10158
  1466 10158
  1467 10158
  1468 10158
  1469 10140
  1470 10140
  1471 10158
  1472 10158
  1473 10158
  1474 10158
  1475 10158
  1476 10158
  1477 10158
  1478 10158
  1479 10158
  1480 10158
  1481 10158
  1482 10158
  1483 10158
  1484 10158
  1485 10158
  1486 10158
  1487 10158
  1488 10158
  1489 10158
  1490 10158
  1491 10158
  1492 10158
  1493 10158
  1494 10158
  1496 10055
  1497 10055
  1498 10055
  1499 10018
  1500 10055
  1501 10055
  1502 10018
  1503 10055
  1504 10154
  1505 10014
  1506 10081
  1507 10081
  1508 10081
  1509 10081
  1510 10081
  1511 10081
  1512 10081
  1513 10081
  1514 10081
  1515 10081
  1516 10081
  1517 10081
  1518 10081
  1519 10157
  1520 10157
  1521 10081
  1522 10081
  1523 10081
  1524 10081
  1525 10075
  1526 10075
  1527 10075
  1528 10075
  1529 10075
  1530 10081
  1531 10081
  1532 10081
  1533 10081
  1534 10081
  1535 10081
  1536 10081
  1537 10081
  1538 10081
  1539 10081
  1540 10081
  1541 10081
  1542 10081
  1543 10081
  1544 10081
  1545 10081
  1546 10081
  1547 10081
  1548 10081
  1549 10081
  1550 10081
  1551 10081
  1552 10081
  1553 10081
  1554 10081
  1555 10081
  1556 10081
  1557 10081
  1558 10016
  1559 10081
  1560 10081
  1561 10081
  1562 10081
  1563 10081
  1564 10081
  1565 10081
  1566 10081
  1567 10153
  1568 10153
  1569 10153
  1570 10153
  1571 10081
  1572 10081
  1573 10081
  1574 10081
  1575 10081
  1576 10081
  1577 10081
  1578 10081
  1579 10153
  1580 10153
  1581 10153
  1582 10153
  1583 10153
  1584 10153
  1585 10153
  1586 10153
  1587 10153
  1588 10153
  1589 10153
  1590 10153
  1591 10153
  1592 10153
  1593 10081
  1594 10081
  1595 10081
  1596 10081
  1597 10081
  1598 10081
  1599 10153
  1600 10153
  1601 10081
  1602 10081
  1603 10153
  1604 10153
  1605 10153
  1606 10016
  1607 10153
  1608 10153
  1609 10153
  1610 10081
  1611 10081
  1612 10081
  1613 10153
  1614 10153
  1615 10153
  1616 10153
  1617 10153
  1618 10016
  1619 10153
  1620 10153
  1621 10153
  1622 10153
  1623 10153
  1624 10153
  1625 10153
  1626 10153
  1627 10153
  1628 10153
  1629 10153
  1630 10157
  1631 10157
  1632 10157
  1633 10157
  1634 10157
  1635 10157
  1636 10157
  1637 10157
  1638 10157
  1639 10157
  1640 10157
  1641 10157
  1642 10157
  1643 10157
  1644 10157
  1645 10157
  1646 10157
  1647 10157
  1648 10157
  1649 10157
  1650 10157
  1651 10157
  1652 10157
  1653 10157
  1654 10157
  1655 10157
  1656 10157
  1657 10157
  1658 10157
  1659 10157
  1660 10157
  1661 10157
  1662 10157
  1663 10157
  1664 10157
  1665 10157
  1666 10157
  1667 10157
  1668 10157
  1669 10157
  1670 10157
  1671 10157
  1672 10157
  1673 10157
  1674 10157
  1675 10157
  1676 10157
  1677 10157
  1678 10157
  1679 10157
  1680 10157
  1681 10157
  1682 10157
  1683 10157
  1684 10157
  1685 10157
  1686 10157
  1687 10157
  1688 10157
  1689 10157
  1690 10157
  1691 10157
  1692 10157
  1693 10157
  1694 10157
  1695 10157
  1696 10157
  1697 10157
  1698 10157
  1699 10157
  1700 10157
  1701 10157
  1702 10157
  1703 10157
  1704 10157
  1705 10157
  1706 10157
  1707 10157
  1708 10157
  1709 10157
  1710 10157
  1711 10157
  1712 10157
  1713 10157
  1714 10157
  1715 10157
  1716 10157
  1717 10157
  1718 10157
  1719 10157
  1720 10157
  1721 10157
  1722 10157
  1723 10157
  1724 10157
  1725 10157
  1726 10157
  1727 10157
  1728 10157
  1729 10157
  1730 10157
  1731 10157
  1732 10157
  1733 10157
  1734 10157
  1735 10157
  1736 10157
  1737 10157
  1738 10157
  1739 10157
  1740 10157
  1741 10157
  1742 10157
  1743 10157
  1744 10157
  1745 10157
  1746 10157
  1747 10157
  1748 10157
  1749 10157
  1750 10157
  1751 10157
  1752 10157
  1753 10157
  1754 10157
  1755 10157
  1756 10157
  1757 10157
  1758 10157
  1759 10157
  1760 10157
  1761 10157
  1762 10157
  1763 10157
  1764 10157
  1765 10157
  1766 10157
  1767 10157
  1768 10157
  1769 10157
  1770 10157
  1771 10157
  1772 10157
  1773 10157
  1774 10157
  1775 10157
  1776 10157
  1777 10157
  1778 10157
  1779 10157
  1780 10157
  1781 10157
  1782 10157
  1783 10157
  1784 10157
  1785 10157
  1786 10157
  1787 10157
  1788 10157
  1789 10157
  1790 10157
  1791 10157
  1792 10157
  1793 10157
  1794 10157
  1795 10157
  1796 10157
  1797 10157
  1798 10157
  1799 10157
  1800 10157
  1801 10157
  1802 10157
  1803 10157
  1804 10157
  1805 10157
  1806 10157
  1807 10157
  1808 10157
  1809 10157
  1810 10157
  1811 10157
  1812 10157
  1813 10157
  1814 10157
  1815 10157
  1816 10157
  1817 10157
  1818 10157
  1819 10157
  1820 10157
  1821 10157
  1822 10157
  1823 10157
  1824 10157
  1825 10157
  1826 10157
  1827 10157
  1828 10157
  1829 10157
  1830 10157
  1831 10157
  1832 10157
  1833 10157
  1834 10157
  1835 10157
  1836 10157
  1837 10157
  1838 10157
  1839 10157
  1840 10157
  1841 10157
  1842 10157
  1843 10157
  1844 10157
  1845 10157
  1846 10157
  1847 10157
  1848 10157
  1849 10157
  1850 10157
  1851 10157
  1852 10157
  1853 10157
  1854 10157
  1855 10157
  1856 10153
  1857 10153
  1858 10153
  1859 10153
  1860 10153
  1861 10153
  1862 10153
  1863 10153
  1864 10153
  1865 10153
  1866 10153
  1867 10153
  1868 10153
  1869 10153
  1870 10157
  1871 10157
  1872 10157
  1873 10157
  1874 10157
  1875 10157
  1876 10157
  1877 10157
  1878 10157
  1879 10157
  1880 10157
  1881 10157
  1882 10157
  1883 10157
  1884 10157
  1885 10157
  1886 10157
  1887 10157
  1888 10157
  1889 10157
  1890 10157
  1891 10157
  1892 10157
  1893 10157
  1894 10157
  1895 10157
  1896 10157
  1897 10157
  1898 10157
  1899 10157
  1900 10157
  1901 10157
  1902 10157
  1903 10157
  1904 10157
  1905 10157
  1906 10157
  1907 10157
  1908 10157
  1909 10157
  1910 10157
  1911 10157
  1912 10157
  1913 10157
  1914 10157
  1915 10157
  1916 10157
  1917 10157
  1918 10157
  1919 10157
  1920 10157
  1921 10157
  1922 10157
  1923 10157
  1924 10157
  1925 10157
  1926 10157
  1927 10157
  1928 10157
  1929 10157
  1930 10157
  1931 10157
  1932 10157
  1933 10157
  1934 10157
  1935 10157
  1936 10157
  1937 10157
  1938 10157
  1939 10157
  1940 10157
  1941 10157
  1942 10157
  1943 10157
  1944 10157
  1945 10157
  1946 10157
  1947 10157
  1948 10157
  1949 10157
  1950 10157
  1951 10157
  1952 10157
  1953 10157
  1954 10157
  1955 10157
  1956 10157
  1957 10157
  1958 10157
  1959 10157
  1960 10157
  1961 10157
  1962 10157
  1963 10157
  1964 10157
  1965 10157
  1966 10157
  1967 10157
  1968 10157
  1969 10157
  1970 10157
  1971 10157
  1972 10157
  1973 10157
  1974 10157
  1975 10157
  1976 10157
  1977 10157
  1978 10157
  1979 10157
  1980 10157
  1981 10157
  1982 10157
  1983 10157
  1984 10157
  1985 10157
  1986 10157
  1987 10157
  1988 10157
  1989 10157
  1990 10157
  1991 10157
  1992 10157
  1993 10157
  1994 10157
  1995 10157
  1996 10157
  1997 10157
  1998 10157
  1999 10157
  2000 10157
  2001 10157
  2002 10157
  2003 10157
  2004 10157
  2005 10157
  2006 10157
  2007 10157
  2008 10157
  2009 10157
  2010 10157
  2011 10157
  2012 10157
  2013 10157
  2014 10157
  2015 10157
  2016 10157
  2017 10157
  2018 10157
  2019 10157
  2020 10157
  2021 10153
  2022 10153
  2023 10153
  2024 10153
  2025 10153
  2026 10153
  2027 10153
  2028 10153
  2029 10153
  2030 10153
  2031 10154
  2032 10153
  2033 10143
