   645 10127
   646 10127
   648 10127
   649 10127
   690 10128
   691 10128
   692 10128
   693 10128
   694 10128
   695 10128
   696 10128
   697 10128
   698 10128
   699 10128
   700 10128
   701 10128
   702 10128
   703 10128
   704 10128
   705 10128
   706 10128
   707 10128
   708 10128
   709 10128
   710 10128
   711 10128
   712 10128
   713 10128
   714 10128
   715 10128
   716 10128
   717 10128
   718 10128
   719 10128
   720 10128
   721 10128
   722 10128
   723 10128
   724 10128
   725 10128
   726 10128
   727 10128
   728 10128
   729 10128
   730 10128
   731 10128
   732 10128
   733 10128
   734 10128
   735 10128
   736 10128
   737 10128
   738 10128
   739 10128
   740 10128
   741 10128
   742 10128
   743 10128
   744 10128
   745 10128
   746 10128
   747 10128
   748 10128
   749 10128
   750 10128
   751 10128
   752 10128
   753 10128
   754 10128
   755 10128
   756 10128
   757 10128
   758 10128
   759 10128
   760 10128
   761 10128
   762 10128
   763 10128
   764 10128
   765 10128
   766 10128
   767 10128
   768 10128
   769 10128
   770 10128
   771 10128
   772 10128
   773 10128
   774 10128
   775 10128
   776 10128
   777 10128
   778 10128
   779 10128
   780 10128
   781 10128
   782 10101
   783 10101
   784 10128
   785 10101
   786 10128
   787 10128
   788 10128
   789 10128
   790 10101
   791 10101
   792 10137
   793 10137
   794 10137
   795 10137
   796 10137
   797 10137
   798 10137
   799 10137
   800 10137
   801 10137
   802 10137
   803 10137
   804 10137
   805 10137
   806 10137
   807 10137
   808 10137
   809 10137
   810 10137
   811 10137
   812 10137
   813 10137
   814 10137
   815 10137
   816 10137
   817 10137
   818 10137
   819 10137
   820 10137
   821 10137
   822 10137
   823 10137
   824 10137
   825 10137
   826 10137
   827 10137
   828 10137
   829 10137
   830 10137
   831 10137
   832 10137
   833 10137
   834 10137
   835 10137
   836 10137
   837 10137
   838 10137
   839 10137
   840 10137
   841 10137
   842 10137
   843 10137
   844 10137
   845 10137
   846 10137
   847 10137
   848 10137
   849 10137
   850 10137
   851 10137
   852 10137
   853 10137
   854 10137
   855 10137
   856 10137
   857 10137
   858 10137
   859 10137
   860 10137
   861 10137
   862 10137
   863 10137
   864 10137
   865 10137
   866 10137
   867 10137
   868 10137
   869 10137
   870 10137
   871 10137
   872 10137
   873 10137
   874 10137
   875 10137
   876 10137
   877 10137
   878 10137
   879 10137
   880 10137
   881 10137
   882 10137
   883 10137
   884 10137
   885 10137
   886 10137
   887 10137
   888 10137
   889 10137
   890 10137
   891 10137
   892 10137
   893 10137
   894 10137
   895 10137
   896 10137
   897 10137
   898 10137
   899 10137
   900 10137
   901 10137
   902 10137
   903 10137
   904 10137
   905 10137
   906 10137
   907 10137
   908 10137
   909 10137
   910 10137
   911 10137
   912 10137
   913 10137
   914 10137
   915 10137
   916 10137
   917 10137
   918 10137
   919 10137
   920 10137
   921 10137
   922 10137
   923 10137
   924 10137
   925 10137
   926 10137
   927 10137
   928 10137
   929 10137
   930 10137
   931 10137
   932 10137
   933 10137
   934 10137
   935 10137
   936 10137
   937 10137
   938 10137
   939 10137
   940 10137
   941 10137
   942 10137
   943 10137
   944 10137
   945 10137
   946 10137
   947 10137
   948 10137
   949 10137
   950 10137
   951 10137
   952 10137
   953 10137
   954 10137
   955 10137
   956 10137
   957 10137
   958 10137
   959 10137
   960 10137
   961 10137
   962 10137
   963 10137
   964 10137
   965 10137
   966 10137
   967 10137
   968 10137
   969 10137
   970 10137
   971 10137
   972 10137
   973 10137
   974 10137
   975 10137
   976 10137
   977 10137
   978 10137
   979 10137
   980 10137
   981 10137
   982 10137
   983 10137
   984 10137
   985 10137
   986 10137
   987 10137
   988 10137
   989 10137
   990 10137
   991 10137
   992 10137
   993 10137
   994 10137
   995 10137
   996 10137
   997 10137
   998 10137
   999 10137
  1000 10137
  1001 10137
  1002 10137
  1003 10137
  1004 10137
  1005 10137
  1006 10137
  1007 10137
  1008 10137
  1009 10137
  1010 10137
  1011 10137
  1012 10137
  1013 10137
  1014 10137
  1015 10137
  1016 10137
  1017 10137
  1018 10137
  1019 10137
  1020 10137
  1021 10137
  1025 10167
  1026 10167
  1027 10167
  1028 10153
  1029 10153
  1030 10143
  1031 10167
  1032 10167
  1033 10167
  1034 10167
  1035 10167
  1036 10167
  1037 10167
  1038 10167
  1039 10167
  1040 10167
  1041 10167
  1042 10167
  1043 10167
  1044 10167
  1045 10167
  1046 10167
  1047 10167
  1048 10167
  1049 10167
  1050 10167
  1051 10167
  1052 10167
  1053 10167
  1054 10167
  1055 10167
  1056 10167
  1057 10167
  1058 10167
  1059 10167
  1060 10167
  1061 10167
  1062 10167
  1063 10167
  1064 10167
  1065 10167
  1066 10167
  1067 10167
  1068 10167
  1069 10167
  1070 10167
  1071 10167
  1072 10167
  1073 10167
  1074 10167
  1075 10167
  1076 10167
  1077 10167
  1078 10167
  1079 10167
  1080 10167
  1081 10167
  1082 10167
  1083 10167
  1084 10167
  1085 10167
  1086 10167
  1087 10167
  1088 10167
  1089 10167
  1090 10167
  1091 10167
  1092 10167
  1093 10167
  1094 10167
  1095 10167
  1096 10167
  1097 10167
  1098 10167
  1099 10167
  1100 10167
  1101 10167
  1102 10167
  1103 10167
  1104 10167
  1105 10167
  1106 10167
  1107 10167
  1108 10167
  1109 10167
  1110 10167
  1111 10167
  1112 10167
  1113 10167
  1114 10167
  1115 10167
  1116 10167
  1117 10167
  1118 10167
  1119 10167
  1120 10167
  1121 10167
  1122 10167
  1123 10167
  1124 10167
  1125 10167
  1126 10167
  1127 10167
  1128 10167
  1129 10167
  1130 10167
  1131 10167
  1132 10167
  1133 10167
  1134 10167
  1135 10167
  1136 10167
  1137 10167
  1138 10167
  1139 10167
  1140 10167
  1141 10167
  1142 10167
  1143 10167
  1144 10167
  1145 10167
  1146 10167
  1147 10167
  1148 10167
  1149 10167
  1150 10167
  1151 10167
  1152 10167
  1153 10167
  1154 10167
  1155 10167
  1156 10167
  1157 10167
  1158 10167
  1159 10167
  1160 10167
  1161 10167
  1162 10167
  1163 10167
  1164 10167
  1165 10167
  1166 10167
  1167 10167
  1168 10167
  1169 10167
  1170 10167
  1171 10167
  1172 10167
  1173 10167
  1174 10167
  1175 10167
  1176 10167
  1177 10167
  1178 10167
  1179 10167
  1180 10167
  1181 10167
  1182 10167
  1183 10167
  1184 10167
  1185 10167
  1186 10167
  1187 10167
  1188 10167
  1189 10167
  1190 10167
  1191 10167
  1192 10167
  1193 10167
  1194 10167
  1195 10167
  1196 10167
  1197 10167
  1198 10167
  1199 10167
  1200 10167
  1201 10167
  1202 10167
  1203 10167
  1204 10167
  1205 10167
  1206 10167
  1207 10167
  1208 10167
  1209 10167
  1210 10167
  1211 10167
  1212 10167
  1213 10167
  1214 10167
  1215 10167
  1216 10167
  1217 10167
  1218 10167
  1219 10167
  1220 10167
  1221 10167
  1222 10167
  1223 10167
  1224 10167
  1225 10167
  1226 10167
  1227 10167
  1228 10167
  1229 10167
  1230 10167
  1231 10167
  1232 10167
  1233 10167
  1234 10167
  1235 10167
  1236 10167
  1237 10167
  1238 10167
  1239 10167
  1240 10167
  1241 10167
  1242 10167
  1243 10167
  1244 10167
  1245 10167
  1246 10167
  1247 10167
  1248 10167
  1249 10167
  1250 10167
  1251 10167
  1252 10167
  1253 10167
  1254 10167
  1255 10167
  1256 10167
  1257 10167
  1258 10167
  1259 10167
  1260 10143
  1261 10167
  1262 10167
  1263 10143
  1264 10167
  1265 10081
  1266 10081
  1267 10081
  1268 10081
  1269 10081
  1270 10081
  1271 10081
  1272 10081
  1273 10081
  1274 10081
  1275 10081
  1276 10081
  1277 10081
  1278 10081
  1279 10081
  1280 10081
  1281 10081
  1282 10081
  1283 10081
  1284 10081
  1285 10081
  1286 10081
  1287 10081
  1288 10081
  1289 10081
  1290 10081
  1291 10081
  1292 10081
  1293 10081
  1294 10081
  1295 10081
  1296 10081
  1297 10081
  1298 10081
  1299 10081
  1300 10081
  1301 10081
  1302 10081
  1303 10081
  1304 10081
  1305 10081
  1306 10081
  1307 10081
  1308 10081
  1309 10081
  1310 10081
  1311 10081
  1312 10081
  1313 10081
  1314 10081
  1315 10081
  1316 10081
  1317 10081
  1318 10081
  1319 10081
  1320 10081
  1321 10081
  1322 10081
  1323 10081
  1324 10081
  1325 10081
  1326 10081
  1327 10081
  1328 10081
  1329 10081
  1330 10081
  1331 10081
  1332 10081
  1333 10081
  1334 10081
  1335 10081
  1336 10081
  1337 10081
  1338 10081
  1339 10081
  1340 10081
  1341 10081
  1342 10081
  1343 10081
  1344 10081
  1345 10081
  1346 10081
  1347 10081
  1348 10081
  1349 10081
  1350 10081
  1351 10081
  1352 10081
  1353 10081
  1354 10081
  1355 10081
  1356 10081
  1357 10081
  1358 10081
  1359 10081
  1360 10081
  1361 10081
  1362 10081
  1363 10081
  1364 10081
  1365 10081
  1366 10081
  1367 10081
  1368 10081
  1369 10081
  1370 10081
  1371 10081
  1372 10081
  1373 10081
  1374 10081
  1375 10081
  1376 10081
  1377 10081
  1378 10081
  1379 10081
  1380 10081
  1381 10081
  1382 10081
  1383 10081
  1384 10081
  1385 10081
  1386 10081
  1387 10081
  1388 10081
  1389 10081
  1390 10081
  1391 10081
  1392 10081
  1393 10081
  1394 10081
  1395 10081
  1396 10081
  1397 10081
  1398 10081
  1399 10081
  1400 10081
  1401 10081
  1402 10081
  1403 10081
  1404 10081
  1405 10081
  1406 10081
  1407 10081
  1408 10081
  1409 10081
  1410 10081
  1411 10081
  1412 10081
  1413 10081
  1414 10081
  1415 10081
  1416 10081
  1417 10081
  1418 10081
  1419 10081
  1420 10081
  1421 10081
  1422 10081
  1423 10081
  1424 10081
  1425 10081
  1426 10081
  1427 10081
  1428 10081
  1429 10081
  1430 10081
  1431 10081
  1432 10081
  1433 10081
  1434 10081
  1435 10081
  1436 10081
  1437 10081
  1438 10081
  1439 10081
  1440 10081
  1441 10081
  1442 10081
  1443 10081
  1444 10081
  1445 10081
  1446 10081
  1447 10081
  1448 10081
  1449 10081
  1450 10081
  1451 10081
  1452 10081
  1453 10081
  1454 10081
  1455 10081
  1456 10081
  1457 10081
  1458 10081
  1459 10081
  1460 10081
  1461 10081
  1462 10081
  1463 10081
  1464 10081
  1465 10081
  1466 10081
  1467 10081
  1468 10081
  1469 10081
  1470 10081
  1471 10081
  1472 10081
  1473 10081
  1474 10081
  1475 10081
  1476 10081
  1477 10081
  1478 10081
  1479 10081
  1480 10081
  1481 10081
  1482 10081
  1483 10081
  1484 10081
  1485 10081
  1486 10081
  1487 10081
  1488 10081
  1489 10081
  1490 10081
  1491 10081
  1492 10081
  1493 10081
  1494 10081
  1495 10081
  1496 10081
  1497 10081
  1498 10081
  1499 10081
  1500 10081
  1501 10081
  1502 10167
  1503 10167
  1504 10167
  1505 10167
  1506 10074
  1507 10167
  1508 10074
  1509 10081
  1510 10081
  1511 10167
  1512 10167
  1513 10167
  1514 10158
  1515 10016
  1516 10158
  1517 10158
  1518 10158
  1519 10023
  1520 10023
  1521 10018
  1522 10018
  1523 10018
  1524 10018
  1525 10018
  1526 10055
  1527 10055
  1528 10055
  1529 10055
  1530 10055
  1531 10055
  1532 10055
  1533 10055
  1534 10055
  1535 10055
  1536 10055
  1537 10055
  1538 10055
  1539 10055
  1540 10055
  1541 10055
  1542 10055
  1543 10055
  1544 10055
  1545 10055
  1546 10055
  1547 10018
  1548 10018
  1549 10018
  1550 10055
  1551 10055
  1552 10055
  1553 10018
  1554 10055
  1555 10055
  1556 10055
  1557 10055
  1588 10154
  1589 10115
  1590 10016
  1591 10016
  1592 10016
  1593 10016
  1594 10016
  1595 10016
  1596 10016
  1597 10016
  1598 10016
  1599 10016
  1600 10016
  1601 10016
  1602 10016
  1603 10016
  1604 10016
  1605 10016
  1606 10016
  1607 10016
  1608 10016
  1609 10016
  1610 10016
  1611 10016
  1612 10036
  1613 10036
  1614 10036
  1615 10120
  1616 10120
  1617 10120
  1619 10103
  1620 10113
  1621 10113
  1622 10122
  1623 10113
  1624 10122
  1625 10113
  1626 10113
  1627 10113
  1628 10113
  1629 10113
  1630 10113
  1631 10113
  1632 10113
  1633 10113
  1634 10113
  1635 10113
  1636 10113
  1637 10113
  1638 10113
  1639 10113
  1640 10113
  1641 10113
  1642 10113
  1643 10113
  1644 10113
  1645 10113
  1646 10113
  1647 10113
  1648 10113
  1649 10113
  1650 10113
  1651 10113
  1652 10113
  1653 10113
  1654 10113
  1655 10113
  1656 10113
  1657 10113
  1658 10113
  1659 10113
  1660 10113
  1661 10113
  1662 10113
  1663 10113
  1664 10113
  1665 10113
  1666 10113
  1667 10113
  1668 10113
  1669 10113
  1670 10113
  1671 10113
  1672 10113
  1673 10113
  1674 10113
  1675 10113
  1676 10113
  1677 10113
  1678 10113
  1679 10113
  1680 10113
  1681 10113
  1682 10113
  1683 10113
  1684 10113
  1685 10113
  1686 10113
  1687 10113
  1688 10113
  1689 10113
  1690 10113
  1691 10113
  1692 10113
  1693 10113
  1694 10113
  1695 10113
  1696 10113
  1697 10113
  1698 10113
  1699 10113
  1700 10113
  1701 10113
  1702 10113
  1703 10113
  1704 10113
  1705 10113
  1706 10113
  1707 10113
  1708 10113
  1709 10113
  1710 10113
  1711 10113
  1712 10113
  1713 10113
  1714 10113
  1715 10113
  1716 10113
  1717 10113
  1718 10113
  1719 10113
  1720 10113
  1721 10113
  1722 10113
  1723 10113
  1724 10113
  1725 10113
  1726 10113
  1727 10113
  1728 10113
  1729 10113
  1730 10113
  1731 10113
  1732 10113
  1733 10113
  1734 10113
  1735 10113
  1736 10113
  1737 10113
  1738 10113
  1739 10113
  1740 10113
  1741 10113
  1742 10113
  1743 10113
  1744 10113
  1745 10113
  1746 10113
  1747 10113
  1748 10113
  1749 10113
  1750 10113
  1751 10113
  1752 10113
  1753 10113
  1754 10113
  1755 10113
  1756 10113
  1757 10113
  1758 10113
  1759 10113
  1760 10113
  1761 10113
  1762 10113
  1763 10113
  1764 10113
  1765 10113
  1766 10113
  1767 10113
  1768 10113
  1769 10113
  1770 10113
  1771 10113
  1772 10113
  1773 10113
  1774 10113
  1775 10113
  1776 10113
  1777 10113
  1778 10113
  1779 10113
  1780 10113
  1781 10113
  1782 10113
  1783 10113
  1784 10113
  1785 10113
  1786 10113
  1787 10113
  1788 10113
  1789 10113
  1790 10113
  1791 10113
  1792 10113
  1793 10113
  1794 10113
  1795 10113
  1796 10113
  1797 10113
  1798 10113
  1799 10113
  1800 10113
  1801 10113
  1802 10113
  1803 10113
  1804 10113
  1805 10113
  1806 10113
  1807 10113
  1808 10113
  1809 10113
  1810 10113
  1811 10113
  1812 10113
  1813 10113
  1814 10113
  1815 10113
  1816 10113
  1817 10113
  1818 10113
  1819 10113
  1820 10113
  1821 10113
  1822 10113
  1823 10113
  1824 10113
  1825 10113
  1826 10113
  1827 10113
  1828 10113
  1829 10113
  1830 10113
  1831 10113
  1832 10113
  1833 10113
  1834 10113
  1835 10113
  1836 10113
  1837 10113
  1838 10113
  1839 10113
  1840 10113
  1841 10113
  1842 10113
  1843 10113
  1844 10113
  1845 10113
  1846 10113
  1847 10113
  1848 10113
  1849 10113
  1850 10113
  1851 10113
  1852 10113
  1853 10113
  1854 10113
  1855 10113
  1856 10113
  1857 10113
  1858 10113
  1859 10113
  1860 10113
  1861 10113
  1862 10113
  1863 10113
  1867 10128
  1868 10128
  1869 10128
  1870 10128
  1871 10128
  1872 10128
  1873 10128
  1874 10128
  1875 10128
  1876 10128
  1877 10128
  1878 10128
  1879 10128
  1880 10128
  1881 10128
  1882 10128
  1883 10128
  1884 10128
  1885 10128
  1886 10128
  1887 10128
  1888 10128
  1889 10128
  1890 10128
  1891 10128
  1892 10128
  1893 10128
  1894 10128
  1895 10128
  1896 10128
  1897 10128
  1898 10128
  1899 10128
  1900 10128
  1901 10128
  1902 10128
  1903 10128
  1904 10128
  1905 10128
  1906 10128
  1907 10128
  1908 10128
  1909 10128
  1910 10128
  1911 10128
  1912 10128
  1913 10128
  1914 10128
  1915 10128
  1916 10128
  1917 10128
  1918 10128
  1919 10128
  1920 10128
  1921 10128
  1922 10128
  1923 10128
  1924 10128
  1925 10128
  1926 10128
  1927 10128
  1928 10128
  1929 10128
  1930 10128
  1931 10128
  1932 10128
  1933 10128
  1934 10128
  1935 10128
  1936 10128
  1937 10128
  1938 10128
  1939 10128
  1940 10128
  1941 10128
  1942 10128
  1943 10128
  1944 10128
  1945 10128
  1946 10128
  1947 10128
  1948 10128
  1949 10128
  1950 10128
  1951 10128
  1952 10128
  1953 10128
  1954 10128
  1955 10128
  1956 10128
  1957 10128
  1958 10128
  1959 10128
  1960 10128
  1961 10128
  1962 10128
  1963 10128
  1964 10128
  1965 10128
  1966 10128
  1967 10128
  1968 10128
  1969 10128
  1970 10128
  1971 10128
  1972 10128
  1973 10128
  1974 10128
  1975 10128
  1976 10128
  1977 10128
  1978 10128
  1979 10128
  1980 10128
  1981 10128
  1982 10128
  1983 10128
  1984 10128
  1985 10128
  1986 10128
  1987 10128
  1988 10128
  1989 10128
  1990 10128
  1991 10128
  1992 10128
  1993 10128
  1994 10128
  1995 10128
  1996 10128
  1997 10128
  1998 10128
  1999 10128
  2000 10128
  2001 10128
  2002 10128
  2003 10128
  2004 10128
  2005 10128
  2006 10128
  2007 10128
  2008 10128
  2009 10128
  2010 10128
  2011 10128
  2012 10128
  2013 10128
  2014 10128
  2015 10128
  2016 10128
  2017 10128
  2018 10128
  2019 10128
  2020 10128
  2021 10128
  2022 10128
