   690 10039
   691 10039
   692 10039
   693 10039
   694 10039
   695 10039
   696 10039
   697 10039
   698 10039
   699 10039
   700 10039
   701 10039
   702 10039
   703 10039
   704 10039
   705 10039
   706 10039
   707 10039
   708 10039
   709 10039
   710 10039
   711 10039
   712 10039
   713 10039
   714 10039
   715 10039
   716 10039
   717 10039
   718 10039
   719 10039
   720 10039
   721 10039
   722 10039
   723 10039
   724 10039
   725 10039
   726 10039
   727 10039
   728 10039
   729 10039
   730 10039
   731 10039
   732 10039
   733 10039
   734 10039
   735 10039
   736 10039
   737 10039
   738 10039
   739 10039
   740 10039
   741 10039
   742 10039
   743 10039
   744 10039
   745 10039
   746 10039
   747 10039
   748 10039
   749 10039
   750 10039
   751 10039
   752 10039
   753 10039
   754 10039
   755 10039
   756 10039
   757 10039
   758 10039
   759 10039
   760 10039
   761 10039
   762 10039
   763 10039
   764 10039
   765 10039
   766 10039
   767 10039
   768 10039
   769 10039
   770 10039
   771 10039
   772 10039
   773 10039
   774 10039
   775 10039
   776 10039
   777 10039
   778 10039
   779 10039
   780 10039
   785 10036
   786 10075
   787 10075
   788 10075
   789 10075
   790 10075
   791 10075
   792 10075
   793 10075
   794 10075
   795 10155
   796 10155
   797 10155
   798 10155
   799 10155
   800 10155
   801 10155
   802 10155
   803 10155
   804 10155
   805 10155
   806 10155
   807 10155
   808 10155
   809 10155
   810 10155
   811 10155
   812 10155
   813 10155
   814 10155
   815 10155
   816 10155
   817 10155
   818 10155
   819 10155
   820 10155
   821 10155
   822 10155
   823 10155
   824 10155
   825 10155
   826 10155
   827 10155
   828 10155
   829 10155
   830 10155
   831 10155
   832 10155
   833 10155
   834 10155
   835 10155
   836 10155
   837 10155
   838 10155
   839 10155
   840 10155
   841 10155
   842 10155
   843 10155
   844 10155
   845 10155
   846 10155
   847 10155
   848 10155
   849 10155
   850 10155
   851 10155
   852 10155
   853 10155
   854 10155
   855 10155
   856 10155
   857 10155
   858 10155
   859 10155
   860 10155
   861 10155
   862 10155
   863 10155
   864 10155
   865 10155
   866 10155
   867 10155
   868 10155
   869 10155
   870 10155
   871 10155
   872 10155
   873 10155
   874 10155
   875 10155
   876 10155
   877 10155
   878 10155
   879 10155
   880 10155
   881 10155
   882 10155
   883 10155
   884 10155
   885 10155
   886 10155
   887 10155
   888 10155
   889 10155
   890 10155
   891 10155
   892 10155
   893 10155
   894 10155
   895 10155
   896 10155
   897 10155
   898 10155
   899 10155
   900 10155
   901 10155
   902 10155
   903 10155
   904 10155
   905 10155
   906 10155
   907 10155
   908 10155
   909 10155
   910 10155
   911 10155
   912 10155
   913 10155
   914 10155
   915 10155
   916 10155
   917 10155
   918 10155
   919 10155
   920 10155
   921 10155
   922 10155
   923 10155
   924 10155
   925 10155
   926 10155
   927 10155
   928 10155
   929 10155
   930 10155
   931 10155
   932 10155
   933 10155
   934 10155
   935 10155
   936 10155
   937 10155
   938 10155
   939 10155
   940 10155
   941 10155
   942 10155
   943 10155
   944 10155
   945 10155
   946 10155
   947 10155
   948 10155
   949 10155
   950 10155
   951 10155
   952 10155
   953 10155
   954 10155
   955 10155
   956 10155
   957 10155
   958 10155
   959 10155
   960 10155
   961 10155
   962 10155
   963 10155
   964 10155
   965 10155
   966 10155
   967 10155
   968 10155
   969 10155
   970 10155
   971 10155
   972 10155
   973 10155
   974 10155
   975 10155
   976 10155
   977 10155
   978 10155
   979 10155
   980 10155
   981 10155
   982 10155
   983 10155
   984 10155
   985 10155
   986 10155
   987 10155
   988 10155
   989 10155
   990 10155
   991 10155
   992 10155
   993 10155
   994 10155
   995 10155
   996 10155
   997 10155
   998 10155
   999 10155
  1000 10155
  1001 10155
  1002 10155
  1003 10155
  1004 10155
  1005 10155
  1006 10155
  1007 10155
  1008 10155
  1009 10155
  1010 10155
  1011 10155
  1012 10155
  1013 10155
  1014 10155
  1015 10155
  1016 10155
  1017 10155
  1018 10155
  1019 10155
  1020 10155
  1024 10039
  1025 10039
  1026 10039
  1027 10039
  1028 10039
  1029 10039
  1030 10039
  1031 10039
  1032 10039
  1033 10039
  1034 10039
  1035 10039
  1036 10039
  1037 10039
  1038 10039
  1039 10039
  1040 10039
  1041 10039
  1042 10039
  1043 10039
  1044 10039
  1045 10039
  1046 10039
  1047 10039
  1048 10039
  1049 10039
  1050 10039
  1051 10039
  1052 10039
  1053 10039
  1054 10039
  1055 10039
  1056 10039
  1057 10039
  1058 10039
  1059 10039
  1060 10039
  1061 10039
  1062 10039
  1063 10039
  1064 10039
  1065 10039
  1066 10039
  1067 10039
  1068 10039
  1069 10039
  1070 10039
  1071 10039
  1072 10039
  1073 10039
  1074 10039
  1075 10039
  1076 10039
  1077 10039
  1078 10039
  1079 10039
  1080 10039
  1081 10039
  1082 10039
  1083 10039
  1084 10039
  1085 10039
  1086 10039
  1087 10039
  1088 10039
  1089 10039
  1090 10039
  1091 10039
  1092 10039
  1093 10039
  1094 10039
  1095 10039
  1096 10039
  1097 10039
  1098 10039
  1099 10039
  1100 10039
  1101 10039
  1102 10039
  1103 10039
  1104 10039
  1105 10039
  1106 10039
  1107 10039
  1108 10039
  1109 10039
  1110 10039
  1111 10039
  1112 10039
  1113 10039
  1114 10039
  1115 10039
  1116 10039
  1117 10039
  1118 10039
  1119 10039
  1120 10039
  1121 10039
  1122 10039
  1123 10039
  1124 10039
  1125 10039
  1126 10039
  1127 10039
  1128 10039
  1129 10039
  1130 10039
  1131 10039
  1132 10039
  1133 10039
  1134 10039
  1135 10039
  1136 10039
  1137 10039
  1138 10039
  1139 10039
  1140 10039
  1141 10039
  1142 10039
  1143 10039
  1144 10039
  1145 10039
  1146 10039
  1147 10039
  1148 10039
  1149 10039
  1150 10039
  1151 10039
  1152 10039
  1153 10039
  1154 10039
  1155 10039
  1156 10039
  1157 10039
  1158 10039
  1159 10039
  1160 10039
  1161 10039
  1162 10039
  1163 10039
  1164 10039
  1165 10039
  1166 10039
  1167 10039
  1168 10039
  1169 10039
  1170 10039
  1171 10039
  1172 10039
  1173 10039
  1174 10039
  1175 10039
  1176 10039
  1177 10039
  1178 10039
  1179 10039
  1180 10039
  1181 10039
  1182 10039
  1183 10039
  1184 10039
  1185 10039
  1186 10039
  1187 10039
  1188 10039
  1189 10039
  1190 10039
  1191 10039
  1192 10039
  1193 10039
  1194 10039
  1195 10039
  1196 10039
  1197 10039
  1198 10039
  1199 10039
  1200 10039
  1201 10039
  1202 10039
  1203 10039
  1204 10039
  1205 10039
  1206 10039
  1207 10039
  1208 10039
  1209 10039
  1210 10039
  1211 10039
  1212 10039
  1213 10039
  1214 10039
  1215 10039
  1216 10039
  1217 10039
  1218 10039
  1219 10039
  1220 10039
  1221 10039
  1222 10039
  1223 10039
  1224 10039
  1225 10039
  1226 10039
  1227 10039
  1228 10039
  1229 10039
  1230 10039
  1231 10039
  1232 10039
  1233 10039
  1234 10039
  1235 10039
  1236 10039
  1237 10039
  1238 10039
  1239 10039
  1240 10039
  1241 10039
  1242 10039
  1243 10039
  1244 10039
  1245 10039
  1246 10039
  1247 10039
  1248 10039
  1249 10039
  1250 10039
  1251 10039
  1252 10039
  1253 10039
  1254 10039
  1255 10039
  1256 10039
  1257 10039
  1258 10071
  1259 10071
  1260 10071
  1261 10071
  1262 10071
  1263 10039
  1264 10090
  1265 10039
  1266 10039
  1267 10039
  1268 10047
  1269 10028
  1270 10028
  1271 10075
  1272 10028
  1273 10028
  1274 10028
  1275 10039
  1276 10039
  1277 10039
  1278 10039
  1279 10039
  1280 10039
  1281 10039
  1282 10039
  1283 10039
  1284 10039
  1285 10039
  1286 10039
  1287 10039
  1288 10039
  1289 10039
  1290 10039
  1291 10039
  1292 10039
  1293 10039
  1294 10039
  1295 10039
  1296 10039
  1297 10039
  1298 10039
  1299 10039
  1300 10039
  1301 10039
  1302 10039
  1303 10039
  1304 10039
  1305 10039
  1306 10039
  1307 10039
  1308 10039
  1309 10039
  1310 10039
  1311 10039
  1312 10039
  1313 10039
  1314 10039
  1315 10039
  1316 10039
  1317 10039
  1318 10039
  1319 10039
  1320 10039
  1321 10039
  1322 10039
  1323 10039
  1324 10039
  1325 10039
  1326 10039
  1327 10039
  1328 10039
  1329 10039
  1330 10039
  1331 10039
  1332 10039
  1333 10039
  1334 10039
  1335 10039
  1336 10039
  1337 10039
  1338 10039
  1339 10039
  1340 10039
  1341 10039
  1342 10039
  1343 10039
  1344 10039
  1345 10039
  1346 10039
  1347 10039
  1348 10039
  1349 10039
  1350 10039
  1351 10039
  1352 10039
  1353 10039
  1354 10039
  1355 10039
  1356 10039
  1357 10039
  1358 10039
  1359 10039
  1360 10039
  1361 10039
  1362 10039
  1363 10039
  1364 10039
  1365 10039
  1366 10039
  1367 10039
  1368 10039
  1369 10039
  1370 10039
  1371 10039
  1372 10039
  1373 10039
  1374 10039
  1375 10039
  1376 10039
  1377 10039
  1378 10039
  1379 10039
  1380 10039
  1381 10039
  1382 10039
  1383 10039
  1384 10039
  1385 10039
  1386 10039
  1387 10039
  1388 10039
  1389 10039
  1390 10039
  1391 10039
  1392 10039
  1393 10039
  1394 10039
  1395 10039
  1396 10039
  1397 10039
  1398 10039
  1399 10039
  1400 10039
  1401 10039
  1402 10039
  1403 10039
  1404 10039
  1405 10039
  1406 10039
  1407 10039
  1408 10039
  1409 10039
  1410 10039
  1411 10039
  1412 10039
  1413 10039
  1414 10039
  1415 10039
  1416 10039
  1417 10039
  1418 10039
  1419 10039
  1420 10039
  1421 10039
  1422 10039
  1423 10039
  1424 10039
  1425 10039
  1426 10039
  1427 10039
  1428 10039
  1429 10039
  1430 10039
  1431 10039
  1432 10039
  1433 10039
  1434 10039
  1435 10039
  1436 10039
  1437 10039
  1438 10039
  1439 10039
  1440 10039
  1441 10039
  1442 10039
  1443 10039
  1444 10039
  1445 10039
  1446 10039
  1447 10039
  1448 10039
  1449 10039
  1450 10039
  1451 10039
  1452 10039
  1453 10039
  1454 10039
  1455 10039
  1456 10039
  1457 10039
  1458 10039
  1459 10039
  1460 10039
  1461 10039
  1462 10039
  1463 10039
  1464 10039
  1465 10039
  1466 10039
  1467 10039
  1468 10039
  1469 10039
  1470 10039
  1471 10039
  1472 10039
  1473 10039
  1474 10039
  1475 10039
  1476 10039
  1477 10039
  1478 10039
  1479 10039
  1480 10039
  1481 10039
  1482 10039
  1483 10039
  1484 10039
  1485 10039
  1486 10039
  1487 10039
  1488 10039
  1489 10039
  1490 10039
  1491 10039
  1492 10039
  1493 10039
  1494 10039
  1495 10039
  1496 10039
  1497 10039
  1498 10039
  1499 10039
  1500 10039
  1501 10067
  1502 10067
  1503 10067
  1504 10067
  1505 10067
  1506 10067
  1507 10067
  1508 10067
  1509 10067
  1510 10067
  1511 10067
  1512 10067
  1513 10067
  1514 10067
  1515 10067
  1516 10067
  1517 10067
  1518 10067
  1519 10067
  1520 10067
  1521 10067
  1522 10067
  1523 10067
  1524 10067
  1525 10067
  1526 10067
  1527 10067
  1528 10067
  1529 10067
  1530 10067
  1531 10067
  1532 10067
  1533 10067
  1534 10067
  1535 10067
  1536 10067
  1537 10067
  1538 10067
  1539 10067
  1540 10067
  1541 10067
  1542 10067
  1543 10067
  1544 10067
  1545 10067
  1546 10067
  1547 10067
  1548 10067
  1549 10067
  1550 10067
  1551 10067
  1552 10067
  1553 10067
  1554 10067
  1555 10067
  1556 10067
  1557 10067
  1558 10067
  1559 10067
  1560 10067
  1561 10067
  1562 10067
  1563 10067
  1564 10067
  1565 10067
  1566 10067
  1567 10067
  1568 10067
  1569 10067
  1570 10067
  1571 10067
  1572 10067
  1573 10067
  1574 10067
  1575 10067
  1576 10067
  1577 10067
  1578 10067
  1579 10067
  1580 10067
  1581 10067
  1582 10067
  1583 10067
  1584 10067
  1585 10067
  1586 10067
  1587 10067
  1588 10067
  1589 10067
  1590 10067
  1591 10067
  1592 10067
  1593 10067
  1594 10067
  1595 10067
  1596 10067
  1597 10067
  1598 10067
  1599 10067
  1600 10067
  1601 10067
  1602 10067
  1603 10067
  1604 10067
  1605 10067
  1606 10067
  1607 10067
  1608 10067
  1609 10067
  1610 10067
  1611 10067
  1612 10067
  1613 10067
  1614 10067
  1615 10067
  1616 10067
  1617 10067
  1618 10067
  1619 10067
  1620 10067
  1621 10045
  1623 10045
  1624 10049
  1625 10049
  1626 10049
  1627 10021
  1628 10021
  1629 10021
  1630 10049
  1631 10049
  1632 10049
  1633 10049
  1634 10049
  1635 10049
  1636 10049
  1637 10049
  1638 10049
  1639 10049
  1640 10049
  1641 10049
  1642 10049
  1643 10049
  1644 10049
  1645 10049
  1646 10049
  1647 10049
  1648 10049
  1649 10049
  1650 10049
  1651 10049
  1652 10049
  1653 10049
  1654 10049
  1655 10049
  1656 10049
  1657 10049
  1658 10049
  1659 10049
  1660 10049
  1661 10049
  1662 10049
  1663 10049
  1664 10049
  1665 10049
  1666 10049
  1667 10049
  1668 10049
  1669 10049
  1670 10049
  1671 10049
  1672 10049
  1673 10049
  1674 10049
  1675 10049
  1676 10049
  1677 10049
  1678 10049
  1679 10049
  1680 10049
  1681 10049
  1682 10049
  1683 10049
  1684 10049
  1685 10049
  1686 10049
  1687 10049
  1688 10049
  1689 10049
  1690 10049
  1691 10049
  1692 10049
  1693 10049
  1694 10049
  1695 10049
  1696 10049
  1697 10049
  1698 10049
  1699 10049
  1700 10049
  1701 10049
  1702 10049
  1703 10049
  1704 10049
  1705 10049
  1706 10049
  1707 10049
  1708 10049
  1709 10049
  1710 10049
  1711 10049
  1712 10049
  1713 10049
  1714 10049
  1715 10049
  1716 10049
  1717 10049
  1718 10049
  1719 10049
  1720 10049
  1721 10049
  1722 10049
  1723 10049
  1724 10049
  1725 10049
  1726 10049
  1727 10049
  1728 10049
  1729 10049
  1730 10049
  1731 10049
  1732 10049
  1733 10049
  1734 10049
  1735 10049
  1736 10049
  1737 10049
  1738 10049
  1739 10049
  1740 10049
  1741 10049
  1742 10049
  1743 10049
  1744 10049
  1745 10049
  1746 10049
  1747 10049
  1748 10049
  1749 10049
  1750 10049
  1751 10049
  1752 10049
  1753 10049
  1754 10049
  1755 10049
  1756 10049
  1757 10049
  1758 10049
  1759 10049
  1760 10049
  1761 10049
  1762 10049
  1763 10049
  1764 10049
  1765 10049
  1766 10049
  1767 10049
  1768 10049
  1769 10049
  1770 10049
  1771 10049
  1772 10049
  1773 10049
  1774 10049
  1775 10049
  1776 10049
  1777 10049
  1778 10049
  1779 10049
  1780 10049
  1781 10049
  1782 10049
  1783 10049
  1784 10049
  1785 10049
  1786 10049
  1787 10049
  1788 10049
  1789 10049
  1790 10049
  1791 10049
  1792 10049
  1793 10049
  1794 10049
  1795 10049
  1796 10049
  1797 10049
  1798 10049
  1799 10049
  1800 10049
  1801 10049
  1802 10049
  1803 10049
  1804 10049
  1805 10049
  1806 10049
  1807 10049
  1808 10049
  1809 10049
  1810 10049
  1811 10049
  1812 10049
  1813 10049
  1814 10049
  1815 10049
  1816 10049
  1817 10049
  1818 10049
  1819 10049
  1820 10049
  1821 10049
  1822 10049
  1823 10049
  1824 10049
  1825 10049
  1826 10049
  1827 10049
  1828 10049
  1829 10049
  1830 10049
  1831 10049
  1832 10049
  1833 10049
  1834 10049
  1835 10049
  1836 10049
  1837 10049
  1838 10049
  1839 10049
  1840 10049
  1841 10049
  1842 10049
  1843 10049
  1844 10049
  1845 10049
  1846 10049
  1847 10049
  1848 10049
  1849 10049
  1850 10049
  1851 10049
  1852 10049
  1853 10049
  1854 10049
  1855 10049
  1856 10021
  1857 10049
  1858 10049
  1859 10049
  1860 10049
  1869 10122
  1870 10122
  1871 10122
  1872 10122
  1873 10122
  1874 10122
  1875 10122
  1876 10122
  1877 10122
  1878 10122
  1879 10122
  1880 10122
  1881 10122
  1882 10122
  1883 10122
  1884 10122
  1885 10122
  1886 10122
  1887 10122
  1888 10122
  1889 10122
  1890 10122
  1891 10122
  1892 10122
  1893 10122
  1894 10122
  1895 10122
  1896 10122
  1897 10122
  1898 10122
  1899 10122
  1900 10122
  1901 10122
  1902 10122
  1903 10122
  1904 10122
  1905 10122
  1906 10122
  1907 10122
  1908 10122
  1909 10122
  1910 10122
  1911 10122
  1912 10122
  1913 10122
  1914 10122
  1915 10122
  1916 10122
  1917 10122
  1918 10122
  1919 10122
  1920 10122
  1921 10122
  1922 10122
  1923 10122
  1924 10122
  1925 10122
  1926 10122
  1927 10122
  1928 10122
  1929 10122
  1930 10122
  1931 10122
  1932 10122
  1933 10122
  1934 10122
  1935 10122
  1936 10122
  1937 10122
  1938 10122
  1939 10122
  1940 10122
  1941 10122
  1942 10122
  1943 10122
  1944 10122
  1945 10122
  1946 10122
  1947 10122
  1948 10122
  1949 10122
  1950 10122
  1951 10122
  1952 10122
  1953 10122
  1954 10122
  1955 10122
  1956 10122
  1957 10122
  1958 10122
  1959 10122
  1960 10122
  1961 10122
  1962 10122
  1963 10122
  1964 10122
  1965 10122
  1966 10122
  1967 10122
  1968 10122
  1969 10122
  1970 10122
  1971 10122
  1972 10122
  1973 10122
  1974 10122
  1975 10122
  1976 10122
  1977 10122
  1978 10122
  1979 10122
  1980 10122
  1981 10122
  1982 10122
  1983 10122
  1984 10122
  1985 10122
  1986 10122
  1987 10122
  1988 10122
  1989 10122
  1990 10122
  1991 10122
  1992 10122
  1993 10122
  1994 10122
  1995 10122
  1996 10122
  1997 10122
  1998 10122
  1999 10122
  2000 10122
  2001 10122
  2002 10122
  2003 10122
  2004 10122
  2005 10122
  2006 10122
  2007 10122
  2008 10122
  2009 10122
  2010 10122
  2011 10122
  2012 10122
  2013 10122
  2014 10122
  2015 10122
  2016 10122
  2017 10122
  2018 10122
  2019 10122
  2020 10122
  2021 10122
  2022 10122
  2023 10122
  2024 10122
  2031 10039
  2032 10039
  2033 10039
  2034 10039
  2035 10039
  2036 10039
  2037 10090
  2038 10090
