   690 10120
   691 10120
   692 10120
   693 10120
   694 10120
   695 10120
   696 10120
   697 10120
   698 10120
   699 10120
   700 10120
   701 10120
   702 10120
   703 10120
   704 10120
   705 10120
   706 10120
   707 10120
   708 10120
   709 10120
   710 10120
   711 10120
   712 10120
   713 10120
   714 10120
   715 10120
   716 10120
   717 10120
   718 10120
   719 10120
   720 10120
   721 10120
   722 10120
   723 10120
   724 10120
   725 10120
   726 10120
   727 10120
   728 10120
   729 10120
   730 10120
   731 10120
   732 10120
   733 10120
   734 10120
   735 10120
   736 10120
   737 10120
   738 10120
   739 10120
   740 10120
   741 10120
   742 10120
   743 10120
   744 10120
   745 10120
   746 10120
   747 10120
   748 10120
   749 10120
   750 10120
   751 10120
   752 10120
   753 10120
   754 10120
   755 10120
   756 10120
   757 10120
   758 10120
   759 10120
   760 10120
   761 10120
   762 10120
   763 10120
   764 10120
   765 10120
   766 10120
   767 10120
   768 10120
   769 10120
   770 10120
   771 10120
   772 10120
   773 10120
   774 10120
   775 10120
   776 10120
   777 10120
   778 10120
   779 10120
   780 10120
   781 10120
   782 10120
   783 10120
   784 10120
   785 10108
   786 10108
   787 10108
   788 10108
   789 10108
   790 10108
   791 10108
   792 10108
   793 10108
   794 10108
   795 10108
   796 10108
   797 10108
   798 10108
   799 10108
   800 10108
   801 10108
   802 10108
   803 10108
   804 10108
   805 10108
   806 10108
   807 10108
   808 10108
   809 10108
   810 10108
   811 10108
   812 10108
   813 10108
   814 10108
   815 10108
   816 10108
   817 10108
   818 10108
   819 10108
   820 10108
   821 10108
   822 10108
   823 10108
   824 10108
   825 10108
   826 10108
   827 10108
   828 10108
   829 10108
   830 10108
   831 10108
   832 10108
   833 10108
   834 10108
   835 10108
   836 10108
   837 10108
   838 10108
   839 10108
   840 10108
   841 10108
   842 10108
   843 10108
   844 10108
   845 10108
   846 10108
   847 10108
   848 10108
   849 10108
   850 10108
   851 10108
   852 10108
   853 10108
   854 10108
   855 10108
   856 10108
   857 10108
   858 10108
   859 10108
   860 10108
   861 10108
   862 10108
   863 10108
   864 10108
   865 10108
   866 10108
   867 10108
   868 10108
   869 10108
   870 10108
   871 10108
   872 10108
   873 10108
   874 10108
   875 10108
   876 10108
   877 10108
   878 10108
   879 10108
   880 10108
   881 10108
   882 10108
   883 10108
   884 10108
   885 10108
   886 10108
   887 10108
   888 10108
   889 10108
   890 10108
   891 10108
   892 10108
   893 10108
   894 10108
   895 10108
   896 10108
   897 10108
   898 10108
   899 10108
   900 10108
   901 10108
   902 10108
   903 10108
   904 10108
   905 10108
   906 10108
   907 10108
   908 10108
   909 10108
   910 10108
   911 10108
   912 10108
   913 10108
   914 10108
   915 10108
   916 10108
   917 10108
   918 10108
   919 10108
   920 10108
   921 10108
   922 10108
   923 10108
   924 10108
   925 10108
   926 10108
   927 10108
   928 10108
   929 10108
   930 10108
   931 10108
   932 10108
   933 10108
   934 10108
   935 10108
   936 10108
   937 10108
   938 10108
   939 10108
   940 10108
   941 10108
   942 10108
   943 10108
   944 10108
   945 10108
   946 10108
   947 10108
   948 10108
   949 10108
   950 10108
   951 10108
   952 10108
   953 10108
   954 10108
   955 10108
   956 10108
   957 10108
   958 10108
   959 10108
   960 10108
   961 10108
   962 10108
   963 10108
   964 10108
   965 10108
   966 10108
   967 10108
   968 10108
   969 10108
   970 10108
   971 10108
   972 10108
   973 10108
   974 10108
   975 10108
   976 10108
   977 10108
   978 10108
   979 10108
   980 10108
   981 10108
   982 10108
   983 10108
   984 10108
   985 10108
   986 10108
   987 10108
   988 10108
   989 10108
   990 10108
   991 10108
   992 10108
   993 10108
   994 10108
   995 10108
   996 10108
   997 10108
   998 10108
   999 10108
  1000 10108
  1001 10108
  1002 10108
  1003 10108
  1004 10108
  1005 10108
  1006 10108
  1007 10108
  1008 10108
  1009 10108
  1010 10108
  1011 10108
  1012 10108
  1013 10108
  1014 10108
  1015 10108
  1016 10108
  1017 10108
  1018 10108
  1019 10108
  1020 10108
  1029 10068
  1030 10068
  1031 10068
  1032 10068
  1033 10068
  1034 10068
  1035 10068
  1036 10068
  1037 10068
  1038 10068
  1039 10068
  1040 10068
  1041 10068
  1042 10068
  1043 10068
  1044 10068
  1045 10068
  1046 10068
  1047 10068
  1048 10068
  1049 10068
  1050 10068
  1051 10068
  1052 10068
  1053 10068
  1054 10068
  1055 10068
  1056 10068
  1057 10068
  1058 10068
  1059 10068
  1060 10068
  1061 10068
  1062 10068
  1063 10068
  1064 10068
  1065 10068
  1066 10068
  1067 10068
  1068 10068
  1069 10068
  1070 10068
  1071 10068
  1072 10068
  1073 10068
  1074 10068
  1075 10068
  1076 10068
  1077 10068
  1078 10068
  1079 10068
  1080 10068
  1081 10068
  1082 10068
  1083 10068
  1084 10068
  1085 10068
  1086 10068
  1087 10068
  1088 10068
  1089 10068
  1090 10068
  1091 10068
  1092 10068
  1093 10068
  1094 10068
  1095 10068
  1096 10068
  1097 10068
  1098 10068
  1099 10068
  1100 10068
  1101 10068
  1102 10068
  1103 10068
  1104 10068
  1105 10068
  1106 10068
  1107 10068
  1108 10068
  1109 10068
  1110 10068
  1111 10068
  1112 10068
  1113 10068
  1114 10068
  1115 10068
  1116 10068
  1117 10068
  1118 10068
  1119 10068
  1120 10068
  1121 10068
  1122 10068
  1123 10068
  1124 10068
  1125 10068
  1126 10068
  1127 10068
  1128 10068
  1129 10068
  1130 10068
  1131 10068
  1132 10068
  1133 10068
  1134 10068
  1135 10068
  1136 10068
  1137 10068
  1138 10068
  1139 10068
  1140 10068
  1141 10068
  1142 10068
  1143 10068
  1144 10068
  1145 10068
  1146 10068
  1147 10068
  1148 10068
  1149 10068
  1150 10068
  1151 10068
  1152 10068
  1153 10068
  1154 10068
  1155 10068
  1156 10068
  1157 10068
  1158 10068
  1159 10068
  1160 10068
  1161 10068
  1162 10068
  1163 10068
  1164 10068
  1165 10068
  1166 10068
  1167 10068
  1168 10068
  1169 10068
  1170 10068
  1171 10068
  1172 10068
  1173 10068
  1174 10068
  1175 10068
  1176 10068
  1177 10068
  1178 10068
  1179 10068
  1180 10068
  1181 10068
  1182 10068
  1183 10068
  1184 10068
  1185 10068
  1186 10068
  1187 10068
  1188 10068
  1189 10068
  1190 10068
  1191 10068
  1192 10068
  1193 10068
  1194 10068
  1195 10068
  1196 10068
  1197 10068
  1198 10068
  1199 10068
  1200 10068
  1201 10068
  1202 10068
  1203 10068
  1204 10068
  1205 10068
  1206 10068
  1207 10068
  1208 10068
  1209 10068
  1210 10068
  1211 10068
  1212 10068
  1213 10068
  1214 10068
  1215 10068
  1216 10068
  1217 10068
  1218 10068
  1219 10068
  1220 10068
  1221 10068
  1222 10068
  1223 10068
  1224 10068
  1225 10068
  1226 10068
  1227 10068
  1228 10068
  1229 10068
  1230 10068
  1231 10068
  1232 10068
  1233 10068
  1234 10068
  1235 10068
  1236 10068
  1237 10068
  1238 10068
  1239 10068
  1240 10068
  1241 10068
  1242 10068
  1243 10068
  1244 10068
  1245 10068
  1246 10068
  1247 10068
  1248 10068
  1249 10068
  1250 10068
  1251 10068
  1252 10068
  1253 10068
  1254 10068
  1255 10068
  1256 10068
  1257 10068
  1258 10068
  1259 10068
  1264 10090
  1265 10090
  1266 10090
  1267 10090
  1268 10090
  1269 10090
  1270 10090
  1271 10090
  1272 10090
  1273 10090
  1274 10090
  1275 10090
  1276 10090
  1277 10090
  1278 10090
  1279 10090
  1280 10090
  1281 10090
  1282 10090
  1283 10090
  1284 10090
  1285 10090
  1286 10090
  1287 10090
  1288 10090
  1289 10090
  1290 10090
  1291 10090
  1292 10090
  1293 10090
  1294 10090
  1295 10090
  1296 10090
  1297 10090
  1298 10090
  1299 10090
  1300 10090
  1301 10090
  1302 10090
  1303 10090
  1304 10090
  1305 10090
  1306 10090
  1307 10090
  1308 10090
  1309 10090
  1310 10090
  1311 10090
  1312 10090
  1313 10090
  1314 10090
  1315 10090
  1316 10090
  1317 10090
  1318 10090
  1319 10090
  1320 10090
  1321 10090
  1322 10090
  1323 10090
  1324 10090
  1325 10090
  1326 10090
  1327 10090
  1328 10090
  1329 10090
  1330 10090
  1331 10090
  1332 10090
  1333 10090
  1334 10090
  1335 10090
  1336 10090
  1337 10090
  1338 10090
  1339 10090
  1340 10090
  1341 10090
  1342 10090
  1343 10090
  1344 10090
  1345 10090
  1346 10090
  1347 10090
  1348 10090
  1349 10090
  1350 10090
  1351 10090
  1352 10090
  1353 10090
  1354 10090
  1355 10090
  1356 10090
  1357 10090
  1358 10090
  1359 10090
  1360 10090
  1361 10090
  1362 10090
  1363 10090
  1364 10090
  1365 10090
  1366 10090
  1367 10090
  1368 10090
  1369 10090
  1370 10090
  1371 10090
  1372 10090
  1373 10090
  1374 10090
  1375 10090
  1376 10090
  1377 10090
  1378 10090
  1379 10090
  1380 10090
  1381 10090
  1382 10090
  1383 10090
  1384 10090
  1385 10090
  1386 10090
  1387 10090
  1388 10090
  1389 10090
  1390 10090
  1391 10090
  1392 10090
  1393 10090
  1394 10090
  1395 10090
  1396 10090
  1397 10090
  1398 10090
  1399 10090
  1400 10090
  1401 10090
  1402 10090
  1403 10090
  1404 10090
  1405 10090
  1406 10090
  1407 10090
  1408 10090
  1409 10090
  1410 10090
  1411 10090
  1412 10090
  1413 10090
  1414 10090
  1415 10090
  1416 10090
  1417 10090
  1418 10090
  1419 10090
  1420 10090
  1421 10090
  1422 10090
  1423 10090
  1424 10090
  1425 10090
  1426 10090
  1427 10090
  1428 10090
  1429 10090
  1430 10090
  1431 10090
  1432 10090
  1433 10090
  1434 10090
  1435 10090
  1436 10090
  1437 10090
  1438 10090
  1439 10090
  1440 10090
  1441 10090
  1442 10090
  1443 10090
  1444 10090
  1445 10090
  1446 10090
  1447 10090
  1448 10090
  1449 10090
  1450 10090
  1451 10090
  1452 10090
  1453 10090
  1454 10090
  1455 10090
  1456 10090
  1457 10090
  1458 10090
  1459 10090
  1460 10090
  1461 10090
  1462 10090
  1463 10090
  1464 10090
  1465 10090
  1466 10090
  1467 10090
  1468 10090
  1469 10090
  1470 10090
  1471 10090
  1472 10090
  1473 10090
  1474 10090
  1475 10090
  1476 10090
  1477 10090
  1478 10090
  1479 10090
  1480 10090
  1481 10090
  1482 10090
  1483 10090
  1484 10090
  1485 10090
  1486 10090
  1487 10090
  1488 10090
  1489 10090
  1490 10090
  1491 10090
  1492 10090
  1493 10090
  1494 10090
  1495 10090
  1496 10090
  1497 10090
  1498 10090
  1499 10090
  1500 10090
  1502 10138
  1503 10138
  1504 10061
  1505 10061
  1506 10101
  1507 10101
  1508 10101
  1509 10101
  1510 10141
  1515 10055
  1516 10018
  1517 10018
  1518 10158
  1519 10158
  1520 10018
  1521 10018
  1522 10018
  1523 10018
  1524 10018
  1525 10018
  1526 10055
  1527 10055
  1528 10055
  1529 10055
  1530 10055
  1531 10055
  1532 10055
  1533 10055
  1534 10055
  1535 10055
  1536 10055
  1537 10055
  1538 10040
  1539 10040
  1540 10040
  1541 10040
  1542 10040
  1543 10040
  1544 10040
  1546 10055
  1547 10055
  1548 10018
  1549 10055
  1550 10055
  1551 10055
  1552 10018
  1553 10055
  1554 10055
  1555 10055
  1556 10055
  1557 10055
  1558 10055
  1559 10055
  1560 10055
  1561 10055
  1562 10055
  1563 10055
  1564 10055
  1565 10055
  1566 10055
  1567 10055
  1568 10055
  1569 10055
  1570 10055
  1571 10055
  1572 10055
  1573 10055
  1574 10055
  1575 10055
  1576 10055
  1577 10055
  1578 10055
  1579 10055
  1580 10055
  1581 10055
  1582 10055
  1599 10154
  1600 10016
  1601 10154
  1602 10016
  1603 10016
  1604 10016
  1605 10016
  1606 10016
  1607 10016
  1608 10016
  1609 10014
  1610 10014
  1611 10014
  1612 10154
  1613 10101
  1615 10101
  1616 10101
  1617 10101
  1618 10101
  1621 10063
  1622 10043
  1627 10082
  1628 10082
  1629 10082
  1630 10049
  1631 10049
  1632 10049
  1633 10049
  1634 10049
  1635 10049
  1636 10049
  1637 10049
  1638 10049
  1639 10049
  1640 10049
  1641 10049
  1642 10049
  1643 10049
  1644 10049
  1645 10049
  1646 10049
  1647 10049
  1648 10049
  1649 10049
  1650 10049
  1651 10049
  1652 10049
  1653 10049
  1654 10049
  1655 10049
  1656 10049
  1657 10049
  1658 10049
  1659 10049
  1660 10049
  1661 10049
  1662 10049
  1663 10049
  1664 10049
  1665 10049
  1666 10049
  1667 10049
  1668 10049
  1669 10049
  1670 10049
  1671 10049
  1672 10049
  1673 10049
  1674 10049
  1675 10049
  1676 10049
  1677 10049
  1678 10049
  1679 10049
  1680 10049
  1681 10049
  1682 10049
  1683 10049
  1684 10049
  1685 10049
  1686 10049
  1687 10049
  1688 10049
  1689 10049
  1690 10049
  1691 10049
  1692 10049
  1693 10049
  1694 10049
  1695 10049
  1696 10049
  1697 10049
  1698 10049
  1699 10049
  1700 10049
  1701 10049
  1702 10049
  1703 10049
  1704 10049
  1705 10049
  1706 10049
  1707 10049
  1708 10049
  1709 10049
  1710 10049
  1711 10049
  1712 10049
  1713 10049
  1714 10049
  1715 10049
  1716 10049
  1717 10049
  1718 10049
  1719 10049
  1720 10049
  1721 10049
  1722 10049
  1723 10049
  1724 10049
  1725 10049
  1726 10049
  1727 10049
  1728 10049
  1729 10049
  1730 10049
  1731 10049
  1732 10049
  1733 10049
  1734 10049
  1735 10049
  1736 10049
  1737 10049
  1738 10049
  1739 10049
  1740 10049
  1741 10049
  1742 10049
  1743 10049
  1744 10049
  1745 10049
  1746 10049
  1747 10049
  1748 10049
  1749 10049
  1750 10049
  1751 10049
  1752 10049
  1753 10049
  1754 10049
  1755 10049
  1756 10049
  1757 10049
  1758 10049
  1759 10049
  1760 10049
  1761 10049
  1762 10049
  1763 10049
  1764 10049
  1765 10049
  1766 10049
  1767 10049
  1768 10049
  1769 10049
  1770 10049
  1771 10049
  1772 10049
  1773 10049
  1774 10049
  1775 10049
  1776 10049
  1777 10049
  1778 10049
  1779 10049
  1780 10049
  1781 10049
  1782 10049
  1783 10049
  1784 10049
  1785 10049
  1786 10049
  1787 10049
  1788 10049
  1789 10049
  1790 10049
  1791 10049
  1792 10049
  1793 10049
  1794 10049
  1795 10049
  1796 10049
  1797 10049
  1798 10049
  1799 10049
  1800 10049
  1801 10049
  1802 10049
  1803 10049
  1804 10049
  1805 10049
  1806 10049
  1807 10049
  1808 10049
  1809 10049
  1810 10049
  1811 10049
  1812 10049
  1813 10049
  1814 10049
  1815 10049
  1816 10049
  1817 10049
  1818 10049
  1819 10049
  1820 10049
  1821 10049
  1822 10049
  1823 10049
  1824 10049
  1825 10049
  1826 10049
  1827 10049
  1828 10049
  1829 10049
  1830 10049
  1831 10049
  1832 10049
  1833 10049
  1834 10049
  1835 10049
  1836 10049
  1837 10049
  1838 10049
  1839 10049
  1840 10049
  1841 10049
  1842 10049
  1843 10049
  1844 10049
  1845 10049
  1846 10049
  1847 10049
  1848 10049
  1849 10049
  1850 10049
  1851 10049
  1852 10049
  1853 10049
  1854 10049
  1855 10049
  1858 10049
  1859 10049
  1860 10049
  1862 10063
  1863 10063
  1864 10063
  1865 10063
  1866 10063
  1868 10090
  1869 10063
  1870 10060
  1871 10060
  1872 10060
  1873 10060
  1874 10060
  1875 10060
  1876 10060
  1877 10060
  1878 10060
  1879 10060
  1880 10060
  1881 10060
  1882 10060
  1883 10060
  1884 10060
  1885 10060
  1886 10060
  1887 10060
  1888 10060
  1889 10060
  1890 10060
  1891 10060
  1892 10060
  1893 10060
  1894 10060
  1895 10060
  1896 10060
  1897 10060
  1898 10060
  1899 10060
  1900 10060
  1901 10060
  1902 10060
  1903 10060
  1904 10060
  1905 10060
  1906 10060
  1907 10060
  1908 10060
  1909 10060
  1910 10060
  1911 10060
  1912 10060
  1913 10060
  1914 10060
  1915 10060
  1916 10060
  1917 10060
  1918 10060
  1919 10060
  1920 10060
  1921 10060
  1922 10060
  1923 10060
  1924 10060
  1925 10060
  1926 10060
  1927 10060
  1928 10060
  1929 10060
  1930 10060
  1931 10060
  1932 10060
  1933 10060
  1934 10060
  1935 10060
  1936 10060
  1937 10060
  1938 10060
  1939 10060
  1940 10060
  1941 10060
  1942 10060
  1943 10060
  1944 10060
  1945 10060
  1946 10060
  1947 10060
  1948 10060
  1949 10060
  1950 10060
  1951 10060
  1952 10060
  1953 10060
  1954 10060
  1955 10060
  1956 10060
  1957 10060
  1958 10060
  1959 10060
  1960 10060
  1961 10060
  1962 10060
  1963 10060
  1964 10060
  1965 10060
  1966 10060
  1967 10060
  1968 10060
  1969 10060
  1970 10060
  1971 10060
  1972 10060
  1973 10060
  1974 10060
  1975 10060
  1976 10060
  1977 10060
  1978 10060
  1979 10060
  1980 10060
  1981 10060
  1982 10060
  1983 10060
  1984 10060
  1985 10060
  1986 10060
  1987 10060
  1988 10060
  1989 10060
  1990 10060
  1991 10060
  1992 10060
  1993 10060
  1994 10060
  1995 10060
  1996 10060
  1997 10060
  1998 10060
  1999 10060
  2000 10060
  2001 10060
  2002 10060
  2003 10060
  2004 10060
  2005 10060
  2006 10060
  2007 10060
  2008 10060
  2009 10060
  2010 10060
  2011 10060
  2012 10060
  2013 10060
  2014 10060
  2015 10060
  2016 10060
  2017 10060
  2018 10060
  2019 10060
  2020 10060
  2021 10063
  2022 10070
  2024 10070
  2025 10070
  2026 10070
  2029 10101
  2030 10054
  2031 10054
  2032 10069
  2033 10094
  2034 10069
  2035 10171
  2037 10171
  2038 10171
