  1885 10061
  1886 10141
  1887 10141
  1893 10031
  1894 10031
  1900 10055
  1904 10031
  1905 10031
  1906 10031
  1907 10031
  1908 10031
  1912 10031
  1913 10031
  1914 10031
  1915 10031
  1916 10031
  1919 10173
  1930 10031
  1931 10031
  1932 10031
  1933 10031
  1934 10031
  1935 10031
  1936 10031
  1937 10031
  1941 10031
  1942 10031
  1943 10031
  1946 10031
  1948 10031
  1954 10004
  1955 10004
  1956 10004
  1957 10004
  1964 10031
  1966 10031
  1976 10173
  1977 10173
  1978 10173
  1979 10055
  1983 10004
  1984 10004
  1985 10004
  1986 10004
  1987 10004
  1988 10004
  1989 10004
  1990 10004
  1991 10004
  1992 10004
  1993 10097
  1994 10097
  1995 10097
  1996 10097
  2010 10004
  2011 10173
  2012 10173
  2013 10173
  2014 10078
  2015 10078
  2016 10078
  2017 10078
  2018 10040
  2019 10040
  2020 10055
  2021 10004
  2022 10004
  2024 10031
  2025 10143
  2026 10143
  2027 10143
  2028 10143
  2029 10161
  2030 10161
  2031 10143
  2032 10143
  2033 10143
  2034 10143
  2035 10143
  2036 10107
  2037 10154
  2038 10107
  2039 10107
  2040 10107
  2041 10129
  2042 10129
  2043 10129
  2044 10129
  2045 10129
  2046 10129
  2047 10129
  2048 10107
  2049 10107
  2050 10107
  2051 10107
  2052 10107
  2053 10014
  2054 10014
  2055 10014
  2056 10014
  2057 10143
  2058 10014
  2059 10143
  2060 10143
  2061 10014
  2062 10014
  2063 10143
  2064 10014
  2065 10014
  2066 10014
  2067 10014
  2068 10014
  2069 10014
  2070 10014
  2071 10014
  2072 10014
  2073 10014
  2074 10014
  2075 10014
  2076 10154
  2077 10154
  2078 10154
  2079 10130
  2080 10130
  2081 10130
  2082 10130
  2083 10130
  2084 10130
  2085 10130
  2086 10130
  2087 10130
  2088 10130
  2089 10143
  2090 10143
  2091 10143
  2092 10143
  2093 10016
  2094 10143
  2095 10016
  2096 10143
  2097 10016
  2098 10111
  2099 10111
  2100 10111
  2101 10111
  2102 10111
  2103 10036
  2104 10036
  2105 10036
  2106 10016
  2107 10143
  2108 10143
  2109 10143
  2110 10143
  2111 10143
  2112 10143
  2113 10036
  2114 10036
  2115 10036
  2116 10036
  2117 10036
  2118 10036
  2119 10036
  2120 10143
  2121 10143
  2122 10143
  2123 10143
  2124 10143
  2131 10143
  2132 10143
  2133 10143
  2134 10143
  2135 10143
  2136 10143
  2137 10143
  2138 10143
  2139 10143
  2140 10143
  2141 10143
  2142 10143
  2143 10143
  2144 10143
  2145 10143
  2146 10075
  2147 10075
  2148 10075
  2149 10075
  2150 10075
  2151 10075
  2152 10075
  2153 10075
  2154 10075
  2155 10075
  2156 10016
  2157 10153
  2158 10153
  2159 10153
  2160 10153
  2161 10153
  2162 10153
  2163 10153
  2164 10153
  2165 10153
  2166 10153
  2167 10153
  2168 10153
  2169 10153
  2170 10153
  2171 10153
  2172 10153
  2173 10167
  2174 10167
  2175 10167
  2176 10167
  2177 10167
  2178 10167
  2179 10167
  2180 10167
  2181 10167
  2182 10167
  2183 10167
  2184 10167
  2189 10143
  2190 10143
  2191 10143
  2192 10143
  2195 10143
  2196 10143
  2205 10143
  2206 10143
  2207 10143
  2208 10143
  2209 10143
  2210 10143
  2211 10143
  2212 10143
  2213 10143
  2214 10143
  2215 10143
  2216 10143
  2220 10143
  2221 10143
  2222 10143
  2223 10143
  2224 10036
  2225 10036
  2226 10036
  2227 10036
  2228 10036
  2229 10078
  2230 10078
  2231 10078
  2232 10078
  2233 10078
  2234 10106
  2235 10106
  2236 10106
  2237 10134
  2238 10134
  2239 10134
  2240 10134
  2241 10134
  2242 10134
  2243 10134
  2244 10134
  2245 10134
  2246 10134
  2247 10134
  2248 10134
  2249 10134
  2250 10134
  2251 10134
  2252 10134
  2253 10134
  2254 10134
  2255 10134
  2256 10134
  2257 10134
  2258 10134
  2259 10134
  2260 10134
  2261 10134
  2262 10134
  2263 10134
  2264 10134
  2265 10134
  2266 10134
  2267 10134
  2268 10134
  2269 10134
  2270 10134
  2271 10134
  2272 10134
  2273 10134
  2274 10134
  2275 10134
  2276 10134
  2277 10134
  2278 10134
  2279 10134
  2280 10134
  2281 10134
  2282 10134
  2283 10134
  2284 10134
  2285 10134
  2286 10134
  2287 10134
  2288 10134
  2289 10134
  2290 10134
  2291 10134
  2292 10134
  2293 10134
  2294 10134
  2295 10134
  2296 10134
  2297 10134
  2298 10134
  2299 10134
  2300 10134
  2301 10154
  2302 10016
  2303 10016
  2304 10016
  2305 10016
  2306 10143
  2307 10143
  2308 10143
  2309 10143
  2310 10143
  2311 10143
  2312 10014
  2313 10014
  2314 10014
  2315 10014
  2316 10154
  2317 10154
  2318 10154
  2319 10154
  2320 10154
  2321 10154
  2322 10154
  2323 10154
  2324 10016
  2325 10143
  2326 10143
  2327 10036
  2328 10036
  2329 10036
  2330 10074
  2331 10143
  2332 10143
  2333 10095
  2334 10095
  2335 10095
  2336 10095
  2337 10095
  2338 10095
  2339 10095
  2340 10095
  2341 10095
  2342 10095
  2343 10095
  2344 10095
  2345 10095
  2346 10095
  2347 10095
  2348 10095
  2349 10095
  2350 10095
  2351 10095
  2352 10095
  2353 10074
  2354 10074
  2355 10074
  2356 10074
  2357 10074
  2358 10036
  2359 10036
  2360 10143
  2361 10143
  2362 10143
  2363 10143
  2364 10143
  2365 10143
  2366 10143
  2367 10143
  2368 10143
  2369 10143
  2370 10143
  2371 10143
  2372 10143
  2373 10154
  2374 10154
  2375 10154
  2376 10154
  2377 10115
  2378 10115
  2379 10115
  2380 10115
  2381 10115
  2382 10085
  2383 10085
  2384 10085
  2390 10085
  2391 10085
  2392 10085
  2393 10085
  2394 10085
  2395 10085
  2396 10085
  2397 10085
  2398 10085
  2399 10085
  2402 10085
  2403 10085
  2404 10085
  2405 10085
  2406 10085
  2407 10085
  2408 10085
  2409 10085
  2410 10085
  2411 10085
  2412 10031
  2413 10031
  2414 10085
  2415 10085
  2416 10085
  2417 10085
  2418 10085
  2419 10085
  2420 10085
  2421 10085
  2422 10085
  2423 10004
  2425 10093
  2426 10093
  2427 10093
  2428 10093
  2429 10093
  2430 10093
  2431 10093
  2435 10093
  2436 10093
  2437 10093
  2438 10093
  2439 10093
  2440 10093
  2441 10093
  2442 10093
  2443 10093
  2444 10093
  2445 10093
  2446 10093
  2447 10093
  2448 10093
  2449 10093
  2450 10093
  2451 10093
  2452 10093
  2453 10093
  2454 10097
  2455 10097
  2456 10097
  2457 10097
  2458 10097
  2459 10097
  2460 10097
  2461 10097
  2462 10097
  2463 10097
  2464 10097
  2465 10097
  2466 10097
  2467 10097
  2468 10097
  2469 10097
  2473 10055
  2474 10055
  2475 10098
  2476 10098
  2477 10098
  2479 10004
  2480 10055
  2481 10055
  2482 10055
  2483 10055
  2484 10055
  2485 10055
  2486 10055
  2487 10055
  2488 10055
  2489 10055
  2490 10055
  2491 10055
  2492 10055
  2493 10055
  2494 10055
  2495 10055
  2496 10055
  2497 10004
  2498 10004
  2499 10004
  2500 10004
  2501 10004
  2502 10004
  2503 10004
  2504 10004
  2505 10004
  2506 10004
  2507 10004
  2508 10004
  2509 10004
  2510 10004
  2511 10004
  2512 10004
  2513 10004
  2514 10004
  2515 10004
