   690 10122
   691 10122
   692 10122
   693 10122
   694 10122
   695 10122
   696 10122
   697 10122
   698 10122
   699 10122
   700 10122
   701 10122
   702 10122
   703 10122
   704 10122
   705 10122
   706 10122
   707 10122
   708 10122
   709 10122
   710 10122
   711 10122
   712 10122
   713 10122
   714 10122
   715 10122
   716 10122
   717 10122
   718 10122
   719 10122
   720 10122
   721 10122
   722 10122
   723 10122
   724 10122
   725 10122
   726 10122
   727 10122
   728 10122
   729 10122
   730 10122
   731 10122
   732 10122
   733 10122
   734 10122
   735 10122
   736 10122
   737 10122
   738 10122
   739 10122
   740 10122
   741 10122
   742 10122
   743 10122
   744 10122
   745 10122
   746 10122
   747 10122
   748 10122
   749 10122
   750 10122
   751 10122
   752 10122
   753 10122
   754 10122
   755 10122
   756 10122
   757 10122
   758 10122
   759 10122
   760 10122
   761 10122
   762 10122
   763 10122
   764 10122
   765 10122
   766 10122
   767 10122
   768 10122
   769 10122
   770 10122
   771 10122
   772 10122
   773 10122
   774 10122
   775 10122
   776 10122
   777 10122
   778 10122
   779 10122
   780 10122
   781 10120
   782 10120
   783 10120
   784 10120
   785 10120
   786 10120
   787 10120
   788 10120
   789 10120
   790 10120
   791 10120
   792 10120
   793 10120
   794 10120
   795 10120
   796 10120
   797 10120
   798 10120
   799 10120
   800 10120
   801 10120
   802 10120
   803 10120
   804 10120
   805 10120
   806 10120
   807 10120
   808 10120
   809 10120
   810 10120
   811 10120
   812 10120
   813 10120
   814 10120
   815 10120
   816 10120
   817 10120
   818 10120
   819 10120
   820 10120
   821 10120
   822 10120
   823 10120
   824 10120
   825 10120
   826 10120
   827 10120
   828 10120
   829 10120
   830 10120
   831 10120
   832 10120
   833 10120
   834 10120
   835 10120
   836 10120
   837 10120
   838 10120
   839 10120
   840 10120
   841 10120
   842 10120
   843 10120
   844 10120
   845 10120
   846 10120
   847 10120
   848 10120
   849 10120
   850 10120
   851 10120
   852 10120
   853 10120
   854 10120
   855 10120
   856 10120
   857 10120
   858 10120
   859 10120
   860 10120
   861 10120
   862 10120
   863 10120
   864 10120
   865 10120
   866 10120
   867 10120
   868 10120
   869 10120
   870 10120
   871 10120
   872 10120
   873 10120
   874 10120
   875 10120
   876 10120
   877 10120
   878 10120
   879 10120
   880 10120
   881 10120
   882 10120
   883 10120
   884 10120
   885 10120
   886 10120
   887 10120
   888 10120
   889 10120
   890 10120
   891 10120
   892 10120
   893 10120
   894 10120
   895 10120
   896 10120
   897 10120
   898 10120
   899 10120
   900 10120
   901 10120
   902 10120
   903 10120
   904 10120
   905 10120
   906 10120
   907 10120
   908 10120
   909 10120
   910 10120
   911 10120
   912 10120
   913 10120
   914 10120
   915 10120
   916 10120
   917 10120
   918 10120
   919 10120
   920 10120
   921 10120
   922 10120
   923 10120
   924 10120
   925 10120
   926 10120
   927 10120
   928 10120
   929 10120
   930 10120
   931 10120
   932 10120
   933 10120
   934 10120
   935 10120
   936 10120
   937 10120
   938 10120
   939 10120
   940 10120
   941 10120
   942 10120
   943 10120
   944 10120
   945 10120
   946 10120
   947 10120
   948 10120
   949 10120
   950 10120
   951 10120
   952 10120
   953 10120
   954 10120
   955 10120
   956 10120
   957 10120
   958 10120
   959 10120
   960 10120
   961 10120
   962 10120
   963 10120
   964 10120
   965 10120
   966 10120
   967 10120
   968 10120
   969 10120
   970 10120
   971 10120
   972 10120
   973 10120
   974 10120
   975 10120
   976 10120
   977 10120
   978 10120
   979 10120
   980 10120
   981 10120
   982 10120
   983 10120
   984 10120
   985 10120
   986 10120
   987 10120
   988 10120
   989 10120
   990 10120
   991 10120
   992 10120
   993 10120
   994 10120
   995 10120
   996 10120
   997 10120
   998 10120
   999 10120
  1000 10120
  1001 10120
  1002 10120
  1003 10120
  1004 10120
  1005 10120
  1006 10120
  1007 10120
  1008 10120
  1009 10120
  1010 10120
  1011 10120
  1012 10120
  1013 10120
  1014 10120
  1015 10120
  1016 10120
  1017 10120
  1018 10120
  1019 10120
  1020 10120
  1026 10067
  1027 10067
  1028 10067
  1029 10067
  1030 10067
  1031 10067
  1032 10017
  1033 10017
  1034 10017
  1035 10017
  1036 10017
  1037 10017
  1038 10017
  1039 10017
  1040 10017
  1041 10017
  1042 10017
  1043 10017
  1044 10017
  1045 10017
  1046 10017
  1047 10017
  1048 10017
  1049 10017
  1050 10017
  1051 10017
  1052 10017
  1053 10017
  1054 10017
  1055 10017
  1056 10017
  1057 10017
  1058 10017
  1059 10017
  1060 10017
  1061 10017
  1062 10017
  1063 10017
  1064 10017
  1065 10017
  1066 10017
  1067 10017
  1068 10017
  1069 10017
  1070 10017
  1071 10017
  1072 10017
  1073 10017
  1074 10017
  1075 10017
  1076 10017
  1077 10017
  1078 10017
  1079 10017
  1080 10017
  1081 10017
  1082 10017
  1083 10017
  1084 10017
  1085 10017
  1086 10017
  1087 10017
  1088 10017
  1089 10017
  1090 10017
  1091 10017
  1092 10017
  1093 10017
  1094 10017
  1095 10017
  1096 10017
  1097 10017
  1098 10017
  1099 10017
  1100 10017
  1101 10017
  1102 10017
  1103 10017
  1104 10017
  1105 10017
  1106 10017
  1107 10017
  1108 10017
  1109 10017
  1110 10017
  1111 10017
  1112 10017
  1113 10017
  1114 10017
  1115 10017
  1116 10017
  1117 10017
  1118 10017
  1119 10017
  1120 10017
  1121 10017
  1122 10017
  1123 10017
  1124 10017
  1125 10017
  1126 10017
  1127 10017
  1128 10017
  1129 10017
  1130 10017
  1131 10017
  1132 10017
  1133 10017
  1134 10017
  1135 10017
  1136 10017
  1137 10017
  1138 10017
  1139 10017
  1140 10017
  1141 10017
  1142 10017
  1143 10017
  1144 10017
  1145 10017
  1146 10017
  1147 10017
  1148 10017
  1149 10017
  1150 10017
  1151 10017
  1152 10017
  1153 10017
  1154 10017
  1155 10017
  1156 10017
  1157 10017
  1158 10017
  1159 10017
  1160 10017
  1161 10017
  1162 10017
  1163 10017
  1164 10017
  1165 10017
  1166 10017
  1167 10017
  1168 10017
  1169 10017
  1170 10017
  1171 10017
  1172 10017
  1173 10017
  1174 10017
  1175 10017
  1176 10017
  1177 10017
  1178 10017
  1179 10017
  1180 10017
  1181 10017
  1182 10017
  1183 10017
  1184 10017
  1185 10017
  1186 10017
  1187 10017
  1188 10017
  1189 10017
  1190 10017
  1191 10017
  1192 10017
  1193 10017
  1194 10017
  1195 10017
  1196 10017
  1197 10017
  1198 10017
  1199 10017
  1200 10017
  1201 10017
  1202 10017
  1203 10017
  1204 10017
  1205 10017
  1206 10017
  1207 10017
  1208 10017
  1209 10017
  1210 10017
  1211 10017
  1212 10017
  1213 10017
  1214 10017
  1215 10017
  1216 10017
  1217 10017
  1218 10017
  1219 10017
  1220 10017
  1221 10017
  1222 10017
  1223 10017
  1224 10017
  1225 10017
  1226 10017
  1227 10017
  1228 10017
  1229 10017
  1230 10017
  1231 10017
  1232 10017
  1233 10017
  1234 10017
  1235 10017
  1236 10017
  1237 10017
  1238 10017
  1239 10017
  1240 10017
  1241 10017
  1242 10017
  1243 10017
  1244 10017
  1245 10017
  1246 10017
  1247 10017
  1248 10017
  1249 10017
  1250 10017
  1251 10017
  1252 10017
  1253 10017
  1254 10017
  1255 10017
  1256 10017
  1257 10017
  1258 10041
  1259 10082
  1269 10023
  1270 10023
  1271 10023
  1272 10023
  1273 10023
  1274 10023
  1275 10023
  1276 10023
  1277 10023
  1278 10023
  1279 10023
  1280 10023
  1281 10126
  1282 10126
  1283 10126
  1284 10126
  1285 10126
  1286 10126
  1287 10126
  1288 10126
  1289 10126
  1290 10126
  1291 10126
  1292 10126
  1293 10126
  1294 10126
  1295 10126
  1296 10126
  1297 10126
  1298 10126
  1299 10126
  1300 10126
  1301 10126
  1302 10126
  1303 10126
  1304 10126
  1305 10126
  1306 10126
  1307 10126
  1308 10126
  1309 10126
  1310 10126
  1311 10126
  1312 10126
  1313 10126
  1314 10126
  1315 10126
  1316 10126
  1317 10126
  1318 10126
  1319 10126
  1320 10126
  1321 10126
  1322 10126
  1323 10126
  1324 10126
  1325 10126
  1326 10126
  1327 10126
  1328 10126
  1329 10126
  1330 10126
  1331 10126
  1332 10126
  1333 10126
  1334 10126
  1335 10126
  1336 10126
  1337 10126
  1338 10126
  1339 10126
  1340 10126
  1341 10126
  1342 10126
  1343 10126
  1344 10126
  1345 10126
  1346 10126
  1347 10126
  1348 10126
  1349 10126
  1350 10126
  1351 10126
  1352 10126
  1353 10126
  1354 10126
  1355 10126
  1356 10126
  1357 10126
  1358 10126
  1359 10126
  1360 10126
  1361 10126
  1362 10126
  1363 10126
  1364 10126
  1365 10126
  1366 10126
  1367 10126
  1368 10126
  1369 10126
  1370 10126
  1371 10126
  1372 10126
  1373 10126
  1374 10126
  1375 10126
  1376 10126
  1377 10126
  1378 10126
  1379 10126
  1380 10126
  1381 10126
  1382 10126
  1383 10126
  1384 10126
  1385 10126
  1386 10126
  1387 10126
  1388 10126
  1389 10126
  1390 10126
  1391 10126
  1392 10126
  1393 10126
  1394 10126
  1395 10126
  1396 10126
  1397 10126
  1398 10126
  1399 10126
  1400 10126
  1401 10126
  1402 10126
  1403 10126
  1404 10126
  1405 10126
  1406 10126
  1407 10126
  1408 10126
  1409 10126
  1410 10126
  1411 10126
  1412 10126
  1413 10126
  1414 10126
  1415 10126
  1416 10126
  1417 10126
  1418 10126
  1419 10126
  1420 10126
  1421 10126
  1422 10126
  1423 10126
  1424 10126
  1425 10126
  1426 10126
  1427 10126
  1428 10126
  1429 10126
  1430 10126
  1431 10126
  1432 10126
  1433 10126
  1434 10126
  1435 10126
  1436 10126
  1437 10126
  1438 10126
  1439 10126
  1440 10126
  1441 10126
  1442 10126
  1443 10126
  1444 10126
  1445 10126
  1446 10126
  1447 10126
  1448 10126
  1449 10126
  1450 10126
  1451 10126
  1452 10126
  1453 10126
  1454 10126
  1455 10126
  1456 10126
  1457 10126
  1458 10126
  1459 10126
  1460 10126
  1461 10126
  1462 10126
  1463 10126
  1464 10126
  1465 10126
  1466 10126
  1467 10126
  1468 10126
  1469 10126
  1470 10126
  1471 10126
  1472 10126
  1473 10126
  1474 10126
  1475 10126
  1476 10126
  1477 10126
  1478 10126
  1479 10126
  1480 10126
  1481 10126
  1482 10126
  1483 10126
  1484 10126
  1485 10126
  1486 10126
  1487 10126
  1488 10126
  1489 10126
  1490 10126
  1491 10126
  1492 10126
  1493 10126
  1494 10126
  1495 10126
  1496 10126
  1497 10126
  1498 10126
  1499 10126
  1500 10126
  1501 10126
  1502 10126
  1503 10126
  1504 10126
  1505 10126
  1506 10126
  1507 10023
  1510 10106
  1511 10018
  1512 10106
  1513 10040
  1514 10018
  1515 10018
  1516 10018
  1517 10018
  1518 10018
  1519 10158
  1520 10158
  1521 10158
  1522 10158
  1523 10106
  1524 10040
  1525 10106
  1526 10106
  1527 10018
  1528 10018
  1529 10106
  1530 10106
  1531 10106
  1532 10040
  1533 10040
  1534 10040
  1535 10040
  1536 10040
  1537 10040
  1538 10106
  1539 10040
  1540 10040
  1541 10040
  1542 10040
  1543 10040
  1545 10106
  1548 10040
  1549 10040
  1550 10040
  1557 10040
  1558 10040
  1559 10040
  1560 10040
  1561 10040
  1562 10106
  1563 10040
  1564 10106
  1565 10040
  1566 10040
  1570 10106
  1571 10106
  1572 10040
  1573 10018
  1574 10055
  1575 10106
  1576 10106
  1577 10106
  1578 10106
  1579 10106
  1580 10106
  1581 10040
  1582 10106
  1583 10106
  1584 10106
  1585 10106
  1586 10106
  1587 10106
  1588 10106
  1589 10106
  1590 10106
  1591 10106
  1592 10106
  1593 10106
  1594 10106
  1595 10040
  1596 10106
  1597 10106
  1598 10106
  1599 10106
  1600 10106
  1601 10106
  1602 10106
  1603 10106
  1604 10106
  1605 10106
  1606 10106
  1607 10106
  1608 10106
  1611 10106
  1612 10106
  1613 10106
  1614 10106
  1615 10106
  1616 10106
  1617 10106
  1618 10106
  1620 10154
  1621 10016
  1622 10154
  1623 10081
  1624 10153
  1625 10153
  1626 10153
  1627 10153
  1628 10153
  1629 10153
  1630 10081
  1631 10081
  1632 10081
  1633 10081
  1634 10081
  1635 10081
  1636 10081
  1637 10081
  1638 10081
  1639 10081
  1640 10081
  1641 10081
  1642 10081
  1643 10081
  1644 10081
  1645 10081
  1646 10081
  1647 10081
  1648 10081
  1649 10081
  1650 10081
  1651 10081
  1652 10081
  1653 10081
  1654 10081
  1655 10081
  1656 10081
  1657 10081
  1658 10081
  1659 10081
  1660 10081
  1661 10081
  1662 10081
  1663 10081
  1664 10081
  1665 10081
  1666 10081
  1667 10081
  1668 10081
  1669 10081
  1670 10081
  1671 10081
  1672 10081
  1673 10081
  1674 10081
  1675 10081
  1676 10081
  1677 10081
  1678 10081
  1679 10081
  1680 10081
  1681 10081
  1682 10081
  1683 10081
  1684 10081
  1685 10081
  1686 10081
  1687 10081
  1688 10081
  1689 10081
  1690 10081
  1691 10081
  1692 10081
  1693 10081
  1694 10081
  1695 10081
  1696 10081
  1697 10081
  1698 10081
  1699 10081
  1700 10081
  1701 10081
  1702 10081
  1703 10081
  1704 10081
  1705 10081
  1706 10081
  1707 10081
  1708 10081
  1709 10081
  1710 10081
  1711 10081
  1712 10081
  1713 10081
  1714 10081
  1715 10081
  1716 10081
  1717 10081
  1718 10081
  1719 10081
  1720 10081
  1721 10081
  1722 10081
  1723 10081
  1724 10081
  1725 10081
  1726 10081
  1727 10081
  1728 10081
  1729 10081
  1730 10081
  1731 10081
  1732 10081
  1733 10081
  1734 10081
  1735 10081
  1736 10081
  1737 10081
  1738 10081
  1739 10081
  1740 10081
  1741 10081
  1742 10081
  1743 10081
  1744 10081
  1745 10081
  1746 10081
  1747 10081
  1748 10081
  1749 10081
  1750 10081
  1751 10081
  1752 10081
  1753 10081
  1754 10081
  1755 10081
  1756 10081
  1757 10081
  1758 10081
  1759 10081
  1760 10081
  1761 10081
  1762 10081
  1763 10081
  1764 10081
  1765 10081
  1766 10081
  1767 10081
  1768 10081
  1769 10081
  1770 10081
  1771 10081
  1772 10081
  1773 10081
  1774 10081
  1775 10081
  1776 10081
  1777 10081
  1778 10081
  1779 10081
  1780 10081
  1781 10081
  1782 10081
  1783 10081
  1784 10081
  1785 10081
  1786 10081
  1787 10081
  1788 10081
  1789 10081
  1790 10081
  1791 10081
  1792 10081
  1793 10081
  1794 10081
  1795 10081
  1796 10081
  1797 10081
  1798 10081
  1799 10081
  1800 10081
  1801 10081
  1802 10081
  1803 10081
  1804 10081
  1805 10081
  1806 10081
  1807 10081
  1808 10081
  1809 10081
  1810 10081
  1811 10081
  1812 10081
  1813 10081
  1814 10081
  1815 10081
  1816 10081
  1817 10081
  1818 10081
  1819 10081
  1820 10081
  1821 10081
  1822 10081
  1823 10081
  1824 10081
  1825 10081
  1826 10081
  1827 10081
  1828 10081
  1829 10081
  1830 10081
  1831 10081
  1832 10081
  1833 10081
  1834 10081
  1835 10081
  1836 10081
  1837 10081
  1838 10081
  1839 10081
  1840 10081
  1841 10081
  1842 10081
  1843 10081
  1844 10081
  1845 10081
  1846 10081
  1847 10081
  1848 10081
  1849 10081
  1850 10081
  1851 10081
  1852 10081
  1853 10081
  1854 10081
  1855 10081
  1856 10153
  1857 10153
  1858 10153
  1859 10153
  1860 10153
  1861 10153
  1862 10153
  1863 10153
  1864 10153
  1865 10153
  1866 10153
  1867 10153
  1868 10153
  1869 10153
  1870 10157
  1871 10157
  1872 10157
  1873 10157
  1874 10157
  1875 10157
  1876 10157
  1877 10157
  1878 10157
  1879 10157
  1880 10157
  1881 10157
  1882 10157
  1883 10157
  1884 10157
  1885 10157
  1886 10157
  1887 10157
  1888 10157
  1889 10157
  1890 10157
  1891 10157
  1892 10157
  1893 10157
  1894 10157
  1895 10157
  1896 10157
  1897 10157
  1898 10157
  1899 10157
  1900 10157
  1901 10157
  1902 10157
  1903 10157
  1904 10157
  1905 10157
  1906 10157
  1907 10157
  1908 10157
  1909 10157
  1910 10157
  1911 10157
  1912 10157
  1913 10157
  1914 10157
  1915 10157
  1916 10157
  1917 10157
  1918 10157
  1919 10157
  1920 10157
  1921 10157
  1922 10157
  1923 10157
  1924 10157
  1925 10157
  1926 10157
  1927 10157
  1928 10157
  1929 10157
  1930 10157
  1931 10157
  1932 10157
  1933 10157
  1934 10157
  1935 10157
  1936 10157
  1937 10157
  1938 10157
  1939 10157
  1940 10157
  1941 10157
  1942 10157
  1943 10157
  1944 10157
  1945 10157
  1946 10157
  1947 10157
  1948 10157
  1949 10157
  1950 10157
  1951 10157
  1952 10157
  1953 10157
  1954 10157
  1955 10157
  1956 10157
  1957 10157
  1958 10157
  1959 10157
  1960 10157
  1961 10157
  1962 10157
  1963 10157
  1964 10157
  1965 10157
  1966 10157
  1967 10157
  1968 10157
  1969 10157
  1970 10157
  1971 10157
  1972 10157
  1973 10157
  1974 10157
  1975 10157
  1976 10157
  1977 10157
  1978 10157
  1979 10157
  1980 10157
  1981 10157
  1982 10157
  1983 10157
  1984 10157
  1985 10157
  1986 10157
  1987 10157
  1988 10157
  1989 10157
  1990 10157
  1991 10157
  1992 10157
  1993 10157
  1994 10157
  1995 10157
  1996 10157
  1997 10157
  1998 10157
  1999 10157
  2000 10157
  2001 10157
  2002 10157
  2003 10157
  2004 10157
  2005 10157
  2006 10157
  2007 10157
  2008 10157
  2009 10157
  2010 10157
  2011 10157
  2012 10157
  2013 10157
  2014 10157
  2015 10157
  2016 10157
  2017 10157
  2018 10157
  2019 10157
  2020 10157
  2021 10113
  2022 10113
  2023 10113
  2024 10122
  2025 10122
  2026 10122
  2027 10122
  2028 10122
