   690 10131
   691 10131
   692 10131
   693 10131
   694 10131
   695 10131
   696 10131
   697 10131
   698 10131
   699 10131
   700 10131
   701 10131
   702 10131
   703 10131
   704 10131
   705 10131
   706 10131
   707 10131
   708 10131
   709 10131
   710 10131
   711 10131
   712 10131
   713 10131
   714 10131
   715 10131
   716 10131
   717 10131
   718 10131
   719 10131
   720 10131
   721 10131
   722 10131
   723 10131
   724 10131
   725 10131
   726 10131
   727 10131
   728 10131
   729 10131
   730 10131
   731 10131
   732 10131
   733 10131
   734 10131
   735 10131
   736 10131
   737 10131
   738 10131
   739 10131
   740 10131
   741 10131
   742 10131
   743 10131
   744 10131
   745 10131
   746 10131
   747 10131
   748 10131
   749 10131
   750 10131
   751 10131
   752 10131
   753 10131
   754 10131
   755 10131
   756 10131
   757 10131
   758 10131
   759 10131
   760 10131
   761 10131
   762 10131
   763 10131
   764 10131
   765 10131
   766 10131
   767 10131
   768 10131
   769 10131
   770 10131
   771 10131
   772 10131
   773 10131
   774 10131
   775 10131
   776 10131
   777 10131
   778 10131
   779 10131
   780 10131
   781 10131
   782 10104
   783 10104
   784 10104
   785 10104
   786 10104
   787 10104
   788 10104
   789 10104
   790 10104
   791 10104
   792 10104
   793 10104
   794 10104
   795 10104
   796 10104
   797 10104
   798 10104
   799 10104
   800 10104
   801 10104
   802 10104
   803 10104
   804 10104
   805 10104
   806 10104
   807 10104
   808 10104
   809 10104
   810 10104
   811 10104
   812 10104
   813 10104
   814 10104
   815 10104
   816 10104
   817 10104
   818 10104
   819 10104
   820 10104
   821 10104
   822 10104
   823 10104
   824 10104
   825 10104
   826 10104
   827 10104
   828 10104
   829 10104
   830 10104
   831 10104
   832 10104
   833 10104
   834 10104
   835 10104
   836 10104
   837 10104
   838 10104
   839 10104
   840 10104
   841 10104
   842 10104
   843 10104
   844 10104
   845 10104
   846 10104
   847 10104
   848 10104
   849 10104
   850 10104
   851 10104
   852 10104
   853 10104
   854 10104
   855 10104
   856 10104
   857 10104
   858 10104
   859 10104
   860 10104
   861 10104
   862 10104
   863 10104
   864 10104
   865 10104
   866 10104
   867 10104
   868 10104
   869 10104
   870 10104
   871 10104
   872 10104
   873 10104
   874 10104
   875 10104
   876 10104
   877 10104
   878 10104
   879 10104
   880 10104
   881 10104
   882 10104
   883 10104
   884 10104
   885 10104
   886 10104
   887 10104
   888 10104
   889 10104
   890 10104
   891 10104
   892 10104
   893 10104
   894 10104
   895 10104
   896 10104
   897 10104
   898 10104
   899 10104
   900 10104
   901 10104
   902 10104
   903 10104
   904 10104
   905 10104
   906 10104
   907 10104
   908 10104
   909 10104
   910 10104
   911 10104
   912 10104
   913 10104
   914 10104
   915 10104
   916 10104
   917 10104
   918 10104
   919 10104
   920 10104
   921 10104
   922 10104
   923 10104
   924 10104
   925 10104
   926 10104
   927 10104
   928 10104
   929 10104
   930 10104
   931 10104
   932 10104
   933 10104
   934 10104
   935 10104
   936 10104
   937 10104
   938 10104
   939 10104
   940 10104
   941 10104
   942 10104
   943 10104
   944 10104
   945 10104
   946 10104
   947 10104
   948 10104
   949 10104
   950 10104
   951 10104
   952 10104
   953 10104
   954 10104
   955 10104
   956 10104
   957 10104
   958 10104
   959 10104
   960 10104
   961 10104
   962 10104
   963 10104
   964 10104
   965 10104
   966 10104
   967 10104
   968 10104
   969 10104
   970 10104
   971 10104
   972 10104
   973 10104
   974 10104
   975 10104
   976 10104
   977 10104
   978 10104
   979 10104
   980 10104
   981 10104
   982 10104
   983 10104
   984 10104
   985 10104
   986 10104
   987 10104
   988 10104
   989 10104
   990 10104
   991 10104
   992 10104
   993 10104
   994 10104
   995 10104
   996 10104
   997 10104
   998 10104
   999 10104
  1000 10104
  1001 10104
  1002 10104
  1003 10104
  1004 10104
  1005 10104
  1006 10104
  1007 10104
  1008 10104
  1009 10104
  1010 10104
  1011 10104
  1012 10104
  1013 10104
  1014 10104
  1015 10104
  1016 10104
  1017 10104
  1018 10104
  1019 10104
  1020 10104
  1021 10104
  1022 10108
  1023 10137
  1024 10137
  1025 10137
  1026 10137
  1027 10137
  1028 10137
  1029 10137
  1030 10137
  1031 10131
  1037 10137
  1038 10137
  1039 10137
  1040 10137
  1041 10137
  1042 10137
  1043 10137
  1044 10137
  1045 10137
  1046 10137
  1047 10137
  1048 10137
  1049 10137
  1050 10137
  1051 10137
  1052 10137
  1053 10137
  1054 10137
  1055 10137
  1056 10137
  1057 10137
  1058 10137
  1059 10137
  1060 10137
  1061 10137
  1062 10137
  1063 10137
  1064 10137
  1065 10137
  1066 10137
  1067 10137
  1068 10137
  1069 10137
  1070 10137
  1071 10137
  1072 10137
  1073 10137
  1074 10137
  1075 10137
  1076 10137
  1077 10137
  1078 10137
  1079 10137
  1080 10137
  1081 10137
  1082 10137
  1083 10137
  1084 10137
  1085 10137
  1086 10137
  1087 10137
  1088 10137
  1089 10137
  1090 10137
  1091 10137
  1092 10137
  1093 10137
  1094 10137
  1095 10137
  1096 10137
  1097 10137
  1098 10137
  1099 10137
  1100 10137
  1101 10137
  1102 10137
  1103 10137
  1104 10137
  1105 10137
  1106 10137
  1107 10137
  1108 10137
  1109 10137
  1110 10137
  1111 10137
  1112 10137
  1113 10137
  1114 10137
  1115 10137
  1116 10137
  1117 10137
  1118 10137
  1119 10137
  1120 10137
  1121 10137
  1122 10137
  1123 10137
  1124 10137
  1125 10137
  1126 10137
  1127 10137
  1128 10137
  1129 10137
  1130 10137
  1131 10137
  1132 10137
  1133 10137
  1134 10137
  1135 10137
  1136 10137
  1137 10137
  1138 10137
  1139 10137
  1140 10137
  1141 10137
  1142 10137
  1143 10137
  1144 10137
  1145 10137
  1146 10137
  1147 10137
  1148 10137
  1149 10137
  1150 10137
  1151 10137
  1152 10137
  1153 10137
  1154 10137
  1155 10137
  1156 10137
  1157 10137
  1158 10137
  1159 10137
  1160 10137
  1161 10137
  1162 10137
  1163 10137
  1164 10137
  1165 10137
  1166 10137
  1167 10137
  1168 10137
  1169 10137
  1170 10137
  1171 10137
  1172 10137
  1173 10137
  1174 10137
  1175 10137
  1176 10137
  1177 10137
  1178 10137
  1179 10137
  1180 10137
  1181 10137
  1182 10137
  1183 10137
  1184 10137
  1185 10137
  1186 10137
  1187 10137
  1188 10137
  1189 10137
  1190 10137
  1191 10137
  1192 10137
  1193 10137
  1194 10137
  1195 10137
  1196 10137
  1197 10137
  1198 10137
  1199 10137
  1200 10137
  1201 10137
  1202 10137
  1203 10137
  1204 10137
  1205 10137
  1206 10137
  1207 10137
  1208 10137
  1209 10137
  1210 10137
  1211 10137
  1212 10137
  1213 10137
  1214 10137
  1215 10137
  1216 10137
  1217 10137
  1218 10137
  1219 10137
  1220 10137
  1221 10137
  1222 10137
  1223 10137
  1224 10137
  1225 10137
  1226 10137
  1227 10137
  1228 10137
  1229 10137
  1230 10137
  1231 10137
  1232 10137
  1233 10137
  1234 10137
  1235 10137
  1236 10137
  1237 10137
  1238 10137
  1239 10137
  1240 10137
  1241 10137
  1242 10137
  1243 10137
  1244 10137
  1245 10137
  1246 10137
  1247 10137
  1248 10137
  1249 10137
  1250 10137
  1251 10137
  1258 10101
  1260 10101
  1262 10101
  1263 10101
  1264 10101
  1265 10101
  1266 10141
  1267 10141
  1268 10169
  1271 10141
  1272 10141
  1273 10141
  1274 10141
  1275 10141
  1276 10033
  1277 10033
  1278 10033
  1280 10033
  1282 10101
  1284 10033
  1285 10033
  1286 10033
  1287 10033
  1292 10033
  1293 10033
  1294 10033
  1297 10141
  1298 10101
  1299 10141
  1300 10141
  1302 10033
  1303 10033
  1304 10033
  1305 10033
  1306 10055
  1311 10141
  1312 10141
  1313 10141
  1318 10033
  1332 10055
  1333 10055
  1334 10055
  1335 10141
  1337 10141
  1338 10169
  1339 10169
  1340 10169
  1341 10169
  1342 10169
  1343 10169
  1344 10101
  1345 10101
  1346 10101
  1347 10101
  1348 10101
  1349 10101
  1350 10101
  1351 10101
  1352 10101
  1353 10101
  1354 10169
  1355 10169
  1356 10101
  1357 10101
  1358 10101
  1359 10101
  1360 10101
  1361 10101
  1362 10033
  1364 10033
  1365 10033
  1366 10033
  1371 10151
  1372 10151
  1373 10151
  1374 10151
  1375 10151
  1376 10151
  1377 10151
  1378 10151
  1379 10151
  1380 10151
  1381 10151
  1382 10151
  1383 10016
  1384 10016
  1385 10016
  1386 10016
  1387 10016
  1388 10016
  1389 10016
  1390 10016
  1391 10016
  1392 10016
  1393 10016
  1394 10016
  1395 10151
  1396 10151
  1397 10151
  1398 10151
  1399 10151
  1400 10151
  1401 10151
  1402 10151
  1403 10151
  1404 10151
  1405 10151
  1406 10151
  1407 10151
  1408 10151
  1409 10151
  1410 10151
  1411 10151
  1412 10151
  1413 10151
  1414 10151
  1415 10151
  1416 10151
  1417 10151
  1418 10151
  1419 10151
  1420 10151
  1421 10151
  1422 10151
  1423 10151
  1424 10151
  1425 10151
  1426 10151
  1427 10151
  1428 10151
  1429 10151
  1430 10151
  1431 10151
  1432 10151
  1433 10151
  1434 10151
  1435 10151
  1436 10151
  1437 10151
  1438 10151
  1439 10151
  1440 10151
  1441 10151
  1442 10151
  1443 10151
  1444 10151
  1445 10151
  1446 10151
  1447 10151
  1448 10151
  1449 10151
  1450 10151
  1451 10151
  1452 10151
  1453 10151
  1454 10151
  1455 10151
  1456 10151
  1457 10151
  1458 10151
  1459 10151
  1460 10151
  1461 10151
  1462 10151
  1463 10151
  1464 10151
  1465 10151
  1466 10151
  1467 10151
  1468 10151
  1469 10151
  1470 10151
  1471 10151
  1472 10151
  1473 10151
  1474 10151
  1475 10151
  1476 10151
  1477 10151
  1478 10151
  1479 10151
  1480 10151
  1481 10151
  1482 10151
  1483 10151
  1484 10151
  1485 10151
  1486 10151
  1487 10151
  1488 10151
  1489 10151
  1490 10151
  1491 10151
  1492 10151
  1493 10151
  1494 10151
  1495 10151
  1496 10151
  1497 10151
  1498 10151
  1499 10151
  1500 10151
  1501 10151
  1502 10151
  1503 10151
  1504 10151
  1505 10151
  1506 10151
  1507 10151
  1508 10151
  1509 10151
  1510 10151
  1511 10151
  1512 10151
  1513 10151
  1514 10151
  1515 10151
  1516 10151
  1517 10151
  1518 10151
  1519 10151
  1520 10151
  1521 10151
  1522 10151
  1523 10151
  1524 10151
  1525 10151
  1526 10151
  1527 10151
  1528 10151
  1529 10151
  1530 10151
  1531 10151
  1532 10151
  1533 10151
  1534 10151
  1535 10151
  1536 10151
  1537 10151
  1538 10151
  1539 10151
  1540 10151
  1541 10151
  1542 10151
  1543 10151
  1544 10151
  1545 10151
  1546 10151
  1547 10151
  1548 10151
  1549 10151
  1550 10151
  1551 10151
  1552 10151
  1553 10151
  1554 10151
  1555 10151
  1556 10151
  1557 10151
  1558 10151
  1559 10151
  1560 10151
  1561 10151
  1562 10151
  1563 10151
  1564 10151
  1565 10151
  1566 10151
  1567 10151
  1568 10151
  1569 10151
  1570 10151
  1571 10151
  1572 10151
  1573 10151
  1574 10151
  1575 10151
  1576 10151
  1577 10151
  1578 10151
  1579 10151
  1580 10151
  1581 10151
  1582 10151
  1583 10151
  1584 10151
  1585 10151
  1586 10151
  1587 10151
  1588 10151
  1589 10151
  1590 10151
  1591 10151
  1592 10151
  1593 10151
  1594 10151
  1595 10151
  1596 10151
  1597 10151
  1598 10151
  1599 10151
  1600 10151
  1601 10151
  1602 10151
  1603 10151
  1604 10151
  1605 10151
  1606 10151
  1607 10151
  1608 10151
  1609 10151
  1610 10151
  1611 10151
  1612 10151
  1613 10151
  1614 10151
  1615 10151
  1616 10151
  1617 10151
  1618 10151
  1619 10151
  1620 10151
  1621 10033
  1622 10033
  1623 10033
  1624 10033
  1625 10033
  1626 10033
  1627 10033
  1628 10033
  1629 10033
  1630 10033
  1631 10033
  1632 10033
  1633 10033
  1634 10033
  1635 10033
  1636 10033
  1637 10033
  1638 10033
  1639 10033
  1640 10033
  1641 10033
  1642 10033
  1643 10033
  1644 10033
  1645 10033
  1646 10033
  1647 10033
  1648 10033
  1649 10033
  1650 10033
  1651 10033
  1652 10033
  1653 10033
  1654 10033
  1655 10033
  1656 10033
  1657 10033
  1658 10033
  1659 10033
  1660 10033
  1661 10033
  1662 10033
  1663 10033
  1664 10033
  1665 10033
  1666 10033
  1667 10033
  1668 10033
  1669 10033
  1670 10033
  1671 10033
  1672 10033
  1673 10033
  1674 10033
  1675 10033
  1676 10033
  1677 10033
  1678 10033
  1679 10033
  1680 10033
  1681 10033
  1682 10033
  1683 10033
  1684 10033
  1685 10033
  1686 10033
  1687 10033
  1688 10033
  1689 10033
  1690 10033
  1691 10033
  1692 10033
  1693 10033
  1694 10033
  1695 10033
  1696 10033
  1697 10033
  1698 10033
  1699 10033
  1700 10033
  1701 10033
  1702 10033
  1703 10033
  1704 10033
  1705 10033
  1706 10033
  1707 10033
  1708 10033
  1709 10033
  1710 10033
  1711 10033
  1712 10033
  1713 10033
  1714 10033
  1715 10033
  1716 10033
  1717 10033
  1718 10033
  1719 10033
  1720 10033
  1721 10033
  1722 10033
  1723 10033
  1724 10033
  1725 10033
  1726 10033
  1727 10033
  1728 10033
  1729 10033
  1730 10033
  1731 10033
  1732 10033
  1733 10033
  1734 10033
  1735 10033
  1736 10033
  1737 10033
  1738 10033
  1739 10033
  1740 10033
  1741 10033
  1742 10033
  1743 10033
  1744 10033
  1745 10033
  1746 10033
  1747 10033
  1748 10033
  1749 10033
  1750 10033
  1751 10033
  1752 10033
  1753 10033
  1754 10033
  1755 10033
  1756 10033
  1757 10033
  1758 10033
  1759 10033
  1760 10033
  1761 10033
  1762 10033
  1763 10033
  1764 10033
  1765 10033
  1766 10033
  1767 10033
  1768 10033
  1769 10033
  1770 10033
  1771 10033
  1772 10033
  1773 10033
  1774 10033
  1775 10033
  1776 10033
  1777 10033
  1778 10033
  1779 10033
  1780 10033
  1781 10033
  1782 10033
  1783 10033
  1784 10033
  1785 10033
  1786 10033
  1787 10033
  1788 10033
  1789 10033
  1790 10033
  1791 10033
  1792 10033
  1793 10033
  1794 10033
  1795 10033
  1796 10033
  1797 10033
  1798 10033
  1799 10033
  1800 10033
  1801 10033
  1802 10033
  1803 10033
  1804 10033
  1805 10033
  1806 10033
  1807 10033
  1808 10033
  1809 10033
  1810 10033
  1811 10033
  1812 10033
  1813 10033
  1814 10033
  1815 10033
  1816 10033
  1817 10033
  1818 10033
  1819 10033
  1820 10033
  1821 10033
  1822 10033
  1823 10033
  1824 10033
  1825 10033
  1826 10033
  1827 10033
  1828 10033
  1829 10033
  1830 10033
  1831 10033
  1832 10033
  1833 10033
  1834 10033
  1835 10033
  1836 10033
  1837 10033
  1838 10033
  1839 10033
  1840 10033
  1841 10033
  1842 10033
  1843 10033
  1844 10033
  1845 10033
  1846 10033
  1847 10033
  1848 10033
  1849 10033
  1850 10033
  1851 10141
  1859 10033
  1860 10033
  1861 10132
  1862 10132
  1863 10132
  1864 10132
  1865 10132
  1866 10132
  1867 10007
  1870 10138
  1871 10138
  1872 10138
  1873 10138
  1874 10138
  1875 10138
  1876 10138
  1877 10138
  1878 10138
  1879 10138
  1880 10138
  1881 10138
  1882 10138
  1883 10138
  1884 10138
  1885 10138
  1886 10138
  1887 10138
  1888 10138
  1889 10138
  1890 10138
  1891 10138
  1892 10138
  1893 10138
  1894 10138
  1895 10138
  1896 10138
  1897 10138
  1898 10138
  1899 10138
  1900 10138
  1901 10138
  1902 10138
  1903 10138
  1904 10138
  1905 10138
  1906 10138
  1907 10138
  1908 10138
  1909 10138
  1910 10138
  1911 10138
  1912 10138
  1913 10138
  1914 10138
  1915 10138
  1916 10138
  1917 10138
  1918 10138
  1919 10138
  1920 10138
  1921 10138
  1922 10138
  1923 10138
  1924 10138
  1925 10138
  1926 10138
  1927 10138
  1928 10138
  1929 10138
  1930 10138
  1931 10138
  1932 10138
  1933 10138
  1934 10138
  1935 10138
  1936 10138
  1937 10138
  1938 10138
  1939 10138
  1940 10138
  1941 10138
  1942 10138
  1943 10138
  1944 10138
  1945 10138
  1946 10138
  1947 10138
  1948 10138
  1949 10138
  1950 10138
  1951 10138
  1952 10138
  1953 10138
  1954 10138
  1955 10138
  1956 10138
  1957 10138
  1958 10138
  1959 10138
  1960 10138
  1961 10138
  1962 10138
  1963 10138
  1964 10138
  1965 10138
  1966 10138
  1967 10138
  1968 10138
  1969 10138
  1970 10138
  1971 10138
  1972 10138
  1973 10138
  1974 10138
  1975 10138
  1976 10138
  1977 10138
  1978 10138
  1979 10138
  1980 10138
  1981 10138
  1982 10138
  1983 10138
  1984 10138
  1985 10138
  1986 10138
  1987 10138
  1988 10138
  1989 10138
  1990 10138
  1991 10138
  1992 10138
  1993 10138
  1994 10138
  1995 10138
  1996 10138
  1997 10138
  1998 10138
  1999 10138
  2000 10138
  2001 10138
  2002 10138
  2003 10138
  2004 10138
  2005 10138
  2006 10138
  2007 10138
  2008 10138
  2009 10138
  2010 10138
  2011 10138
  2012 10138
  2013 10138
  2014 10138
  2015 10138
  2016 10138
  2017 10138
  2018 10138
  2019 10138
  2020 10138
  2021 10102
  2022 10131
  2023 10131
  2024 10131
  2025 10131
  2026 10131
  2027 10131
