  1877 10004
  1878 10004
  1879 10004
  1880 10004
  1881 10004
  1882 10004
  1883 10004
  1884 10004
  1885 10004
  1886 10004
  1887 10004
  1888 10004
  1889 10004
  1890 10004
  1891 10004
  1892 10004
  1893 10004
  1894 10004
  1895 10004
  1896 10004
  1897 10004
  1898 10004
  1899 10004
  1900 10004
  1901 10004
  1902 10004
  1903 10004
  1904 10004
  1905 10004
  1906 10004
  1907 10004
  1908 10004
  1909 10004
  1910 10004
  1911 10004
  1912 10004
  1913 10004
  1914 10004
  1915 10004
  1916 10004
  1917 10004
  1918 10004
  1919 10004
  1920 10004
  1921 10004
  1922 10004
  1923 10004
  1924 10004
  1925 10004
  1926 10004
  1927 10004
  1928 10004
  1933 10004
  1934 10004
  1935 10004
  1936 10004
  1937 10004
  1938 10004
  1939 10004
  1940 10004
  1941 10004
  1942 10004
  1943 10004
  1944 10004
  1945 10004
  1946 10004
  1947 10004
  1948 10004
  1949 10004
  1950 10004
  1951 10004
  1952 10004
  1953 10004
  1954 10004
  1955 10004
  1956 10004
  1957 10004
  1958 10004
  1959 10004
  1962 10055
  1963 10004
  1964 10004
  1965 10004
  1966 10004
  1967 10004
  1968 10004
  1969 10004
  1970 10004
  1971 10004
  1972 10004
  1973 10004
  1974 10004
  1975 10004
  1976 10004
  1977 10004
  1978 10055
  1979 10055
  1980 10055
  1981 10055
  1982 10055
  1983 10004
  1984 10004
  1985 10004
  1986 10004
  1987 10004
  1988 10004
  1989 10004
  1990 10004
  1991 10004
  1992 10004
  1993 10004
  1994 10004
  1995 10004
  1996 10004
  1997 10004
  1998 10004
  1999 10004
  2000 10004
  2001 10004
  2002 10004
  2003 10004
  2004 10004
  2005 10004
  2006 10004
  2007 10004
  2008 10004
  2009 10004
  2010 10004
  2011 10004
  2012 10004
  2013 10004
  2014 10004
  2015 10004
  2016 10004
  2017 10004
  2018 10004
  2019 10004
  2020 10004
  2021 10004
  2022 10004
  2023 10004
  2024 10004
  2025 10004
  2026 10004
  2027 10004
  2028 10004
