   685 10164
   686 10164
   687 10169
   688 10169
   689 10169
   690 10164
   691 10164
   692 10164
   693 10164
   694 10164
   695 10164
   696 10164
   697 10164
   698 10164
   699 10164
   700 10164
   701 10164
   702 10164
   703 10164
   704 10164
   705 10164
   706 10164
   707 10164
   708 10164
   709 10164
   710 10164
   711 10164
   712 10164
   713 10164
   714 10164
   715 10164
   716 10164
   717 10164
   718 10164
   719 10164
   720 10164
   721 10164
   722 10164
   723 10164
   724 10164
   725 10164
   726 10164
   727 10164
   728 10164
   729 10164
   730 10164
   731 10164
   732 10164
   733 10164
   734 10164
   735 10164
   736 10164
   737 10164
   738 10164
   739 10164
   740 10164
   741 10164
   742 10164
   743 10164
   744 10164
   745 10164
   746 10164
   747 10164
   748 10164
   749 10164
   750 10164
   751 10164
   752 10164
   753 10164
   754 10164
   755 10164
   756 10164
   757 10164
   758 10164
   759 10164
   760 10164
   761 10164
   762 10164
   763 10164
   764 10164
   765 10164
   766 10164
   767 10164
   768 10164
   769 10164
   770 10164
   771 10164
   772 10164
   773 10164
   774 10164
   775 10164
   776 10164
   777 10164
   778 10164
   779 10164
   780 10164
   785 10044
   786 10044
   787 10044
   788 10044
   789 10044
   790 10044
   791 10044
   792 10044
   793 10044
   794 10044
   795 10044
   796 10044
   797 10044
   798 10044
   799 10044
   800 10044
   801 10044
   802 10044
   803 10044
   804 10044
   805 10044
   806 10044
   807 10044
   808 10044
   809 10044
   810 10044
   811 10044
   812 10044
   813 10044
   814 10044
   815 10044
   816 10044
   817 10044
   818 10044
   819 10044
   820 10044
   821 10044
   822 10044
   823 10044
   824 10044
   825 10044
   826 10044
   827 10044
   828 10044
   829 10044
   830 10044
   831 10044
   832 10044
   833 10044
   834 10044
   835 10044
   836 10044
   837 10044
   838 10044
   839 10044
   840 10044
   841 10044
   842 10044
   843 10044
   844 10044
   845 10044
   846 10044
   847 10044
   848 10044
   849 10044
   850 10044
   851 10044
   852 10044
   853 10044
   854 10044
   855 10044
   856 10044
   857 10044
   858 10044
   859 10044
   860 10044
   861 10044
   862 10044
   863 10044
   864 10044
   865 10044
   866 10044
   867 10044
   868 10044
   869 10044
   870 10044
   871 10044
   872 10044
   873 10044
   874 10044
   875 10044
   876 10044
   877 10044
   878 10044
   879 10044
   880 10044
   881 10044
   882 10044
   883 10044
   884 10044
   885 10044
   886 10044
   887 10044
   888 10044
   889 10044
   890 10044
   891 10044
   892 10044
   893 10044
   894 10044
   895 10044
   896 10044
   897 10044
   898 10044
   899 10044
   900 10044
   901 10044
   902 10044
   903 10044
   904 10044
   905 10044
   906 10044
   907 10044
   908 10044
   909 10044
   910 10044
   911 10044
   912 10044
   913 10044
   914 10044
   915 10044
   916 10044
   917 10044
   918 10044
   919 10044
   920 10044
   921 10044
   922 10044
   923 10044
   924 10044
   925 10044
   926 10044
   927 10044
   928 10044
   929 10044
   930 10044
   931 10044
   932 10044
   933 10044
   934 10044
   935 10044
   936 10044
   937 10044
   938 10044
   939 10044
   940 10044
   941 10044
   942 10044
   943 10044
   944 10044
   945 10044
   946 10044
   947 10044
   948 10044
   949 10044
   950 10044
   951 10044
   952 10044
   953 10044
   954 10044
   955 10044
   956 10044
   957 10044
   958 10044
   959 10044
   960 10044
   961 10044
   962 10044
   963 10044
   964 10044
   965 10044
   966 10044
   967 10044
   968 10044
   969 10044
   970 10044
   971 10044
   972 10044
   973 10044
   974 10044
   975 10044
   976 10044
   977 10044
   978 10044
   979 10044
   980 10044
   981 10044
   982 10044
   983 10044
   984 10044
   985 10044
   986 10044
   987 10044
   988 10044
   989 10044
   990 10044
   991 10044
   992 10044
   993 10044
   994 10044
   995 10044
   996 10044
   997 10044
   998 10044
   999 10044
  1000 10044
  1001 10044
  1002 10044
  1003 10044
  1004 10044
  1005 10044
  1006 10044
  1007 10044
  1008 10044
  1009 10044
  1010 10044
  1011 10044
  1012 10044
  1013 10044
  1014 10044
  1015 10044
  1016 10044
  1017 10044
  1018 10044
  1019 10044
  1020 10044
  1025 10108
  1026 10108
  1027 10139
  1028 10139
  1029 10139
  1030 10108
  1031 10108
  1032 10108
  1033 10108
  1034 10108
  1035 10108
  1036 10108
  1037 10108
  1038 10108
  1039 10108
  1040 10108
  1041 10108
  1042 10108
  1043 10108
  1044 10108
  1045 10108
  1046 10108
  1047 10108
  1048 10108
  1049 10108
  1050 10108
  1051 10108
  1052 10108
  1053 10108
  1054 10108
  1055 10108
  1056 10108
  1057 10108
  1058 10108
  1059 10108
  1060 10108
  1061 10108
  1062 10108
  1063 10108
  1064 10108
  1065 10108
  1066 10108
  1067 10108
  1068 10108
  1069 10108
  1070 10108
  1071 10108
  1072 10108
  1073 10108
  1074 10108
  1075 10108
  1076 10108
  1077 10108
  1078 10108
  1079 10108
  1080 10108
  1081 10108
  1082 10108
  1083 10108
  1084 10108
  1085 10108
  1086 10108
  1087 10108
  1088 10108
  1089 10108
  1090 10108
  1091 10108
  1092 10108
  1093 10108
  1094 10108
  1095 10108
  1096 10108
  1097 10108
  1098 10108
  1099 10108
  1100 10108
  1101 10108
  1102 10108
  1103 10108
  1104 10108
  1105 10108
  1106 10108
  1107 10108
  1108 10108
  1109 10108
  1110 10108
  1111 10108
  1112 10108
  1113 10108
  1114 10108
  1115 10108
  1116 10108
  1117 10108
  1118 10108
  1119 10108
  1120 10108
  1121 10108
  1122 10108
  1123 10108
  1124 10108
  1125 10108
  1126 10108
  1127 10108
  1128 10108
  1129 10108
  1130 10108
  1131 10108
  1132 10108
  1133 10108
  1134 10108
  1135 10108
  1136 10108
  1137 10108
  1138 10108
  1139 10108
  1140 10108
  1141 10108
  1142 10108
  1143 10108
  1144 10108
  1145 10108
  1146 10108
  1147 10108
  1148 10108
  1149 10108
  1150 10108
  1151 10108
  1152 10108
  1153 10108
  1154 10108
  1155 10108
  1156 10108
  1157 10108
  1158 10108
  1159 10108
  1160 10108
  1161 10108
  1162 10108
  1163 10108
  1164 10108
  1165 10108
  1166 10108
  1167 10108
  1168 10108
  1169 10108
  1170 10108
  1171 10108
  1172 10108
  1173 10108
  1174 10108
  1175 10108
  1176 10108
  1177 10108
  1178 10108
  1179 10108
  1180 10108
  1181 10108
  1182 10108
  1183 10108
  1184 10108
  1185 10108
  1186 10108
  1187 10108
  1188 10108
  1189 10108
  1190 10108
  1191 10108
  1192 10108
  1193 10108
  1194 10108
  1195 10108
  1196 10108
  1197 10108
  1198 10108
  1199 10108
  1200 10108
  1201 10108
  1202 10108
  1203 10108
  1204 10108
  1205 10108
  1206 10108
  1207 10108
  1208 10108
  1209 10108
  1210 10108
  1211 10108
  1212 10108
  1213 10108
  1214 10108
  1215 10108
  1216 10108
  1217 10108
  1218 10108
  1219 10108
  1220 10108
  1221 10108
  1222 10108
  1223 10108
  1224 10108
  1225 10108
  1226 10108
  1227 10108
  1228 10108
  1229 10108
  1230 10108
  1231 10108
  1232 10108
  1233 10108
  1234 10108
  1235 10108
  1236 10108
  1237 10108
  1238 10108
  1239 10108
  1240 10108
  1241 10108
  1242 10108
  1243 10108
  1244 10108
  1245 10108
  1246 10108
  1247 10108
  1248 10108
  1249 10108
  1250 10108
  1251 10108
  1252 10108
  1253 10108
  1254 10108
  1255 10108
  1256 10108
  1257 10108
  1260 10108
  1268 10055
  1269 10018
  1270 10018
  1271 10018
  1272 10018
  1273 10018
  1274 10018
  1275 10158
  1276 10158
  1277 10158
  1278 10158
  1279 10158
  1280 10158
  1281 10158
  1282 10158
  1283 10055
  1284 10055
  1288 10040
  1289 10040
  1290 10040
  1291 10040
  1297 10040
  1298 10040
  1300 10040
  1301 10040
  1302 10040
  1303 10040
  1304 10040
  1305 10040
  1306 10040
  1307 10040
  1308 10040
  1309 10040
  1310 10040
  1311 10040
  1312 10040
  1313 10040
  1314 10040
  1315 10040
  1316 10018
  1317 10018
  1318 10055
  1319 10040
  1320 10040
  1321 10040
  1322 10040
  1323 10040
  1324 10040
  1325 10040
  1326 10040
  1327 10040
  1328 10040
  1329 10040
  1330 10040
  1331 10040
  1332 10040
  1333 10040
  1334 10040
  1335 10040
  1336 10040
  1337 10040
  1338 10040
  1339 10040
  1340 10040
  1341 10040
  1342 10040
  1343 10040
  1344 10040
  1345 10040
  1346 10040
  1347 10040
  1348 10040
  1349 10040
  1350 10040
  1351 10055
  1352 10055
  1354 10169
  1355 10169
  1356 10169
  1383 10151
  1387 10006
  1388 10006
  1389 10006
  1390 10006
  1391 10006
  1392 10006
  1393 10006
  1394 10006
  1395 10006
  1396 10006
  1397 10006
  1398 10006
  1399 10006
  1400 10006
  1401 10006
  1402 10006
  1403 10006
  1404 10006
  1405 10006
  1406 10006
  1407 10006
  1408 10006
  1409 10006
  1410 10006
  1411 10006
  1412 10006
  1413 10006
  1414 10006
  1415 10006
  1416 10006
  1417 10006
  1418 10006
  1419 10006
  1420 10006
  1421 10006
  1422 10006
  1423 10006
  1424 10006
  1425 10006
  1426 10006
  1427 10006
  1428 10006
  1429 10006
  1430 10006
  1431 10006
  1432 10006
  1433 10006
  1434 10006
  1435 10006
  1436 10006
  1437 10006
  1438 10006
  1439 10006
  1440 10006
  1441 10006
  1442 10006
  1443 10006
  1444 10006
  1445 10006
  1446 10006
  1447 10006
  1448 10006
  1449 10006
  1450 10006
  1451 10006
  1452 10006
  1453 10006
  1454 10006
  1455 10006
  1456 10006
  1457 10006
  1458 10006
  1459 10006
  1460 10006
  1461 10006
  1462 10006
  1463 10006
  1464 10006
  1465 10006
  1466 10006
  1467 10006
  1468 10006
  1469 10006
  1470 10006
  1471 10006
  1472 10006
  1473 10006
  1474 10006
  1475 10006
  1476 10006
  1477 10006
  1478 10006
  1479 10006
  1480 10006
  1481 10006
  1482 10006
  1483 10006
  1484 10006
  1485 10006
  1486 10006
  1487 10006
  1488 10006
  1489 10006
  1490 10006
  1491 10006
  1492 10006
  1493 10006
  1494 10006
  1495 10006
  1496 10006
  1497 10006
  1498 10006
  1499 10006
  1500 10006
  1501 10006
  1502 10006
  1503 10006
  1504 10006
  1505 10006
  1506 10006
  1507 10006
  1508 10006
  1509 10006
  1510 10006
  1511 10006
  1512 10006
  1513 10006
  1514 10006
  1515 10006
  1516 10006
  1517 10006
  1518 10006
  1519 10006
  1520 10006
  1521 10006
  1522 10006
  1523 10006
  1524 10006
  1525 10006
  1526 10006
  1527 10006
  1528 10006
  1529 10006
  1530 10006
  1531 10006
  1532 10006
  1533 10006
  1534 10006
  1535 10006
  1536 10006
  1537 10006
  1538 10006
  1539 10006
  1540 10006
  1541 10006
  1542 10006
  1543 10006
  1544 10006
  1545 10006
  1546 10006
  1547 10006
  1548 10006
  1549 10006
  1550 10006
  1551 10006
  1552 10006
  1553 10006
  1554 10006
  1555 10006
  1556 10006
  1557 10006
  1558 10006
  1559 10006
  1560 10006
  1561 10006
  1562 10006
  1563 10006
  1564 10006
  1565 10006
  1566 10006
  1567 10006
  1568 10006
  1569 10006
  1570 10006
  1571 10006
  1572 10006
  1573 10006
  1574 10006
  1575 10006
  1576 10006
  1577 10006
  1578 10006
  1579 10006
  1580 10006
  1581 10006
  1582 10006
  1583 10006
  1584 10006
  1585 10006
  1586 10006
  1587 10006
  1588 10006
  1589 10006
  1590 10006
  1591 10006
  1592 10006
  1593 10006
  1594 10006
  1595 10006
  1596 10006
  1597 10006
  1598 10006
  1599 10006
  1600 10006
  1601 10006
  1602 10006
  1603 10006
  1604 10006
  1605 10006
  1606 10006
  1607 10006
  1608 10006
  1609 10006
  1610 10006
  1611 10006
  1612 10006
  1613 10006
  1614 10006
  1615 10006
  1616 10152
  1617 10152
  1621 10043
  1627 10050
  1628 10050
  1629 10050
  1630 10050
  1631 10050
  1632 10050
  1633 10050
  1634 10050
  1635 10050
  1636 10050
  1637 10050
  1638 10050
  1639 10050
  1640 10050
  1641 10050
  1642 10050
  1643 10050
  1644 10050
  1645 10050
  1646 10050
  1647 10050
  1648 10050
  1649 10050
  1650 10050
  1651 10050
  1652 10050
  1653 10050
  1654 10050
  1655 10050
  1656 10050
  1657 10050
  1658 10050
  1659 10050
  1660 10050
  1661 10050
  1662 10050
  1663 10050
  1664 10050
  1665 10050
  1666 10050
  1667 10050
  1668 10050
  1669 10050
  1670 10050
  1671 10050
  1672 10050
  1673 10050
  1674 10050
  1675 10050
  1676 10050
  1677 10050
  1678 10050
  1679 10050
  1680 10050
  1681 10050
  1682 10050
  1683 10050
  1684 10050
  1685 10050
  1686 10050
  1687 10050
  1688 10050
  1689 10050
  1690 10050
  1691 10050
  1692 10050
  1693 10050
  1694 10050
  1695 10050
  1696 10050
  1697 10050
  1698 10050
  1699 10050
  1700 10050
  1701 10050
  1702 10050
  1703 10050
  1704 10050
  1705 10050
  1706 10050
  1707 10050
  1708 10050
  1709 10050
  1710 10050
  1711 10050
  1712 10050
  1713 10050
  1714 10050
  1715 10050
  1716 10050
  1717 10050
  1718 10050
  1719 10050
  1720 10050
  1721 10050
  1722 10050
  1723 10050
  1724 10050
  1725 10050
  1726 10050
  1727 10050
  1728 10050
  1729 10050
  1730 10050
  1731 10050
  1732 10050
  1733 10050
  1734 10050
  1735 10050
  1736 10050
  1737 10050
  1738 10050
  1739 10050
  1740 10050
  1741 10050
  1742 10050
  1743 10050
  1744 10050
  1745 10050
  1746 10050
  1747 10050
  1748 10050
  1749 10050
  1750 10050
  1751 10050
  1752 10050
  1753 10050
  1754 10050
  1755 10050
  1756 10050
  1757 10050
  1758 10050
  1759 10050
  1760 10050
  1761 10050
  1762 10050
  1763 10050
  1764 10050
  1765 10050
  1766 10050
  1767 10050
  1768 10050
  1769 10050
  1770 10050
  1771 10050
  1772 10050
  1773 10050
  1774 10050
  1775 10050
  1776 10050
  1777 10050
  1778 10050
  1779 10050
  1780 10050
  1781 10050
  1782 10050
  1783 10050
  1784 10050
  1785 10050
  1786 10050
  1787 10050
  1788 10050
  1789 10050
  1790 10050
  1791 10050
  1792 10050
  1793 10050
  1794 10050
  1795 10050
  1796 10050
  1797 10050
  1798 10050
  1799 10050
  1800 10050
  1801 10050
  1802 10050
  1803 10050
  1804 10050
  1805 10050
  1806 10050
  1807 10050
  1808 10050
  1809 10050
  1810 10050
  1811 10050
  1812 10050
  1813 10050
  1814 10050
  1815 10050
  1816 10050
  1817 10050
  1818 10050
  1819 10050
  1820 10050
  1821 10050
  1822 10050
  1823 10050
  1824 10050
  1825 10050
  1826 10050
  1827 10050
  1828 10050
  1829 10050
  1830 10050
  1831 10050
  1832 10050
  1833 10050
  1834 10050
  1835 10050
  1836 10050
  1837 10050
  1838 10050
  1839 10050
  1840 10050
  1841 10050
  1842 10050
  1843 10050
  1844 10050
  1845 10050
  1846 10050
  1847 10050
  1848 10050
  1849 10050
  1850 10050
  1851 10050
  1852 10050
  1853 10050
  1854 10050
  1855 10050
  1856 10050
  1857 10101
  1858 10050
  1859 10050
  1860 10050
  1861 10050
  1862 10062
  1864 10067
  1872 10054
  1873 10094
  1874 10094
  1875 10094
  1876 10094
  1877 10094
  1878 10094
  1879 10094
  1880 10094
  1881 10054
  1882 10054
  1883 10054
  1884 10054
  1885 10054
  1886 10054
  1887 10054
  1910 10101
  1911 10101
  1914 10101
  1976 10043
  1996 10101
  2022 10061
  2026 10101
  2029 10088
  2031 10088
  2034 10130
  2035 10130
  2036 10016
  2037 10036
  2038 10036
  2039 10036
  2040 10016
  2041 10016
  2042 10074
  2043 10074
  2044 10074
  2045 10074
  2046 10074
  2047 10074
  2048 10074
  2049 10074
  2050 10074
  2051 10074
  2052 10074
  2053 10074
  2054 10074
  2055 10074
  2056 10074
  2057 10074
  2058 10074
  2059 10074
  2060 10074
  2061 10074
  2062 10074
  2063 10036
