   690 10022
   691 10022
   692 10022
   693 10022
   694 10022
   695 10022
   696 10022
   697 10022
   698 10022
   699 10022
   700 10022
   701 10022
   702 10022
   703 10022
   704 10022
   705 10022
   706 10022
   707 10022
   708 10022
   709 10022
   710 10022
   711 10022
   712 10022
   713 10022
   714 10022
   715 10022
   716 10022
   717 10022
   718 10022
   719 10022
   720 10022
   721 10022
   722 10022
   723 10022
   724 10022
   725 10022
   726 10022
   727 10022
   728 10022
   729 10022
   730 10022
   731 10022
   732 10022
   733 10022
   734 10022
   735 10022
   736 10022
   737 10022
   738 10022
   739 10022
   740 10022
   741 10022
   742 10022
   743 10022
   744 10022
   745 10022
   746 10022
   747 10022
   748 10022
   749 10022
   750 10022
   751 10022
   752 10022
   753 10022
   754 10022
   755 10022
   756 10022
   757 10022
   758 10022
   759 10022
   760 10022
   761 10022
   762 10022
   763 10022
   764 10022
   765 10022
   766 10022
   767 10022
   768 10022
   769 10022
   770 10022
   771 10022
   772 10022
   773 10022
   774 10022
   775 10022
   776 10022
   777 10022
   778 10022
   779 10022
   780 10022
   783 10138
   784 10138
   785 10138
   786 10138
   787 10141
   789 10016
   790 10016
   791 10016
   792 10143
   793 10143
   794 10059
   795 10059
   796 10059
   797 10059
   798 10059
   799 10059
   800 10059
   801 10059
   802 10059
   803 10059
   804 10059
   805 10059
   806 10059
   807 10059
   808 10059
   809 10059
   810 10059
   811 10059
   812 10059
   813 10059
   814 10059
   815 10059
   816 10059
   817 10059
   818 10059
   819 10059
   820 10059
   821 10059
   822 10059
   823 10059
   824 10059
   825 10059
   826 10059
   827 10059
   828 10059
   829 10059
   830 10059
   831 10059
   832 10059
   833 10059
   834 10059
   835 10059
   836 10059
   837 10059
   838 10059
   839 10059
   840 10059
   841 10059
   842 10059
   843 10059
   844 10059
   845 10059
   846 10059
   847 10059
   848 10059
   849 10059
   850 10059
   851 10059
   852 10059
   853 10059
   854 10059
   855 10059
   856 10059
   857 10059
   858 10059
   859 10059
   860 10059
   861 10059
   862 10059
   863 10059
   864 10059
   865 10059
   866 10059
   867 10059
   868 10059
   869 10059
   870 10059
   871 10059
   872 10059
   873 10059
   874 10059
   875 10059
   876 10059
   877 10059
   878 10059
   879 10059
   880 10059
   881 10059
   882 10059
   883 10059
   884 10059
   885 10059
   886 10059
   887 10059
   888 10059
   889 10059
   890 10059
   891 10059
   892 10059
   893 10059
   894 10059
   895 10059
   896 10059
   897 10059
   898 10059
   899 10059
   900 10059
   901 10059
   902 10059
   903 10059
   904 10059
   905 10059
   906 10059
   907 10059
   908 10059
   909 10059
   910 10059
   911 10059
   912 10059
   913 10059
   914 10059
   915 10059
   916 10059
   917 10059
   918 10059
   919 10059
   920 10059
   921 10059
   922 10059
   923 10059
   924 10059
   925 10059
   926 10059
   927 10059
   928 10059
   929 10059
   930 10059
   931 10059
   932 10059
   933 10059
   934 10059
   935 10059
   936 10059
   937 10059
   938 10059
   939 10059
   940 10059
   941 10059
   942 10059
   943 10059
   944 10059
   945 10059
   946 10059
   947 10059
   948 10059
   949 10059
   950 10059
   951 10059
   952 10059
   953 10059
   954 10059
   955 10059
   956 10059
   957 10059
   958 10059
   959 10059
   960 10059
   961 10059
   962 10059
   963 10059
   964 10059
   965 10059
   966 10059
   967 10059
   968 10059
   969 10059
   970 10059
   971 10059
   972 10059
   973 10059
   974 10059
   975 10059
   976 10059
   977 10059
   978 10059
   979 10059
   980 10059
   981 10059
   982 10059
   983 10059
   984 10059
   985 10059
   986 10059
   987 10059
   988 10059
   989 10059
   990 10059
   991 10059
   992 10059
   993 10059
   994 10059
   995 10059
   996 10059
   997 10059
   998 10059
   999 10059
  1000 10059
  1001 10059
  1002 10059
  1003 10059
  1004 10059
  1005 10059
  1006 10059
  1007 10059
  1008 10059
  1009 10059
  1010 10059
  1011 10059
  1012 10059
  1013 10059
  1014 10059
  1015 10059
  1016 10059
  1017 10059
  1018 10059
  1019 10059
  1020 10059
  1021 10036
  1025 10101
  1026 10101
  1027 10101
  1028 10088
  1030 10022
  1031 10022
  1032 10022
  1033 10022
  1034 10022
  1035 10022
  1036 10022
  1037 10022
  1038 10022
  1039 10022
  1040 10022
  1041 10022
  1042 10022
  1043 10022
  1044 10022
  1045 10022
  1046 10022
  1047 10022
  1048 10022
  1049 10022
  1050 10022
  1051 10022
  1052 10022
  1053 10022
  1054 10022
  1055 10022
  1056 10022
  1057 10022
  1058 10022
  1059 10022
  1060 10022
  1061 10022
  1062 10022
  1063 10022
  1064 10022
  1065 10022
  1066 10022
  1067 10022
  1068 10022
  1069 10022
  1070 10022
  1071 10022
  1072 10022
  1073 10022
  1074 10022
  1075 10022
  1076 10022
  1077 10022
  1078 10022
  1079 10022
  1080 10022
  1081 10022
  1082 10022
  1083 10022
  1084 10022
  1085 10022
  1086 10022
  1087 10022
  1088 10022
  1089 10022
  1090 10022
  1091 10022
  1092 10022
  1093 10022
  1094 10022
  1095 10022
  1096 10022
  1097 10022
  1098 10022
  1099 10022
  1100 10022
  1101 10022
  1102 10022
  1103 10022
  1104 10022
  1105 10022
  1106 10022
  1107 10022
  1108 10022
  1109 10022
  1110 10022
  1111 10022
  1112 10022
  1113 10022
  1114 10022
  1115 10022
  1116 10022
  1117 10022
  1118 10022
  1119 10022
  1120 10022
  1121 10022
  1122 10022
  1123 10022
  1124 10022
  1125 10022
  1126 10022
  1127 10022
  1128 10022
  1129 10022
  1130 10022
  1131 10022
  1132 10022
  1133 10022
  1134 10022
  1135 10022
  1136 10022
  1137 10022
  1138 10022
  1139 10022
  1140 10022
  1141 10022
  1142 10022
  1143 10022
  1144 10022
  1145 10022
  1146 10022
  1147 10022
  1148 10022
  1149 10022
  1150 10022
  1151 10022
  1152 10022
  1153 10022
  1154 10022
  1155 10022
  1156 10022
  1157 10022
  1158 10022
  1159 10022
  1160 10022
  1161 10022
  1162 10022
  1163 10022
  1164 10022
  1165 10022
  1166 10022
  1167 10022
  1168 10022
  1169 10022
  1170 10022
  1171 10022
  1172 10022
  1173 10022
  1174 10022
  1175 10022
  1176 10022
  1177 10022
  1178 10022
  1179 10022
  1180 10022
  1181 10022
  1182 10022
  1183 10022
  1184 10022
  1185 10022
  1186 10022
  1187 10022
  1188 10022
  1189 10022
  1190 10022
  1191 10022
  1192 10022
  1193 10022
  1194 10022
  1195 10022
  1196 10022
  1197 10022
  1198 10022
  1199 10022
  1200 10022
  1201 10022
  1202 10022
  1203 10022
  1204 10022
  1205 10022
  1206 10022
  1207 10022
  1208 10022
  1209 10022
  1210 10022
  1211 10022
  1212 10022
  1213 10022
  1214 10022
  1215 10022
  1216 10022
  1217 10022
  1218 10022
  1219 10022
  1220 10022
  1221 10022
  1222 10022
  1223 10022
  1224 10022
  1225 10022
  1226 10022
  1227 10022
  1228 10022
  1229 10022
  1230 10022
  1231 10022
  1232 10022
  1233 10022
  1234 10022
  1235 10022
  1236 10022
  1237 10022
  1238 10022
  1239 10022
  1240 10022
  1241 10022
  1242 10022
  1243 10022
  1244 10022
  1245 10022
  1246 10022
  1247 10022
  1248 10022
  1249 10022
  1250 10022
  1251 10022
  1252 10022
  1253 10022
  1254 10022
  1255 10022
  1256 10022
  1257 10022
  1258 10101
  1259 10101
  1260 10101
  1262 10101
  1264 10098
  1265 10018
  1266 10018
  1267 10098
  1268 10018
  1269 10018
  1270 10018
  1271 10018
  1272 10018
  1273 10018
  1274 10018
  1276 10055
  1277 10055
  1278 10055
  1279 10055
  1280 10055
  1281 10055
  1282 10055
  1287 10055
  1288 10055
  1289 10055
  1290 10055
  1291 10055
  1292 10055
  1293 10055
  1294 10055
  1295 10055
  1296 10055
  1297 10055
  1298 10055
  1299 10055
  1300 10055
  1301 10055
  1302 10055
  1303 10055
  1304 10055
  1305 10055
  1306 10055
  1307 10055
  1308 10055
  1309 10055
  1310 10055
  1311 10055
  1312 10055
  1313 10055
  1314 10055
  1315 10055
  1317 10098
  1318 10098
  1321 10055
  1322 10055
  1323 10055
  1324 10055
  1325 10055
  1326 10055
  1327 10055
  1328 10018
  1329 10106
  1333 10036
  1334 10036
  1335 10036
  1336 10036
  1337 10036
  1338 10036
  1339 10036
  1340 10016
  1341 10016
  1342 10016
  1343 10016
  1344 10016
  1345 10016
  1346 10016
  1347 10016
  1348 10016
  1349 10097
  1351 10101
  1352 10101
  1353 10101
  1354 10101
  1370 10169
  1371 10169
  1372 10169
  1373 10138
  1374 10138
  1380 10086
  1381 10086
  1383 10086
  1385 10086
  1386 10086
  1387 10086
  1388 10086
  1389 10086
  1395 10086
  1396 10086
  1397 10086
  1398 10086
  1399 10086
  1400 10086
  1401 10086
  1402 10086
  1403 10086
  1404 10086
  1405 10086
  1406 10086
  1407 10086
  1408 10086
  1409 10086
  1410 10086
  1411 10086
  1412 10086
  1413 10086
  1414 10086
  1415 10086
  1416 10086
  1417 10086
  1418 10086
  1419 10086
  1420 10086
  1421 10086
  1422 10086
  1423 10086
  1424 10086
  1425 10086
  1426 10086
  1427 10086
  1428 10086
  1429 10086
  1430 10086
  1431 10086
  1432 10086
  1433 10086
  1434 10086
  1435 10086
  1436 10086
  1437 10086
  1438 10086
  1439 10086
  1440 10086
  1441 10086
  1442 10086
  1443 10086
  1444 10086
  1445 10086
  1446 10086
  1447 10086
  1448 10086
  1449 10086
  1450 10086
  1451 10086
  1452 10086
  1453 10086
  1454 10086
  1455 10086
  1456 10086
  1457 10086
  1458 10086
  1459 10086
  1460 10086
  1461 10086
  1462 10086
  1463 10086
  1464 10086
  1465 10086
  1466 10086
  1467 10086
  1468 10086
  1469 10086
  1470 10086
  1471 10086
  1472 10086
  1473 10086
  1474 10086
  1475 10086
  1476 10086
  1477 10086
  1478 10086
  1479 10086
  1480 10086
  1481 10086
  1482 10086
  1483 10086
  1484 10086
  1485 10086
  1486 10086
  1487 10086
  1488 10086
  1489 10086
  1490 10086
  1491 10086
  1492 10086
  1493 10086
  1494 10086
  1495 10086
  1496 10086
  1497 10086
  1498 10086
  1499 10086
  1500 10086
  1501 10086
  1502 10086
  1503 10086
  1504 10086
  1505 10086
  1506 10086
  1507 10086
  1508 10086
  1509 10086
  1510 10086
  1511 10086
  1512 10086
  1513 10086
  1514 10086
  1515 10086
  1516 10086
  1517 10086
  1518 10086
  1519 10086
  1520 10086
  1521 10086
  1522 10086
  1523 10086
  1524 10086
  1525 10086
  1526 10086
  1527 10086
  1528 10086
  1529 10086
  1530 10086
  1531 10086
  1532 10086
  1533 10086
  1534 10086
  1535 10086
  1536 10086
  1537 10086
  1538 10086
  1539 10086
  1540 10086
  1541 10086
  1542 10086
  1543 10086
  1544 10086
  1545 10086
  1546 10086
  1547 10086
  1548 10086
  1549 10086
  1550 10086
  1551 10086
  1552 10086
  1553 10086
  1554 10086
  1555 10086
  1556 10086
  1557 10086
  1558 10086
  1559 10086
  1560 10086
  1561 10086
  1562 10086
  1563 10086
  1564 10086
  1565 10086
  1566 10086
  1567 10086
  1568 10086
  1569 10086
  1570 10086
  1571 10086
  1572 10086
  1573 10086
  1574 10086
  1575 10086
  1576 10086
  1577 10086
  1578 10086
  1579 10086
  1580 10086
  1581 10086
  1582 10086
  1583 10086
  1584 10086
  1585 10086
  1586 10086
  1587 10086
  1588 10086
  1589 10086
  1590 10086
  1591 10086
  1592 10086
  1593 10086
  1594 10086
  1595 10086
  1596 10086
  1597 10086
  1598 10086
  1599 10086
  1600 10086
  1601 10086
  1602 10086
  1603 10086
  1604 10086
  1605 10086
  1606 10086
  1607 10086
  1608 10086
  1609 10086
  1610 10086
  1611 10086
  1612 10086
  1613 10086
  1614 10086
  1615 10086
  1616 10086
  1617 10086
  1618 10086
  1619 10086
  1620 10086
  1621 10101
  1630 10131
  1631 10131
  1632 10131
  1633 10131
  1634 10131
  1635 10131
  1636 10131
  1637 10131
  1638 10131
  1639 10131
  1640 10131
  1641 10131
  1642 10131
  1643 10131
  1644 10131
  1645 10131
  1646 10131
  1647 10131
  1648 10131
  1649 10131
  1650 10131
  1651 10131
  1652 10131
  1653 10131
  1654 10131
  1655 10131
  1656 10131
  1657 10131
  1658 10131
  1659 10131
  1660 10131
  1661 10131
  1662 10131
  1663 10131
  1664 10131
  1665 10131
  1666 10131
  1667 10131
  1668 10131
  1669 10131
  1670 10131
  1671 10131
  1672 10131
  1673 10131
  1674 10131
  1675 10131
  1676 10131
  1677 10131
  1678 10131
  1679 10131
  1680 10131
  1681 10131
  1682 10131
  1683 10131
  1684 10131
  1685 10131
  1686 10131
  1687 10131
  1688 10131
  1689 10131
  1690 10131
  1691 10131
  1692 10131
  1693 10131
  1694 10131
  1695 10131
  1696 10131
  1697 10131
  1698 10131
  1699 10131
  1700 10131
  1701 10131
  1702 10131
  1703 10131
  1704 10131
  1705 10131
  1706 10131
  1707 10131
  1708 10131
  1709 10131
  1710 10131
  1711 10131
  1712 10131
  1713 10131
  1714 10131
  1715 10131
  1716 10131
  1717 10131
  1718 10131
  1719 10131
  1720 10131
  1721 10131
  1722 10131
  1723 10131
  1724 10131
  1725 10131
  1726 10131
  1727 10131
  1728 10131
  1729 10131
  1730 10131
  1731 10131
  1732 10131
  1733 10131
  1734 10131
  1735 10131
  1736 10131
  1737 10131
  1738 10131
  1739 10131
  1740 10131
  1741 10131
  1742 10131
  1743 10131
  1744 10131
  1745 10131
  1746 10131
  1747 10131
  1748 10131
  1749 10131
  1750 10131
  1751 10131
  1752 10131
  1753 10131
  1754 10131
  1755 10131
  1756 10131
  1757 10131
  1758 10131
  1759 10131
  1760 10131
  1761 10131
  1762 10131
  1763 10131
  1764 10131
  1765 10131
  1766 10131
  1767 10131
  1768 10131
  1769 10131
  1770 10131
  1771 10131
  1772 10131
  1773 10131
  1774 10131
  1775 10131
  1776 10131
  1777 10131
  1778 10131
  1779 10131
  1780 10131
  1781 10131
  1782 10131
  1783 10131
  1784 10131
  1785 10131
  1786 10131
  1787 10131
  1788 10131
  1789 10131
  1790 10131
  1791 10131
  1792 10131
  1793 10131
  1794 10131
  1795 10131
  1796 10131
  1797 10131
  1798 10131
  1799 10131
  1800 10131
  1801 10131
  1802 10131
  1803 10131
  1804 10131
  1805 10131
  1806 10131
  1807 10131
  1808 10131
  1809 10131
  1810 10131
  1811 10131
  1812 10131
  1813 10131
  1814 10131
  1815 10131
  1816 10131
  1817 10131
  1818 10131
  1819 10131
  1820 10131
  1821 10131
  1822 10131
  1823 10131
  1824 10131
  1825 10131
  1826 10131
  1827 10131
  1828 10131
  1829 10131
  1830 10131
  1831 10131
  1832 10131
  1833 10131
  1834 10131
  1835 10131
  1836 10131
  1837 10131
  1838 10131
  1839 10131
  1840 10131
  1841 10131
  1842 10131
  1843 10131
  1844 10131
  1845 10131
  1846 10131
  1847 10131
  1848 10131
  1849 10131
  1850 10131
  1851 10131
  1852 10131
  1853 10131
  1854 10131
  1855 10131
  1856 10112
  1857 10112
  1858 10112
  1859 10112
  1860 10112
  1861 10105
  1862 10105
  1863 10105
  1864 10112
  1865 10112
  1866 10112
  1867 10112
  1868 10112
  1869 10112
  1870 10112
  1871 10112
  1872 10112
  1873 10112
  1874 10112
  1875 10112
  1876 10112
  1877 10112
  1878 10112
  1879 10112
  1880 10112
  1881 10112
  1882 10112
  1883 10112
  1884 10112
  1885 10112
  1886 10112
  1887 10112
  1888 10112
  1889 10112
  1890 10112
  1891 10112
  1892 10112
  1893 10112
  1894 10112
  1895 10112
  1896 10112
  1897 10112
  1898 10112
  1899 10112
  1900 10112
  1901 10112
  1902 10112
  1903 10112
  1904 10112
  1905 10112
  1906 10112
  1907 10112
  1908 10112
  1909 10112
  1910 10112
  1911 10112
  1912 10112
  1913 10112
  1914 10112
  1915 10112
  1916 10112
  1917 10112
  1918 10112
  1919 10112
  1920 10112
  1921 10112
  1922 10112
  1923 10112
  1924 10112
  1925 10112
  1926 10112
  1927 10112
  1928 10112
  1929 10112
  1930 10112
  1931 10112
  1932 10112
  1933 10112
  1934 10112
  1935 10112
  1936 10112
  1937 10112
  1938 10112
  1939 10112
  1940 10112
  1941 10112
  1942 10112
  1943 10112
  1944 10112
  1945 10112
  1946 10112
  1947 10112
  1948 10112
  1949 10112
  1950 10112
  1951 10112
  1952 10112
  1953 10112
  1954 10112
  1955 10112
  1956 10112
  1957 10112
  1958 10112
  1959 10112
  1960 10112
  1961 10112
  1962 10112
  1963 10112
  1964 10112
  1965 10112
  1966 10112
  1967 10112
  1968 10112
  1969 10112
  1970 10112
  1971 10112
  1972 10112
  1973 10112
  1974 10112
  1975 10112
  1976 10112
  1977 10112
  1978 10112
  1979 10112
  1980 10112
  1981 10112
  1982 10112
  1983 10112
  1984 10112
  1985 10112
  1986 10112
  1987 10112
  1988 10112
  1989 10112
  1990 10112
  1991 10112
  1992 10112
  1993 10112
  1994 10112
  1995 10112
  1996 10112
  1997 10112
  1998 10112
  1999 10112
  2000 10112
  2001 10112
  2002 10112
  2003 10112
  2004 10112
  2005 10112
  2006 10112
  2007 10112
  2008 10112
  2009 10112
  2010 10112
  2011 10112
  2012 10112
  2013 10112
  2014 10112
  2015 10112
  2016 10112
  2017 10112
  2018 10112
  2019 10112
  2020 10112
  2021 10112
  2022 10112
