   688 10164
   689 10164
   690 10043
   691 10043
   692 10043
   693 10043
   694 10043
   695 10043
   696 10043
   697 10043
   698 10043
   699 10043
   700 10043
   701 10043
   702 10043
   703 10043
   704 10043
   705 10043
   706 10043
   707 10043
   708 10043
   709 10043
   710 10043
   711 10043
   712 10043
   713 10043
   714 10043
   715 10043
   716 10043
   717 10043
   718 10043
   719 10043
   720 10043
   721 10043
   722 10043
   723 10043
   724 10043
   725 10043
   726 10043
   727 10043
   728 10043
   729 10043
   730 10043
   731 10043
   732 10043
   733 10043
   734 10043
   735 10043
   736 10043
   737 10043
   738 10043
   739 10043
   740 10043
   741 10043
   742 10043
   743 10043
   744 10043
   745 10043
   746 10043
   747 10043
   748 10043
   749 10043
   750 10043
   751 10043
   752 10043
   753 10043
   754 10043
   755 10043
   756 10043
   757 10043
   758 10043
   759 10043
   760 10043
   761 10043
   762 10043
   763 10043
   764 10043
   765 10043
   766 10043
   767 10043
   768 10043
   769 10043
   770 10043
   771 10043
   772 10043
   773 10043
   774 10043
   775 10043
   776 10043
   777 10043
   778 10043
   779 10043
   780 10043
   781 10043
   782 10101
   783 10043
   784 10043
   785 10043
   786 10043
   787 10043
   788 10043
   789 10043
   790 10043
   791 10043
   793 10164
   794 10164
   795 10043
   796 10043
   797 10043
   798 10043
   799 10043
   800 10043
   801 10043
   802 10043
   803 10043
   804 10043
   805 10043
   806 10043
   807 10043
   808 10043
   809 10043
   810 10043
   811 10043
   812 10043
   813 10043
   814 10043
   815 10043
   816 10043
   817 10043
   818 10043
   819 10043
   820 10043
   821 10043
   822 10043
   823 10043
   824 10043
   825 10043
   826 10043
   827 10043
   828 10043
   829 10043
   830 10043
   831 10043
   832 10043
   833 10043
   834 10043
   835 10043
   836 10043
   837 10043
   838 10043
   839 10043
   840 10043
   841 10043
   842 10043
   843 10043
   844 10043
   845 10043
   846 10043
   847 10043
   848 10043
   849 10043
   850 10043
   851 10043
   852 10043
   853 10043
   854 10043
   855 10043
   856 10043
   857 10043
   858 10043
   859 10043
   860 10043
   861 10043
   862 10043
   863 10043
   864 10043
   865 10043
   866 10043
   867 10043
   868 10043
   869 10043
   870 10043
   871 10043
   872 10043
   873 10043
   874 10043
   875 10043
   876 10043
   877 10043
   878 10043
   879 10043
   880 10043
   881 10043
   882 10043
   883 10043
   884 10043
   885 10043
   886 10043
   887 10043
   888 10043
   889 10043
   890 10043
   891 10043
   892 10043
   893 10043
   894 10043
   895 10043
   896 10043
   897 10043
   898 10043
   899 10043
   900 10043
   901 10043
   902 10043
   903 10043
   904 10043
   905 10043
   906 10043
   907 10043
   908 10043
   909 10043
   910 10043
   911 10043
   912 10043
   913 10043
   914 10043
   915 10043
   916 10043
   917 10043
   918 10043
   919 10043
   920 10043
   921 10043
   922 10043
   923 10043
   924 10043
   925 10043
   926 10043
   927 10043
   928 10043
   929 10043
   930 10043
   931 10043
   932 10043
   933 10043
   934 10043
   935 10043
   936 10043
   937 10043
   938 10043
   939 10043
   940 10043
   941 10043
   942 10043
   943 10043
   944 10043
   945 10043
   946 10043
   947 10043
   948 10043
   949 10043
   950 10043
   951 10043
   952 10043
   953 10043
   954 10043
   955 10043
   956 10043
   957 10043
   958 10043
   959 10043
   960 10043
   961 10043
   962 10043
   963 10043
   964 10043
   965 10043
   966 10043
   967 10043
   968 10043
   969 10043
   970 10043
   971 10043
   972 10043
   973 10043
   974 10043
   975 10043
   976 10043
   977 10043
   978 10043
   979 10043
   980 10043
   981 10043
   982 10043
   983 10043
   984 10043
   985 10043
   986 10043
   987 10043
   988 10043
   989 10043
   990 10043
   991 10043
   992 10043
   993 10043
   994 10043
   995 10043
   996 10043
   997 10043
   998 10043
   999 10043
  1000 10043
  1001 10043
  1002 10043
  1003 10043
  1004 10043
  1005 10043
  1006 10043
  1007 10043
  1008 10043
  1009 10043
  1010 10043
  1011 10043
  1012 10043
  1013 10043
  1014 10043
  1015 10043
  1016 10043
  1017 10043
  1018 10043
  1019 10043
  1020 10043
  1021 10164
  1022 10164
  1023 10164
  1024 10164
  1025 10033
  1026 10083
  1027 10083
  1028 10071
  1029 10080
  1030 10080
  1032 10071
  1033 10071
  1037 10064
  1044 10159
  1045 10159
  1046 10159
  1047 10159
  1052 10164
  1053 10164
  1054 10164
  1055 10164
  1056 10043
  1057 10043
  1058 10043
  1059 10043
  1060 10043
  1061 10043
  1062 10043
  1063 10043
  1064 10043
  1065 10043
  1066 10043
  1067 10043
  1068 10043
  1069 10164
  1070 10164
  1071 10164
  1072 10164
  1073 10043
  1074 10043
  1075 10043
  1076 10043
  1077 10043
  1078 10043
  1079 10164
  1080 10164
  1081 10164
  1082 10043
  1083 10043
  1084 10043
  1085 10043
  1086 10043
  1087 10043
  1088 10043
  1089 10043
  1090 10043
  1091 10043
  1092 10043
  1093 10043
  1094 10043
  1095 10043
  1096 10043
  1097 10043
  1098 10043
  1099 10043
  1100 10043
  1101 10043
  1102 10043
  1103 10043
  1104 10043
  1105 10043
  1106 10043
  1110 10164
  1111 10164
  1112 10164
  1113 10164
  1114 10164
  1115 10043
  1116 10043
  1117 10043
  1118 10043
  1119 10043
  1120 10043
  1125 10164
  1126 10164
  1127 10164
  1128 10164
  1129 10164
  1130 10164
  1131 10164
  1133 10043
  1134 10043
  1135 10043
  1136 10043
  1137 10043
  1145 10043
  1146 10043
  1147 10043
  1148 10043
  1149 10043
  1150 10043
  1151 10043
  1152 10164
  1153 10164
  1154 10164
  1155 10164
  1156 10043
  1157 10043
  1158 10043
  1159 10043
  1162 10164
  1163 10164
  1164 10164
  1165 10164
  1166 10164
  1167 10164
  1168 10164
  1169 10043
  1170 10043
  1171 10043
  1172 10043
  1173 10043
  1174 10164
  1175 10164
  1176 10164
  1177 10164
  1178 10164
  1179 10164
  1180 10164
  1181 10164
  1182 10164
  1183 10164
  1184 10164
  1185 10164
  1186 10043
  1187 10043
  1188 10043
  1189 10043
  1190 10043
  1191 10043
  1192 10043
  1193 10043
  1194 10043
  1195 10043
  1196 10043
  1197 10043
  1198 10043
  1199 10043
  1200 10043
  1201 10159
  1202 10043
  1203 10043
  1204 10043
  1205 10043
  1206 10164
  1207 10164
  1208 10164
  1209 10164
  1210 10164
  1211 10164
  1212 10164
  1213 10164
  1214 10164
  1215 10164
  1216 10164
  1217 10164
  1218 10164
  1219 10164
  1220 10164
  1221 10164
  1222 10164
  1223 10164
  1224 10164
  1225 10164
  1226 10080
  1227 10094
  1228 10094
  1229 10069
  1230 10064
  1231 10069
  1232 10069
  1233 10069
  1234 10069
  1235 10069
  1236 10054
  1240 10018
  1241 10018
  1242 10018
  1243 10018
  1244 10018
  1246 10106
  1247 10106
  1248 10106
  1249 10106
  1250 10106
  1251 10040
  1252 10040
  1253 10040
  1254 10040
  1255 10106
  1256 10106
  1257 10106
  1258 10106
  1259 10106
  1260 10106
  1261 10106
  1262 10106
  1263 10106
  1264 10106
  1265 10106
  1266 10106
  1267 10106
  1268 10106
  1269 10106
  1270 10106
  1271 10106
  1272 10106
  1273 10106
  1274 10106
  1275 10106
  1276 10106
  1277 10106
  1278 10106
  1279 10106
  1280 10106
  1281 10106
  1282 10106
  1283 10106
  1284 10106
  1285 10106
  1286 10106
  1287 10106
  1288 10106
  1289 10106
  1290 10106
  1291 10106
  1292 10106
  1293 10106
  1294 10106
  1295 10106
  1296 10106
  1297 10106
  1298 10106
  1299 10106
  1300 10106
  1301 10106
  1302 10106
  1303 10106
  1304 10106
  1305 10106
  1306 10106
  1307 10040
  1308 10055
  1309 10040
  1310 10040
  1314 10106
  1315 10106
  1316 10106
  1317 10106
  1318 10106
  1319 10106
  1320 10106
  1321 10106
  1322 10106
  1323 10106
  1324 10106
  1325 10106
  1326 10106
  1327 10106
  1328 10106
  1329 10106
  1330 10106
  1331 10106
  1332 10106
  1333 10106
  1334 10106
  1335 10106
  1336 10106
  1337 10106
  1338 10106
  1339 10106
  1340 10106
  1341 10106
  1342 10106
  1343 10106
  1344 10098
  1345 10055
  1346 10098
  1347 10098
  1359 10080
  1360 10080
  1361 10080
  1362 10033
  1364 10043
  1365 10164
  1372 10043
  1373 10043
  1374 10043
  1375 10043
  1376 10043
  1377 10043
  1378 10043
  1379 10043
  1380 10164
  1381 10043
  1382 10043
  1383 10043
  1384 10043
  1385 10043
  1386 10043
  1387 10043
  1388 10043
  1394 10043
  1395 10043
  1396 10043
  1397 10043
  1398 10043
  1399 10043
  1400 10043
  1401 10043
  1402 10043
  1403 10043
  1404 10043
  1405 10043
  1406 10043
  1407 10043
  1408 10043
  1409 10043
  1410 10043
  1411 10043
  1412 10043
  1413 10043
  1414 10043
  1415 10043
  1416 10043
  1417 10043
  1418 10043
  1419 10043
  1420 10043
  1421 10043
  1422 10043
  1423 10043
  1424 10043
  1425 10043
  1426 10043
  1427 10043
  1428 10043
  1429 10043
  1430 10043
  1431 10043
  1432 10043
  1433 10043
  1434 10043
  1435 10043
  1436 10043
  1437 10043
  1438 10043
  1439 10043
  1440 10043
  1441 10043
  1442 10043
  1443 10043
  1444 10043
  1445 10043
  1446 10043
  1447 10043
  1448 10043
  1449 10043
  1450 10043
  1451 10043
  1452 10043
  1453 10043
  1454 10043
  1455 10043
  1456 10043
  1457 10043
  1458 10043
  1459 10043
  1460 10043
  1461 10043
  1462 10043
  1463 10043
  1464 10043
  1465 10043
  1466 10043
  1467 10043
  1468 10043
  1469 10043
  1470 10043
  1471 10043
  1472 10043
  1473 10043
  1474 10043
  1475 10043
  1476 10043
  1477 10043
  1478 10043
  1479 10043
  1480 10043
  1481 10043
  1482 10043
  1483 10043
  1484 10043
  1485 10043
  1486 10043
  1487 10043
  1488 10043
  1489 10043
  1490 10043
  1491 10043
  1492 10043
  1493 10043
  1494 10043
  1495 10043
  1496 10043
  1497 10043
  1498 10043
  1499 10043
  1500 10043
  1501 10043
  1502 10043
  1503 10043
  1504 10043
  1505 10043
  1506 10043
  1507 10043
  1508 10043
  1509 10043
  1510 10043
  1511 10043
  1512 10043
  1513 10043
  1514 10043
  1515 10043
  1516 10043
  1517 10043
  1518 10043
  1519 10043
  1520 10043
  1521 10043
  1522 10043
  1523 10043
  1524 10043
  1525 10043
  1526 10043
  1527 10043
  1528 10043
  1529 10043
  1530 10043
  1531 10043
  1532 10043
  1533 10043
  1534 10043
  1535 10043
  1536 10043
  1537 10043
  1538 10043
  1539 10043
  1540 10043
  1541 10043
  1542 10043
  1543 10043
  1544 10043
  1545 10043
  1546 10043
  1547 10043
  1548 10043
  1549 10043
  1550 10043
  1551 10043
  1552 10043
  1553 10043
  1554 10043
  1555 10043
  1556 10043
  1557 10043
  1558 10043
  1559 10043
  1560 10043
  1561 10043
  1562 10043
  1563 10043
  1564 10043
  1565 10043
  1566 10043
  1567 10043
  1568 10043
  1569 10043
  1570 10043
  1571 10043
  1572 10043
  1573 10043
  1574 10043
  1575 10043
  1576 10043
  1577 10043
  1578 10043
  1579 10043
  1580 10043
  1581 10043
  1582 10043
  1583 10043
  1584 10043
  1585 10043
  1586 10043
  1587 10043
  1588 10043
  1589 10043
  1590 10043
  1591 10043
  1592 10043
  1593 10043
  1594 10043
  1595 10043
  1596 10043
  1597 10043
  1598 10043
  1599 10043
  1600 10043
  1601 10043
  1602 10043
  1603 10043
  1604 10043
  1605 10043
  1606 10043
  1607 10043
  1608 10043
  1609 10043
  1610 10043
  1611 10043
  1612 10043
  1613 10043
  1614 10043
  1615 10043
  1616 10043
  1617 10043
  1618 10043
  1619 10043
  1620 10043
  1621 10043
  1622 10086
  1623 10033
  1624 10033
  1625 10033
  1627 10070
  1629 10070
  1630 10070
  1631 10070
  1632 10070
  1633 10070
  1649 10043
  1650 10043
  1651 10043
  1652 10043
  1653 10043
  1654 10043
  1655 10043
  1656 10043
  1657 10043
  1658 10043
  1659 10043
  1660 10043
  1661 10164
  1662 10164
  1663 10164
  1664 10043
  1665 10043
  1666 10043
  1677 10164
  1678 10164
  1679 10164
  1680 10164
  1681 10164
  1682 10164
  1683 10164
  1684 10164
  1685 10164
  1686 10164
  1687 10043
  1688 10043
  1689 10164
  1690 10164
  1691 10043
  1692 10043
  1693 10043
  1694 10043
  1695 10164
  1696 10164
  1697 10164
  1698 10164
  1699 10043
  1700 10043
  1701 10043
  1702 10164
  1703 10164
  1704 10164
  1705 10164
  1706 10164
  1707 10164
  1708 10164
  1709 10164
  1710 10164
  1711 10164
  1712 10164
  1713 10164
  1714 10164
  1715 10164
  1716 10164
  1717 10164
  1718 10164
  1719 10164
  1720 10164
  1721 10164
  1722 10164
  1723 10164
  1724 10164
  1725 10164
  1726 10164
  1727 10164
  1728 10164
  1729 10164
  1730 10164
  1731 10164
  1732 10164
  1733 10164
  1734 10164
  1735 10164
  1736 10164
  1737 10164
  1738 10164
  1739 10164
  1740 10164
  1741 10164
  1742 10164
  1743 10164
  1744 10164
  1745 10164
  1746 10164
  1747 10164
  1748 10164
  1749 10164
  1750 10164
  1751 10043
  1752 10043
  1753 10164
  1754 10164
  1755 10164
  1765 10164
  1766 10164
  1767 10164
  1768 10043
  1769 10043
  1770 10043
  1771 10043
  1772 10043
  1773 10043
  1774 10043
  1775 10043
  1776 10043
  1777 10043
  1778 10043
  1779 10043
  1780 10043
  1781 10043
  1786 10164
  1787 10164
  1788 10164
  1789 10164
  1790 10164
  1791 10164
  1792 10164
  1800 10043
  1801 10043
  1802 10043
  1806 10043
  1807 10043
  1808 10043
  1809 10043
  1810 10043
  1811 10043
  1812 10043
  1813 10043
  1814 10043
  1815 10043
  1816 10043
  1817 10043
  1818 10043
  1819 10164
  1820 10164
  1821 10164
  1822 10043
  1823 10043
  1824 10043
  1825 10043
  1826 10164
  1827 10164
  1828 10164
  1829 10164
  1830 10164
  1831 10164
  1832 10164
  1833 10164
  1834 10164
  1835 10164
  1836 10164
  1837 10164
  1838 10164
  1839 10164
  1841 10043
  1842 10043
  1843 10043
  1844 10043
  1845 10043
  1846 10043
  1847 10043
  1848 10043
  1849 10043
  1850 10164
  1851 10164
  1852 10164
  1853 10043
  1854 10043
  1855 10043
  1856 10043
  1857 10164
  1858 10164
  1859 10164
  1860 10164
  1861 10164
  1864 10043
  1865 10043
  1866 10043
  1867 10043
  1868 10043
