   690 10049
   691 10049
   692 10049
   693 10049
   694 10049
   695 10049
   696 10049
   697 10049
   698 10049
   699 10049
   700 10049
   701 10049
   702 10049
   703 10049
   704 10049
   705 10049
   706 10049
   707 10049
   708 10049
   709 10049
   710 10049
   711 10049
   712 10049
   713 10049
   714 10049
   715 10049
   716 10049
   717 10049
   718 10049
   719 10049
   720 10049
   721 10049
   722 10049
   723 10049
   724 10049
   725 10049
   726 10049
   727 10049
   728 10049
   729 10049
   730 10049
   731 10049
   732 10049
   733 10049
   734 10049
   735 10049
   736 10049
   737 10049
   738 10049
   739 10049
   740 10049
   741 10049
   742 10049
   743 10049
   744 10049
   745 10049
   746 10049
   747 10049
   748 10049
   749 10049
   750 10049
   751 10049
   752 10049
   753 10049
   754 10049
   755 10049
   756 10049
   757 10049
   758 10049
   759 10049
   760 10049
   761 10049
   762 10049
   763 10049
   764 10049
   765 10049
   766 10049
   767 10049
   768 10049
   769 10049
   770 10049
   771 10049
   772 10049
   773 10049
   774 10049
   775 10049
   776 10049
   777 10049
   778 10049
   779 10049
   780 10049
   781 10049
   785 10120
   786 10120
   787 10005
   788 10005
   790 10005
   791 10005
   792 10005
   793 10005
   794 10005
   795 10005
   796 10005
   797 10005
   798 10005
   799 10005
   800 10005
   801 10005
   802 10005
   803 10005
   804 10005
   805 10005
   806 10005
   807 10005
   808 10005
   809 10005
   810 10005
   811 10005
   812 10005
   813 10005
   814 10005
   815 10005
   816 10005
   817 10005
   818 10005
   819 10005
   820 10005
   821 10005
   822 10005
   823 10005
   824 10005
   825 10005
   826 10005
   827 10005
   828 10005
   829 10005
   830 10005
   831 10005
   832 10005
   833 10005
   834 10005
   835 10005
   836 10005
   837 10005
   838 10005
   839 10005
   840 10005
   841 10005
   842 10005
   843 10005
   844 10005
   845 10005
   846 10005
   847 10005
   848 10005
   849 10005
   850 10005
   851 10005
   852 10005
   853 10005
   854 10005
   855 10005
   856 10005
   857 10005
   858 10005
   859 10005
   860 10005
   861 10005
   862 10005
   863 10005
   864 10005
   865 10005
   866 10005
   867 10005
   868 10005
   869 10005
   870 10005
   871 10005
   872 10005
   873 10005
   874 10005
   875 10005
   876 10005
   877 10005
   878 10005
   879 10005
   880 10005
   881 10005
   882 10005
   883 10005
   884 10005
   885 10005
   886 10005
   887 10005
   888 10005
   889 10005
   890 10005
   891 10005
   892 10005
   893 10005
   894 10005
   895 10005
   896 10005
   897 10005
   898 10005
   899 10005
   900 10005
   901 10005
   902 10005
   903 10005
   904 10005
   905 10005
   906 10005
   907 10005
   908 10005
   909 10005
   910 10005
   911 10005
   912 10005
   913 10005
   914 10005
   915 10005
   916 10005
   917 10005
   918 10005
   919 10005
   920 10005
   921 10005
   922 10005
   923 10005
   924 10005
   925 10005
   926 10005
   927 10005
   928 10005
   929 10005
   930 10005
   931 10005
   932 10005
   933 10005
   934 10005
   935 10005
   936 10005
   937 10005
   938 10005
   939 10005
   940 10005
   941 10005
   942 10005
   943 10005
   944 10005
   945 10005
   946 10005
   947 10005
   948 10005
   949 10005
   950 10005
   951 10005
   952 10005
   953 10005
   954 10005
   955 10005
   956 10005
   957 10005
   958 10005
   959 10005
   960 10005
   961 10005
   962 10005
   963 10005
   964 10005
   965 10005
   966 10005
   967 10005
   968 10005
   969 10005
   970 10005
   971 10005
   972 10005
   973 10005
   974 10005
   975 10005
   976 10005
   977 10005
   978 10005
   979 10005
   980 10005
   981 10005
   982 10005
   983 10005
   984 10005
   985 10005
   986 10005
   987 10005
   988 10005
   989 10005
   990 10005
   991 10005
   992 10005
   993 10005
   994 10005
   995 10005
   996 10005
   997 10005
   998 10005
   999 10005
  1000 10005
  1001 10005
  1002 10005
  1003 10005
  1004 10005
  1005 10005
  1006 10005
  1007 10005
  1008 10005
  1009 10005
  1010 10005
  1011 10005
  1012 10005
  1013 10005
  1014 10005
  1015 10005
  1016 10005
  1017 10005
  1018 10005
  1019 10005
  1025 10101
  1026 10101
  1027 10138
  1028 10138
  1029 10138
  1030 10138
  1031 10138
  1032 10138
  1033 10138
  1034 10138
  1035 10138
  1036 10138
  1037 10138
  1038 10138
  1039 10138
  1040 10138
  1041 10138
  1042 10138
  1043 10138
  1044 10138
  1045 10138
  1046 10138
  1047 10138
  1048 10138
  1049 10138
  1050 10138
  1051 10138
  1052 10138
  1053 10138
  1054 10138
  1055 10138
  1056 10138
  1057 10138
  1058 10138
  1059 10138
  1060 10138
  1061 10138
  1062 10138
  1063 10138
  1064 10138
  1065 10138
  1066 10138
  1067 10138
  1068 10138
  1069 10138
  1070 10138
  1071 10138
  1072 10138
  1073 10138
  1074 10138
  1075 10138
  1076 10138
  1077 10138
  1078 10138
  1079 10138
  1080 10138
  1081 10138
  1082 10138
  1083 10138
  1084 10138
  1085 10138
  1086 10138
  1087 10138
  1088 10138
  1089 10138
  1090 10138
  1091 10138
  1092 10138
  1093 10138
  1094 10138
  1095 10138
  1096 10138
  1097 10138
  1098 10138
  1099 10138
  1100 10138
  1101 10138
  1102 10138
  1103 10138
  1104 10138
  1105 10138
  1106 10138
  1107 10138
  1108 10138
  1109 10138
  1110 10138
  1111 10138
  1112 10138
  1113 10138
  1114 10138
  1115 10138
  1116 10138
  1117 10138
  1118 10138
  1119 10138
  1120 10138
  1121 10138
  1122 10138
  1123 10138
  1124 10138
  1125 10138
  1126 10138
  1127 10138
  1128 10138
  1129 10138
  1130 10138
  1131 10138
  1132 10138
  1133 10138
  1134 10138
  1135 10138
  1136 10138
  1137 10138
  1138 10138
  1139 10138
  1140 10138
  1141 10138
  1142 10138
  1143 10138
  1144 10138
  1145 10138
  1146 10138
  1147 10138
  1148 10138
  1149 10138
  1150 10138
  1151 10138
  1152 10138
  1153 10138
  1154 10138
  1155 10138
  1156 10138
  1157 10138
  1158 10138
  1159 10138
  1160 10138
  1161 10138
  1162 10138
  1163 10138
  1164 10138
  1165 10138
  1166 10138
  1167 10138
  1168 10138
  1169 10138
  1170 10138
  1171 10138
  1172 10138
  1173 10138
  1174 10138
  1175 10138
  1176 10138
  1177 10138
  1178 10138
  1179 10138
  1180 10138
  1181 10138
  1182 10138
  1183 10138
  1184 10138
  1185 10138
  1186 10138
  1187 10138
  1188 10138
  1189 10138
  1190 10138
  1191 10138
  1192 10138
  1193 10138
  1194 10138
  1195 10138
  1196 10138
  1197 10138
  1198 10138
  1199 10138
  1200 10138
  1201 10138
  1202 10138
  1203 10138
  1204 10138
  1205 10138
  1206 10138
  1207 10138
  1208 10138
  1209 10138
  1210 10138
  1211 10138
  1212 10138
  1213 10138
  1214 10138
  1215 10138
  1216 10138
  1217 10138
  1218 10138
  1219 10138
  1220 10138
  1221 10138
  1222 10138
  1223 10138
  1224 10138
  1225 10138
  1226 10138
  1227 10138
  1228 10138
  1229 10138
  1230 10138
  1231 10138
  1232 10138
  1233 10138
  1234 10138
  1235 10138
  1236 10138
  1237 10138
  1238 10138
  1239 10138
  1240 10138
  1241 10138
  1242 10138
  1243 10138
  1244 10138
  1245 10138
  1246 10138
  1247 10138
  1248 10138
  1249 10138
  1250 10138
  1251 10138
  1252 10138
  1253 10138
  1254 10138
  1255 10138
  1256 10138
  1257 10138
  1258 10101
  1259 10061
  1260 10061
  1262 10095
  1263 10095
  1264 10095
  1265 10095
  1266 10095
  1267 10095
  1268 10095
  1269 10095
  1270 10095
  1271 10095
  1272 10095
  1273 10095
  1274 10095
  1275 10095
  1276 10095
  1277 10095
  1278 10095
  1279 10095
  1280 10095
  1281 10095
  1282 10095
  1283 10095
  1284 10095
  1285 10095
  1286 10095
  1287 10095
  1288 10095
  1289 10095
  1290 10095
  1291 10095
  1292 10095
  1293 10095
  1294 10095
  1295 10095
  1296 10095
  1297 10095
  1298 10095
  1299 10095
  1300 10095
  1301 10095
  1302 10095
  1303 10095
  1304 10095
  1305 10095
  1306 10095
  1307 10095
  1308 10095
  1309 10095
  1310 10095
  1311 10095
  1312 10095
  1313 10095
  1314 10095
  1315 10095
  1316 10095
  1317 10095
  1318 10095
  1319 10095
  1320 10095
  1321 10095
  1322 10095
  1323 10095
  1324 10095
  1325 10095
  1326 10095
  1327 10095
  1328 10095
  1329 10095
  1330 10095
  1331 10095
  1332 10095
  1333 10095
  1334 10095
  1335 10095
  1336 10095
  1337 10095
  1338 10095
  1339 10095
  1340 10095
  1341 10095
  1342 10095
  1343 10095
  1344 10095
  1345 10095
  1346 10095
  1347 10095
  1348 10095
  1349 10095
  1350 10095
  1351 10095
  1352 10095
  1353 10095
  1354 10095
  1355 10095
  1356 10095
  1357 10095
  1358 10095
  1359 10095
  1360 10095
  1361 10095
  1362 10095
  1363 10095
  1364 10095
  1365 10095
  1366 10095
  1367 10095
  1368 10095
  1369 10095
  1370 10095
  1371 10095
  1372 10095
  1373 10095
  1374 10095
  1375 10095
  1376 10095
  1377 10095
  1378 10095
  1379 10095
  1380 10095
  1381 10095
  1382 10095
  1383 10095
  1384 10095
  1385 10095
  1386 10095
  1387 10095
  1388 10095
  1389 10095
  1390 10095
  1391 10095
  1392 10095
  1393 10095
  1394 10095
  1395 10095
  1396 10095
  1397 10095
  1398 10095
  1399 10095
  1400 10095
  1401 10095
  1402 10095
  1403 10095
  1404 10095
  1405 10095
  1406 10095
  1407 10095
  1408 10095
  1409 10095
  1410 10095
  1411 10095
  1412 10095
  1413 10095
  1414 10095
  1415 10095
  1416 10095
  1417 10095
  1418 10095
  1419 10095
  1420 10095
  1421 10095
  1422 10095
  1423 10095
  1424 10095
  1425 10095
  1426 10095
  1427 10095
  1428 10095
  1429 10095
  1430 10095
  1431 10095
  1432 10095
  1433 10095
  1434 10095
  1435 10095
  1436 10095
  1437 10095
  1438 10095
  1439 10095
  1440 10095
  1441 10095
  1442 10095
  1443 10095
  1444 10095
  1445 10095
  1446 10095
  1447 10095
  1448 10095
  1449 10095
  1450 10095
  1451 10095
  1452 10095
  1453 10095
  1454 10095
  1455 10095
  1456 10095
  1457 10095
  1458 10095
  1459 10095
  1460 10095
  1461 10095
  1462 10095
  1463 10095
  1464 10095
  1465 10095
  1466 10095
  1467 10095
  1468 10095
  1469 10095
  1470 10095
  1471 10095
  1472 10095
  1473 10095
  1474 10095
  1475 10095
  1476 10095
  1477 10095
  1478 10095
  1479 10095
  1480 10095
  1481 10095
  1482 10095
  1483 10095
  1484 10095
  1485 10095
  1486 10095
  1487 10095
  1488 10095
  1489 10095
  1490 10095
  1491 10095
  1492 10095
  1493 10095
  1494 10095
  1495 10095
  1496 10095
  1497 10095
  1498 10095
  1499 10095
  1500 10095
  1501 10018
  1502 10018
  1503 10018
  1504 10018
  1505 10018
  1506 10018
  1507 10018
  1508 10018
  1509 10018
  1510 10018
  1511 10018
  1512 10018
  1513 10055
  1514 10018
  1515 10055
  1516 10018
  1517 10055
  1518 10055
  1519 10055
  1520 10055
  1521 10055
  1522 10055
  1524 10055
  1525 10141
  1526 10141
  1527 10141
  1528 10141
  1529 10141
  1530 10138
  1531 10138
  1532 10138
  1533 10138
  1534 10138
  1535 10101
  1536 10138
  1537 10138
  1538 10062
  1539 10062
  1540 10141
  1541 10164
  1542 10164
  1543 10164
  1544 10164
  1545 10164
  1546 10164
  1547 10035
  1576 10154
  1577 10154
  1578 10154
  1579 10154
  1580 10154
  1617 10101
  1618 10101
  1619 10061
  1620 10061
  1621 10043
  1622 10072
  1623 10072
  1624 10072
  1625 10082
  1626 10011
  1627 10011
  1628 10011
  1629 10011
  1630 10011
  1631 10011
  1632 10011
  1633 10011
  1634 10011
  1635 10011
  1636 10011
  1637 10011
  1638 10011
  1639 10011
  1640 10011
  1641 10011
  1642 10011
  1643 10011
  1644 10011
  1645 10011
  1646 10011
  1647 10011
  1648 10011
  1649 10011
  1650 10011
  1651 10011
  1652 10011
  1653 10011
  1654 10011
  1655 10011
  1656 10011
  1657 10011
  1658 10011
  1659 10011
  1660 10011
  1661 10011
  1662 10011
  1663 10011
  1664 10011
  1665 10011
  1666 10011
  1667 10011
  1668 10011
  1669 10011
  1670 10011
  1671 10011
  1672 10011
  1673 10011
  1674 10011
  1675 10011
  1676 10011
  1677 10011
  1678 10011
  1679 10011
  1680 10011
  1681 10011
  1682 10011
  1683 10011
  1684 10011
  1685 10011
  1686 10011
  1687 10011
  1688 10011
  1689 10011
  1690 10011
  1691 10011
  1692 10011
  1693 10011
  1694 10011
  1695 10011
  1696 10011
  1697 10011
  1698 10011
  1699 10011
  1700 10011
  1701 10011
  1702 10011
  1703 10011
  1704 10011
  1705 10011
  1706 10011
  1707 10011
  1708 10011
  1709 10011
  1710 10011
  1711 10011
  1712 10011
  1713 10011
  1714 10011
  1715 10011
  1716 10011
  1717 10011
  1718 10011
  1719 10011
  1720 10011
  1721 10011
  1722 10011
  1723 10011
  1724 10011
  1725 10011
  1726 10011
  1727 10011
  1728 10011
  1729 10011
  1730 10011
  1731 10011
  1732 10011
  1733 10011
  1734 10011
  1735 10011
  1736 10011
  1737 10011
  1738 10011
  1739 10011
  1740 10011
  1741 10011
  1742 10011
  1743 10011
  1744 10011
  1745 10011
  1746 10011
  1747 10011
  1748 10011
  1749 10011
  1750 10011
  1751 10011
  1752 10011
  1753 10011
  1754 10011
  1755 10011
  1756 10011
  1757 10011
  1758 10011
  1759 10011
  1760 10011
  1761 10011
  1762 10011
  1763 10011
  1764 10011
  1765 10011
  1766 10011
  1767 10011
  1768 10011
  1769 10011
  1770 10011
  1771 10011
  1772 10011
  1773 10011
  1774 10011
  1775 10011
  1776 10011
  1777 10011
  1778 10011
  1779 10011
  1780 10011
  1781 10011
  1782 10011
  1783 10011
  1784 10011
  1785 10011
  1786 10011
  1787 10011
  1788 10011
  1789 10011
  1790 10011
  1791 10011
  1792 10011
  1793 10011
  1794 10011
  1795 10011
  1796 10011
  1797 10011
  1798 10011
  1799 10011
  1800 10011
  1801 10011
  1802 10011
  1803 10011
  1804 10011
  1805 10011
  1806 10011
  1807 10011
  1808 10011
  1809 10011
  1810 10011
  1811 10011
  1812 10011
  1813 10011
  1814 10011
  1815 10011
  1816 10011
  1817 10011
  1818 10011
  1819 10011
  1820 10011
  1821 10011
  1822 10011
  1823 10011
  1824 10011
  1825 10011
  1826 10011
  1827 10011
  1828 10011
  1829 10011
  1830 10011
  1831 10011
  1832 10011
  1833 10011
  1834 10011
  1835 10011
  1836 10011
  1837 10011
  1838 10011
  1839 10011
  1840 10011
  1841 10011
  1842 10011
  1843 10011
  1844 10011
  1845 10011
  1846 10011
  1847 10011
  1848 10011
  1849 10011
  1850 10011
  1851 10011
  1852 10011
  1853 10011
  1854 10011
  1855 10011
  1856 10101
  1857 10101
  1858 10101
  1859 10101
  1860 10101
  1861 10101
  1862 10101
  1863 10101
  1871 10089
  1872 10089
  1873 10089
  1874 10089
  1875 10089
  1876 10089
  1877 10089
  1878 10089
  1879 10089
  1880 10089
  1881 10089
  1882 10089
  1883 10089
  1884 10089
  1885 10089
  1886 10089
  1887 10089
  1888 10089
  1889 10089
  1890 10089
  1891 10089
  1892 10089
  1893 10089
  1894 10089
  1895 10089
  1896 10089
  1897 10089
  1898 10089
  1899 10089
  1900 10089
  1901 10089
  1902 10089
  1903 10089
  1904 10089
  1905 10089
  1906 10089
  1907 10089
  1908 10089
  1909 10089
  1910 10089
  1911 10089
  1912 10089
  1913 10089
  1914 10089
  1915 10089
  1916 10089
  1917 10089
  1918 10089
  1919 10089
  1920 10089
  1921 10089
  1922 10089
  1923 10089
  1924 10089
  1925 10089
  1926 10089
  2025 10050
  2026 10101
  2027 10101
  2028 10101
  2031 10028
  2032 10021
  2033 10045
  2034 10082
