   690 10115
   691 10115
   692 10115
   693 10115
   694 10115
   695 10115
   696 10115
   697 10115
   698 10115
   699 10115
   700 10115
   701 10115
   702 10115
   703 10115
   704 10115
   705 10115
   706 10115
   707 10115
   708 10115
   709 10115
   710 10115
   711 10115
   712 10115
   713 10115
   714 10115
   715 10115
   716 10115
   717 10115
   718 10115
   719 10115
   720 10115
   721 10115
   722 10115
   723 10115
   724 10115
   725 10115
   726 10115
   727 10115
   728 10115
   729 10115
   730 10115
   731 10115
   732 10115
   733 10115
   734 10115
   735 10115
   736 10115
   737 10115
   738 10115
   739 10115
   740 10115
   741 10115
   742 10115
   743 10115
   744 10115
   745 10115
   746 10115
   747 10115
   748 10115
   749 10115
   750 10115
   751 10115
   752 10115
   753 10115
   754 10115
   755 10115
   756 10115
   757 10115
   758 10115
   759 10115
   760 10115
   761 10115
   762 10115
   763 10115
   764 10115
   765 10115
   766 10115
   767 10115
   768 10115
   769 10115
   770 10115
   771 10115
   772 10115
   773 10115
   774 10115
   775 10115
   776 10115
   777 10115
   778 10115
   779 10115
   780 10115
   781 10095
   782 10143
   783 10153
   784 10153
   785 10153
   786 10153
   787 10153
   788 10153
   789 10153
   790 10153
   791 10153
   792 10153
   793 10153
   794 10153
   795 10153
   796 10153
   797 10153
   798 10153
   799 10153
   800 10153
   801 10153
   802 10153
   803 10153
   804 10153
   807 10153
   808 10153
   809 10153
   810 10153
   811 10153
   812 10153
   813 10153
   814 10153
   815 10153
   816 10153
   817 10153
   818 10153
   819 10153
   820 10153
   821 10153
   822 10153
   823 10153
   824 10153
   825 10153
   826 10153
   827 10153
   828 10153
   829 10153
   830 10153
   831 10153
   832 10153
   833 10153
   834 10153
   835 10153
   836 10153
   837 10153
   838 10153
   839 10153
   840 10153
   841 10153
   842 10153
   843 10153
   844 10153
   845 10153
   846 10153
   851 10153
   852 10153
   853 10153
   854 10153
   855 10153
   859 10153
   860 10153
   861 10153
   862 10153
   863 10153
   864 10153
   865 10153
   866 10153
   867 10153
   868 10153
   869 10153
   870 10153
   871 10153
   872 10153
   873 10153
   874 10153
   875 10153
   876 10153
   877 10153
   878 10153
   879 10153
   880 10153
   881 10153
   882 10153
   883 10153
   884 10153
   885 10153
   886 10153
   887 10153
   888 10153
   889 10153
   890 10153
   891 10153
   892 10153
   893 10153
   894 10153
   895 10153
   896 10153
   897 10153
   905 10153
   906 10153
   907 10153
   908 10153
   909 10153
   914 10153
   915 10153
   916 10153
   917 10153
   918 10153
   919 10153
   920 10153
   921 10153
   922 10153
   923 10153
   924 10153
   925 10153
   926 10153
   927 10153
   928 10153
   929 10153
   930 10153
   931 10153
   932 10153
   933 10153
   934 10153
   935 10153
   936 10153
   937 10153
   938 10153
   939 10153
   940 10153
   941 10153
   942 10153
   943 10153
   944 10153
   945 10153
   946 10153
   947 10153
   948 10153
   949 10153
   950 10153
   951 10153
   952 10153
   953 10153
   954 10153
   955 10153
   956 10153
   957 10153
   958 10153
   959 10153
   960 10153
   961 10153
   962 10153
   963 10153
   964 10153
   965 10153
   966 10153
   967 10153
   968 10153
   969 10153
   970 10153
   971 10153
   972 10153
   973 10153
   974 10153
   975 10153
   976 10153
   977 10153
   978 10153
   979 10153
   980 10153
   981 10153
   982 10153
   983 10153
   984 10153
   985 10153
   986 10153
   987 10153
   988 10153
   989 10153
   990 10153
   991 10153
   992 10153
   993 10153
   994 10153
   995 10153
   996 10153
   997 10153
   998 10153
   999 10153
  1000 10153
  1001 10153
  1002 10153
  1003 10153
  1004 10153
  1005 10153
  1006 10153
  1007 10153
  1008 10153
  1009 10153
  1010 10153
  1011 10153
  1012 10153
  1013 10153
  1014 10153
  1015 10153
  1016 10153
  1017 10153
  1018 10153
  1019 10153
  1020 10153
  1021 10153
  1022 10153
  1023 10153
  1026 10085
  1031 10067
  1032 10149
  1033 10149
  1034 10149
  1035 10149
  1036 10149
  1037 10149
  1054 10149
  1055 10149
  1056 10149
  1057 10149
  1058 10149
  1059 10149
  1060 10071
  1061 10071
  1062 10149
  1063 10149
  1064 10071
  1065 10149
  1066 10149
  1067 10071
  1068 10149
  1069 10149
  1070 10149
  1071 10149
  1072 10149
  1073 10149
  1074 10149
  1075 10149
  1076 10149
  1077 10149
  1078 10149
  1079 10149
  1080 10149
  1081 10149
  1082 10149
  1083 10149
  1084 10149
  1085 10149
  1086 10149
  1087 10149
  1088 10071
  1089 10071
  1090 10071
  1091 10071
  1109 10071
  1110 10071
  1111 10071
  1112 10071
  1113 10071
  1114 10080
  1116 10080
  1117 10080
  1118 10149
  1119 10149
  1120 10149
  1123 10149
  1125 10149
  1126 10149
  1127 10149
  1128 10149
  1129 10149
  1130 10149
  1163 10071
  1164 10071
  1165 10071
  1166 10071
  1167 10071
  1168 10071
  1169 10071
  1170 10071
  1171 10071
  1172 10071
  1173 10071
  1174 10071
  1175 10071
  1176 10071
  1177 10071
  1178 10071
  1179 10071
  1180 10071
  1181 10071
  1182 10071
  1183 10071
  1184 10071
  1185 10071
  1186 10071
  1187 10071
  1188 10071
  1189 10071
  1190 10071
  1191 10071
  1192 10071
  1193 10071
  1194 10071
  1195 10071
  1196 10071
  1197 10071
  1198 10149
  1199 10149
  1200 10149
  1206 10149
  1207 10149
  1208 10149
  1209 10071
  1210 10071
  1211 10071
  1212 10149
  1213 10071
  1214 10071
  1215 10071
  1216 10071
  1217 10071
  1218 10071
  1219 10071
  1220 10071
  1221 10071
  1222 10071
  1223 10149
  1224 10071
  1234 10149
  1235 10149
  1236 10149
  1237 10149
  1238 10149
  1239 10149
  1240 10071
  1241 10071
  1242 10149
  1243 10149
  1244 10149
  1245 10149
  1246 10149
  1247 10149
  1248 10071
  1249 10071
  1250 10071
  1251 10071
  1257 10098
  1258 10098
  1259 10018
  1260 10098
  1261 10098
  1262 10018
  1267 10158
  1268 10158
  1269 10140
  1270 10140
  1271 10140
  1272 10140
  1273 10140
  1274 10140
  1275 10158
  1277 10140
  1278 10140
  1280 10140
  1281 10140
  1282 10140
  1283 10140
  1284 10140
  1286 10140
  1287 10158
  1288 10158
  1289 10055
  1290 10055
  1291 10055
  1292 10055
  1293 10055
  1294 10158
  1295 10055
  1296 10055
  1297 10055
  1298 10158
  1299 10018
  1300 10055
  1301 10055
  1302 10140
  1303 10158
  1304 10140
  1305 10140
  1306 10140
  1307 10140
  1308 10140
  1309 10055
  1310 10140
  1313 10055
  1316 10055
  1322 10010
  1323 10010
  1324 10010
  1325 10010
  1326 10010
  1327 10010
  1328 10010
  1329 10010
  1330 10010
  1331 10010
  1332 10010
  1333 10010
  1334 10010
  1335 10010
  1336 10140
  1337 10140
  1338 10140
  1339 10140
  1341 10140
  1346 10158
  1347 10140
  1348 10140
  1349 10140
  1350 10140
  1351 10140
  1352 10140
  1353 10140
  1354 10140
  1355 10140
  1356 10140
  1357 10055
  1358 10055
  1359 10055
  1360 10018
  1361 10018
  1362 10018
  1363 10040
  1364 10040
  1365 10106
  1367 10061
  1368 10061
  1369 10061
  1374 10101
  1375 10101
  1376 10101
  1388 10082
  1389 10072
  1390 10072
  1391 10072
  1392 10072
  1393 10072
  1394 10072
  1395 10020
  1396 10020
  1397 10020
  1398 10020
  1399 10020
  1400 10020
  1401 10020
  1402 10020
  1403 10020
  1404 10020
  1405 10020
  1406 10020
  1407 10020
  1408 10020
  1409 10020
  1410 10020
  1411 10020
  1412 10020
  1413 10020
  1414 10020
  1415 10020
  1416 10020
  1417 10020
  1418 10020
  1419 10020
  1420 10020
  1421 10020
  1422 10020
  1423 10020
  1424 10020
  1425 10020
  1426 10020
  1427 10020
  1428 10020
  1429 10020
  1430 10020
  1431 10020
  1432 10020
  1433 10020
  1434 10020
  1435 10020
  1436 10020
  1437 10020
  1438 10020
  1439 10020
  1440 10020
  1441 10020
  1442 10020
  1443 10020
  1444 10020
  1445 10020
  1446 10020
  1447 10020
  1448 10020
  1449 10020
  1450 10020
  1451 10020
  1452 10020
  1453 10020
  1454 10020
  1455 10020
  1456 10020
  1457 10020
  1458 10020
  1459 10020
  1460 10020
  1461 10020
  1462 10020
  1463 10020
  1464 10020
  1465 10020
  1466 10020
  1467 10020
  1468 10020
  1469 10020
  1470 10020
  1471 10020
  1472 10020
  1473 10020
  1474 10020
  1475 10020
  1476 10020
  1477 10020
  1478 10020
  1479 10020
  1480 10020
  1481 10020
  1482 10020
  1483 10020
  1484 10020
  1485 10020
  1486 10020
  1487 10020
  1488 10020
  1489 10020
  1490 10020
  1491 10020
  1492 10020
  1493 10020
  1494 10020
  1495 10020
  1496 10020
  1497 10020
  1498 10020
  1499 10020
  1500 10020
  1501 10020
  1502 10020
  1503 10020
  1504 10020
  1505 10020
  1506 10020
  1507 10020
  1508 10020
  1509 10020
  1510 10020
  1511 10020
  1512 10020
  1513 10020
  1514 10020
  1515 10020
  1516 10020
  1517 10020
  1518 10020
  1519 10020
  1520 10020
  1521 10020
  1522 10020
  1523 10020
  1524 10020
  1525 10020
  1526 10020
  1527 10020
  1528 10020
  1529 10020
  1530 10020
  1531 10020
  1532 10020
  1533 10020
  1534 10020
  1535 10020
  1536 10020
  1537 10020
  1538 10020
  1539 10020
  1540 10020
  1541 10020
  1542 10020
  1543 10020
  1544 10020
  1545 10020
  1546 10020
  1547 10020
  1548 10020
  1549 10020
  1550 10020
  1551 10020
  1552 10020
  1553 10020
  1554 10020
  1555 10020
  1556 10020
  1557 10020
  1558 10020
  1559 10020
  1560 10020
  1561 10020
  1562 10020
  1563 10020
  1564 10020
  1565 10020
  1566 10020
  1567 10020
  1568 10020
  1569 10020
  1570 10020
  1571 10020
  1572 10020
  1573 10020
  1574 10020
  1575 10020
  1576 10020
  1577 10020
  1578 10020
  1579 10020
  1580 10020
  1581 10020
  1582 10020
  1583 10020
  1584 10020
  1585 10020
  1586 10020
  1587 10020
  1588 10020
  1589 10020
  1590 10020
  1591 10020
  1592 10020
  1593 10020
  1594 10020
  1595 10020
  1596 10020
  1597 10020
  1598 10020
  1599 10020
  1600 10020
  1601 10020
  1602 10020
  1603 10020
  1604 10020
  1605 10020
  1606 10020
  1607 10020
  1608 10020
  1609 10020
  1610 10020
  1611 10020
  1612 10020
  1613 10020
  1614 10020
  1615 10020
  1616 10020
  1617 10020
  1618 10020
  1619 10020
  1620 10020
  1629 10113
  1630 10113
  1631 10113
  1632 10113
  1633 10113
  1634 10113
  1635 10113
  1636 10113
  1637 10113
  1638 10113
  1639 10113
  1640 10113
  1641 10113
  1642 10113
  1643 10113
  1644 10113
  1645 10113
  1646 10113
  1647 10113
  1648 10113
  1649 10113
  1650 10113
  1651 10113
  1652 10113
  1653 10113
  1654 10113
  1655 10113
  1656 10113
  1657 10113
  1658 10113
  1659 10113
  1660 10113
  1661 10113
  1662 10113
  1663 10113
  1664 10113
  1665 10113
  1666 10113
  1667 10113
  1668 10113
  1669 10113
  1670 10113
  1671 10113
  1672 10113
  1673 10113
  1674 10113
  1675 10113
  1676 10113
  1677 10113
  1678 10113
  1679 10113
  1680 10113
  1681 10113
  1682 10113
  1683 10113
  1684 10113
  1685 10113
  1686 10113
  1687 10113
  1688 10113
  1689 10113
  1690 10113
  1691 10113
  1692 10113
  1693 10113
  1694 10113
  1695 10113
  1696 10113
  1697 10113
  1698 10113
  1699 10113
  1700 10113
  1701 10113
  1702 10113
  1703 10113
  1704 10113
  1705 10113
  1706 10113
  1707 10113
  1708 10113
  1709 10113
  1710 10113
  1711 10113
  1712 10113
  1713 10113
  1714 10113
  1715 10113
  1716 10113
  1717 10113
  1718 10113
  1719 10113
  1720 10113
  1721 10113
  1722 10113
  1723 10113
  1724 10113
  1725 10113
  1726 10113
  1727 10113
  1728 10113
  1729 10113
  1730 10113
  1731 10113
  1732 10113
  1733 10113
  1734 10113
  1735 10113
  1736 10113
  1737 10113
  1738 10113
  1739 10113
  1740 10113
  1741 10113
  1742 10113
  1743 10113
  1744 10113
  1745 10113
  1746 10113
  1747 10113
  1748 10113
  1749 10113
  1750 10113
  1751 10113
  1752 10113
  1753 10113
  1754 10113
  1755 10113
  1756 10113
  1757 10113
  1758 10113
  1759 10113
  1760 10113
  1761 10113
  1762 10113
  1763 10113
  1764 10113
  1765 10113
  1766 10113
  1767 10113
  1768 10113
  1769 10113
  1770 10113
  1771 10113
  1772 10113
  1773 10113
  1774 10113
  1775 10113
  1776 10113
  1777 10113
  1778 10113
  1779 10113
  1780 10113
  1781 10113
  1782 10113
  1783 10113
  1784 10113
  1785 10113
  1786 10113
  1787 10113
  1788 10113
  1789 10113
  1790 10113
  1791 10113
  1792 10113
  1793 10113
  1794 10113
  1795 10113
  1796 10113
  1797 10113
  1798 10113
  1799 10113
  1800 10113
  1801 10113
  1802 10113
  1803 10113
  1804 10113
  1805 10113
  1806 10113
  1807 10113
  1808 10113
  1809 10113
  1810 10113
  1811 10113
  1812 10113
  1813 10113
  1814 10113
  1815 10113
  1816 10113
  1817 10113
  1818 10113
  1819 10113
  1820 10113
  1821 10113
  1822 10113
  1823 10113
  1824 10113
  1825 10113
  1826 10113
  1827 10113
  1828 10113
  1829 10113
  1830 10113
  1831 10113
  1832 10113
  1833 10113
  1834 10113
  1835 10113
  1836 10113
  1837 10113
  1838 10113
  1839 10113
  1840 10113
  1841 10113
  1842 10113
  1843 10113
  1844 10113
  1845 10113
  1846 10113
  1847 10113
  1848 10113
  1849 10113
  1850 10113
  1851 10113
  1852 10113
  1853 10113
  1854 10113
  1855 10113
  1856 10113
  1857 10113
  1858 10113
  1859 10113
  1860 10113
  1861 10113
  1897 10010
  1898 10010
  1899 10010
  1900 10010
  1901 10010
  1902 10010
  1903 10010
  1904 10010
  1905 10010
  1906 10010
  2021 10050
  2023 10111
  2024 10111
  2025 10036
  2026 10111
  2027 10111
  2028 10111
  2029 10111
  2030 10036
  2031 10036
  2032 10154
  2033 10130
  2034 10130
  2035 10130
  2036 10130
  2037 10130
  2038 10130
