   690 10028
   691 10028
   692 10028
   693 10028
   694 10028
   695 10028
   696 10028
   697 10028
   698 10028
   699 10028
   700 10028
   701 10028
   702 10028
   703 10028
   704 10028
   705 10028
   706 10028
   707 10028
   708 10028
   709 10028
   710 10028
   711 10028
   712 10028
   713 10028
   714 10028
   715 10028
   716 10028
   717 10028
   718 10028
   719 10028
   720 10028
   721 10028
   722 10028
   723 10028
   724 10028
   725 10028
   726 10028
   727 10028
   728 10028
   729 10028
   730 10028
   731 10028
   732 10028
   733 10028
   734 10028
   735 10028
   736 10028
   737 10028
   738 10028
   739 10028
   740 10028
   741 10028
   742 10028
   743 10028
   744 10028
   745 10028
   746 10028
   747 10028
   748 10028
   749 10028
   750 10028
   751 10028
   752 10028
   753 10028
   754 10028
   755 10028
   756 10028
   757 10028
   758 10028
   759 10028
   760 10028
   761 10028
   762 10028
   763 10028
   764 10028
   765 10028
   766 10028
   767 10028
   768 10028
   769 10028
   770 10028
   771 10028
   772 10028
   773 10028
   774 10028
   775 10028
   776 10028
   777 10028
   778 10028
   779 10028
   780 10028
   781 10032
   790 10044
   791 10044
   792 10044
   793 10044
   794 10044
   795 10044
   796 10044
   797 10044
   798 10044
   799 10044
   800 10044
   801 10044
   802 10044
   803 10044
   804 10044
   805 10044
   806 10044
   807 10044
   808 10044
   809 10044
   810 10044
   811 10044
   812 10044
   813 10044
   814 10044
   815 10044
   816 10044
   817 10044
   818 10044
   819 10044
   820 10044
   821 10044
   822 10044
   823 10044
   824 10044
   825 10044
   826 10044
   827 10044
   828 10044
   829 10044
   830 10044
   831 10044
   832 10044
   833 10044
   834 10044
   835 10044
   836 10044
   837 10044
   838 10044
   839 10044
   840 10044
   841 10044
   842 10044
   843 10044
   844 10044
   845 10044
   846 10044
   847 10044
   848 10044
   849 10044
   850 10044
   851 10044
   852 10044
   853 10044
   854 10044
   855 10044
   856 10044
   857 10044
   858 10044
   859 10044
   860 10044
   861 10044
   862 10044
   863 10044
   864 10044
   865 10044
   866 10044
   867 10044
   868 10044
   869 10044
   870 10044
   871 10044
   872 10044
   873 10044
   874 10044
   875 10044
   876 10044
   877 10044
   878 10044
   879 10044
   880 10044
   881 10044
   882 10044
   883 10044
   884 10044
   885 10044
   886 10044
   887 10044
   888 10044
   889 10044
   890 10044
   891 10044
   892 10044
   893 10044
   894 10044
   895 10044
   896 10044
   897 10044
   898 10044
   899 10044
   900 10044
   901 10044
   902 10044
   903 10044
   904 10044
   905 10044
   906 10044
   907 10044
   908 10044
   909 10044
   910 10044
   911 10044
   912 10044
   913 10044
   914 10044
   915 10044
   916 10044
   917 10044
   918 10044
   919 10044
   920 10044
   921 10044
   922 10044
   923 10044
   924 10044
   925 10044
   926 10044
   927 10044
   928 10044
   929 10044
   930 10044
   931 10044
   932 10044
   933 10044
   934 10044
   935 10044
   936 10044
   937 10044
   938 10044
   939 10044
   940 10044
   941 10044
   942 10044
   943 10044
   944 10044
   945 10044
   946 10044
   947 10044
   948 10044
   949 10044
   950 10044
   951 10044
   952 10044
   953 10044
   954 10044
   955 10044
   956 10044
   957 10044
   958 10044
   959 10044
   960 10044
   961 10044
   962 10044
   963 10044
   964 10044
   965 10044
   966 10044
   967 10044
   968 10044
   969 10044
   970 10044
   971 10044
   972 10044
   973 10044
   974 10044
   975 10044
   976 10044
   977 10044
   978 10044
   979 10044
   980 10044
   981 10044
   982 10044
   983 10044
   984 10044
   985 10044
   986 10044
   987 10044
   988 10044
   989 10044
   990 10044
   991 10044
   992 10044
   993 10044
   994 10044
   995 10044
   996 10044
   997 10044
   998 10044
   999 10044
  1000 10044
  1001 10044
  1002 10044
  1003 10044
  1004 10044
  1005 10044
  1006 10044
  1007 10044
  1008 10044
  1009 10044
  1010 10044
  1011 10044
  1012 10044
  1013 10044
  1014 10044
  1015 10044
  1016 10044
  1017 10044
  1018 10044
  1019 10044
  1020 10044
  1021 10108
  1022 10137
  1023 10137
  1024 10131
  1025 10137
  1026 10137
  1027 10137
  1028 10137
  1029 10137
  1030 10137
  1031 10131
  1037 10137
  1038 10137
  1039 10137
  1040 10137
  1041 10137
  1042 10137
  1043 10137
  1044 10137
  1045 10137
  1046 10137
  1047 10137
  1048 10137
  1049 10137
  1050 10137
  1051 10137
  1052 10137
  1053 10137
  1054 10137
  1055 10137
  1056 10137
  1057 10137
  1058 10137
  1059 10137
  1060 10137
  1061 10137
  1062 10137
  1063 10137
  1064 10137
  1065 10137
  1066 10137
  1067 10137
  1068 10137
  1069 10137
  1070 10137
  1071 10137
  1072 10137
  1073 10137
  1074 10137
  1075 10137
  1076 10137
  1077 10137
  1078 10137
  1079 10137
  1080 10137
  1081 10137
  1082 10137
  1083 10137
  1084 10137
  1085 10137
  1086 10137
  1087 10137
  1088 10137
  1089 10137
  1090 10137
  1091 10137
  1092 10137
  1093 10137
  1094 10137
  1095 10137
  1096 10137
  1097 10137
  1098 10137
  1099 10137
  1100 10137
  1101 10137
  1102 10137
  1103 10137
  1104 10137
  1105 10137
  1106 10137
  1107 10137
  1108 10137
  1109 10137
  1110 10137
  1111 10137
  1112 10137
  1113 10137
  1114 10137
  1115 10137
  1116 10137
  1117 10137
  1118 10137
  1119 10137
  1120 10137
  1121 10137
  1122 10137
  1123 10137
  1124 10137
  1125 10137
  1126 10137
  1127 10137
  1128 10137
  1129 10137
  1130 10137
  1131 10137
  1132 10137
  1133 10137
  1134 10137
  1135 10137
  1136 10137
  1137 10137
  1138 10137
  1139 10137
  1140 10137
  1141 10137
  1142 10137
  1143 10137
  1144 10137
  1145 10137
  1146 10137
  1147 10137
  1148 10137
  1149 10137
  1150 10137
  1151 10137
  1152 10137
  1153 10137
  1154 10137
  1155 10137
  1156 10137
  1157 10137
  1158 10137
  1159 10137
  1160 10137
  1161 10137
  1162 10137
  1163 10137
  1164 10137
  1165 10137
  1166 10137
  1167 10137
  1168 10137
  1169 10137
  1170 10137
  1171 10137
  1172 10137
  1173 10137
  1174 10137
  1175 10137
  1176 10137
  1177 10137
  1178 10137
  1179 10137
  1180 10137
  1181 10137
  1182 10137
  1183 10137
  1184 10137
  1185 10137
  1186 10137
  1187 10137
  1188 10137
  1189 10137
  1190 10137
  1191 10137
  1192 10137
  1193 10137
  1194 10137
  1195 10137
  1196 10137
  1197 10137
  1198 10137
  1199 10137
  1200 10137
  1201 10137
  1202 10137
  1203 10137
  1204 10137
  1205 10137
  1206 10137
  1207 10137
  1208 10137
  1209 10137
  1210 10137
  1211 10137
  1212 10137
  1213 10137
  1214 10137
  1215 10137
  1216 10137
  1217 10137
  1218 10137
  1219 10137
  1220 10137
  1221 10137
  1222 10137
  1223 10137
  1224 10137
  1225 10137
  1226 10137
  1227 10137
  1228 10137
  1229 10137
  1230 10137
  1231 10137
  1232 10137
  1233 10137
  1234 10137
  1235 10137
  1236 10137
  1237 10137
  1238 10137
  1239 10137
  1240 10137
  1241 10137
  1242 10137
  1243 10137
  1244 10137
  1245 10137
  1246 10137
  1247 10137
  1248 10137
  1249 10137
  1250 10137
  1251 10137
  1258 10101
  1259 10101
  1260 10101
  1261 10101
  1262 10101
  1264 10090
  1265 10090
  1266 10090
  1267 10090
  1268 10090
  1269 10090
  1270 10090
  1271 10090
  1272 10090
  1273 10090
  1274 10090
  1275 10090
  1276 10090
  1277 10090
  1278 10090
  1279 10090
  1280 10090
  1281 10090
  1282 10090
  1283 10090
  1284 10090
  1285 10090
  1286 10090
  1287 10090
  1288 10090
  1289 10090
  1290 10090
  1291 10090
  1292 10090
  1293 10090
  1294 10090
  1295 10090
  1296 10090
  1297 10090
  1298 10090
  1299 10090
  1300 10090
  1301 10090
  1302 10090
  1303 10090
  1304 10090
  1305 10090
  1306 10090
  1307 10090
  1308 10090
  1309 10090
  1310 10090
  1311 10090
  1312 10090
  1313 10090
  1314 10090
  1315 10090
  1316 10090
  1317 10090
  1318 10090
  1319 10090
  1320 10090
  1321 10090
  1322 10090
  1323 10090
  1324 10090
  1325 10090
  1326 10090
  1327 10090
  1328 10090
  1329 10090
  1330 10090
  1331 10090
  1332 10090
  1333 10090
  1334 10090
  1335 10090
  1336 10090
  1337 10090
  1338 10090
  1339 10090
  1340 10090
  1341 10090
  1342 10090
  1343 10090
  1344 10090
  1345 10090
  1346 10090
  1347 10090
  1348 10090
  1349 10090
  1350 10090
  1351 10090
  1352 10090
  1353 10090
  1354 10090
  1355 10090
  1356 10090
  1357 10090
  1358 10090
  1359 10090
  1360 10090
  1361 10090
  1362 10090
  1363 10090
  1364 10090
  1365 10090
  1366 10090
  1367 10090
  1368 10090
  1369 10090
  1370 10090
  1371 10090
  1372 10090
  1373 10090
  1374 10090
  1375 10090
  1376 10090
  1377 10090
  1378 10090
  1379 10090
  1380 10090
  1381 10090
  1382 10090
  1383 10090
  1384 10090
  1385 10090
  1386 10090
  1387 10090
  1388 10090
  1389 10090
  1390 10090
  1391 10090
  1392 10090
  1393 10090
  1394 10090
  1395 10090
  1396 10090
  1397 10090
  1398 10090
  1399 10090
  1400 10090
  1401 10090
  1402 10090
  1403 10090
  1404 10090
  1405 10090
  1406 10090
  1407 10090
  1408 10090
  1409 10090
  1410 10090
  1411 10090
  1412 10090
  1413 10090
  1414 10090
  1415 10090
  1416 10090
  1417 10090
  1418 10090
  1419 10090
  1420 10090
  1421 10090
  1422 10090
  1423 10090
  1424 10090
  1425 10090
  1426 10090
  1427 10090
  1428 10090
  1429 10090
  1430 10090
  1431 10090
  1432 10090
  1433 10090
  1434 10090
  1435 10090
  1436 10090
  1437 10090
  1438 10090
  1439 10090
  1440 10090
  1441 10090
  1442 10090
  1443 10090
  1444 10090
  1445 10090
  1446 10090
  1447 10090
  1448 10090
  1449 10090
  1450 10090
  1451 10090
  1452 10090
  1453 10090
  1454 10090
  1455 10090
  1456 10090
  1457 10090
  1458 10090
  1459 10090
  1460 10090
  1461 10090
  1462 10090
  1463 10090
  1464 10090
  1465 10090
  1466 10090
  1467 10090
  1468 10090
  1469 10090
  1470 10090
  1471 10090
  1472 10090
  1473 10090
  1474 10090
  1475 10090
  1476 10090
  1477 10090
  1478 10090
  1479 10090
  1480 10090
  1481 10090
  1482 10090
  1483 10090
  1484 10090
  1485 10090
  1486 10090
  1487 10090
  1488 10090
  1489 10090
  1490 10090
  1491 10090
  1492 10090
  1493 10090
  1494 10090
  1495 10090
  1496 10090
  1497 10090
  1498 10090
  1499 10090
  1500 10090
  1501 10138
  1502 10062
  1503 10062
  1505 10062
  1506 10101
  1507 10101
  1511 10018
  1512 10018
  1513 10018
  1514 10018
  1515 10158
  1516 10158
  1517 10158
  1518 10158
  1519 10158
  1520 10158
  1521 10158
  1522 10158
  1523 10158
  1524 10158
  1525 10158
  1526 10158
  1527 10158
  1528 10158
  1529 10158
  1530 10158
  1531 10158
  1532 10158
  1533 10158
  1534 10158
  1535 10158
  1536 10158
  1537 10158
  1538 10158
  1539 10158
  1540 10158
  1541 10158
  1542 10158
  1543 10158
  1544 10158
  1545 10158
  1546 10158
  1547 10158
  1548 10158
  1549 10158
  1550 10158
  1551 10158
  1552 10158
  1553 10158
  1554 10158
  1555 10158
  1556 10158
  1557 10158
  1558 10158
  1559 10158
  1560 10158
  1561 10158
  1562 10018
  1563 10158
  1564 10158
  1565 10158
  1566 10158
  1567 10158
  1568 10158
  1569 10158
  1570 10140
  1571 10140
  1572 10158
  1573 10158
  1574 10140
  1575 10140
  1576 10140
  1577 10140
  1578 10158
  1579 10158
  1580 10158
  1581 10158
  1582 10055
  1583 10055
  1584 10055
  1585 10055
  1586 10055
  1587 10055
  1588 10055
  1589 10055
  1590 10055
  1591 10055
  1592 10106
  1593 10106
  1622 10118
  1623 10122
  1624 10132
  1625 10132
  1626 10132
  1627 10132
  1628 10132
  1629 10132
  1630 10132
  1631 10132
  1632 10132
  1633 10132
  1634 10132
  1635 10132
  1636 10132
  1637 10132
  1638 10132
  1639 10132
  1640 10132
  1641 10132
  1642 10132
  1643 10132
  1644 10132
  1645 10132
  1646 10132
  1647 10132
  1648 10132
  1649 10132
  1650 10132
  1651 10132
  1652 10132
  1653 10132
  1654 10132
  1655 10132
  1656 10132
  1657 10132
  1658 10132
  1659 10132
  1660 10132
  1661 10132
  1662 10132
  1663 10132
  1664 10132
  1665 10132
  1666 10132
  1667 10132
  1668 10132
  1669 10132
  1670 10132
  1671 10132
  1672 10132
  1673 10132
  1674 10132
  1675 10132
  1676 10132
  1677 10132
  1678 10132
  1679 10132
  1680 10132
  1681 10132
  1682 10132
  1683 10132
  1684 10132
  1685 10132
  1686 10132
  1687 10132
  1688 10132
  1689 10132
  1690 10132
  1691 10132
  1692 10132
  1693 10132
  1694 10132
  1695 10132
  1696 10132
  1697 10132
  1698 10132
  1699 10132
  1700 10132
  1701 10132
  1702 10132
  1703 10132
  1704 10132
  1705 10132
  1706 10132
  1707 10132
  1708 10132
  1709 10132
  1710 10132
  1711 10132
  1712 10132
  1713 10132
  1714 10132
  1715 10132
  1716 10132
  1717 10132
  1718 10132
  1719 10132
  1720 10132
  1721 10132
  1722 10132
  1723 10132
  1724 10132
  1725 10132
  1726 10132
  1727 10132
  1728 10132
  1729 10132
  1730 10132
  1731 10132
  1732 10132
  1733 10132
  1734 10132
  1735 10132
  1736 10132
  1737 10132
  1738 10132
  1739 10132
  1740 10132
  1741 10132
  1742 10132
  1743 10132
  1744 10132
  1745 10132
  1746 10132
  1747 10132
  1748 10132
  1749 10132
  1750 10132
  1751 10132
  1752 10132
  1753 10132
  1754 10132
  1755 10132
  1756 10132
  1757 10132
  1758 10132
  1759 10132
  1760 10132
  1761 10132
  1762 10132
  1763 10132
  1764 10132
  1765 10132
  1766 10132
  1767 10132
  1768 10132
  1769 10132
  1770 10132
  1771 10132
  1772 10132
  1773 10132
  1774 10132
  1775 10132
  1776 10132
  1777 10132
  1778 10132
  1779 10132
  1780 10132
  1781 10132
  1782 10132
  1783 10132
  1784 10132
  1785 10132
  1786 10132
  1787 10132
  1788 10132
  1789 10132
  1790 10132
  1791 10132
  1792 10132
  1793 10132
  1794 10132
  1795 10132
  1796 10132
  1797 10132
  1798 10132
  1799 10132
  1800 10132
  1801 10132
  1802 10132
  1803 10132
  1804 10132
  1805 10132
  1806 10132
  1807 10132
  1808 10132
  1809 10132
  1810 10132
  1811 10132
  1812 10132
  1813 10132
  1814 10132
  1815 10132
  1816 10132
  1817 10132
  1818 10132
  1819 10132
  1820 10132
  1821 10132
  1822 10132
  1823 10132
  1824 10132
  1825 10132
  1826 10132
  1827 10132
  1828 10132
  1829 10132
  1830 10132
  1831 10132
  1832 10132
  1833 10132
  1834 10132
  1835 10132
  1836 10132
  1837 10132
  1838 10132
  1839 10132
  1840 10132
  1841 10132
  1842 10132
  1843 10132
  1844 10132
  1845 10132
  1846 10132
  1847 10132
  1848 10132
  1849 10132
  1850 10132
  1851 10132
  1852 10132
  1853 10132
  1854 10132
  1855 10132
  1856 10132
  1857 10132
  1858 10132
  1859 10132
  1860 10132
  1866 10005
  1869 10101
  1870 10138
  1871 10138
  1872 10138
  1873 10138
  1874 10138
  1875 10138
  1876 10138
  1877 10138
  1878 10138
  1879 10138
  1880 10138
  1881 10138
  1882 10138
  1883 10138
  1884 10138
  1885 10138
  1886 10138
  1887 10138
  1888 10138
  1889 10138
  1890 10138
  1891 10138
  1892 10138
  1893 10138
  1894 10138
  1895 10138
  1896 10138
  1897 10138
  1898 10138
  1899 10138
  1900 10138
  1901 10138
  1902 10138
  1903 10138
  1904 10138
  1905 10138
  1906 10138
  1907 10138
  1908 10138
  1909 10138
  1910 10138
  1911 10138
  1912 10138
  1913 10138
  1914 10138
  1915 10138
  1916 10138
  1917 10138
  1918 10138
  1919 10138
  1920 10138
  1921 10138
  1922 10138
  1923 10138
  1924 10138
  1925 10138
  1926 10138
  1927 10138
  1928 10138
  1929 10138
  1930 10138
  1931 10138
  1932 10138
  1933 10138
  1934 10138
  1935 10138
  1936 10138
  1937 10138
  1938 10138
  1939 10138
  1940 10138
  1941 10138
  1942 10138
  1943 10138
  1944 10138
  1945 10138
  1946 10138
  1947 10138
  1948 10138
  1949 10138
  1950 10138
  1951 10138
  1952 10138
  1953 10138
  1954 10138
  1955 10138
  1956 10138
  1957 10138
  1958 10138
  1959 10138
  1960 10138
  1961 10138
  1962 10138
  1963 10138
  1964 10138
  1965 10138
  1966 10138
  1967 10138
  1968 10138
  1969 10138
  1970 10138
  1971 10138
  1972 10138
  1973 10138
  1974 10138
  1975 10138
  1976 10138
  1977 10138
  1978 10138
  1979 10138
  1980 10138
  1981 10138
  1982 10138
  1983 10138
  1984 10138
  1985 10138
  1986 10138
  1987 10138
  1988 10138
  1989 10138
  1990 10138
  1991 10138
  1992 10138
  1993 10138
  1994 10138
  1995 10138
  1996 10138
  1997 10138
  1998 10138
  1999 10138
  2000 10138
  2001 10138
  2002 10138
  2003 10138
  2004 10138
  2005 10138
  2006 10138
  2007 10138
  2008 10138
  2009 10138
  2010 10138
  2011 10138
  2012 10138
  2013 10138
  2014 10138
  2015 10138
  2016 10138
  2017 10138
  2018 10138
  2019 10138
  2020 10138
