   690 10046
   691 10046
   692 10046
   693 10046
   694 10046
   695 10046
   696 10046
   697 10046
   698 10046
   699 10046
   700 10046
   701 10046
   702 10046
   703 10046
   704 10046
   705 10046
   706 10046
   707 10046
   708 10046
   709 10046
   710 10046
   711 10046
   712 10046
   713 10046
   714 10046
   715 10046
   716 10046
   717 10046
   718 10046
   719 10046
   720 10046
   721 10046
   722 10046
   723 10046
   724 10046
   725 10046
   726 10046
   727 10046
   728 10046
   729 10046
   730 10046
   731 10046
   732 10046
   733 10046
   734 10046
   735 10046
   736 10046
   737 10046
   738 10046
   739 10046
   740 10046
   741 10046
   742 10046
   743 10046
   744 10046
   745 10046
   746 10046
   747 10046
   748 10046
   749 10046
   750 10046
   751 10046
   752 10046
   753 10046
   754 10046
   755 10046
   756 10046
   757 10046
   758 10046
   759 10046
   760 10046
   761 10046
   762 10046
   763 10046
   764 10046
   765 10046
   766 10046
   767 10046
   768 10046
   769 10046
   770 10046
   771 10046
   772 10046
   773 10046
   774 10046
   775 10046
   776 10046
   777 10046
   778 10046
   779 10046
   780 10046
   781 10046
   782 10046
   783 10101
   784 10101
   785 10101
   786 10101
   787 10101
   788 10154
   789 10154
   790 10156
   791 10156
   792 10156
   793 10156
   794 10156
   795 10156
   796 10156
   797 10156
   798 10156
   799 10156
   800 10156
   801 10156
   802 10156
   803 10156
   804 10156
   805 10156
   806 10156
   807 10156
   808 10156
   809 10156
   810 10156
   811 10156
   812 10156
   813 10156
   814 10156
   815 10156
   816 10156
   817 10156
   818 10156
   819 10156
   820 10156
   821 10156
   822 10156
   823 10156
   824 10156
   825 10156
   826 10156
   827 10156
   828 10156
   829 10156
   830 10156
   831 10156
   832 10156
   833 10156
   834 10156
   835 10156
   836 10156
   837 10156
   838 10156
   839 10156
   840 10156
   841 10156
   842 10156
   843 10156
   844 10156
   845 10156
   846 10156
   847 10156
   848 10156
   849 10156
   850 10156
   851 10156
   852 10156
   853 10156
   854 10156
   855 10156
   856 10156
   857 10156
   858 10156
   859 10156
   860 10156
   861 10156
   862 10156
   863 10156
   864 10156
   865 10156
   866 10156
   867 10156
   868 10156
   869 10156
   870 10156
   871 10156
   872 10156
   873 10156
   874 10156
   875 10156
   876 10156
   877 10156
   878 10156
   879 10156
   880 10156
   881 10156
   882 10156
   883 10156
   884 10156
   885 10156
   886 10156
   887 10156
   888 10156
   889 10156
   890 10156
   891 10156
   892 10156
   893 10156
   894 10156
   895 10156
   896 10156
   897 10156
   898 10156
   899 10156
   900 10156
   901 10156
   902 10156
   903 10156
   904 10156
   905 10156
   906 10156
   907 10156
   908 10156
   909 10156
   910 10156
   911 10156
   912 10156
   913 10156
   914 10156
   915 10156
   916 10156
   917 10156
   918 10156
   919 10156
   920 10156
   921 10156
   922 10156
   923 10156
   924 10156
   925 10156
   926 10156
   927 10156
   928 10156
   929 10156
   930 10156
   931 10156
   932 10156
   933 10156
   934 10156
   935 10156
   936 10156
   937 10156
   938 10156
   939 10156
   940 10156
   941 10156
   942 10156
   943 10156
   944 10156
   945 10156
   946 10156
   947 10156
   948 10156
   949 10156
   950 10156
   951 10156
   952 10156
   953 10156
   954 10156
   955 10156
   956 10156
   957 10156
   958 10156
   959 10156
   960 10156
   961 10156
   962 10156
   963 10156
   964 10156
   965 10156
   966 10156
   967 10156
   968 10156
   969 10156
   970 10156
   971 10156
   972 10156
   973 10156
   974 10156
   975 10156
   976 10156
   977 10156
   978 10156
   979 10156
   980 10156
   981 10156
   982 10156
   983 10156
   984 10156
   985 10156
   986 10156
   987 10156
   988 10156
   989 10156
   990 10156
   991 10156
   992 10156
   993 10156
   994 10156
   995 10156
   996 10156
   997 10156
   998 10156
   999 10156
  1000 10156
  1001 10156
  1002 10156
  1003 10156
  1004 10156
  1005 10156
  1006 10156
  1007 10156
  1008 10156
  1009 10156
  1010 10156
  1011 10156
  1012 10156
  1013 10156
  1014 10156
  1015 10156
  1016 10156
  1017 10156
  1018 10156
  1019 10156
  1020 10156
  1027 10101
  1028 10101
  1029 10101
  1030 10101
  1031 10101
  1032 10120
  1033 10120
  1034 10120
  1035 10120
  1036 10120
  1037 10120
  1038 10120
  1039 10120
  1040 10120
  1041 10120
  1042 10120
  1043 10120
  1044 10120
  1045 10120
  1046 10120
  1047 10120
  1048 10120
  1049 10120
  1050 10120
  1051 10120
  1052 10120
  1053 10120
  1054 10120
  1055 10120
  1056 10120
  1057 10120
  1058 10120
  1059 10120
  1060 10120
  1061 10120
  1062 10120
  1063 10120
  1064 10120
  1065 10120
  1066 10120
  1067 10120
  1068 10120
  1069 10120
  1070 10120
  1071 10120
  1072 10120
  1073 10120
  1074 10120
  1075 10120
  1076 10120
  1077 10120
  1078 10120
  1079 10120
  1080 10120
  1081 10120
  1082 10120
  1083 10120
  1084 10120
  1085 10120
  1086 10120
  1087 10120
  1088 10120
  1089 10120
  1090 10120
  1091 10120
  1092 10120
  1093 10120
  1094 10120
  1095 10120
  1096 10120
  1097 10120
  1098 10120
  1099 10120
  1100 10120
  1101 10120
  1102 10120
  1103 10120
  1104 10120
  1105 10120
  1106 10120
  1107 10120
  1108 10120
  1109 10120
  1110 10120
  1111 10120
  1112 10120
  1113 10120
  1114 10120
  1115 10120
  1116 10120
  1117 10120
  1118 10120
  1119 10120
  1120 10120
  1121 10120
  1122 10120
  1123 10120
  1124 10120
  1125 10120
  1126 10120
  1127 10120
  1128 10120
  1129 10120
  1130 10120
  1131 10120
  1132 10120
  1133 10120
  1134 10120
  1135 10120
  1136 10120
  1137 10120
  1138 10120
  1139 10120
  1140 10120
  1141 10120
  1142 10120
  1143 10120
  1144 10120
  1145 10120
  1146 10120
  1147 10120
  1148 10120
  1149 10120
  1150 10120
  1151 10120
  1152 10120
  1153 10120
  1154 10120
  1155 10120
  1156 10120
  1157 10120
  1158 10120
  1159 10120
  1160 10120
  1161 10120
  1162 10120
  1163 10120
  1164 10120
  1165 10120
  1166 10120
  1167 10120
  1168 10120
  1169 10120
  1170 10120
  1171 10120
  1172 10120
  1173 10120
  1174 10120
  1175 10120
  1176 10120
  1177 10120
  1178 10120
  1179 10120
  1180 10120
  1181 10120
  1182 10120
  1183 10120
  1184 10120
  1185 10120
  1186 10120
  1187 10120
  1188 10120
  1189 10120
  1190 10120
  1191 10120
  1192 10120
  1193 10120
  1194 10120
  1195 10120
  1196 10120
  1197 10120
  1198 10120
  1199 10120
  1200 10120
  1201 10120
  1202 10120
  1203 10120
  1204 10120
  1205 10120
  1206 10120
  1207 10120
  1208 10120
  1209 10120
  1210 10120
  1211 10120
  1212 10120
  1213 10120
  1214 10120
  1215 10120
  1216 10120
  1217 10120
  1218 10120
  1219 10120
  1220 10120
  1221 10120
  1222 10120
  1223 10120
  1224 10120
  1225 10120
  1226 10120
  1227 10120
  1228 10120
  1229 10120
  1230 10120
  1231 10120
  1232 10120
  1233 10120
  1234 10120
  1235 10120
  1236 10120
  1237 10120
  1238 10120
  1239 10120
  1240 10120
  1241 10120
  1242 10120
  1243 10120
  1244 10120
  1245 10120
  1246 10120
  1247 10120
  1248 10120
  1249 10120
  1250 10120
  1251 10120
  1252 10120
  1253 10120
  1254 10120
  1255 10120
  1256 10120
  1257 10120
  1259 10088
  1262 10143
  1264 10120
  1267 10137
  1271 10108
  1272 10108
  1273 10108
  1274 10108
  1275 10108
  1276 10108
  1277 10108
  1278 10108
  1279 10108
  1280 10108
  1281 10108
  1282 10108
  1283 10108
  1284 10108
  1285 10108
  1286 10108
  1287 10108
  1288 10108
  1289 10108
  1290 10108
  1291 10108
  1292 10108
  1293 10108
  1294 10108
  1295 10108
  1296 10108
  1297 10108
  1298 10108
  1299 10108
  1300 10108
  1301 10108
  1302 10108
  1303 10108
  1304 10108
  1305 10108
  1306 10108
  1307 10108
  1308 10108
  1309 10108
  1310 10108
  1311 10108
  1312 10108
  1313 10108
  1314 10108
  1315 10108
  1316 10108
  1317 10108
  1318 10108
  1319 10108
  1320 10108
  1321 10108
  1322 10108
  1323 10108
  1324 10108
  1325 10108
  1326 10108
  1327 10108
  1328 10108
  1329 10108
  1330 10108
  1331 10108
  1332 10108
  1333 10108
  1334 10108
  1335 10108
  1336 10108
  1337 10108
  1338 10108
  1339 10108
  1340 10108
  1341 10108
  1342 10108
  1343 10108
  1344 10108
  1345 10108
  1346 10108
  1347 10108
  1348 10108
  1349 10108
  1350 10108
  1351 10108
  1352 10108
  1353 10108
  1354 10108
  1355 10108
  1356 10108
  1357 10108
  1358 10108
  1359 10108
  1360 10108
  1361 10108
  1362 10108
  1363 10108
  1364 10108
  1365 10108
  1366 10108
  1367 10108
  1368 10108
  1369 10108
  1370 10108
  1371 10108
  1372 10108
  1373 10108
  1374 10108
  1375 10108
  1376 10108
  1377 10108
  1378 10108
  1379 10108
  1380 10108
  1381 10108
  1382 10108
  1383 10108
  1384 10108
  1385 10108
  1386 10108
  1387 10108
  1388 10108
  1389 10108
  1390 10108
  1391 10108
  1392 10108
  1393 10108
  1394 10108
  1395 10108
  1396 10108
  1397 10108
  1398 10108
  1399 10108
  1400 10108
  1401 10108
  1402 10108
  1403 10108
  1404 10108
  1405 10108
  1406 10108
  1407 10108
  1408 10108
  1409 10108
  1410 10108
  1411 10108
  1412 10108
  1413 10108
  1414 10108
  1415 10108
  1416 10108
  1417 10108
  1418 10108
  1419 10108
  1420 10108
  1421 10108
  1422 10108
  1423 10108
  1424 10108
  1425 10108
  1426 10108
  1427 10108
  1428 10108
  1429 10108
  1430 10108
  1431 10108
  1432 10108
  1433 10108
  1434 10108
  1435 10108
  1436 10108
  1437 10108
  1438 10108
  1439 10108
  1440 10108
  1441 10108
  1442 10108
  1443 10108
  1444 10108
  1445 10108
  1446 10108
  1447 10108
  1448 10108
  1449 10108
  1450 10108
  1451 10108
  1452 10108
  1453 10108
  1454 10108
  1455 10108
  1456 10108
  1457 10108
  1458 10108
  1459 10108
  1460 10108
  1461 10108
  1462 10108
  1463 10108
  1464 10108
  1465 10108
  1466 10108
  1467 10108
  1468 10108
  1469 10108
  1470 10108
  1471 10108
  1472 10108
  1473 10108
  1474 10108
  1475 10108
  1476 10108
  1477 10108
  1478 10108
  1479 10108
  1480 10108
  1481 10108
  1482 10108
  1483 10108
  1484 10108
  1485 10108
  1486 10108
  1487 10108
  1488 10108
  1489 10108
  1490 10108
  1491 10108
  1492 10108
  1493 10108
  1494 10108
  1495 10108
  1496 10108
  1497 10108
  1498 10108
  1499 10108
  1500 10108
  1501 10018
  1502 10018
  1503 10018
  1504 10018
  1505 10018
  1506 10018
  1507 10018
  1508 10018
  1509 10018
  1510 10018
  1556 10055
  1557 10055
  1558 10055
  1559 10055
  1560 10018
  1561 10055
  1562 10106
  1563 10106
  1564 10055
  1565 10055
  1566 10055
  1567 10055
  1603 10031
  1604 10031
  1605 10031
  1606 10031
  1607 10031
  1626 10041
  1627 10041
  1628 10041
  1629 10041
  1862 10028
  1863 10028
  1864 10028
  1865 10028
  1866 10045
  1867 10063
  1869 10043
  1871 10101
  1872 10101
  1873 10101
  1884 10052
  1900 10171
  1901 10171
  1902 10171
  1903 10171
  1904 10171
  1905 10171
  1906 10171
  1907 10171
  1909 10171
  1910 10171
  1911 10171
  1912 10171
  1913 10171
  1914 10171
  1915 10171
  1916 10171
  1917 10171
  1918 10171
  1919 10171
  1920 10171
  1921 10171
  1925 10171
  1926 10171
  1927 10171
  1928 10171
  1929 10171
  1930 10171
  1931 10171
  1932 10171
  1933 10171
  1934 10171
  1935 10171
  1936 10171
  1937 10171
  1938 10171
  1939 10171
  1940 10171
  1941 10171
  1942 10171
  1943 10171
  1944 10171
  1945 10171
  1946 10171
  1947 10171
  1948 10171
  1949 10171
  1976 10043
  1977 10043
  1988 10045
  2032 10064
  2034 10094
  2035 10094
  2036 10094
  2037 10094
