   690 10055
   691 10055
   692 10055
   693 10055
   694 10055
   695 10055
   696 10055
   697 10055
   698 10055
   699 10055
   700 10055
   701 10055
   702 10055
   703 10055
   704 10055
   705 10055
   706 10055
   707 10055
   708 10055
   709 10055
   710 10055
   711 10055
   712 10055
   713 10055
   714 10055
   715 10055
   716 10055
   717 10055
   718 10055
   719 10055
   720 10055
   721 10055
   722 10055
   723 10055
   724 10055
   725 10055
   726 10055
   727 10055
   728 10055
   729 10055
   730 10055
   731 10055
   732 10055
   733 10055
   734 10055
   735 10055
   736 10055
   737 10055
   738 10055
   739 10055
   740 10055
   741 10055
   742 10055
   743 10055
   744 10055
   745 10055
   746 10055
   747 10055
   748 10055
   749 10055
   750 10055
   751 10055
   752 10055
   753 10055
   754 10055
   755 10055
   756 10055
   757 10055
   758 10055
   759 10055
   760 10055
   761 10055
   762 10055
   763 10055
   764 10055
   765 10055
   766 10055
   767 10055
   768 10055
   769 10055
   770 10055
   771 10055
   772 10055
   773 10055
   774 10055
   775 10055
   776 10055
   777 10055
   778 10055
   779 10055
   780 10055
   781 10101
   782 10101
   783 10101
   784 10065
   785 10043
   787 10002
   788 10002
   789 10002
   790 10002
   791 10002
   792 10002
   793 10002
   794 10002
   795 10065
   796 10065
   797 10065
   798 10065
   799 10065
   800 10065
   801 10065
   802 10065
   803 10065
   804 10065
   805 10065
   806 10065
   807 10065
   808 10065
   809 10065
   810 10065
   811 10065
   812 10065
   813 10065
   814 10065
   815 10065
   816 10065
   817 10065
   818 10065
   819 10065
   820 10065
   821 10065
   822 10065
   823 10065
   824 10065
   825 10065
   826 10065
   827 10065
   828 10065
   829 10065
   830 10065
   831 10065
   832 10065
   833 10065
   834 10065
   835 10065
   836 10065
   837 10065
   838 10065
   839 10065
   840 10065
   841 10065
   842 10065
   843 10065
   844 10065
   845 10065
   846 10065
   847 10065
   848 10065
   849 10065
   850 10065
   851 10065
   852 10065
   853 10065
   854 10065
   855 10065
   856 10065
   857 10065
   858 10065
   859 10065
   860 10065
   861 10065
   862 10065
   863 10065
   864 10065
   865 10065
   866 10065
   867 10065
   868 10065
   869 10065
   870 10065
   871 10065
   872 10065
   873 10065
   874 10065
   875 10065
   876 10065
   877 10065
   878 10065
   879 10065
   880 10065
   881 10065
   882 10065
   883 10065
   884 10065
   885 10065
   886 10065
   887 10065
   888 10065
   889 10065
   890 10065
   891 10065
   892 10065
   893 10065
   894 10065
   895 10065
   896 10065
   897 10065
   898 10065
   899 10065
   900 10065
   901 10065
   902 10065
   903 10065
   904 10065
   905 10065
   906 10065
   907 10065
   908 10065
   909 10065
   910 10065
   911 10065
   912 10065
   913 10065
   914 10065
   915 10065
   916 10065
   917 10065
   918 10065
   919 10065
   920 10065
   921 10065
   922 10065
   923 10065
   924 10065
   925 10065
   926 10065
   927 10065
   928 10065
   929 10065
   930 10065
   931 10065
   932 10065
   933 10065
   934 10065
   935 10065
   936 10065
   937 10065
   938 10065
   939 10065
   940 10065
   941 10065
   942 10065
   943 10065
   944 10065
   945 10065
   946 10065
   947 10065
   948 10065
   949 10065
   950 10065
   951 10065
   952 10065
   953 10065
   954 10065
   955 10065
   956 10065
   957 10065
   958 10065
   959 10065
   960 10065
   961 10065
   962 10065
   963 10065
   964 10065
   965 10065
   966 10065
   967 10065
   968 10065
   969 10065
   970 10065
   971 10065
   972 10065
   973 10065
   974 10065
   975 10065
   976 10065
   977 10065
   978 10065
   979 10065
   980 10065
   981 10065
   982 10065
   983 10065
   984 10065
   985 10065
   986 10065
   987 10065
   988 10065
   989 10065
   990 10065
   991 10065
   992 10065
   993 10065
   994 10065
   995 10065
   996 10065
   997 10065
   998 10065
   999 10065
  1000 10065
  1001 10065
  1002 10065
  1003 10065
  1004 10065
  1005 10065
  1006 10065
  1007 10065
  1008 10065
  1009 10065
  1010 10065
  1011 10065
  1012 10065
  1013 10065
  1014 10065
  1015 10065
  1016 10065
  1017 10065
  1018 10065
  1019 10065
  1020 10065
  1024 10122
  1026 10122
  1027 10122
  1028 10122
  1029 10122
  1030 10122
  1031 10122
  1032 10122
  1033 10122
  1034 10122
  1035 10122
  1036 10122
  1037 10122
  1038 10122
  1039 10122
  1040 10122
  1041 10122
  1042 10122
  1043 10122
  1044 10122
  1045 10122
  1046 10122
  1047 10122
  1048 10122
  1049 10122
  1050 10122
  1051 10122
  1052 10122
  1053 10122
  1054 10122
  1055 10122
  1056 10122
  1057 10122
  1058 10122
  1059 10122
  1060 10122
  1061 10122
  1062 10122
  1063 10122
  1064 10122
  1065 10122
  1066 10122
  1067 10122
  1068 10122
  1069 10122
  1070 10122
  1071 10122
  1072 10122
  1073 10122
  1074 10122
  1075 10122
  1076 10122
  1077 10122
  1078 10122
  1079 10122
  1080 10122
  1081 10122
  1082 10122
  1083 10122
  1084 10122
  1085 10122
  1086 10122
  1087 10122
  1088 10122
  1089 10122
  1090 10122
  1091 10122
  1092 10122
  1093 10122
  1094 10122
  1095 10122
  1096 10122
  1097 10122
  1098 10122
  1099 10122
  1100 10122
  1101 10122
  1102 10122
  1103 10122
  1104 10122
  1105 10122
  1106 10122
  1107 10122
  1108 10122
  1109 10122
  1110 10122
  1111 10122
  1112 10122
  1113 10122
  1114 10122
  1115 10122
  1116 10122
  1117 10122
  1118 10122
  1119 10122
  1120 10122
  1121 10122
  1122 10122
  1123 10122
  1124 10122
  1125 10122
  1126 10122
  1127 10122
  1128 10122
  1129 10122
  1130 10122
  1131 10122
  1132 10122
  1133 10122
  1134 10122
  1135 10122
  1136 10122
  1137 10122
  1138 10122
  1139 10122
  1140 10122
  1141 10122
  1142 10122
  1143 10122
  1144 10122
  1145 10122
  1146 10122
  1147 10122
  1148 10122
  1149 10122
  1150 10122
  1151 10122
  1152 10122
  1153 10122
  1154 10122
  1155 10122
  1156 10122
  1157 10122
  1158 10122
  1159 10122
  1160 10122
  1161 10122
  1162 10122
  1163 10122
  1164 10122
  1165 10122
  1166 10122
  1167 10122
  1168 10122
  1169 10122
  1170 10122
  1171 10122
  1172 10122
  1173 10122
  1174 10122
  1175 10122
  1176 10122
  1177 10122
  1178 10122
  1179 10122
  1180 10122
  1181 10122
  1182 10122
  1183 10122
  1184 10122
  1185 10122
  1186 10122
  1187 10122
  1188 10122
  1189 10122
  1190 10122
  1191 10122
  1192 10122
  1193 10122
  1194 10122
  1195 10122
  1196 10122
  1197 10122
  1198 10122
  1199 10122
  1200 10122
  1201 10122
  1202 10122
  1203 10122
  1204 10122
  1205 10122
  1206 10122
  1207 10122
  1208 10122
  1209 10122
  1210 10122
  1211 10122
  1212 10122
  1213 10122
  1214 10122
  1215 10122
  1216 10122
  1217 10122
  1218 10122
  1219 10122
  1220 10122
  1221 10122
  1222 10122
  1223 10122
  1224 10122
  1225 10122
  1226 10122
  1227 10122
  1228 10122
  1229 10122
  1230 10122
  1231 10122
  1232 10122
  1233 10122
  1234 10122
  1235 10122
  1236 10122
  1237 10122
  1238 10122
  1239 10122
  1240 10122
  1241 10122
  1242 10122
  1243 10122
  1244 10122
  1245 10122
  1246 10122
  1247 10122
  1248 10122
  1249 10122
  1250 10122
  1251 10122
  1252 10122
  1253 10122
  1254 10122
  1255 10122
  1256 10122
  1257 10122
  1258 10122
  1265 10149
  1266 10149
  1267 10149
  1268 10039
  1269 10039
  1270 10039
  1271 10039
  1272 10039
  1273 10039
  1274 10039
  1275 10039
  1276 10039
  1277 10039
  1278 10039
  1279 10039
  1280 10039
  1281 10039
  1282 10039
  1283 10039
  1284 10039
  1285 10039
  1286 10039
  1287 10039
  1288 10039
  1289 10039
  1290 10039
  1291 10039
  1292 10039
  1293 10039
  1294 10039
  1295 10039
  1296 10039
  1297 10039
  1298 10039
  1299 10039
  1300 10039
  1301 10039
  1302 10039
  1303 10039
  1304 10039
  1305 10039
  1306 10039
  1307 10039
  1308 10039
  1309 10039
  1310 10039
  1311 10039
  1312 10039
  1313 10039
  1314 10039
  1315 10039
  1316 10039
  1317 10039
  1318 10039
  1319 10039
  1320 10039
  1321 10039
  1322 10039
  1323 10039
  1324 10039
  1325 10039
  1326 10039
  1327 10039
  1328 10039
  1329 10039
  1330 10039
  1331 10039
  1332 10039
  1333 10039
  1334 10039
  1335 10039
  1336 10039
  1337 10039
  1338 10039
  1339 10039
  1340 10039
  1341 10039
  1342 10039
  1343 10039
  1344 10039
  1345 10039
  1346 10039
  1347 10039
  1348 10039
  1349 10039
  1350 10039
  1351 10039
  1352 10039
  1353 10039
  1354 10039
  1355 10039
  1356 10039
  1357 10039
  1358 10039
  1359 10039
  1360 10039
  1361 10039
  1362 10039
  1363 10039
  1364 10039
  1365 10039
  1366 10039
  1367 10039
  1368 10039
  1369 10039
  1370 10039
  1371 10039
  1372 10039
  1373 10039
  1374 10039
  1375 10039
  1376 10039
  1377 10039
  1378 10039
  1379 10039
  1380 10039
  1381 10039
  1382 10039
  1383 10039
  1384 10039
  1385 10039
  1386 10039
  1387 10039
  1388 10039
  1389 10039
  1390 10039
  1391 10039
  1392 10039
  1393 10039
  1394 10039
  1395 10039
  1396 10039
  1397 10039
  1398 10039
  1399 10039
  1400 10039
  1401 10039
  1402 10039
  1403 10039
  1404 10039
  1405 10039
  1406 10039
  1407 10039
  1408 10039
  1409 10039
  1410 10039
  1411 10039
  1412 10039
  1413 10039
  1414 10039
  1415 10039
  1416 10039
  1417 10039
  1418 10039
  1419 10039
  1420 10039
  1421 10039
  1422 10039
  1423 10039
  1424 10039
  1425 10039
  1426 10039
  1427 10039
  1428 10039
  1429 10039
  1430 10039
  1431 10039
  1432 10039
  1433 10039
  1434 10039
  1435 10039
  1436 10039
  1437 10039
  1438 10039
  1439 10039
  1440 10039
  1441 10039
  1442 10039
  1443 10039
  1444 10039
  1445 10039
  1446 10039
  1447 10039
  1448 10039
  1449 10039
  1450 10039
  1451 10039
  1452 10039
  1453 10039
  1454 10039
  1455 10039
  1456 10039
  1457 10039
  1458 10039
  1459 10039
  1460 10039
  1461 10039
  1462 10039
  1463 10039
  1464 10039
  1465 10039
  1466 10039
  1467 10039
  1468 10039
  1469 10039
  1470 10039
  1471 10039
  1472 10039
  1473 10039
  1474 10039
  1475 10039
  1476 10039
  1477 10039
  1478 10039
  1479 10039
  1480 10039
  1481 10039
  1482 10039
  1483 10039
  1484 10039
  1485 10039
  1486 10039
  1487 10039
  1488 10039
  1489 10039
  1490 10039
  1491 10039
  1492 10039
  1493 10039
  1494 10039
  1495 10039
  1496 10039
  1497 10039
  1498 10039
  1499 10039
  1500 10039
  1501 10173
  1502 10101
  1503 10173
  1505 10055
  1506 10055
  1507 10018
  1508 10018
  1509 10018
  1510 10018
  1511 10018
  1512 10018
  1513 10018
  1514 10018
  1515 10158
  1516 10158
  1517 10158
  1518 10158
  1520 10158
  1521 10158
  1522 10158
  1528 10055
  1544 10055
  1553 10055
  1554 10055
  1555 10055
  1556 10055
  1557 10055
  1558 10055
  1559 10055
  1560 10055
  1561 10055
  1562 10055
  1563 10055
  1564 10055
  1565 10055
  1566 10055
  1579 10055
  1581 10055
  1582 10055
  1583 10055
  1584 10055
  1585 10055
  1600 10173
  1601 10173
  1611 10016
  1613 10016
  1614 10016
  1615 10016
  1616 10016
  1617 10016
  1618 10016
  1619 10143
  1620 10036
  1621 10143
  1622 10143
  1623 10143
  1624 10143
  1625 10143
  1626 10143
  1627 10143
  1628 10143
  1629 10075
  1630 10075
  1631 10075
  1632 10075
  1633 10075
  1634 10075
  1635 10075
  1636 10075
  1637 10075
  1638 10075
  1639 10075
  1640 10075
  1641 10075
  1642 10075
  1643 10075
  1644 10075
  1645 10075
  1646 10075
  1647 10075
  1648 10075
  1649 10075
  1650 10075
  1651 10075
  1652 10075
  1653 10075
  1654 10075
  1655 10075
  1656 10075
  1657 10075
  1658 10075
  1659 10075
  1660 10075
  1661 10075
  1662 10075
  1663 10075
  1664 10075
  1665 10075
  1666 10075
  1667 10075
  1668 10075
  1669 10075
  1670 10075
  1671 10075
  1672 10075
  1673 10075
  1674 10075
  1675 10075
  1676 10075
  1677 10075
  1678 10075
  1679 10075
  1680 10075
  1681 10075
  1682 10075
  1683 10075
  1684 10075
  1685 10075
  1686 10075
  1687 10075
  1688 10075
  1689 10075
  1690 10075
  1691 10075
  1692 10075
  1693 10075
  1694 10075
  1695 10075
  1696 10075
  1697 10075
  1698 10075
  1699 10075
  1700 10075
  1701 10075
  1702 10075
  1703 10075
  1704 10075
  1705 10075
  1706 10075
  1707 10075
  1708 10075
  1709 10075
  1710 10075
  1711 10075
  1712 10075
  1713 10075
  1714 10075
  1715 10075
  1716 10075
  1717 10075
  1718 10075
  1719 10075
  1720 10075
  1721 10075
  1722 10075
  1723 10075
  1724 10075
  1725 10075
  1726 10075
  1727 10075
  1728 10075
  1729 10075
  1730 10075
  1731 10075
  1732 10075
  1733 10075
  1734 10075
  1735 10075
  1736 10075
  1737 10075
  1738 10075
  1739 10075
  1740 10075
  1741 10075
  1742 10075
  1743 10075
  1744 10075
  1745 10075
  1746 10075
  1747 10075
  1748 10075
  1749 10075
  1750 10075
  1751 10075
  1752 10075
  1753 10075
  1754 10075
  1755 10075
  1756 10075
  1757 10075
  1758 10075
  1759 10075
  1760 10075
  1761 10075
  1762 10075
  1763 10075
  1764 10075
  1765 10075
  1766 10075
  1767 10075
  1768 10075
  1769 10075
  1770 10075
  1771 10075
  1772 10075
  1773 10075
  1774 10075
  1775 10075
  1776 10075
  1777 10075
  1778 10075
  1779 10075
  1780 10075
  1781 10075
  1782 10075
  1783 10075
  1784 10075
  1785 10075
  1786 10075
  1787 10075
  1788 10075
  1789 10075
  1790 10075
  1791 10075
  1792 10075
  1793 10075
  1794 10075
  1795 10075
  1796 10075
  1797 10075
  1798 10075
  1799 10075
  1800 10075
  1801 10075
  1802 10075
  1803 10075
  1804 10075
  1805 10075
  1806 10075
  1807 10075
  1808 10075
  1809 10075
  1810 10075
  1811 10075
  1812 10075
  1813 10075
  1814 10075
  1815 10075
  1816 10075
  1817 10075
  1818 10075
  1819 10075
  1820 10075
  1821 10075
  1822 10075
  1823 10075
  1824 10075
  1825 10075
  1826 10075
  1827 10075
  1828 10075
  1829 10075
  1830 10075
  1831 10075
  1832 10075
  1833 10075
  1834 10075
  1835 10075
  1836 10075
  1837 10075
  1838 10075
  1839 10075
  1840 10075
  1841 10075
  1842 10075
  1843 10075
  1844 10075
  1845 10075
  1846 10075
  1847 10075
  1848 10075
  1849 10075
  1850 10075
  1851 10075
  1852 10075
  1853 10075
  1854 10075
  1855 10075
  1856 10075
  1857 10016
  1858 10075
  1859 10075
  1860 10138
  1861 10101
  1862 10101
  1863 10138
  1864 10138
  1865 10138
  1866 10138
  1867 10070
  1868 10070
  1869 10070
  1870 10138
  1871 10138
  1872 10138
  1873 10138
  1874 10138
  1875 10138
  1876 10138
  1877 10138
  1878 10138
  1879 10138
  1880 10138
  1881 10138
  1882 10138
  1883 10138
  1884 10138
  1885 10138
  1886 10138
  1887 10138
  1888 10138
  1889 10138
  1890 10138
  1891 10138
  1892 10138
  1893 10138
  1894 10138
  1895 10138
  1896 10138
  1897 10138
  1898 10138
  1899 10138
  1900 10138
  1901 10138
  1902 10138
  1903 10138
  1904 10138
  1905 10138
  1906 10138
  1907 10138
  1908 10138
  1909 10138
  1910 10138
  1911 10138
  1912 10138
  1913 10138
  1914 10138
  1915 10138
  1916 10138
  1917 10138
  1918 10138
  1919 10138
  1920 10138
  1921 10138
  1922 10138
  1923 10138
  1924 10138
  1925 10138
  1926 10138
  1927 10138
  1928 10138
  1929 10138
  1930 10138
  1931 10138
  1932 10138
  1933 10138
  1934 10138
  1935 10138
  1936 10138
  1937 10138
  1938 10138
  1939 10138
  1940 10138
  1941 10138
  1942 10138
  1943 10138
  1944 10138
  1945 10138
  1946 10138
  1947 10138
  1948 10138
  1949 10138
  1950 10138
  1951 10138
  1952 10138
  1953 10138
  1954 10138
  1955 10138
  1956 10138
  1957 10138
  1958 10138
  1959 10138
  1960 10138
  1961 10138
  1962 10138
  1963 10138
  1964 10138
  1965 10138
  1966 10138
  1967 10138
  1968 10138
  1969 10138
  1970 10138
  1971 10138
  1972 10138
  1973 10138
  1974 10138
  1975 10138
  1976 10138
  1977 10138
  1978 10138
  1979 10138
  1980 10138
  1981 10138
  1982 10138
  1983 10138
  1984 10138
  1985 10138
  1986 10138
  1987 10138
  1988 10138
  1989 10138
  1990 10138
  1991 10138
  1992 10138
  1993 10138
  1994 10138
  1995 10138
  1996 10138
  1997 10138
  1998 10138
  1999 10138
  2000 10138
  2001 10138
  2002 10138
  2003 10138
  2004 10138
  2005 10138
  2006 10138
  2007 10138
  2008 10138
  2009 10138
  2010 10138
  2011 10138
  2012 10138
  2013 10138
  2014 10138
  2015 10138
  2016 10138
  2017 10138
  2018 10138
  2019 10138
  2020 10138
  2542 10015
  2543 10015
  2544 10015
  2545 10015
  2546 10015
