   676 10130
   688 10052
   689 10052
   690 10052
   691 10052
   692 10052
   693 10052
   694 10052
   695 10052
   696 10052
   697 10052
   698 10052
   699 10052
   700 10052
   701 10052
   702 10052
   703 10052
   704 10052
   705 10052
   706 10052
   707 10052
   708 10052
   709 10052
   710 10052
   711 10052
   712 10052
   713 10052
   714 10052
   715 10052
   716 10052
   717 10052
   718 10052
   719 10052
   720 10052
   721 10052
   722 10052
   723 10052
   724 10052
   725 10052
   726 10052
   727 10052
   728 10052
   729 10052
   730 10052
   731 10052
   732 10052
   733 10052
   734 10052
   735 10052
   736 10052
   737 10052
   738 10052
   739 10052
   740 10052
   741 10052
   742 10052
   743 10052
   744 10052
   745 10052
   746 10052
   747 10052
   748 10052
   749 10052
   750 10052
   751 10052
   752 10052
   753 10052
   754 10052
   755 10052
   756 10052
   757 10052
   758 10052
   759 10052
   760 10052
   761 10052
   762 10052
   763 10052
   764 10052
   765 10052
   766 10052
   767 10052
   768 10052
   769 10052
   770 10052
   771 10052
   772 10052
   773 10052
   774 10052
   775 10052
   776 10052
   777 10052
   778 10052
   779 10052
   780 10052
   781 10052
   782 10052
   789 10034
   790 10034
   791 10034
   792 10034
   793 10034
   794 10034
   795 10034
   796 10034
   797 10034
   798 10034
   799 10034
   800 10034
   801 10034
   802 10034
   803 10034
   804 10034
   805 10034
   806 10034
   807 10034
   808 10034
   809 10034
   810 10034
   811 10034
   812 10034
   813 10034
   814 10034
   815 10034
   816 10034
   817 10034
   818 10034
   819 10034
   820 10034
   821 10034
   822 10034
   823 10034
   824 10034
   825 10034
   826 10034
   827 10034
   828 10034
   829 10034
   830 10034
   831 10034
   832 10034
   833 10034
   834 10034
   835 10034
   836 10034
   837 10034
   838 10034
   839 10034
   840 10034
   841 10034
   842 10034
   843 10034
   844 10034
   845 10034
   846 10034
   847 10034
   848 10034
   849 10034
   850 10034
   851 10034
   852 10034
   853 10034
   854 10034
   855 10034
   856 10034
   857 10034
   858 10034
   859 10034
   860 10034
   861 10034
   862 10034
   863 10034
   864 10034
   865 10034
   866 10034
   867 10034
   868 10034
   869 10034
   870 10034
   871 10034
   872 10034
   873 10034
   874 10034
   875 10034
   876 10034
   877 10034
   878 10034
   879 10034
   880 10034
   881 10034
   882 10034
   883 10034
   884 10034
   885 10034
   886 10034
   887 10034
   888 10034
   889 10034
   890 10034
   891 10034
   892 10034
   893 10034
   894 10034
   895 10034
   896 10034
   897 10034
   898 10034
   899 10034
   900 10034
   901 10034
   902 10034
   903 10034
   904 10034
   905 10034
   906 10034
   907 10034
   908 10034
   909 10034
   910 10034
   911 10034
   912 10034
   913 10034
   914 10034
   915 10034
   916 10034
   917 10034
   918 10034
   919 10034
   920 10034
   921 10034
   922 10034
   923 10034
   924 10034
   925 10034
   926 10034
   927 10034
   928 10034
   929 10034
   930 10034
   931 10034
   932 10034
   933 10034
   934 10034
   935 10034
   936 10034
   937 10034
   938 10034
   939 10034
   940 10034
   941 10034
   942 10034
   943 10034
   944 10034
   945 10034
   946 10034
   947 10034
   948 10034
   949 10034
   950 10034
   951 10034
   952 10034
   953 10034
   954 10034
   955 10034
   956 10034
   957 10034
   958 10034
   959 10034
   960 10034
   961 10034
   962 10034
   963 10034
   964 10034
   965 10034
   966 10034
   967 10034
   968 10034
   969 10034
   970 10034
   971 10034
   972 10034
   973 10034
   974 10034
   975 10034
   976 10034
   977 10034
   978 10034
   979 10034
   980 10034
   981 10034
   982 10034
   983 10034
   984 10034
   985 10034
   986 10034
   987 10034
   988 10034
   989 10034
   990 10034
   991 10034
   992 10034
   993 10034
   994 10034
   995 10034
   996 10034
   997 10034
   998 10034
   999 10034
  1000 10034
  1001 10034
  1002 10034
  1003 10034
  1004 10034
  1005 10034
  1006 10034
  1007 10034
  1008 10034
  1009 10034
  1010 10034
  1011 10034
  1012 10034
  1013 10034
  1014 10034
  1015 10034
  1016 10034
  1017 10034
  1018 10034
  1019 10034
  1020 10034
  1028 10118
  1029 10118
  1030 10118
  1031 10118
  1032 10118
  1033 10118
  1034 10118
  1035 10118
  1036 10118
  1037 10118
  1038 10118
  1039 10118
  1040 10118
  1041 10118
  1042 10118
  1043 10118
  1044 10118
  1045 10118
  1046 10118
  1047 10118
  1048 10118
  1049 10118
  1050 10118
  1051 10118
  1052 10118
  1053 10118
  1054 10118
  1055 10118
  1056 10118
  1057 10118
  1058 10118
  1059 10118
  1060 10118
  1061 10118
  1062 10118
  1063 10118
  1064 10118
  1065 10118
  1066 10118
  1067 10118
  1068 10118
  1069 10118
  1070 10118
  1071 10118
  1072 10118
  1073 10118
  1074 10118
  1075 10118
  1076 10118
  1077 10118
  1078 10118
  1079 10118
  1080 10118
  1081 10118
  1082 10118
  1083 10118
  1084 10118
  1085 10118
  1086 10118
  1087 10118
  1088 10118
  1089 10118
  1090 10118
  1091 10118
  1092 10118
  1093 10118
  1094 10118
  1095 10118
  1096 10118
  1097 10118
  1098 10118
  1099 10118
  1100 10118
  1101 10118
  1102 10118
  1103 10118
  1104 10118
  1105 10118
  1106 10118
  1107 10118
  1108 10118
  1109 10118
  1110 10118
  1111 10118
  1112 10118
  1113 10118
  1114 10118
  1115 10118
  1116 10118
  1117 10118
  1118 10118
  1119 10118
  1120 10118
  1121 10118
  1122 10118
  1123 10118
  1124 10118
  1125 10118
  1126 10118
  1127 10118
  1128 10118
  1129 10118
  1130 10118
  1131 10118
  1132 10118
  1133 10118
  1134 10118
  1135 10118
  1136 10118
  1137 10118
  1138 10118
  1139 10118
  1140 10118
  1141 10118
  1142 10118
  1143 10118
  1144 10118
  1145 10118
  1146 10118
  1147 10118
  1148 10118
  1149 10118
  1150 10118
  1151 10118
  1152 10118
  1153 10118
  1154 10118
  1155 10118
  1156 10118
  1157 10118
  1158 10118
  1159 10118
  1160 10118
  1161 10118
  1162 10118
  1163 10118
  1164 10118
  1165 10118
  1166 10118
  1167 10118
  1168 10118
  1169 10118
  1170 10118
  1171 10118
  1172 10118
  1173 10118
  1174 10118
  1175 10118
  1176 10118
  1177 10118
  1178 10118
  1179 10118
  1180 10118
  1181 10118
  1182 10118
  1183 10118
  1184 10118
  1185 10118
  1186 10118
  1187 10118
  1188 10118
  1189 10118
  1190 10118
  1191 10118
  1192 10118
  1193 10118
  1194 10118
  1195 10118
  1196 10118
  1197 10118
  1198 10118
  1199 10118
  1200 10118
  1201 10118
  1202 10118
  1203 10118
  1204 10118
  1205 10118
  1206 10118
  1207 10118
  1208 10118
  1209 10118
  1210 10118
  1211 10118
  1212 10118
  1213 10118
  1214 10118
  1215 10118
  1216 10118
  1217 10118
  1218 10118
  1219 10118
  1220 10118
  1221 10118
  1222 10118
  1223 10118
  1224 10118
  1225 10118
  1226 10118
  1227 10118
  1228 10118
  1229 10118
  1230 10118
  1231 10118
  1232 10118
  1233 10118
  1234 10118
  1235 10118
  1236 10118
  1237 10118
  1238 10118
  1239 10118
  1240 10118
  1241 10118
  1242 10118
  1243 10118
  1244 10118
  1245 10118
  1246 10118
  1247 10118
  1248 10118
  1249 10118
  1250 10118
  1251 10118
  1252 10118
  1253 10118
  1254 10118
  1255 10118
  1256 10118
  1257 10118
  1258 10118
  1259 10118
  1260 10118
  1264 10130
  1267 10130
  1269 10018
  1270 10018
  1271 10018
  1272 10018
  1273 10018
  1274 10018
  1275 10040
  1276 10040
  1277 10018
  1278 10018
  1279 10158
  1280 10158
  1281 10158
  1282 10158
  1283 10018
  1284 10018
  1285 10018
  1286 10158
  1287 10158
  1288 10158
  1289 10055
  1290 10018
  1291 10055
  1292 10055
  1293 10158
  1294 10018
  1295 10018
  1296 10018
  1297 10018
  1298 10158
  1299 10018
  1300 10018
  1301 10018
  1302 10018
  1303 10018
  1304 10018
  1305 10018
  1306 10018
  1307 10018
  1308 10018
  1309 10018
  1310 10018
  1311 10018
  1312 10018
  1313 10018
  1314 10018
  1315 10018
  1316 10018
  1317 10055
  1318 10055
  1319 10055
  1320 10055
  1321 10055
  1322 10055
  1323 10055
  1324 10055
  1325 10055
  1326 10055
  1327 10055
  1331 10086
  1332 10086
  1333 10071
  1334 10071
  1335 10149
  1336 10149
  1337 10149
  1338 10149
  1339 10149
  1340 10149
  1341 10149
  1342 10149
  1343 10071
  1344 10071
  1345 10071
  1346 10071
  1347 10071
  1348 10071
  1349 10071
  1350 10071
  1351 10071
  1352 10149
  1353 10071
  1354 10149
  1355 10149
  1356 10071
  1357 10149
  1358 10071
  1359 10149
  1360 10149
  1361 10071
  1362 10071
  1363 10071
  1364 10071
  1365 10071
  1366 10071
  1367 10071
  1368 10071
  1369 10149
  1370 10071
  1371 10071
  1372 10071
  1373 10071
  1374 10071
  1375 10141
  1377 10101
  1378 10101
  1379 10141
  1380 10101
  1383 10097
  1384 10162
  1385 10097
  1386 10097
  1387 10097
  1388 10097
  1389 10097
  1390 10097
  1391 10097
  1392 10097
  1393 10097
  1394 10097
  1395 10162
  1396 10162
  1397 10162
  1398 10162
  1399 10162
  1400 10162
  1401 10162
  1402 10162
  1403 10162
  1404 10162
  1405 10162
  1406 10162
  1407 10162
  1408 10162
  1409 10162
  1410 10162
  1411 10162
  1412 10162
  1413 10162
  1414 10162
  1415 10162
  1416 10162
  1417 10162
  1418 10162
  1419 10162
  1420 10162
  1421 10162
  1422 10162
  1423 10162
  1424 10162
  1425 10162
  1426 10162
  1427 10162
  1428 10162
  1429 10162
  1430 10162
  1431 10162
  1432 10162
  1433 10162
  1434 10162
  1435 10162
  1436 10162
  1437 10162
  1438 10162
  1439 10162
  1440 10162
  1441 10162
  1442 10162
  1443 10162
  1444 10162
  1445 10162
  1446 10162
  1447 10162
  1448 10162
  1449 10162
  1450 10162
  1451 10162
  1452 10162
  1453 10162
  1454 10162
  1455 10162
  1456 10162
  1457 10162
  1458 10162
  1459 10162
  1460 10162
  1461 10162
  1462 10162
  1463 10162
  1464 10162
  1465 10162
  1466 10162
  1467 10162
  1468 10162
  1469 10162
  1470 10162
  1471 10162
  1472 10162
  1473 10162
  1474 10162
  1475 10162
  1476 10162
  1477 10162
  1478 10162
  1479 10162
  1480 10162
  1481 10162
  1482 10162
  1483 10162
  1484 10162
  1485 10162
  1486 10162
  1487 10162
  1488 10162
  1489 10162
  1490 10162
  1491 10162
  1492 10162
  1493 10162
  1494 10162
  1495 10162
  1496 10162
  1497 10162
  1498 10162
  1499 10162
  1500 10162
  1501 10162
  1502 10162
  1503 10162
  1504 10162
  1505 10162
  1506 10162
  1507 10162
  1508 10162
  1509 10162
  1510 10162
  1511 10162
  1512 10162
  1513 10162
  1514 10162
  1515 10162
  1516 10162
  1517 10162
  1518 10162
  1519 10162
  1520 10162
  1521 10162
  1522 10162
  1523 10162
  1524 10162
  1525 10162
  1526 10162
  1527 10162
  1528 10162
  1529 10162
  1530 10162
  1531 10162
  1532 10162
  1533 10162
  1534 10162
  1535 10162
  1536 10162
  1537 10162
  1538 10162
  1539 10162
  1540 10162
  1541 10162
  1542 10162
  1543 10162
  1544 10162
  1545 10162
  1546 10162
  1547 10162
  1548 10162
  1549 10162
  1550 10162
  1551 10162
  1552 10162
  1553 10162
  1554 10162
  1555 10162
  1556 10162
  1557 10162
  1558 10162
  1559 10162
  1560 10162
  1561 10162
  1562 10162
  1563 10162
  1564 10162
  1565 10162
  1566 10162
  1567 10162
  1568 10162
  1569 10162
  1570 10162
  1571 10162
  1572 10162
  1573 10162
  1574 10162
  1575 10162
  1576 10162
  1577 10162
  1578 10162
  1579 10162
  1580 10162
  1581 10162
  1582 10162
  1583 10162
  1584 10162
  1585 10162
  1586 10162
  1587 10162
  1588 10162
  1589 10162
  1590 10162
  1591 10162
  1592 10162
  1593 10162
  1594 10162
  1595 10162
  1596 10162
  1597 10162
  1598 10162
  1599 10162
  1600 10162
  1601 10162
  1602 10162
  1603 10162
  1604 10162
  1605 10162
  1606 10162
  1607 10162
  1608 10162
  1609 10162
  1610 10162
  1611 10162
  1612 10162
  1613 10162
  1614 10162
  1615 10162
  1616 10162
  1617 10162
  1618 10162
  1619 10162
  1620 10162
  1621 10097
  1622 10097
  1623 10097
  1624 10143
  1625 10143
  1626 10143
  1627 10014
  1628 10145
  1629 10145
  1630 10145
  1631 10145
  1632 10145
  1633 10145
  1634 10145
  1635 10145
  1636 10145
  1637 10145
  1638 10145
  1639 10145
  1640 10145
  1641 10145
  1642 10145
  1643 10145
  1644 10145
  1645 10145
  1646 10145
  1647 10145
  1648 10145
  1649 10145
  1650 10145
  1651 10145
  1652 10145
  1653 10145
  1654 10145
  1655 10145
  1656 10145
  1657 10145
  1658 10145
  1659 10145
  1660 10145
  1661 10145
  1662 10145
  1663 10145
  1664 10145
  1665 10145
  1666 10145
  1667 10145
  1668 10145
  1669 10145
  1670 10145
  1671 10145
  1672 10145
  1673 10145
  1674 10145
  1675 10145
  1676 10145
  1677 10145
  1678 10145
  1679 10145
  1680 10145
  1681 10145
  1682 10145
  1683 10145
  1684 10145
  1685 10145
  1686 10145
  1687 10145
  1688 10145
  1689 10145
  1690 10145
  1691 10145
  1692 10145
  1693 10145
  1694 10145
  1695 10145
  1696 10145
  1697 10145
  1698 10145
  1699 10145
  1700 10145
  1701 10145
  1702 10145
  1703 10145
  1704 10145
  1705 10145
  1706 10145
  1707 10145
  1708 10145
  1709 10145
  1710 10145
  1711 10145
  1712 10145
  1713 10145
  1714 10145
  1715 10145
  1716 10145
  1717 10145
  1718 10145
  1719 10145
  1720 10145
  1721 10145
  1722 10145
  1723 10145
  1724 10145
  1725 10145
  1726 10145
  1727 10145
  1728 10145
  1729 10145
  1730 10145
  1731 10145
  1732 10145
  1733 10145
  1734 10145
  1735 10145
  1736 10145
  1737 10145
  1738 10145
  1739 10145
  1740 10145
  1741 10145
  1742 10145
  1743 10145
  1744 10145
  1745 10145
  1746 10145
  1747 10145
  1748 10145
  1749 10145
  1750 10145
  1751 10145
  1752 10145
  1753 10145
  1754 10145
  1755 10145
  1756 10145
  1757 10145
  1758 10145
  1759 10145
  1760 10145
  1761 10145
  1762 10145
  1763 10145
  1764 10145
  1765 10145
  1766 10145
  1767 10145
  1768 10145
  1769 10145
  1770 10145
  1771 10145
  1772 10145
  1773 10145
  1774 10145
  1775 10145
  1776 10145
  1777 10145
  1778 10145
  1779 10145
  1780 10145
  1781 10145
  1782 10145
  1783 10145
  1784 10145
  1785 10145
  1786 10145
  1787 10145
  1788 10145
  1789 10145
  1790 10145
  1791 10145
  1792 10145
  1793 10145
  1794 10145
  1795 10145
  1796 10145
  1797 10145
  1798 10145
  1799 10145
  1800 10145
  1801 10145
  1802 10145
  1803 10145
  1804 10145
  1805 10145
  1806 10145
  1807 10145
  1808 10145
  1809 10145
  1810 10145
  1811 10145
  1812 10145
  1813 10145
  1814 10145
  1815 10145
  1816 10145
  1817 10145
  1818 10145
  1819 10145
  1820 10145
  1821 10145
  1822 10145
  1823 10145
  1824 10145
  1825 10145
  1826 10145
  1827 10145
  1828 10145
  1829 10145
  1830 10145
  1831 10145
  1832 10145
  1833 10145
  1834 10145
  1835 10145
  1836 10145
  1837 10145
  1838 10145
  1839 10145
  1840 10145
  1841 10145
  1842 10145
  1843 10145
  1844 10145
  1845 10145
  1846 10145
  1847 10145
  1848 10145
  1849 10145
  1850 10145
  1851 10145
  1852 10145
  1853 10145
  1854 10145
  1855 10145
  1856 10145
  1857 10145
  1858 10145
  1859 10145
  1860 10016
  1865 10164
  1866 10164
  1867 10164
  1868 10164
  1869 10164
  1870 10164
  1871 10164
  1872 10164
  1873 10164
  1874 10164
  1875 10164
  1876 10164
  1877 10164
  1878 10164
  1879 10164
  1880 10164
  1881 10164
  1882 10164
  1883 10164
  1884 10164
  1885 10164
  1886 10164
  1887 10164
  1888 10164
  1889 10164
  1890 10164
  1891 10164
  1892 10164
  1893 10164
  1894 10164
  1895 10164
  1896 10164
  1897 10164
  1898 10164
  1899 10164
  1900 10164
  1901 10164
  1902 10164
  1903 10164
  1904 10164
  1905 10164
  1906 10164
  1907 10164
  1908 10164
  1909 10164
  1910 10164
  1911 10164
  1912 10164
  1913 10164
  1914 10164
  1915 10164
  1916 10164
  1917 10164
  1918 10164
  1919 10164
  1920 10164
  1921 10164
  1922 10164
  1923 10164
  1924 10164
  1925 10164
  1926 10164
  1927 10164
  1928 10164
  1929 10164
  1930 10164
  1931 10164
  1932 10164
  1933 10164
  1934 10164
  1935 10164
  1936 10164
  1937 10164
  1938 10164
  1939 10164
  1940 10164
  1941 10164
  1942 10164
  1943 10164
  1944 10164
  1945 10164
  1946 10164
  1947 10164
  1948 10164
  1949 10164
  1950 10164
  1951 10164
  1952 10164
  1953 10164
  1954 10164
  1955 10164
  1956 10164
  1957 10164
  1958 10164
  1959 10164
  1960 10164
  1961 10164
  1962 10164
  1963 10164
  1964 10164
  1965 10164
  1966 10164
  1967 10164
  1968 10164
  1969 10164
  1970 10164
  1971 10164
  1972 10164
  1973 10164
  1974 10164
  1975 10164
  1976 10164
  1977 10164
  1978 10164
  1979 10164
  1980 10164
  1981 10164
  1982 10164
  1983 10164
  1984 10164
  1985 10164
  1986 10164
  1987 10164
  1988 10164
  1989 10164
  1990 10164
  1991 10164
  1992 10164
  1993 10164
  1994 10164
  1995 10164
  1996 10164
  1997 10164
  1998 10164
  1999 10164
  2000 10164
  2001 10164
  2002 10164
  2003 10164
  2004 10164
  2005 10164
  2006 10164
  2007 10164
  2008 10164
  2009 10164
  2010 10164
  2011 10164
  2012 10164
  2013 10164
  2014 10164
  2015 10164
  2016 10164
  2017 10164
  2018 10164
  2019 10164
  2020 10164
  2021 10164
  2022 10164
  2023 10164
  2024 10164
  2025 10164
  2026 10052
  2027 10052
  2028 10052
  2029 10052
  2030 10052
  2031 10171
  2037 10052
