  1026 10036
  1028 10036
  1029 10007
  1030 10115
  1031 10115
  1032 10154
  1033 10130
  1034 10130
  1035 10130
  1038 10040
  1039 10040
  1040 10040
  1048 10149
  1049 10064
  1050 10064
  1051 10064
  1052 10064
  1053 10064
  1054 10064
  1055 10064
  1056 10064
  1057 10064
  1058 10064
  1059 10064
  1060 10064
  1061 10064
  1062 10064
  1063 10064
  1064 10064
  1065 10064
  1066 10064
  1067 10064
  1068 10064
  1069 10064
  1070 10064
  1071 10071
  1072 10071
  1073 10071
  1074 10064
  1075 10064
  1076 10064
  1077 10064
  1092 10104
  1135 10046
  1136 10046
  1137 10071
  1138 10071
  1139 10071
  1140 10071
  1141 10071
  1142 10071
  1143 10071
  1144 10071
  1145 10071
  1146 10071
  1147 10071
  1148 10071
  1149 10071
  1150 10071
  1151 10071
  1152 10071
  1153 10071
  1154 10071
  1155 10071
  1156 10071
  1157 10071
  1158 10071
  1159 10071
  1160 10071
  1161 10071
  1162 10071
  1163 10071
  1164 10071
  1165 10071
  1166 10071
  1167 10071
  1168 10071
  1169 10071
  1170 10071
  1171 10071
  1172 10071
  1173 10071
  1174 10071
  1175 10071
  1176 10071
  1177 10071
  1178 10071
  1179 10071
  1180 10071
  1181 10071
  1182 10071
  1183 10071
  1184 10071
  1185 10071
  1186 10071
  1187 10071
  1188 10071
  1189 10071
  1190 10071
  1191 10071
  1192 10071
  1193 10071
  1194 10071
  1195 10071
  1196 10071
  1197 10071
  1198 10071
  1199 10071
  1200 10064
  1201 10086
  1202 10159
  1207 10106
  1208 10173
  1210 10010
  1213 10010
  1214 10010
  1222 10010
  1223 10010
  1224 10010
  1234 10010
  1235 10010
  1236 10010
  1237 10010
  1238 10010
  1239 10010
  1240 10010
  1243 10010
  1244 10010
  1245 10010
  1246 10010
  1247 10010
  1248 10010
  1249 10010
  1250 10010
  1260 10010
  1261 10010
  1262 10010
  1263 10010
  1264 10010
  1266 10158
  1268 10169
  1270 10134
  1271 10134
  1272 10134
  1273 10101
  1274 10134
  1281 10061
  1300 10101
  1304 10101
  1306 10141
  1311 10141
  1332 10055
  1333 10055
  1335 10141
  1354 10101
  1355 10101
  1357 10040
  1363 10101
  1364 10101
  1370 10169
  1371 10138
  1375 10141
  1376 10141
  1377 10141
  1378 10141
  1382 10101
  1383 10061
  1384 10101
  1385 10101
  1386 10101
  1387 10141
  1388 10101
  1389 10020
  1390 10020
  1391 10020
  1392 10101
  1393 10020
  1394 10101
  1395 10020
  1396 10020
  1397 10020
  1398 10020
  1399 10020
  1400 10020
  1401 10020
  1402 10020
  1403 10020
  1404 10020
  1405 10020
  1406 10020
  1407 10020
  1408 10020
  1409 10020
  1410 10020
  1411 10020
  1412 10020
  1413 10020
  1414 10020
  1415 10020
  1416 10020
  1417 10020
  1418 10020
  1419 10020
  1420 10020
  1421 10020
  1422 10020
  1423 10020
  1424 10020
  1425 10020
  1426 10020
  1427 10020
  1428 10020
  1429 10020
  1430 10020
  1431 10020
  1432 10020
  1433 10020
  1434 10020
  1435 10020
  1436 10020
  1437 10020
  1438 10020
  1439 10020
  1440 10020
  1441 10020
  1442 10020
  1443 10020
  1444 10020
  1445 10020
  1446 10020
  1447 10020
  1448 10020
  1449 10020
  1450 10020
  1451 10020
  1452 10020
  1453 10020
  1454 10020
  1455 10020
  1456 10020
  1457 10020
  1458 10020
  1459 10020
  1460 10020
  1461 10020
  1462 10020
  1463 10020
  1464 10020
  1465 10020
  1466 10020
  1467 10020
  1468 10020
  1469 10020
  1470 10020
  1471 10020
  1472 10020
  1473 10020
  1474 10020
  1475 10020
  1476 10020
  1477 10020
  1478 10020
  1479 10020
  1480 10020
  1481 10020
  1482 10020
  1483 10020
  1484 10020
  1485 10020
  1486 10020
  1487 10020
  1488 10020
  1489 10020
  1490 10020
  1491 10020
  1492 10020
  1493 10020
  1494 10020
  1495 10020
  1496 10020
  1497 10020
  1498 10020
  1499 10020
  1500 10020
  1501 10020
  1502 10020
  1503 10020
  1504 10020
  1505 10020
  1506 10020
  1507 10020
  1508 10020
  1509 10020
  1510 10020
  1511 10020
  1512 10020
  1513 10020
  1514 10020
  1515 10020
  1516 10020
  1517 10020
  1518 10020
  1519 10020
  1520 10020
  1521 10020
  1522 10020
  1523 10020
  1524 10020
  1525 10020
  1526 10020
  1527 10020
  1528 10020
  1529 10020
  1530 10020
  1531 10020
  1532 10020
  1533 10020
  1534 10020
  1535 10020
  1536 10020
  1537 10020
  1538 10020
  1539 10020
  1540 10020
  1541 10020
  1542 10020
  1543 10020
  1544 10020
  1545 10020
  1546 10020
  1547 10020
  1548 10020
  1549 10020
  1550 10020
  1551 10020
  1552 10020
  1553 10020
  1554 10020
  1555 10020
  1556 10020
  1557 10020
  1558 10020
  1559 10020
  1560 10020
  1561 10020
  1562 10020
  1563 10020
  1564 10020
  1565 10020
  1566 10020
  1567 10020
  1568 10020
  1569 10020
  1570 10020
  1571 10020
  1572 10020
  1573 10020
  1574 10020
  1575 10020
  1576 10020
  1577 10020
  1578 10020
  1579 10020
  1580 10020
  1581 10020
  1582 10020
  1583 10020
  1584 10020
  1585 10020
  1586 10020
  1587 10020
  1588 10020
  1589 10020
  1590 10020
  1591 10020
  1592 10020
  1593 10020
  1594 10020
  1595 10020
  1596 10020
  1597 10020
  1598 10020
  1599 10020
  1600 10020
  1601 10020
  1602 10020
  1603 10020
  1604 10020
  1605 10020
  1606 10020
  1607 10020
  1608 10020
  1609 10020
  1610 10020
  1611 10020
  1612 10020
  1613 10020
  1614 10020
  1615 10020
  1616 10020
  1617 10020
  1618 10020
  1619 10020
  1620 10020
  1621 10043
  1622 10043
  1625 10049
  1627 10020
  1628 10020
  1629 10020
  1630 10020
  1631 10020
  1632 10020
  1633 10020
  1634 10020
  1635 10020
  1636 10020
  1637 10020
  1638 10020
  1639 10020
  1640 10020
  1641 10020
  1642 10020
  1643 10020
  1644 10020
  1645 10020
  1646 10020
  1647 10020
  1648 10020
  1649 10020
  1650 10020
  1651 10020
  1652 10020
  1653 10020
  1654 10020
  1655 10020
  1656 10020
  1657 10020
  1658 10020
  1659 10020
  1660 10020
  1661 10020
  1662 10020
  1663 10020
  1664 10020
  1665 10020
  1666 10020
  1667 10020
  1668 10020
  1669 10020
  1670 10020
  1671 10020
  1672 10020
  1673 10020
  1674 10020
  1675 10020
  1676 10020
  1677 10020
  1678 10020
  1679 10020
  1680 10020
  1681 10020
  1682 10020
  1683 10020
  1684 10020
  1685 10020
  1686 10020
  1687 10020
  1688 10020
  1689 10020
  1690 10020
  1691 10020
  1692 10020
  1693 10020
  1694 10020
  1695 10020
  1696 10020
  1697 10020
  1698 10020
  1699 10020
  1700 10020
  1701 10020
  1702 10020
  1703 10020
  1704 10020
  1705 10020
  1706 10020
  1707 10020
  1708 10020
  1709 10020
  1710 10020
  1711 10020
  1712 10020
  1713 10020
  1714 10020
  1715 10020
  1716 10020
  1717 10020
  1718 10020
  1719 10020
  1720 10020
  1721 10020
  1722 10020
  1723 10020
  1724 10020
  1725 10020
  1726 10020
  1727 10020
  1728 10020
  1729 10020
  1730 10020
  1731 10020
  1732 10020
  1733 10020
  1734 10020
  1735 10020
  1736 10020
  1737 10020
  1738 10020
  1739 10020
  1740 10020
  1741 10020
  1742 10020
  1743 10020
  1744 10020
  1745 10020
  1746 10020
  1747 10020
  1748 10020
  1749 10020
  1750 10020
  1751 10020
  1752 10020
  1753 10020
  1754 10020
  1755 10020
  1756 10020
  1757 10020
  1758 10020
  1759 10020
  1760 10020
  1761 10020
  1762 10020
  1763 10020
  1764 10020
  1765 10020
  1766 10020
  1767 10020
  1768 10020
  1769 10020
  1770 10020
  1771 10020
  1772 10020
  1773 10020
  1774 10020
  1775 10020
  1776 10020
  1777 10020
  1778 10020
  1779 10020
  1780 10020
  1781 10020
  1782 10020
  1783 10020
  1784 10020
  1785 10020
  1786 10020
  1787 10020
  1788 10020
  1789 10020
  1790 10020
  1791 10020
  1792 10020
  1793 10020
  1794 10020
  1795 10020
  1796 10020
  1797 10020
  1798 10020
  1799 10020
  1800 10020
  1801 10020
  1802 10020
  1803 10020
  1804 10020
  1805 10020
  1806 10020
  1807 10020
  1808 10020
  1809 10020
  1810 10020
  1811 10020
  1812 10020
  1813 10020
  1814 10020
  1815 10020
  1816 10020
  1817 10020
  1818 10020
  1819 10020
  1820 10020
  1821 10020
  1822 10020
  1823 10020
  1824 10020
  1825 10020
  1826 10020
  1827 10020
  1828 10020
  1829 10020
  1830 10020
  1831 10020
  1832 10020
  1833 10020
  1834 10020
  1835 10020
  1836 10020
  1837 10020
  1838 10020
  1839 10020
  1840 10020
  1841 10020
  1842 10020
  1843 10020
  1844 10020
  1845 10020
  1846 10020
  1847 10020
  1848 10020
  1849 10020
  1850 10020
  1851 10020
  1852 10020
  1853 10020
  1854 10020
  1855 10020
  1856 10020
  1857 10066
  1858 10066
  1859 10066
  1860 10066
  1861 10066
  1862 10021
  1863 10021
  1864 10021
  1865 10021
  1866 10021
  1867 10021
  1868 10021
  1869 10045
  1870 10021
  1871 10021
  1872 10021
  1873 10021
  1874 10021
  1875 10021
  1876 10021
  1877 10021
  1878 10021
  1879 10021
  1880 10021
  1881 10021
  1882 10021
  1883 10021
  1884 10021
  1885 10021
  1886 10021
  1887 10021
  1888 10021
  1889 10021
  1890 10021
  1891 10021
  1892 10021
  1893 10021
  1894 10021
  1895 10021
  1896 10021
  1897 10021
  1898 10021
  1899 10021
  1900 10021
  1901 10021
  1902 10021
  1903 10021
  1904 10021
  1905 10021
  1906 10021
  1907 10021
  1908 10021
  1909 10021
  1910 10021
  1911 10021
  1912 10021
  1913 10021
  1914 10021
  1915 10021
  1916 10021
  1917 10021
  1918 10021
  1919 10021
  1920 10021
  1921 10021
  1922 10021
  1923 10021
  1924 10021
  1925 10021
  1926 10021
  1927 10021
  1928 10021
  1929 10021
  1930 10021
  1931 10021
  1932 10021
  1933 10021
  1934 10021
  1935 10021
  1936 10021
  1937 10021
  1938 10021
  1939 10021
  1940 10021
  1941 10021
  1942 10021
  1943 10021
  1944 10021
  1945 10021
  1946 10021
  1947 10021
  1948 10021
  1949 10021
  1950 10021
  1951 10021
  1952 10021
  1953 10021
  1954 10021
  1955 10021
  1956 10021
  1957 10021
  1958 10021
  1959 10021
  1960 10021
  1961 10021
  1962 10021
  1963 10021
  1964 10021
  1965 10021
  1966 10021
  1967 10021
  1968 10021
  1969 10021
  1970 10021
  1971 10021
  1972 10021
  1973 10021
  1974 10021
  1975 10021
  1976 10021
  1977 10021
  1978 10021
  1979 10021
  1980 10021
  1981 10021
  1982 10021
  1983 10021
  1984 10021
  1985 10021
  1986 10021
  1987 10021
  1988 10021
  1989 10021
  1990 10021
  1991 10021
  1992 10021
  1993 10021
  1994 10021
  1995 10021
  1996 10021
  1997 10021
  1998 10021
  1999 10021
  2000 10021
  2001 10021
  2002 10021
  2003 10021
  2004 10021
  2005 10021
  2006 10021
  2007 10021
  2008 10021
  2009 10021
  2010 10021
  2011 10021
  2012 10021
  2013 10021
  2014 10021
  2015 10021
  2016 10021
  2017 10021
  2018 10021
  2019 10021
  2020 10021
  2021 10045
  2022 10045
  2023 10045
  2024 10045
  2025 10082
  2026 10045
  2027 10021
  2028 10021
  2029 10021
  2030 10021
  2031 10021
  2032 10021
  2040 10061
  2041 10061
  2042 10061
  2043 10061
