   690 10018
   691 10018
   692 10018
   693 10018
   694 10018
   695 10018
   696 10018
   697 10018
   698 10018
   699 10018
   700 10018
   701 10018
   702 10018
   703 10018
   704 10018
   705 10018
   706 10018
   707 10018
   708 10018
   709 10018
   710 10018
   711 10018
   712 10018
   713 10018
   714 10018
   715 10018
   716 10018
   717 10018
   718 10018
   719 10018
   720 10018
   721 10018
   722 10018
   723 10018
   724 10018
   725 10018
   726 10018
   727 10018
   728 10018
   729 10018
   730 10018
   731 10018
   732 10018
   733 10018
   734 10018
   735 10018
   736 10018
   737 10018
   738 10018
   739 10018
   740 10018
   741 10018
   742 10018
   743 10018
   744 10018
   745 10018
   746 10018
   747 10018
   748 10018
   749 10018
   750 10018
   751 10018
   752 10018
   753 10018
   754 10018
   755 10018
   756 10018
   757 10018
   758 10018
   759 10018
   760 10018
   761 10018
   762 10018
   763 10018
   764 10018
   765 10018
   766 10018
   767 10018
   768 10018
   769 10018
   770 10018
   771 10018
   772 10018
   773 10018
   774 10018
   775 10018
   776 10018
   777 10018
   778 10018
   779 10018
   780 10018
   781 10161
   783 10143
   784 10143
   785 10143
   786 10165
   787 10143
   788 10136
   789 10136
   790 10136
   791 10136
   792 10136
   793 10136
   794 10136
   795 10136
   796 10136
   797 10136
   798 10136
   799 10136
   800 10136
   801 10136
   802 10136
   803 10136
   804 10136
   805 10136
   806 10136
   807 10136
   808 10136
   809 10136
   810 10136
   811 10136
   812 10136
   813 10136
   814 10136
   815 10136
   816 10136
   817 10136
   818 10136
   819 10136
   820 10136
   821 10136
   822 10136
   823 10136
   824 10136
   825 10136
   826 10136
   827 10136
   828 10136
   829 10136
   830 10136
   831 10136
   832 10136
   833 10136
   834 10136
   835 10136
   836 10136
   837 10136
   838 10136
   839 10136
   840 10136
   841 10136
   842 10136
   843 10136
   844 10136
   845 10136
   846 10136
   847 10136
   848 10136
   849 10136
   850 10136
   851 10136
   852 10136
   853 10136
   854 10136
   855 10136
   856 10136
   857 10136
   858 10136
   859 10136
   860 10136
   861 10136
   862 10136
   863 10136
   864 10136
   865 10136
   866 10136
   867 10136
   868 10136
   869 10136
   870 10136
   871 10136
   872 10136
   873 10136
   874 10136
   875 10136
   876 10136
   877 10136
   878 10136
   879 10136
   880 10136
   881 10136
   882 10136
   883 10136
   884 10136
   885 10136
   886 10136
   887 10136
   888 10136
   889 10136
   890 10136
   891 10136
   892 10136
   893 10136
   894 10136
   895 10136
   896 10136
   897 10136
   898 10136
   899 10136
   900 10136
   901 10136
   902 10136
   903 10136
   904 10136
   905 10136
   906 10136
   907 10136
   908 10136
   909 10136
   910 10136
   911 10136
   912 10136
   913 10136
   914 10136
   915 10136
   916 10136
   917 10136
   918 10136
   919 10136
   920 10136
   921 10136
   922 10136
   923 10136
   924 10136
   925 10136
   926 10136
   927 10136
   928 10136
   929 10136
   930 10136
   931 10136
   932 10136
   933 10136
   934 10136
   935 10136
   936 10136
   937 10136
   938 10136
   939 10136
   940 10136
   941 10136
   942 10136
   943 10136
   944 10136
   945 10136
   946 10136
   947 10136
   948 10136
   949 10136
   950 10136
   951 10136
   952 10136
   953 10136
   954 10136
   955 10136
   956 10136
   957 10136
   958 10136
   959 10136
   960 10136
   961 10136
   962 10136
   963 10136
   964 10136
   965 10136
   966 10136
   967 10136
   968 10136
   969 10136
   970 10136
   971 10136
   972 10136
   973 10136
   974 10136
   975 10136
   976 10136
   977 10136
   978 10136
   979 10136
   980 10136
   981 10136
   982 10136
   983 10136
   984 10136
   985 10136
   986 10136
   987 10136
   988 10136
   989 10136
   990 10136
   991 10136
   992 10136
   993 10136
   994 10136
   995 10136
   996 10136
   997 10136
   998 10136
   999 10136
  1000 10136
  1001 10136
  1002 10136
  1003 10136
  1004 10136
  1005 10136
  1006 10136
  1007 10136
  1008 10136
  1009 10136
  1010 10136
  1011 10136
  1012 10136
  1013 10136
  1014 10136
  1015 10136
  1016 10136
  1017 10136
  1018 10136
  1019 10136
  1020 10136
  1022 10073
  1023 10073
  1024 10073
  1025 10073
  1026 10073
  1027 10143
  1028 10075
  1029 10075
  1030 10075
  1031 10075
  1032 10075
  1033 10075
  1034 10075
  1035 10075
  1036 10075
  1037 10075
  1038 10075
  1039 10075
  1040 10075
  1041 10075
  1042 10075
  1043 10075
  1044 10075
  1045 10075
  1046 10075
  1047 10075
  1048 10075
  1049 10075
  1050 10075
  1051 10075
  1052 10075
  1053 10075
  1054 10075
  1055 10075
  1056 10075
  1057 10075
  1058 10075
  1059 10075
  1060 10075
  1061 10075
  1062 10075
  1063 10075
  1064 10075
  1065 10075
  1066 10075
  1067 10075
  1068 10075
  1069 10075
  1070 10075
  1071 10075
  1072 10075
  1073 10075
  1074 10075
  1075 10075
  1076 10075
  1077 10075
  1078 10075
  1079 10075
  1080 10075
  1081 10075
  1082 10075
  1083 10075
  1084 10075
  1085 10075
  1086 10075
  1087 10075
  1088 10075
  1089 10075
  1090 10075
  1091 10075
  1092 10075
  1093 10075
  1094 10075
  1095 10075
  1096 10075
  1097 10075
  1098 10075
  1099 10075
  1100 10075
  1101 10075
  1102 10075
  1103 10075
  1104 10075
  1105 10075
  1106 10075
  1107 10075
  1108 10075
  1109 10075
  1110 10075
  1111 10075
  1112 10075
  1113 10075
  1114 10075
  1115 10075
  1116 10075
  1117 10075
  1118 10075
  1119 10075
  1120 10075
  1121 10075
  1122 10075
  1123 10075
  1124 10075
  1125 10075
  1126 10075
  1127 10075
  1128 10075
  1129 10075
  1130 10075
  1131 10075
  1132 10075
  1133 10075
  1134 10075
  1135 10075
  1136 10075
  1137 10075
  1138 10075
  1139 10075
  1140 10075
  1141 10075
  1142 10075
  1143 10075
  1144 10075
  1145 10075
  1146 10075
  1147 10075
  1148 10075
  1149 10075
  1150 10075
  1151 10075
  1152 10075
  1153 10075
  1154 10075
  1155 10075
  1156 10075
  1157 10075
  1158 10075
  1159 10075
  1160 10075
  1161 10075
  1162 10075
  1163 10075
  1164 10075
  1165 10075
  1166 10075
  1167 10075
  1168 10075
  1169 10075
  1170 10075
  1171 10075
  1172 10075
  1173 10075
  1174 10075
  1175 10075
  1176 10075
  1177 10075
  1178 10075
  1179 10075
  1180 10075
  1181 10075
  1182 10075
  1183 10075
  1184 10075
  1185 10075
  1186 10075
  1187 10075
  1188 10075
  1189 10075
  1190 10075
  1191 10075
  1192 10075
  1193 10075
  1194 10075
  1195 10075
  1196 10075
  1197 10075
  1198 10075
  1199 10075
  1200 10075
  1201 10075
  1202 10075
  1203 10075
  1204 10075
  1205 10075
  1206 10075
  1207 10075
  1208 10075
  1209 10075
  1210 10075
  1211 10075
  1212 10075
  1213 10075
  1214 10075
  1215 10075
  1216 10075
  1217 10075
  1218 10075
  1219 10075
  1220 10075
  1221 10075
  1222 10075
  1223 10075
  1224 10075
  1225 10075
  1226 10075
  1227 10075
  1228 10075
  1229 10075
  1230 10075
  1231 10075
  1232 10075
  1233 10075
  1234 10075
  1235 10075
  1236 10075
  1237 10075
  1238 10075
  1239 10075
  1240 10075
  1241 10075
  1242 10075
  1243 10075
  1244 10075
  1245 10075
  1246 10075
  1247 10075
  1248 10075
  1249 10075
  1250 10075
  1251 10075
  1252 10075
  1253 10075
  1254 10075
  1255 10075
  1256 10075
  1257 10075
  1261 10143
  1262 10136
  1263 10136
  1264 10136
  1265 10096
  1266 10096
  1267 10095
  1270 10018
  1273 10040
  1274 10040
  1275 10095
  1276 10095
  1277 10095
  1278 10095
  1279 10095
  1280 10095
  1281 10095
  1282 10095
  1283 10095
  1284 10095
  1285 10095
  1286 10095
  1287 10095
  1288 10095
  1289 10095
  1290 10095
  1291 10095
  1292 10095
  1293 10095
  1294 10095
  1295 10095
  1296 10095
  1297 10095
  1298 10095
  1299 10095
  1300 10095
  1301 10095
  1302 10095
  1303 10095
  1304 10095
  1305 10095
  1306 10095
  1307 10095
  1308 10095
  1309 10095
  1310 10095
  1311 10095
  1312 10095
  1313 10095
  1314 10095
  1315 10095
  1316 10095
  1317 10095
  1318 10095
  1319 10095
  1320 10095
  1321 10095
  1322 10095
  1323 10095
  1324 10095
  1325 10095
  1326 10095
  1327 10095
  1328 10095
  1329 10095
  1330 10095
  1331 10095
  1332 10095
  1333 10095
  1334 10095
  1335 10095
  1336 10095
  1337 10095
  1338 10095
  1339 10095
  1340 10095
  1341 10095
  1342 10095
  1343 10095
  1344 10095
  1345 10095
  1346 10095
  1347 10095
  1348 10095
  1349 10095
  1350 10095
  1351 10095
  1352 10095
  1353 10095
  1354 10095
  1355 10095
  1356 10095
  1357 10095
  1358 10095
  1359 10095
  1360 10095
  1361 10095
  1362 10095
  1363 10095
  1364 10095
  1365 10095
  1366 10095
  1367 10095
  1368 10095
  1369 10095
  1370 10095
  1371 10095
  1372 10095
  1373 10095
  1374 10095
  1375 10095
  1376 10095
  1377 10095
  1378 10095
  1379 10095
  1380 10095
  1381 10095
  1382 10095
  1383 10095
  1384 10095
  1385 10095
  1386 10095
  1387 10095
  1388 10095
  1389 10095
  1390 10095
  1391 10095
  1392 10095
  1393 10095
  1394 10095
  1395 10095
  1396 10095
  1397 10095
  1398 10095
  1399 10095
  1400 10095
  1401 10095
  1402 10095
  1403 10095
  1404 10095
  1405 10095
  1406 10095
  1407 10095
  1408 10095
  1409 10095
  1410 10095
  1411 10095
  1412 10095
  1413 10095
  1414 10095
  1415 10095
  1416 10095
  1417 10095
  1418 10095
  1419 10095
  1420 10095
  1421 10095
  1422 10095
  1423 10095
  1424 10095
  1425 10095
  1426 10095
  1427 10095
  1428 10095
  1429 10095
  1430 10095
  1431 10095
  1432 10095
  1433 10095
  1434 10095
  1435 10095
  1436 10095
  1437 10095
  1438 10095
  1439 10095
  1440 10095
  1441 10095
  1442 10095
  1443 10095
  1444 10095
  1445 10095
  1446 10095
  1447 10095
  1448 10095
  1449 10095
  1450 10095
  1451 10095
  1452 10095
  1453 10095
  1454 10095
  1455 10095
  1456 10095
  1457 10095
  1458 10095
  1459 10095
  1460 10095
  1461 10095
  1462 10095
  1463 10095
  1464 10095
  1465 10095
  1466 10095
  1467 10095
  1468 10095
  1469 10095
  1470 10095
  1471 10095
  1472 10095
  1473 10095
  1474 10095
  1475 10095
  1476 10095
  1477 10095
  1478 10095
  1479 10095
  1480 10095
  1481 10095
  1482 10095
  1483 10095
  1484 10095
  1485 10095
  1486 10095
  1487 10095
  1488 10095
  1489 10095
  1490 10095
  1491 10095
  1492 10095
  1493 10095
  1494 10095
  1495 10095
  1496 10095
  1497 10095
  1498 10095
  1499 10095
  1500 10095
  1501 10095
  1502 10095
  1503 10095
  1504 10095
  1505 10095
  1506 10095
  1507 10095
  1508 10095
  1509 10095
  1510 10095
  1511 10095
  1512 10095
  1513 10095
  1514 10095
  1515 10095
  1516 10095
  1517 10095
  1518 10095
  1519 10095
  1520 10095
  1521 10095
  1522 10095
  1523 10095
  1524 10095
  1525 10095
  1526 10095
  1527 10095
  1528 10095
  1529 10095
  1530 10095
  1531 10095
  1532 10095
  1533 10095
  1534 10095
  1535 10095
  1536 10095
  1537 10095
  1538 10095
  1539 10095
  1540 10095
  1541 10095
  1542 10095
  1543 10095
  1544 10095
  1545 10095
  1546 10095
  1547 10095
  1548 10095
  1549 10095
  1550 10095
  1551 10095
  1552 10095
  1553 10095
  1554 10095
  1555 10095
  1556 10095
  1557 10095
  1558 10095
  1559 10095
  1560 10095
  1561 10095
  1562 10095
  1563 10095
  1564 10095
  1565 10095
  1566 10095
  1567 10095
  1568 10095
  1569 10095
  1570 10095
  1571 10095
  1572 10095
  1573 10095
  1574 10095
  1575 10095
  1576 10095
  1577 10095
  1578 10095
  1579 10095
  1580 10095
  1581 10095
  1582 10095
  1583 10095
  1584 10095
  1585 10095
  1586 10095
  1587 10095
  1588 10095
  1589 10095
  1590 10095
  1591 10095
  1592 10095
  1593 10095
  1594 10095
  1595 10095
  1596 10095
  1597 10095
  1598 10095
  1599 10095
  1600 10095
  1601 10095
  1602 10095
  1603 10095
  1604 10095
  1605 10095
  1606 10095
  1607 10095
  1608 10095
  1609 10095
  1610 10095
  1611 10095
  1612 10095
  1613 10095
  1614 10095
  1615 10095
  1621 10071
  1622 10071
  1623 10046
  1624 10090
  1625 10039
  1626 10039
  1628 10021
  1629 10021
  1856 10021
  1857 10049
  1858 10072
  1859 10041
  1860 10072
  1861 10072
  1869 10101
  1870 10101
  1871 10101
  1872 10101
  1873 10101
  1874 10101
  1875 10101
  1877 10026
  1878 10026
  1879 10026
  1880 10026
  1881 10026
  1882 10026
  1883 10026
  1884 10026
  1885 10026
  1886 10026
  1887 10026
  1888 10026
  1889 10026
  1890 10026
  1891 10026
  1892 10026
  1893 10026
  1894 10026
  1895 10026
  1896 10026
  1897 10026
  1898 10026
  1899 10026
  1900 10026
  1901 10026
  1902 10026
  1903 10026
  1904 10026
  1905 10026
  1906 10026
  1907 10026
  1908 10026
  1909 10026
  1910 10026
  1911 10026
  1912 10026
  1913 10026
  1914 10026
  1915 10026
  1916 10026
  1917 10026
  1918 10026
  1919 10026
  1920 10026
  1921 10026
  1922 10026
  1923 10026
  1924 10026
  1925 10026
  1926 10026
  1927 10026
  1928 10026
  1929 10026
  1930 10026
  1931 10026
  1932 10026
  1933 10026
  1934 10026
  1935 10026
  1936 10026
  1937 10026
  1938 10026
  1939 10026
  1940 10026
  1941 10026
  1942 10026
  1943 10026
  1944 10026
  1945 10026
  1946 10026
  1947 10026
  1948 10026
  1949 10026
  1950 10026
  1951 10026
  1952 10026
  1953 10026
  1954 10026
  1955 10026
  1956 10026
  1957 10026
  1958 10026
  1959 10026
  1960 10026
  1961 10026
  1962 10026
  1963 10026
  1964 10026
  1965 10026
  1966 10026
  1967 10026
  1968 10026
  1969 10026
  1970 10026
  1971 10026
  1972 10026
  1973 10026
  1974 10026
  1975 10026
  1976 10026
  1977 10026
  1978 10026
  1979 10026
  1980 10026
  1981 10026
  1982 10026
  1983 10026
  1984 10026
  1985 10026
  1986 10026
  1987 10026
  1988 10026
  1989 10026
  1990 10026
  1991 10026
  1992 10026
  1993 10026
  1994 10026
  1995 10026
  1996 10026
  1997 10026
  1998 10026
  1999 10026
  2000 10026
  2001 10026
  2002 10026
  2003 10026
  2004 10026
  2005 10026
  2006 10026
  2007 10026
  2008 10026
  2009 10026
  2010 10026
  2011 10026
  2012 10026
  2013 10026
  2014 10026
  2015 10080
  2016 10080
  2021 10061
  2022 10061
  2023 10061
  2024 10061
  2025 10101
  2026 10101
  2027 10101
