   690 10123
   691 10123
   692 10123
   693 10123
   694 10123
   695 10123
   696 10123
   697 10123
   698 10123
   699 10123
   700 10123
   701 10123
   702 10123
   703 10123
   704 10123
   705 10123
   706 10123
   707 10123
   708 10123
   709 10123
   710 10123
   711 10123
   712 10123
   713 10123
   714 10123
   715 10123
   716 10123
   717 10123
   718 10123
   719 10123
   720 10123
   721 10123
   722 10123
   723 10123
   724 10123
   725 10123
   726 10123
   727 10123
   728 10123
   729 10123
   730 10123
   731 10123
   732 10123
   733 10123
   734 10123
   735 10123
   736 10123
   737 10123
   738 10123
   739 10123
   740 10123
   741 10123
   742 10123
   743 10123
   744 10123
   745 10123
   746 10123
   747 10123
   748 10123
   749 10123
   750 10123
   751 10123
   752 10123
   753 10123
   754 10123
   755 10123
   756 10123
   757 10123
   758 10123
   759 10123
   760 10123
   761 10123
   762 10123
   763 10123
   764 10123
   765 10123
   766 10123
   767 10123
   768 10123
   769 10123
   770 10123
   771 10123
   772 10123
   773 10123
   774 10123
   775 10123
   776 10123
   777 10123
   778 10123
   779 10123
   780 10123
   781 10101
   782 10101
   788 10101
   789 10141
   790 10141
   791 10141
   792 10141
   793 10141
   794 10141
   795 10031
   796 10031
   797 10031
   798 10031
   799 10031
   800 10031
   801 10031
   802 10031
   803 10031
   804 10031
   805 10031
   806 10031
   807 10031
   808 10031
   809 10031
   810 10031
   811 10031
   812 10031
   813 10031
   814 10031
   815 10031
   816 10031
   817 10031
   818 10031
   819 10031
   820 10031
   821 10031
   822 10031
   823 10031
   824 10031
   825 10031
   826 10031
   827 10031
   828 10031
   829 10031
   830 10031
   831 10031
   832 10031
   833 10031
   834 10031
   835 10031
   836 10031
   837 10031
   838 10031
   839 10031
   840 10031
   841 10031
   842 10031
   843 10031
   844 10031
   845 10031
   846 10031
   847 10031
   848 10031
   849 10031
   850 10031
   851 10031
   852 10031
   853 10031
   854 10031
   855 10031
   856 10031
   857 10031
   858 10031
   859 10031
   860 10031
   861 10031
   862 10031
   863 10031
   864 10031
   865 10031
   866 10031
   867 10031
   868 10031
   869 10031
   870 10031
   871 10031
   872 10031
   873 10031
   874 10031
   875 10031
   876 10031
   877 10031
   878 10031
   879 10031
   880 10031
   881 10031
   882 10031
   883 10031
   884 10031
   885 10031
   886 10031
   887 10031
   888 10031
   889 10031
   890 10031
   891 10031
   892 10031
   893 10031
   894 10031
   895 10031
   896 10031
   897 10031
   898 10031
   899 10031
   900 10031
   901 10031
   902 10031
   903 10031
   904 10031
   905 10031
   906 10031
   907 10031
   908 10031
   909 10031
   910 10031
   911 10031
   912 10031
   913 10031
   914 10031
   915 10031
   916 10031
   917 10031
   918 10031
   919 10031
   920 10031
   921 10031
   922 10031
   923 10031
   924 10031
   925 10031
   926 10031
   927 10031
   928 10031
   929 10031
   930 10031
   931 10031
   932 10031
   933 10031
   934 10031
   935 10031
   936 10031
   937 10031
   938 10031
   939 10031
   940 10031
   941 10031
   942 10031
   943 10031
   944 10031
   945 10031
   946 10031
   947 10031
   948 10031
   949 10031
   950 10031
   951 10031
   952 10031
   953 10031
   954 10031
   955 10031
   956 10031
   957 10031
   958 10031
   959 10031
   960 10031
   961 10031
   962 10031
   963 10031
   964 10031
   965 10031
   966 10031
   967 10031
   968 10031
   969 10031
   970 10031
   971 10031
   972 10031
   973 10031
   974 10031
   975 10031
   976 10031
   977 10031
   978 10031
   979 10031
   980 10031
   981 10031
   982 10031
   983 10031
   984 10031
   985 10031
   986 10031
   987 10031
   988 10031
   989 10031
   990 10031
   991 10031
   992 10031
   993 10031
   994 10031
   995 10031
   996 10031
   997 10031
   998 10031
   999 10031
  1000 10031
  1001 10031
  1002 10031
  1003 10031
  1004 10031
  1005 10031
  1006 10031
  1007 10031
  1008 10031
  1009 10031
  1010 10031
  1011 10031
  1012 10031
  1013 10031
  1014 10031
  1015 10031
  1016 10031
  1017 10031
  1018 10031
  1019 10031
  1020 10031
  1021 10050
  1022 10050
  1023 10050
  1024 10050
  1025 10050
  1026 10050
  1027 10050
  1028 10050
  1029 10050
  1030 10050
  1031 10050
  1032 10050
  1033 10050
  1034 10050
  1035 10050
  1036 10050
  1037 10050
  1038 10050
  1039 10050
  1040 10050
  1041 10050
  1042 10050
  1043 10050
  1044 10050
  1045 10050
  1046 10050
  1047 10050
  1048 10050
  1049 10050
  1050 10050
  1051 10050
  1052 10050
  1053 10050
  1054 10050
  1055 10050
  1056 10050
  1057 10050
  1058 10050
  1059 10050
  1060 10050
  1061 10050
  1062 10050
  1063 10050
  1064 10050
  1065 10050
  1066 10050
  1067 10050
  1068 10050
  1069 10050
  1070 10050
  1071 10050
  1072 10050
  1073 10050
  1074 10050
  1075 10050
  1076 10050
  1077 10050
  1078 10050
  1079 10050
  1080 10050
  1081 10050
  1082 10050
  1083 10050
  1084 10050
  1085 10050
  1086 10050
  1087 10050
  1088 10050
  1089 10050
  1090 10050
  1091 10050
  1092 10050
  1093 10050
  1094 10050
  1095 10050
  1096 10050
  1097 10050
  1098 10050
  1099 10050
  1100 10050
  1101 10050
  1102 10050
  1103 10050
  1104 10050
  1105 10050
  1106 10050
  1107 10050
  1108 10050
  1109 10050
  1110 10050
  1111 10050
  1112 10050
  1113 10050
  1114 10050
  1115 10050
  1116 10050
  1117 10050
  1118 10050
  1119 10050
  1120 10050
  1121 10050
  1122 10050
  1123 10050
  1124 10050
  1125 10050
  1126 10050
  1127 10050
  1128 10050
  1129 10050
  1130 10050
  1131 10050
  1132 10050
  1133 10050
  1134 10050
  1135 10050
  1136 10050
  1137 10050
  1138 10050
  1139 10050
  1140 10050
  1141 10050
  1142 10050
  1143 10050
  1144 10050
  1145 10050
  1146 10050
  1147 10050
  1148 10050
  1149 10050
  1150 10050
  1151 10050
  1152 10050
  1153 10050
  1154 10050
  1155 10050
  1156 10050
  1157 10050
  1158 10050
  1159 10050
  1160 10050
  1161 10050
  1162 10050
  1163 10050
  1164 10050
  1165 10050
  1166 10050
  1167 10050
  1168 10050
  1169 10050
  1170 10050
  1171 10050
  1172 10050
  1173 10050
  1174 10050
  1175 10050
  1176 10050
  1177 10050
  1178 10050
  1179 10050
  1180 10050
  1181 10050
  1182 10050
  1183 10050
  1184 10050
  1185 10050
  1186 10050
  1187 10050
  1188 10050
  1189 10050
  1190 10050
  1191 10050
  1192 10050
  1193 10050
  1194 10050
  1195 10050
  1196 10050
  1197 10050
  1198 10050
  1199 10050
  1200 10050
  1201 10050
  1202 10050
  1203 10050
  1204 10050
  1205 10050
  1206 10050
  1207 10050
  1208 10050
  1209 10050
  1210 10050
  1211 10050
  1212 10050
  1213 10050
  1214 10050
  1215 10050
  1216 10050
  1217 10050
  1218 10050
  1219 10050
  1220 10050
  1221 10050
  1222 10050
  1223 10050
  1224 10050
  1225 10050
  1226 10050
  1227 10050
  1228 10050
  1229 10050
  1230 10050
  1231 10050
  1232 10050
  1233 10050
  1234 10050
  1235 10050
  1236 10050
  1237 10050
  1238 10050
  1239 10050
  1240 10050
  1241 10050
  1242 10050
  1243 10050
  1244 10050
  1245 10050
  1246 10050
  1247 10050
  1248 10050
  1249 10050
  1250 10050
  1251 10050
  1252 10050
  1253 10050
  1254 10050
  1255 10050
  1256 10050
  1257 10050
  1258 10050
  1259 10050
  1260 10050
  1261 10101
  1262 10138
  1263 10130
  1265 10130
  1266 10130
  1267 10154
  1268 10156
  1269 10156
  1270 10156
  1271 10156
  1272 10156
  1273 10156
  1274 10156
  1275 10156
  1276 10156
  1277 10156
  1278 10156
  1279 10156
  1280 10156
  1281 10156
  1282 10156
  1283 10156
  1284 10156
  1285 10156
  1286 10156
  1287 10156
  1288 10156
  1289 10156
  1290 10156
  1291 10156
  1292 10156
  1293 10156
  1294 10156
  1295 10156
  1296 10156
  1297 10156
  1298 10156
  1299 10156
  1300 10156
  1301 10156
  1302 10156
  1303 10156
  1304 10156
  1305 10156
  1306 10156
  1307 10156
  1308 10156
  1309 10156
  1310 10156
  1311 10156
  1312 10156
  1313 10156
  1314 10156
  1315 10156
  1316 10156
  1317 10156
  1318 10156
  1319 10156
  1320 10156
  1321 10156
  1322 10156
  1323 10156
  1324 10156
  1325 10156
  1326 10156
  1327 10156
  1328 10156
  1329 10156
  1330 10156
  1331 10156
  1332 10156
  1333 10156
  1334 10156
  1335 10156
  1336 10156
  1337 10156
  1338 10156
  1339 10156
  1340 10156
  1341 10156
  1342 10156
  1343 10156
  1344 10156
  1345 10156
  1346 10156
  1347 10156
  1348 10156
  1349 10156
  1350 10156
  1351 10156
  1352 10156
  1353 10156
  1354 10156
  1355 10156
  1356 10156
  1357 10156
  1358 10156
  1359 10156
  1360 10156
  1361 10156
  1362 10156
  1363 10156
  1364 10156
  1365 10156
  1366 10156
  1367 10156
  1368 10156
  1369 10156
  1370 10156
  1371 10156
  1372 10156
  1373 10156
  1374 10156
  1375 10156
  1376 10156
  1377 10156
  1378 10156
  1379 10156
  1380 10156
  1381 10156
  1382 10156
  1383 10156
  1384 10156
  1385 10156
  1386 10156
  1387 10156
  1388 10156
  1389 10156
  1390 10156
  1391 10156
  1392 10156
  1393 10156
  1394 10156
  1395 10156
  1396 10156
  1397 10156
  1398 10156
  1399 10156
  1400 10156
  1401 10156
  1402 10156
  1403 10156
  1404 10156
  1405 10156
  1406 10156
  1407 10156
  1408 10156
  1409 10156
  1410 10156
  1411 10156
  1412 10156
  1413 10156
  1414 10156
  1415 10156
  1416 10156
  1417 10156
  1418 10156
  1419 10156
  1420 10156
  1421 10156
  1422 10156
  1423 10156
  1424 10156
  1425 10156
  1426 10156
  1427 10156
  1428 10156
  1429 10156
  1430 10156
  1431 10156
  1432 10156
  1433 10156
  1434 10156
  1435 10156
  1436 10156
  1437 10156
  1438 10156
  1439 10156
  1440 10156
  1441 10156
  1442 10156
  1443 10156
  1444 10156
  1445 10156
  1446 10156
  1447 10156
  1448 10156
  1449 10156
  1450 10156
  1451 10156
  1452 10156
  1453 10156
  1454 10156
  1455 10156
  1456 10156
  1457 10156
  1458 10156
  1459 10156
  1460 10156
  1461 10156
  1462 10156
  1463 10156
  1464 10156
  1465 10156
  1466 10156
  1467 10156
  1468 10156
  1469 10156
  1470 10156
  1471 10156
  1472 10156
  1473 10156
  1474 10156
  1475 10156
  1476 10156
  1477 10156
  1478 10156
  1479 10156
  1480 10156
  1481 10156
  1482 10156
  1483 10156
  1484 10156
  1485 10156
  1486 10156
  1487 10156
  1488 10156
  1489 10156
  1490 10156
  1491 10156
  1492 10156
  1493 10156
  1494 10156
  1495 10156
  1496 10156
  1497 10156
  1498 10156
  1499 10156
  1500 10156
  1501 10154
  1502 10111
  1508 10106
  1509 10018
  1510 10018
  1511 10018
  1512 10018
  1513 10018
  1514 10018
  1515 10018
  1516 10040
  1518 10055
  1519 10055
  1536 10018
  1537 10055
  1538 10018
  1539 10055
  1550 10061
  1551 10141
  1552 10141
  1553 10141
  1556 10134
  1565 10101
  1572 10101
  1581 10134
  1582 10134
  1583 10134
  1584 10134
  1586 10134
  1587 10141
  1588 10134
  1594 10134
  1595 10134
  1596 10134
  1597 10134
  1598 10134
  1599 10134
  1600 10134
  1601 10134
  1602 10134
  1606 10134
  1607 10134
  1608 10134
  1618 10108
  1619 10108
  1620 10108
  1621 10108
  1622 10108
  1623 10108
  1624 10108
  1625 10108
  1626 10108
  1627 10108
  1628 10108
  1629 10108
  1630 10108
  1631 10108
  1632 10108
  1633 10108
  1634 10108
  1635 10108
  1636 10108
  1637 10108
  1638 10108
  1639 10108
  1640 10108
  1641 10108
  1642 10108
  1643 10108
  1644 10108
  1645 10108
  1646 10108
  1647 10108
  1648 10108
  1649 10108
  1650 10108
  1651 10108
  1652 10108
  1653 10108
  1654 10108
  1655 10108
  1656 10108
  1657 10108
  1658 10108
  1659 10108
  1660 10108
  1661 10108
  1662 10108
  1663 10108
  1664 10108
  1665 10108
  1666 10108
  1667 10108
  1668 10108
  1669 10108
  1670 10108
  1671 10108
  1672 10108
  1673 10108
  1674 10108
  1675 10108
  1676 10108
  1677 10108
  1678 10108
  1679 10108
  1680 10108
  1681 10108
  1682 10108
  1683 10108
  1684 10108
  1685 10108
  1686 10108
  1687 10108
  1688 10108
  1689 10108
  1690 10108
  1691 10108
  1692 10108
  1693 10108
  1694 10108
  1695 10108
  1696 10108
  1697 10108
  1698 10108
  1699 10108
  1700 10108
  1701 10108
  1702 10108
  1703 10108
  1704 10108
  1705 10108
  1706 10108
  1707 10108
  1708 10108
  1709 10108
  1710 10108
  1711 10108
  1712 10108
  1713 10108
  1714 10108
  1715 10108
  1716 10108
  1717 10108
  1718 10108
  1719 10108
  1720 10108
  1721 10108
  1722 10108
  1723 10108
  1724 10108
  1725 10108
  1726 10108
  1727 10108
  1728 10108
  1729 10108
  1730 10108
  1731 10108
  1732 10108
  1733 10108
  1734 10108
  1735 10108
  1736 10108
  1737 10108
  1738 10108
  1739 10108
  1740 10108
  1741 10108
  1742 10108
  1743 10108
  1744 10108
  1745 10108
  1746 10108
  1747 10108
  1748 10108
  1749 10108
  1750 10108
  1751 10108
  1752 10108
  1753 10108
  1754 10108
  1755 10108
  1756 10108
  1757 10108
  1758 10108
  1759 10108
  1760 10108
  1761 10108
  1762 10108
  1763 10108
  1764 10108
  1765 10108
  1766 10108
  1767 10108
  1768 10108
  1769 10108
  1770 10108
  1771 10108
  1772 10108
  1773 10108
  1774 10108
  1775 10108
  1776 10108
  1777 10108
  1778 10108
  1779 10108
  1780 10108
  1781 10108
  1782 10108
  1783 10108
  1784 10108
  1785 10108
  1786 10108
  1787 10108
  1788 10108
  1789 10108
  1790 10108
  1791 10108
  1792 10108
  1793 10108
  1794 10108
  1795 10108
  1796 10108
  1797 10108
  1798 10108
  1799 10108
  1800 10108
  1801 10108
  1802 10108
  1803 10108
  1804 10108
  1805 10108
  1806 10108
  1807 10108
  1808 10108
  1809 10108
  1810 10108
  1811 10108
  1812 10108
  1813 10108
  1814 10108
  1815 10108
  1816 10108
  1817 10108
  1818 10108
  1819 10108
  1820 10108
  1821 10108
  1822 10108
  1823 10108
  1824 10108
  1825 10108
  1826 10108
  1827 10108
  1828 10108
  1829 10108
  1830 10108
  1831 10108
  1832 10108
  1833 10108
  1834 10108
  1835 10108
  1836 10108
  1837 10108
  1838 10108
  1839 10108
  1840 10108
  1841 10108
  1842 10108
  1843 10108
  1844 10108
  1845 10108
  1846 10108
  1847 10108
  1848 10108
  1849 10108
  1850 10108
  1851 10108
  1852 10108
  1853 10108
  1854 10108
  1855 10108
  1856 10125
  1857 10125
  1858 10125
  1859 10125
  1860 10125
  1861 10125
  1862 10125
  1863 10125
  1864 10125
  1865 10108
  1866 10108
  1867 10108
  1868 10108
  1869 10108
  1870 10017
  1871 10017
  1872 10017
  1873 10017
  1874 10017
  1875 10017
  1876 10017
  1877 10017
  1878 10017
  1879 10017
  1880 10017
  1881 10017
  1882 10017
  1883 10017
  1884 10017
  1885 10017
  1886 10017
  1887 10017
  1888 10017
  1889 10017
  1890 10017
  1891 10017
  1892 10017
  1893 10017
  1894 10017
  1895 10017
  1896 10017
  1897 10017
  1898 10017
  1899 10017
  1900 10017
  1901 10017
  1902 10017
  1903 10017
  1904 10017
  1905 10017
  1906 10017
  1907 10017
  1908 10017
  1909 10017
  1910 10017
  1911 10017
  1912 10017
  1913 10017
  1914 10017
  1915 10017
  1916 10017
  1917 10017
  1918 10017
  1919 10017
  1920 10017
  1921 10017
  1922 10017
  1923 10017
  1924 10017
  1925 10017
  1926 10017
  1927 10017
  1928 10017
  1929 10017
  1930 10017
  1931 10017
  1932 10017
  1933 10017
  1934 10017
  1935 10017
  1936 10017
  1937 10017
  1938 10017
  1939 10017
  1940 10017
  1941 10017
  1942 10017
  1943 10017
  1944 10017
  1945 10017
  1946 10017
  1947 10017
  1948 10017
  1949 10017
  1950 10017
  1951 10017
  1952 10017
  1953 10017
  1954 10017
  1955 10017
  1956 10017
  1957 10017
  1958 10017
  1959 10017
  1960 10017
  1961 10017
  1962 10017
  1963 10017
  1964 10017
  1965 10017
  1966 10017
  1967 10017
  1968 10017
  1969 10017
  1970 10017
  1971 10017
  1972 10017
  1973 10017
  1974 10017
  1975 10017
  1976 10017
  1977 10017
  1978 10017
  1979 10017
  1980 10017
  1981 10017
  1982 10017
  1983 10017
  1984 10017
  1985 10017
  1986 10017
  1987 10017
  1988 10017
  1989 10017
  1990 10017
  1991 10017
  1992 10017
  1993 10017
  1994 10017
  1995 10017
  1996 10017
  1997 10017
  1998 10017
  1999 10017
  2000 10017
  2001 10017
  2002 10017
  2003 10017
  2004 10017
  2005 10017
  2006 10017
  2007 10017
  2008 10017
  2009 10017
  2010 10017
  2011 10017
  2012 10017
  2013 10017
  2014 10017
  2015 10017
  2016 10017
  2017 10017
  2018 10017
  2019 10017
  2020 10017
  2021 10017
  2022 10017
  2023 10028
  2024 10028
  2025 10070
  2027 10026
  2028 10026
  2029 10026
  2030 10026
  2032 10101
  2039 10123
  2040 10123
  2041 10123
  2042 10123
  2044 10123
  2045 10123
  2046 10123
  2047 10123
  2048 10123
  2049 10123
  2050 10069
  2052 10080
  2053 10080
  2054 10094
  2055 10094
  2056 10094
  2057 10094
  2058 10094
  2059 10094
  2060 10094
  2061 10094
  2062 10094
  2063 10094
  2064 10094
  2065 10094
  2066 10094
  2067 10094
  2068 10094
  2069 10094
  2070 10094
  2071 10094
  2072 10094
  2073 10094
  2074 10094
  2075 10094
  2076 10094
  2077 10094
  2078 10094
  2079 10094
  2080 10094
  2081 10094
  2082 10094
  2083 10069
  2084 10094
  2085 10094
  2086 10064
  2087 10080
  2088 10069
  2089 10069
  2090 10069
  2091 10069
  2092 10094
  2093 10094
  2094 10094
  2095 10094
  2096 10094
  2097 10094
  2098 10094
  2099 10069
  2100 10094
  2101 10094
  2102 10094
  2103 10094
  2104 10094
  2105 10094
  2106 10094
  2107 10094
  2108 10094
  2109 10094
  2110 10094
  2111 10094
  2112 10094
  2113 10094
  2114 10094
  2115 10094
  2116 10094
  2117 10094
  2118 10094
  2119 10094
  2120 10094
  2121 10094
  2122 10094
  2123 10094
  2124 10094
  2125 10094
  2126 10094
  2127 10094
  2128 10094
  2129 10094
  2130 10094
  2131 10094
  2132 10094
  2133 10094
  2134 10094
  2135 10094
  2136 10094
  2137 10094
  2138 10094
  2139 10094
  2140 10094
  2141 10094
  2142 10094
  2143 10094
  2144 10094
  2145 10094
  2146 10094
  2147 10094
  2148 10094
  2149 10094
  2150 10094
  2151 10094
  2152 10094
  2153 10094
  2154 10094
  2155 10094
  2156 10094
  2157 10094
  2158 10094
  2159 10094
  2160 10094
  2161 10094
  2162 10094
  2163 10094
  2164 10094
  2165 10094
  2166 10094
  2167 10094
  2168 10094
  2169 10094
  2170 10094
  2171 10094
  2172 10094
  2173 10094
  2174 10094
  2175 10094
  2176 10094
  2177 10094
  2178 10094
  2179 10094
  2180 10094
  2181 10094
  2182 10094
  2183 10094
  2184 10094
  2185 10094
  2186 10094
  2187 10094
  2188 10094
  2189 10094
  2190 10094
  2191 10094
  2192 10094
  2193 10094
  2194 10094
  2195 10094
  2196 10094
  2197 10094
  2198 10094
  2199 10094
  2200 10094
  2201 10094
  2202 10094
  2203 10094
  2204 10094
  2205 10094
  2206 10094
  2207 10094
  2208 10094
  2209 10094
  2210 10094
  2211 10094
  2212 10094
  2213 10094
  2214 10094
  2215 10094
  2216 10094
  2217 10094
  2218 10094
  2219 10094
  2220 10094
  2221 10094
  2222 10094
  2223 10094
  2224 10094
  2225 10094
  2226 10094
  2227 10094
  2228 10094
  2229 10094
  2230 10094
  2231 10094
  2232 10094
  2233 10094
  2234 10094
  2235 10094
  2236 10094
  2237 10094
  2238 10094
  2239 10094
  2240 10094
  2241 10094
  2242 10094
  2243 10094
  2244 10094
  2245 10094
  2246 10094
  2247 10094
  2248 10094
  2249 10094
  2250 10094
  2251 10094
  2252 10094
  2253 10094
  2254 10094
  2255 10094
  2256 10094
  2257 10094
  2258 10094
  2259 10094
  2260 10094
  2261 10094
  2262 10094
  2263 10094
  2264 10094
  2265 10094
  2266 10094
  2267 10094
  2268 10094
  2269 10094
  2270 10094
  2271 10094
  2272 10094
  2273 10094
  2274 10094
  2275 10094
  2276 10094
  2277 10094
  2278 10094
  2279 10094
  2280 10094
  2281 10094
  2282 10094
  2283 10094
  2284 10094
  2285 10094
  2286 10094
  2287 10094
  2288 10094
  2289 10094
  2290 10094
  2291 10094
  2292 10094
  2293 10094
  2294 10094
  2295 10094
  2296 10094
  2297 10094
  2298 10094
  2299 10094
  2300 10094
  2301 10094
  2302 10094
  2303 10094
  2304 10094
  2305 10094
  2306 10094
  2307 10094
  2308 10094
  2309 10094
  2310 10094
  2311 10094
  2312 10094
  2313 10094
  2314 10094
  2315 10094
  2316 10094
  2317 10094
  2318 10094
  2319 10094
  2320 10094
  2321 10094
  2322 10094
  2323 10094
  2324 10094
  2325 10094
  2326 10094
  2327 10094
  2328 10094
  2329 10094
  2330 10094
  2331 10094
  2332 10094
  2333 10094
  2334 10094
  2335 10094
  2336 10094
  2337 10094
  2338 10094
  2339 10094
  2340 10094
  2341 10094
  2342 10094
  2343 10094
  2344 10094
  2345 10094
  2346 10094
  2347 10094
  2348 10094
  2349 10094
  2350 10094
  2351 10094
  2352 10094
  2353 10094
  2354 10094
  2355 10094
  2356 10094
  2357 10094
  2358 10094
  2359 10094
  2360 10094
  2361 10094
  2362 10094
  2363 10094
  2364 10094
  2365 10094
  2366 10094
  2367 10094
  2368 10094
  2369 10094
  2370 10094
  2371 10094
  2372 10094
  2373 10094
  2374 10094
  2375 10094
  2376 10094
  2377 10094
  2378 10094
  2379 10094
  2380 10094
  2381 10094
  2382 10094
  2383 10094
  2384 10094
  2385 10094
  2386 10094
  2387 10094
  2388 10069
  2389 10069
  2391 10054
  2392 10054
  2393 10054
  2415 10029
  2416 10029
  2417 10029
