   690 10083
   691 10083
   692 10083
   693 10083
   694 10083
   695 10083
   696 10083
   697 10083
   698 10083
   699 10083
   700 10083
   701 10083
   702 10083
   703 10083
   704 10083
   705 10083
   706 10083
   707 10083
   708 10083
   709 10083
   710 10083
   711 10083
   712 10083
   713 10083
   714 10083
   715 10083
   716 10083
   717 10083
   718 10083
   719 10083
   720 10083
   721 10083
   722 10083
   723 10083
   724 10083
   725 10083
   726 10083
   727 10083
   728 10083
   729 10083
   730 10083
   731 10083
   732 10083
   733 10083
   734 10083
   735 10083
   736 10083
   737 10083
   738 10083
   739 10083
   740 10083
   741 10083
   742 10083
   743 10083
   744 10083
   745 10083
   746 10083
   747 10083
   748 10083
   749 10083
   750 10083
   751 10083
   752 10083
   753 10083
   754 10083
   755 10083
   756 10083
   757 10083
   758 10083
   759 10083
   760 10083
   761 10083
   762 10083
   763 10083
   764 10083
   765 10083
   766 10083
   767 10083
   768 10083
   769 10083
   770 10083
   771 10083
   772 10083
   773 10083
   774 10083
   775 10083
   776 10083
   777 10083
   778 10083
   779 10083
   780 10083
   781 10101
   782 10101
   784 10015
   785 10015
   786 10155
   787 10155
   788 10155
   789 10155
   790 10155
   791 10155
   792 10155
   793 10155
   794 10155
   795 10155
   796 10155
   797 10155
   798 10155
   799 10155
   800 10155
   801 10155
   802 10155
   803 10155
   804 10155
   805 10155
   806 10155
   807 10155
   808 10155
   809 10155
   810 10155
   811 10155
   812 10155
   813 10155
   814 10155
   815 10155
   816 10155
   817 10155
   818 10155
   819 10155
   820 10155
   821 10155
   822 10155
   823 10155
   824 10155
   825 10155
   826 10155
   827 10155
   828 10155
   829 10155
   830 10155
   831 10155
   832 10155
   833 10155
   834 10155
   835 10155
   836 10155
   837 10155
   838 10155
   839 10155
   840 10155
   841 10155
   842 10155
   843 10155
   844 10155
   845 10155
   846 10155
   847 10155
   848 10155
   849 10155
   850 10155
   851 10155
   852 10155
   853 10155
   854 10155
   855 10155
   856 10155
   857 10155
   858 10155
   859 10155
   860 10155
   861 10155
   862 10155
   863 10155
   864 10155
   865 10155
   866 10155
   867 10155
   868 10155
   869 10155
   870 10155
   871 10155
   872 10155
   873 10155
   874 10155
   875 10155
   876 10155
   877 10155
   878 10155
   879 10155
   880 10155
   881 10155
   882 10155
   883 10155
   884 10155
   885 10155
   886 10155
   887 10155
   888 10155
   889 10155
   890 10155
   891 10155
   892 10155
   893 10155
   894 10155
   895 10155
   896 10155
   897 10155
   898 10155
   899 10155
   900 10155
   901 10155
   902 10155
   903 10155
   904 10155
   905 10155
   906 10155
   907 10155
   908 10155
   909 10155
   910 10155
   911 10155
   912 10155
   913 10155
   914 10155
   915 10155
   916 10155
   917 10155
   918 10155
   919 10155
   920 10155
   921 10155
   922 10155
   923 10155
   924 10155
   925 10155
   926 10155
   927 10155
   928 10155
   929 10155
   930 10155
   931 10155
   932 10155
   933 10155
   934 10155
   935 10155
   936 10155
   937 10155
   938 10155
   939 10155
   940 10155
   941 10155
   942 10155
   943 10155
   944 10155
   945 10155
   946 10155
   947 10155
   948 10155
   949 10155
   950 10155
   951 10155
   952 10155
   953 10155
   954 10155
   955 10155
   956 10155
   957 10155
   958 10155
   959 10155
   960 10155
   961 10155
   962 10155
   963 10155
   964 10155
   965 10155
   966 10155
   967 10155
   968 10155
   969 10155
   970 10155
   971 10155
   972 10155
   973 10155
   974 10155
   975 10155
   976 10155
   977 10155
   978 10155
   979 10155
   980 10155
   981 10155
   982 10155
   983 10155
   984 10155
   985 10155
   986 10155
   987 10155
   988 10155
   989 10155
   990 10155
   991 10155
   992 10155
   993 10155
   994 10155
   995 10155
   996 10155
   997 10155
   998 10155
   999 10155
  1000 10155
  1001 10155
  1002 10155
  1003 10155
  1004 10155
  1005 10155
  1006 10155
  1007 10155
  1008 10155
  1009 10155
  1010 10155
  1011 10155
  1012 10155
  1013 10155
  1014 10155
  1015 10155
  1016 10155
  1017 10155
  1018 10155
  1019 10155
  1020 10155
  1022 10016
  1024 10138
  1025 10138
  1026 10138
  1027 10138
  1028 10138
  1029 10138
  1030 10138
  1031 10138
  1032 10138
  1033 10138
  1034 10138
  1035 10138
  1036 10138
  1037 10138
  1038 10138
  1039 10138
  1040 10138
  1041 10138
  1042 10138
  1043 10138
  1044 10138
  1045 10138
  1046 10138
  1047 10138
  1048 10138
  1049 10138
  1050 10138
  1051 10138
  1052 10138
  1053 10138
  1054 10138
  1055 10138
  1056 10138
  1057 10138
  1058 10138
  1059 10138
  1060 10138
  1061 10138
  1062 10138
  1063 10138
  1064 10138
  1065 10138
  1066 10138
  1067 10138
  1068 10138
  1069 10138
  1070 10138
  1071 10138
  1072 10138
  1073 10138
  1074 10138
  1075 10138
  1076 10138
  1077 10138
  1078 10138
  1079 10138
  1080 10138
  1081 10138
  1082 10138
  1083 10138
  1084 10138
  1085 10138
  1086 10138
  1087 10138
  1088 10138
  1089 10138
  1090 10138
  1091 10138
  1092 10138
  1093 10138
  1094 10138
  1095 10138
  1096 10138
  1097 10138
  1098 10138
  1099 10138
  1100 10138
  1101 10138
  1102 10138
  1103 10138
  1104 10138
  1105 10138
  1106 10138
  1107 10138
  1108 10138
  1109 10138
  1110 10138
  1111 10138
  1112 10138
  1113 10138
  1114 10138
  1115 10138
  1116 10138
  1117 10138
  1118 10138
  1119 10138
  1120 10138
  1121 10138
  1122 10138
  1123 10138
  1124 10138
  1125 10138
  1126 10138
  1127 10138
  1128 10138
  1129 10138
  1130 10138
  1131 10138
  1132 10138
  1133 10138
  1134 10138
  1135 10138
  1136 10138
  1137 10138
  1138 10138
  1139 10138
  1140 10138
  1141 10138
  1142 10138
  1143 10138
  1144 10138
  1145 10138
  1146 10138
  1147 10138
  1148 10138
  1149 10138
  1150 10138
  1151 10138
  1152 10138
  1153 10138
  1154 10138
  1155 10138
  1156 10138
  1157 10138
  1158 10138
  1159 10138
  1160 10138
  1161 10138
  1162 10138
  1163 10138
  1164 10138
  1165 10138
  1166 10138
  1167 10138
  1168 10138
  1169 10138
  1170 10138
  1171 10138
  1172 10138
  1173 10138
  1174 10138
  1175 10138
  1176 10138
  1177 10138
  1178 10138
  1179 10138
  1180 10138
  1181 10138
  1182 10138
  1183 10138
  1184 10138
  1185 10138
  1186 10138
  1187 10138
  1188 10138
  1189 10138
  1190 10138
  1191 10138
  1192 10138
  1193 10138
  1194 10138
  1195 10138
  1196 10138
  1197 10138
  1198 10138
  1199 10138
  1200 10138
  1201 10138
  1202 10138
  1203 10138
  1204 10138
  1205 10138
  1206 10138
  1207 10138
  1208 10138
  1209 10138
  1210 10138
  1211 10138
  1212 10138
  1213 10138
  1214 10138
  1215 10138
  1216 10138
  1217 10138
  1218 10138
  1219 10138
  1220 10138
  1221 10138
  1222 10138
  1223 10138
  1224 10138
  1225 10138
  1226 10138
  1227 10138
  1228 10138
  1229 10138
  1230 10138
  1231 10138
  1232 10138
  1233 10138
  1234 10138
  1235 10138
  1236 10138
  1237 10138
  1238 10138
  1239 10138
  1240 10138
  1241 10138
  1242 10138
  1243 10138
  1244 10138
  1245 10138
  1246 10138
  1247 10138
  1248 10138
  1249 10138
  1250 10138
  1251 10138
  1252 10138
  1253 10138
  1254 10138
  1255 10138
  1256 10138
  1257 10138
  1258 10050
  1259 10088
  1264 10154
  1265 10154
  1266 10154
  1267 10154
  1268 10154
  1269 10095
  1270 10095
  1271 10036
  1272 10036
  1273 10036
  1274 10036
  1275 10036
  1276 10036
  1277 10036
  1278 10016
  1279 10016
  1280 10016
  1281 10016
  1282 10074
  1283 10016
  1284 10016
  1285 10014
  1286 10014
  1287 10130
  1288 10130
  1290 10130
  1291 10130
  1292 10130
  1293 10016
  1294 10130
  1295 10130
  1296 10130
  1298 10130
  1299 10141
  1300 10101
  1302 10064
  1303 10149
  1304 10071
  1305 10149
  1306 10071
  1307 10071
  1308 10071
  1309 10071
  1310 10071
  1311 10071
  1312 10071
  1313 10149
  1314 10149
  1315 10149
  1316 10071
  1317 10071
  1318 10086
  1319 10086
  1320 10086
  1321 10061
  1322 10154
  1323 10154
  1324 10154
  1325 10014
  1326 10014
  1327 10016
  1328 10016
  1329 10016
  1330 10016
  1331 10016
  1332 10016
  1333 10016
  1334 10016
  1335 10016
  1336 10016
  1337 10016
  1338 10014
  1339 10016
  1340 10016
  1341 10016
  1342 10016
  1343 10016
  1344 10016
  1345 10016
  1346 10016
  1347 10016
  1348 10016
  1349 10016
  1350 10016
  1351 10016
  1352 10016
  1353 10016
  1354 10016
  1355 10016
  1356 10016
  1357 10016
  1358 10016
  1359 10016
  1360 10143
  1361 10143
  1362 10016
  1363 10016
  1364 10016
  1365 10016
  1366 10016
  1367 10016
  1368 10016
  1369 10016
  1370 10016
  1371 10016
  1372 10016
  1373 10016
  1374 10016
  1375 10016
  1376 10016
  1377 10016
  1378 10016
  1379 10016
  1380 10016
  1381 10016
  1382 10016
  1383 10016
  1384 10016
  1385 10016
  1386 10016
  1387 10016
  1388 10016
  1389 10016
  1390 10016
  1391 10016
  1392 10016
  1393 10016
  1394 10016
  1395 10016
  1396 10016
  1397 10016
  1398 10016
  1399 10016
  1400 10016
  1401 10016
  1402 10016
  1403 10016
  1404 10016
  1405 10016
  1406 10016
  1407 10016
  1408 10016
  1409 10016
  1410 10016
  1411 10016
  1412 10016
  1413 10016
  1414 10016
  1415 10016
  1416 10016
  1417 10016
  1418 10016
  1419 10016
  1420 10016
  1421 10016
  1422 10106
  1423 10106
  1424 10055
  1425 10098
  1426 10018
  1427 10018
  1428 10018
  1429 10018
  1430 10018
  1431 10018
  1432 10055
  1433 10055
  1434 10055
  1435 10055
  1436 10055
  1437 10055
  1438 10055
  1439 10055
  1440 10055
  1441 10055
  1442 10055
  1443 10055
  1444 10055
  1445 10140
  1446 10055
  1447 10018
  1448 10055
  1449 10055
  1450 10055
  1451 10055
  1452 10055
  1453 10018
  1454 10018
  1455 10018
  1456 10140
  1457 10055
  1458 10055
  1459 10055
  1460 10055
  1461 10055
  1462 10055
  1463 10055
  1464 10158
  1465 10055
  1466 10055
  1467 10055
  1468 10055
  1469 10055
  1470 10055
  1471 10055
  1472 10055
  1473 10055
  1474 10055
  1475 10055
  1476 10055
  1477 10055
  1478 10055
  1479 10055
  1480 10055
  1481 10018
  1485 10016
  1486 10081
  1487 10016
  1488 10016
  1489 10016
  1490 10016
  1491 10016
  1492 10016
  1493 10016
  1494 10016
  1495 10016
  1496 10016
  1497 10016
  1498 10016
  1499 10154
  1500 10016
  1501 10016
  1502 10016
  1503 10016
  1504 10016
  1505 10016
  1506 10016
  1507 10016
  1508 10016
  1509 10154
  1510 10016
  1511 10154
  1512 10014
  1513 10014
  1514 10016
  1515 10016
  1516 10016
  1517 10016
  1518 10016
  1519 10014
  1520 10014
  1521 10014
  1522 10014
  1523 10016
  1524 10016
  1525 10016
  1526 10016
  1527 10016
  1528 10016
  1529 10016
  1530 10016
  1531 10016
  1532 10016
  1533 10016
  1534 10016
  1535 10016
  1536 10016
  1537 10016
  1538 10016
  1539 10016
  1540 10016
  1541 10016
  1542 10016
  1543 10016
  1544 10016
  1545 10016
  1546 10016
  1547 10016
  1548 10016
  1549 10016
  1550 10016
  1551 10016
  1552 10016
  1553 10016
  1554 10016
  1555 10016
  1556 10016
  1557 10016
  1558 10016
  1559 10016
  1560 10016
  1561 10016
  1562 10016
  1563 10016
  1564 10016
  1565 10016
  1566 10016
  1567 10016
  1568 10016
  1569 10016
  1570 10016
  1571 10016
  1572 10016
  1573 10016
  1574 10016
  1575 10016
  1576 10016
  1577 10016
  1578 10016
  1579 10016
  1580 10016
  1581 10016
  1582 10016
  1583 10016
  1584 10016
  1585 10016
  1586 10016
  1587 10016
  1588 10016
  1589 10016
  1590 10016
  1591 10016
  1592 10016
  1593 10016
  1594 10016
  1595 10016
  1596 10016
  1597 10016
  1598 10016
  1599 10016
  1600 10016
  1601 10016
  1602 10016
  1603 10016
  1604 10016
  1605 10016
  1606 10016
  1607 10016
  1608 10016
  1609 10016
  1610 10016
  1611 10016
  1612 10016
  1613 10016
  1614 10016
  1615 10016
  1616 10016
  1617 10016
  1618 10154
  1619 10130
  1629 10011
  1630 10011
  1631 10011
  1632 10011
  1633 10011
  1634 10011
  1635 10011
  1636 10011
  1637 10011
  1638 10011
  1639 10011
  1640 10011
  1641 10011
  1642 10011
  1643 10011
  1644 10011
  1645 10011
  1646 10011
  1647 10011
  1648 10011
  1649 10011
  1650 10011
  1651 10011
  1652 10011
  1653 10011
  1654 10011
  1655 10011
  1656 10011
  1657 10011
  1658 10011
  1659 10011
  1660 10011
  1661 10011
  1662 10011
  1663 10011
  1664 10011
  1665 10011
  1666 10011
  1667 10011
  1668 10011
  1669 10011
  1670 10011
  1671 10011
  1672 10011
  1673 10011
  1674 10011
  1675 10011
  1676 10011
  1677 10011
  1678 10011
  1679 10011
  1680 10011
  1681 10011
  1682 10011
  1683 10011
  1684 10011
  1685 10011
  1686 10011
  1687 10011
  1688 10011
  1689 10011
  1690 10011
  1691 10011
  1692 10011
  1693 10011
  1694 10011
  1695 10011
  1696 10011
  1697 10011
  1698 10011
  1699 10011
  1700 10011
  1701 10011
  1702 10011
  1703 10011
  1704 10011
  1705 10011
  1706 10011
  1707 10011
  1708 10011
  1709 10011
  1710 10011
  1711 10011
  1712 10011
  1713 10011
  1714 10011
  1715 10011
  1716 10011
  1717 10011
  1718 10011
  1719 10011
  1720 10011
  1721 10011
  1722 10011
  1723 10011
  1724 10011
  1725 10011
  1726 10011
  1727 10011
  1728 10011
  1729 10011
  1730 10011
  1731 10011
  1732 10011
  1733 10011
  1734 10011
  1735 10011
  1736 10011
  1737 10011
  1738 10011
  1739 10011
  1740 10011
  1741 10011
  1742 10011
  1743 10011
  1744 10011
  1745 10011
  1746 10011
  1747 10011
  1748 10011
  1749 10011
  1750 10011
  1751 10011
  1752 10011
  1753 10011
  1754 10011
  1755 10011
  1756 10011
  1757 10011
  1758 10011
  1759 10011
  1760 10011
  1761 10011
  1762 10011
  1763 10011
  1764 10011
  1765 10011
  1766 10011
  1767 10011
  1768 10011
  1769 10011
  1770 10011
  1771 10011
  1772 10011
  1773 10011
  1774 10011
  1775 10011
  1776 10011
  1777 10011
  1778 10011
  1779 10011
  1780 10011
  1781 10011
  1782 10011
  1783 10011
  1784 10011
  1785 10011
  1786 10011
  1787 10011
  1788 10011
  1789 10011
  1790 10011
  1791 10011
  1792 10011
  1793 10011
  1794 10011
  1795 10011
  1796 10011
  1797 10011
  1798 10011
  1799 10011
  1800 10011
  1801 10011
  1802 10011
  1803 10011
  1804 10011
  1805 10011
  1806 10011
  1807 10011
  1808 10011
  1809 10011
  1810 10011
  1811 10011
  1812 10011
  1813 10011
  1814 10011
  1815 10011
  1816 10011
  1817 10011
  1818 10011
  1819 10011
  1820 10011
  1821 10011
  1822 10011
  1823 10011
  1824 10011
  1825 10011
  1826 10011
  1827 10011
  1828 10011
  1829 10011
  1830 10011
  1831 10011
  1832 10011
  1833 10011
  1834 10011
  1835 10011
  1836 10011
  1837 10011
  1838 10011
  1839 10011
  1840 10011
  1841 10011
  1842 10011
  1843 10011
  1844 10011
  1845 10011
  1846 10011
  1847 10011
  1848 10011
  1849 10011
  1850 10011
  1851 10011
  1852 10011
  1853 10011
  1854 10011
  1855 10011
  1861 10122
  1863 10122
  1864 10122
  1865 10122
  1866 10122
  1867 10122
  1868 10122
  1869 10122
  1870 10122
  1871 10122
  1872 10122
  1873 10122
  1874 10122
  1875 10122
  1876 10122
  1877 10122
  1878 10122
  1879 10122
  1880 10122
  1881 10122
  1882 10122
  1883 10122
  1884 10122
  1885 10122
  1886 10122
  1887 10122
  1888 10122
  1889 10122
  1890 10122
  1891 10122
  1892 10122
  1893 10122
  1894 10122
  1895 10122
  1896 10122
  1897 10122
  1898 10122
  1899 10122
  1900 10122
  1901 10122
  1902 10122
  1903 10122
  1904 10122
  1905 10122
  1906 10122
  1907 10122
  1908 10122
  1909 10122
  1910 10122
  1911 10122
  1912 10122
  1913 10122
  1914 10122
  1915 10122
  1916 10122
  1917 10122
  1918 10122
  1919 10122
  1920 10122
  1921 10122
  1922 10122
  1923 10122
  1924 10122
  1925 10122
  1926 10122
  1927 10122
  1928 10122
  1929 10122
  1930 10122
  1931 10122
  1932 10122
  1933 10122
  1934 10122
  1935 10122
  1936 10122
  1937 10122
  1938 10122
  1939 10122
  1940 10122
  1941 10122
  1942 10122
  1943 10122
  1944 10122
  1945 10122
  1946 10122
  1947 10122
  1948 10122
  1949 10122
  1950 10122
  1951 10122
  1952 10122
  1953 10122
  1954 10122
  1955 10122
  1956 10122
  1957 10122
  1958 10122
  1959 10122
  1960 10122
  1961 10122
  1962 10122
  1963 10122
  1964 10122
  1965 10122
  1966 10122
  1967 10122
  1968 10122
  1969 10122
  1970 10122
  1971 10122
  1972 10122
  1973 10122
  1974 10122
  1975 10122
  1976 10122
  1977 10122
  1978 10122
  1979 10122
  1980 10122
  1981 10122
  1982 10122
  1983 10122
  1984 10122
  1985 10122
  1986 10122
  1987 10122
  1988 10122
  1989 10122
  1990 10122
  1991 10122
  1992 10122
  1993 10122
  1994 10122
  1995 10122
  1996 10122
  1997 10122
  1998 10122
  1999 10122
  2000 10122
  2001 10122
  2002 10122
  2003 10122
  2004 10122
  2005 10122
  2006 10122
  2007 10122
  2008 10122
  2009 10122
  2010 10122
  2011 10122
  2012 10122
  2013 10122
  2014 10122
  2015 10122
  2016 10122
  2017 10122
  2018 10122
  2019 10122
  2020 10122
  2021 10122
  2022 10122
  2023 10122
  2029 10154
  2030 10141
  2031 10101
  2032 10101
  2033 10101
