   690 10041
   691 10041
   692 10041
   693 10041
   694 10041
   695 10041
   696 10041
   697 10041
   698 10041
   699 10041
   700 10041
   701 10041
   702 10041
   703 10041
   704 10041
   705 10041
   706 10041
   707 10041
   708 10041
   709 10041
   710 10041
   711 10041
   712 10041
   713 10041
   714 10041
   715 10041
   716 10041
   717 10041
   718 10041
   719 10041
   720 10041
   721 10041
   722 10041
   723 10041
   724 10041
   725 10041
   726 10041
   727 10041
   728 10041
   729 10041
   730 10041
   731 10041
   732 10041
   733 10041
   734 10041
   735 10041
   736 10041
   737 10041
   738 10041
   739 10041
   740 10041
   741 10041
   742 10041
   743 10041
   744 10041
   745 10041
   746 10041
   747 10041
   748 10041
   749 10041
   750 10041
   751 10041
   752 10041
   753 10041
   754 10041
   755 10041
   756 10041
   757 10041
   758 10041
   759 10041
   760 10041
   761 10041
   762 10041
   763 10041
   764 10041
   765 10041
   766 10041
   767 10041
   768 10041
   769 10041
   770 10041
   771 10041
   772 10041
   773 10041
   774 10041
   775 10041
   776 10041
   777 10041
   778 10041
   779 10041
   780 10041
   781 10043
   782 10043
   783 10101
   784 10101
   785 10101
   786 10141
   787 10088
   788 10088
   789 10088
   790 10088
   791 10088
   792 10088
   793 10088
   794 10088
   795 10088
   796 10088
   797 10088
   798 10088
   799 10088
   800 10088
   801 10088
   802 10088
   803 10088
   804 10088
   805 10088
   806 10088
   807 10088
   808 10088
   809 10088
   810 10088
   811 10088
   812 10088
   813 10088
   814 10088
   815 10088
   816 10088
   817 10088
   818 10088
   819 10088
   820 10088
   821 10088
   822 10088
   823 10088
   824 10088
   825 10088
   826 10088
   827 10088
   828 10088
   829 10088
   830 10088
   831 10088
   832 10088
   833 10088
   834 10088
   835 10088
   836 10088
   837 10088
   838 10088
   839 10088
   840 10088
   841 10088
   842 10088
   843 10088
   844 10088
   845 10088
   846 10088
   847 10088
   848 10088
   849 10088
   850 10088
   851 10088
   852 10088
   853 10088
   854 10088
   855 10088
   856 10088
   857 10088
   858 10088
   859 10088
   860 10088
   861 10088
   862 10088
   863 10088
   864 10088
   865 10088
   866 10088
   867 10088
   868 10088
   869 10088
   870 10088
   871 10088
   872 10088
   873 10088
   874 10088
   875 10088
   876 10088
   877 10088
   878 10088
   879 10088
   880 10088
   881 10088
   882 10088
   883 10088
   884 10088
   885 10088
   886 10088
   887 10088
   888 10088
   889 10088
   890 10088
   891 10088
   892 10088
   893 10088
   894 10088
   895 10088
   896 10088
   897 10088
   898 10088
   899 10088
   900 10088
   901 10088
   902 10088
   903 10088
   904 10088
   905 10088
   906 10088
   907 10088
   908 10088
   909 10088
   910 10088
   911 10088
   912 10088
   913 10088
   914 10088
   915 10088
   916 10088
   917 10088
   918 10088
   919 10088
   920 10088
   921 10088
   922 10088
   923 10088
   924 10088
   925 10088
   926 10088
   927 10088
   928 10088
   929 10088
   930 10088
   931 10088
   932 10088
   933 10088
   934 10088
   935 10088
   936 10088
   937 10088
   938 10088
   939 10088
   940 10088
   941 10088
   942 10088
   943 10088
   944 10088
   945 10088
   946 10088
   947 10088
   948 10088
   949 10088
   950 10088
   951 10088
   952 10088
   953 10088
   954 10088
   955 10088
   956 10088
   957 10088
   958 10088
   959 10088
   960 10088
   961 10088
   962 10088
   963 10088
   964 10088
   965 10088
   966 10088
   967 10088
   968 10088
   969 10088
   970 10088
   971 10088
   972 10088
   973 10088
   974 10088
   975 10088
   976 10088
   977 10088
   978 10088
   979 10088
   980 10088
   981 10088
   982 10088
   983 10088
   984 10088
   985 10088
   986 10088
   987 10088
   988 10088
   989 10088
   990 10088
   991 10088
   992 10088
   993 10088
   994 10088
   995 10088
   996 10088
   997 10088
   998 10088
   999 10088
  1000 10088
  1001 10088
  1002 10088
  1003 10088
  1004 10088
  1005 10088
  1006 10088
  1007 10088
  1008 10088
  1009 10088
  1010 10088
  1011 10088
  1012 10088
  1013 10088
  1014 10088
  1015 10088
  1016 10088
  1017 10088
  1018 10088
  1019 10088
  1020 10088
  1021 10016
  1022 10074
  1023 10074
  1024 10167
  1025 10167
  1026 10167
  1027 10167
  1028 10167
  1029 10167
  1030 10167
  1031 10167
  1032 10167
  1033 10167
  1034 10167
  1035 10167
  1036 10167
  1037 10167
  1038 10167
  1039 10167
  1040 10167
  1041 10167
  1042 10167
  1043 10167
  1044 10167
  1045 10167
  1046 10167
  1047 10167
  1048 10167
  1049 10167
  1050 10167
  1051 10167
  1052 10167
  1053 10167
  1054 10167
  1055 10167
  1056 10167
  1057 10167
  1058 10167
  1059 10167
  1060 10167
  1061 10167
  1062 10167
  1063 10167
  1064 10167
  1065 10167
  1066 10167
  1067 10167
  1068 10167
  1069 10167
  1070 10167
  1071 10167
  1072 10167
  1073 10167
  1074 10167
  1075 10167
  1076 10167
  1077 10167
  1078 10167
  1079 10167
  1080 10167
  1081 10167
  1082 10167
  1083 10167
  1084 10167
  1085 10167
  1086 10167
  1087 10167
  1088 10167
  1089 10167
  1090 10167
  1091 10167
  1092 10167
  1093 10167
  1094 10167
  1095 10167
  1096 10167
  1097 10167
  1098 10167
  1099 10167
  1100 10167
  1101 10167
  1102 10167
  1103 10167
  1104 10167
  1105 10167
  1106 10167
  1107 10167
  1108 10167
  1109 10167
  1110 10167
  1111 10167
  1112 10167
  1113 10167
  1114 10167
  1115 10167
  1116 10167
  1117 10167
  1118 10167
  1119 10167
  1120 10167
  1121 10167
  1122 10167
  1123 10167
  1124 10167
  1125 10167
  1126 10167
  1127 10167
  1128 10167
  1129 10167
  1130 10167
  1131 10167
  1132 10167
  1133 10167
  1134 10167
  1135 10167
  1136 10167
  1137 10167
  1138 10167
  1139 10167
  1140 10167
  1141 10167
  1142 10167
  1143 10167
  1144 10167
  1145 10167
  1146 10167
  1147 10167
  1148 10167
  1149 10167
  1150 10167
  1151 10167
  1152 10167
  1153 10167
  1154 10167
  1155 10167
  1156 10167
  1157 10167
  1158 10167
  1159 10167
  1160 10167
  1161 10167
  1162 10167
  1163 10167
  1164 10167
  1165 10167
  1166 10167
  1167 10167
  1168 10167
  1169 10167
  1170 10167
  1171 10167
  1172 10167
  1173 10167
  1174 10167
  1175 10167
  1176 10167
  1177 10167
  1178 10167
  1179 10167
  1180 10167
  1181 10167
  1182 10167
  1183 10167
  1184 10167
  1185 10167
  1186 10167
  1187 10167
  1188 10167
  1189 10167
  1190 10167
  1191 10167
  1192 10167
  1193 10167
  1194 10167
  1195 10167
  1196 10167
  1197 10167
  1198 10167
  1199 10167
  1200 10167
  1201 10167
  1202 10167
  1203 10167
  1204 10167
  1205 10167
  1206 10167
  1207 10167
  1208 10167
  1209 10167
  1210 10167
  1211 10167
  1212 10167
  1213 10167
  1214 10167
  1215 10167
  1216 10167
  1217 10167
  1218 10167
  1219 10167
  1220 10167
  1221 10167
  1222 10167
  1223 10167
  1224 10167
  1225 10167
  1226 10167
  1227 10167
  1228 10167
  1229 10167
  1230 10167
  1231 10167
  1232 10167
  1233 10167
  1234 10167
  1235 10167
  1236 10167
  1237 10167
  1238 10167
  1239 10167
  1240 10167
  1241 10167
  1242 10167
  1243 10167
  1244 10167
  1245 10167
  1246 10167
  1247 10167
  1248 10167
  1249 10167
  1250 10167
  1251 10167
  1252 10167
  1253 10167
  1254 10167
  1255 10167
  1256 10167
  1257 10167
  1258 10154
  1259 10154
  1262 10106
  1263 10106
  1264 10018
  1265 10018
  1266 10018
  1267 10018
  1268 10018
  1269 10018
  1270 10018
  1271 10040
  1272 10040
  1273 10040
  1274 10040
  1275 10167
  1276 10167
  1277 10167
  1278 10167
  1279 10167
  1280 10167
  1281 10167
  1282 10167
  1283 10167
  1284 10167
  1285 10167
  1286 10167
  1287 10167
  1288 10167
  1289 10167
  1290 10167
  1291 10167
  1292 10167
  1293 10167
  1294 10167
  1295 10167
  1296 10167
  1297 10167
  1298 10167
  1299 10167
  1300 10167
  1301 10167
  1302 10167
  1303 10167
  1304 10167
  1305 10167
  1306 10167
  1307 10167
  1308 10167
  1309 10167
  1310 10167
  1311 10167
  1312 10167
  1313 10167
  1314 10167
  1315 10167
  1316 10167
  1317 10167
  1318 10167
  1319 10167
  1320 10167
  1321 10167
  1322 10167
  1323 10167
  1324 10167
  1325 10167
  1326 10167
  1327 10167
  1328 10167
  1329 10167
  1330 10167
  1331 10167
  1332 10167
  1333 10167
  1334 10167
  1335 10167
  1336 10167
  1337 10167
  1338 10167
  1339 10167
  1340 10167
  1341 10167
  1342 10167
  1343 10167
  1344 10167
  1345 10167
  1346 10167
  1347 10167
  1348 10167
  1349 10167
  1350 10167
  1351 10167
  1352 10167
  1353 10167
  1354 10167
  1355 10167
  1356 10167
  1357 10167
  1358 10167
  1359 10167
  1360 10167
  1361 10167
  1362 10167
  1363 10167
  1364 10167
  1365 10167
  1366 10167
  1367 10167
  1368 10167
  1369 10167
  1370 10167
  1371 10167
  1372 10167
  1373 10167
  1374 10167
  1375 10167
  1376 10167
  1377 10167
  1378 10167
  1379 10167
  1380 10167
  1381 10167
  1382 10167
  1383 10167
  1384 10167
  1385 10167
  1386 10167
  1387 10167
  1388 10167
  1389 10167
  1390 10167
  1391 10167
  1392 10167
  1393 10167
  1394 10167
  1395 10167
  1396 10167
  1397 10167
  1398 10167
  1399 10167
  1400 10167
  1401 10167
  1402 10167
  1403 10167
  1404 10167
  1405 10167
  1406 10167
  1407 10167
  1408 10167
  1409 10167
  1410 10167
  1411 10167
  1412 10167
  1413 10167
  1414 10167
  1415 10167
  1416 10167
  1417 10167
  1418 10167
  1419 10167
  1420 10167
  1421 10167
  1422 10167
  1423 10167
  1424 10167
  1425 10167
  1426 10167
  1427 10167
  1428 10167
  1429 10167
  1430 10167
  1431 10167
  1432 10167
  1433 10167
  1434 10167
  1435 10167
  1436 10167
  1437 10167
  1438 10167
  1439 10167
  1440 10167
  1441 10167
  1442 10167
  1443 10167
  1444 10167
  1445 10167
  1446 10167
  1447 10167
  1448 10167
  1449 10167
  1450 10167
  1451 10167
  1452 10167
  1453 10167
  1454 10167
  1455 10167
  1456 10167
  1457 10167
  1458 10167
  1459 10167
  1460 10167
  1461 10167
  1462 10167
  1463 10167
  1464 10167
  1465 10167
  1466 10167
  1467 10167
  1468 10167
  1469 10167
  1470 10167
  1471 10167
  1472 10167
  1473 10167
  1474 10167
  1475 10167
  1476 10167
  1477 10167
  1478 10167
  1479 10167
  1480 10167
  1481 10167
  1482 10167
  1483 10167
  1484 10167
  1485 10167
  1486 10167
  1487 10167
  1488 10167
  1489 10167
  1490 10167
  1491 10167
  1492 10167
  1493 10167
  1494 10167
  1495 10167
  1496 10167
  1497 10167
  1498 10167
  1499 10167
  1500 10167
  1501 10083
  1502 10083
  1503 10083
  1504 10083
  1505 10083
  1506 10083
  1507 10083
  1508 10083
  1509 10083
  1510 10083
  1511 10083
  1512 10083
  1513 10083
  1514 10083
  1515 10083
  1516 10083
  1517 10083
  1518 10083
  1519 10083
  1520 10083
  1521 10083
  1522 10083
  1523 10083
  1524 10083
  1525 10083
  1526 10083
  1527 10083
  1528 10083
  1529 10083
  1530 10083
  1531 10083
  1532 10083
  1533 10083
  1534 10083
  1535 10083
  1536 10083
  1537 10083
  1538 10083
  1539 10083
  1540 10083
  1541 10083
  1542 10083
  1543 10083
  1544 10083
  1545 10083
  1546 10083
  1547 10083
  1548 10083
  1549 10083
  1550 10083
  1551 10083
  1552 10083
  1553 10083
  1554 10083
  1555 10083
  1556 10083
  1557 10083
  1558 10083
  1559 10083
  1560 10083
  1561 10083
  1562 10083
  1563 10083
  1564 10083
  1565 10083
  1566 10083
  1567 10083
  1568 10083
  1569 10083
  1570 10083
  1571 10083
  1572 10083
  1573 10083
  1574 10083
  1575 10083
  1576 10083
  1577 10083
  1578 10083
  1579 10083
  1580 10083
  1581 10083
  1582 10083
  1583 10083
  1584 10083
  1585 10083
  1586 10083
  1587 10083
  1588 10083
  1589 10083
  1590 10083
  1591 10083
  1592 10083
  1593 10083
  1594 10083
  1595 10083
  1596 10083
  1597 10083
  1598 10083
  1599 10083
  1600 10083
  1601 10083
  1602 10083
  1603 10083
  1604 10083
  1605 10083
  1606 10083
  1607 10083
  1608 10083
  1609 10083
  1610 10083
  1611 10083
  1612 10083
  1613 10083
  1614 10083
  1615 10083
  1622 10043
  1623 10101
  1624 10101
  1625 10101
  1627 10031
  1628 10031
  1629 10031
  1630 10031
  1631 10031
  1632 10031
  1633 10031
  1634 10031
  1635 10031
  1636 10031
  1637 10031
  1638 10031
  1639 10031
  1640 10031
  1641 10031
  1642 10031
  1643 10031
  1644 10031
  1645 10031
  1646 10031
  1647 10031
  1648 10031
  1649 10031
  1650 10031
  1651 10031
  1652 10031
  1653 10031
  1654 10031
  1655 10031
  1656 10031
  1657 10031
  1658 10031
  1659 10031
  1660 10031
  1661 10031
  1662 10031
  1663 10031
  1664 10031
  1665 10031
  1666 10031
  1667 10031
  1668 10031
  1669 10031
  1670 10031
  1671 10031
  1672 10031
  1673 10031
  1674 10031
  1675 10031
  1676 10031
  1677 10031
  1678 10031
  1679 10031
  1680 10031
  1681 10031
  1682 10031
  1683 10031
  1684 10031
  1685 10031
  1686 10031
  1687 10031
  1688 10031
  1689 10031
  1690 10031
  1691 10031
  1692 10031
  1693 10031
  1694 10031
  1695 10031
  1696 10031
  1697 10031
  1698 10031
  1699 10031
  1700 10031
  1701 10031
  1702 10031
  1703 10031
  1704 10031
  1705 10031
  1706 10031
  1707 10031
  1708 10031
  1709 10031
  1710 10031
  1711 10031
  1712 10031
  1713 10031
  1714 10031
  1715 10031
  1716 10031
  1717 10031
  1718 10031
  1719 10031
  1720 10031
  1721 10031
  1722 10031
  1723 10031
  1724 10031
  1725 10031
  1726 10031
  1727 10031
  1728 10031
  1729 10031
  1730 10031
  1731 10031
  1732 10031
  1733 10031
  1734 10031
  1735 10031
  1736 10031
  1737 10031
  1738 10031
  1739 10031
  1740 10031
  1741 10031
  1742 10031
  1743 10031
  1744 10031
  1745 10031
  1746 10031
  1747 10031
  1748 10031
  1749 10031
  1750 10031
  1751 10031
  1752 10031
  1753 10031
  1754 10031
  1755 10031
  1756 10031
  1757 10031
  1758 10031
  1759 10031
  1760 10031
  1761 10031
  1762 10031
  1763 10031
  1764 10031
  1765 10031
  1766 10031
  1767 10031
  1768 10031
  1769 10031
  1770 10031
  1771 10031
  1772 10031
  1773 10031
  1774 10031
  1775 10031
  1776 10031
  1777 10031
  1778 10031
  1779 10031
  1780 10031
  1781 10031
  1782 10031
  1783 10031
  1784 10031
  1785 10031
  1786 10031
  1787 10031
  1788 10031
  1789 10031
  1790 10031
  1791 10031
  1792 10031
  1793 10031
  1794 10031
  1795 10031
  1796 10031
  1797 10031
  1798 10031
  1799 10031
  1800 10031
  1801 10031
  1802 10031
  1803 10031
  1804 10031
  1805 10031
  1806 10031
  1807 10031
  1808 10031
  1809 10031
  1810 10031
  1811 10031
  1812 10031
  1813 10031
  1814 10031
  1815 10031
  1816 10031
  1817 10031
  1818 10031
  1819 10031
  1820 10031
  1821 10031
  1822 10031
  1823 10031
  1824 10031
  1825 10031
  1826 10031
  1827 10031
  1828 10031
  1829 10031
  1830 10031
  1831 10031
  1832 10031
  1833 10031
  1834 10031
  1835 10031
  1836 10031
  1837 10031
  1838 10031
  1839 10031
  1840 10031
  1841 10031
  1842 10031
  1843 10031
  1844 10031
  1845 10031
  1846 10031
  1847 10031
  1848 10031
  1849 10031
  1850 10031
  1851 10031
  1852 10031
  1853 10031
  1854 10031
  1855 10031
  1856 10031
  1857 10031
  1859 10101
  1860 10101
  1861 10101
  1862 10101
  1863 10101
  1864 10101
  1865 10101
  1866 10067
  1867 10067
  1868 10067
  1869 10067
  1870 10067
  1871 10067
  1872 10067
  1873 10067
  1874 10067
  1875 10067
  1876 10067
  1877 10067
  1878 10067
  1879 10067
  1880 10067
  1881 10067
  1882 10067
  1883 10067
  1884 10067
  1885 10067
  1886 10067
  1887 10067
  1888 10067
  1889 10067
  1890 10067
  1891 10067
  1892 10067
  1893 10067
  1894 10067
  1895 10067
  1896 10067
  1897 10067
  1898 10067
  1899 10067
  1900 10067
  1901 10067
  1902 10067
  1903 10067
  1904 10067
  1905 10067
  1906 10067
  1907 10067
  1908 10067
  1909 10067
  1910 10067
  1911 10067
  1912 10067
  1913 10067
  1914 10067
  1915 10067
  1916 10067
  1917 10067
  1918 10067
  1919 10067
  1920 10067
  1921 10067
  1922 10067
  1923 10067
  1924 10067
  1925 10067
  1926 10067
  1927 10067
  1928 10067
  1929 10067
  1930 10067
  1931 10067
  1932 10067
  1933 10067
  1934 10067
  1935 10067
  1936 10067
  1937 10067
  1938 10067
  1939 10067
  1940 10067
  1941 10067
  1942 10067
  1943 10067
  1944 10067
  1945 10067
  1946 10067
  1947 10067
  1948 10067
  1949 10067
  1950 10067
  1951 10067
  1952 10067
  1953 10067
  1954 10067
  1955 10067
  1956 10067
  1957 10067
  1958 10067
  1959 10067
  1960 10067
  1961 10067
  1962 10067
  1963 10067
  1964 10067
  1965 10067
  1966 10067
  1967 10067
  1968 10067
  1969 10067
  1970 10067
  1971 10067
  1972 10067
  1973 10067
  1974 10067
  1975 10067
  1976 10067
  1977 10067
  1978 10067
  1979 10067
  1980 10067
  1981 10067
  1982 10067
  1983 10067
  1984 10067
  1985 10067
  1986 10067
  1987 10067
  1988 10067
  1989 10067
  1990 10067
  1991 10067
  1992 10067
  1993 10067
  1994 10067
  1995 10067
  1996 10067
  1997 10067
  1998 10067
  1999 10067
  2000 10067
  2001 10067
  2002 10067
  2003 10067
  2004 10067
  2005 10067
  2006 10067
  2007 10067
  2008 10067
  2009 10067
  2010 10067
  2011 10067
  2012 10067
  2013 10067
  2014 10067
  2015 10067
  2016 10067
  2017 10067
  2018 10067
  2019 10067
  2020 10067
  2021 10067
  2022 10067
  2023 10067
  2024 10062
  2025 10062
  2026 10062
  2027 10062
  2034 10151
  2035 10151
  2036 10151
  2037 10151
  2038 10151
  2039 10151
  2040 10151
  2041 10151
  2042 10151
  2043 10151
  2044 10151
  2045 10072
  2046 10072
  2047 10072
