   690 10083
   691 10083
   692 10083
   693 10083
   694 10083
   695 10083
   696 10083
   697 10083
   698 10083
   699 10083
   700 10083
   701 10083
   702 10083
   703 10083
   704 10083
   705 10083
   706 10083
   707 10083
   708 10083
   709 10083
   710 10083
   711 10083
   712 10083
   713 10083
   714 10083
   715 10083
   716 10083
   717 10083
   718 10083
   719 10083
   720 10083
   721 10083
   722 10083
   723 10083
   724 10083
   725 10083
   726 10083
   727 10083
   728 10083
   729 10083
   730 10083
   731 10083
   732 10083
   733 10083
   734 10083
   735 10083
   736 10083
   737 10083
   738 10083
   739 10083
   740 10083
   741 10083
   742 10083
   743 10083
   744 10083
   745 10083
   746 10083
   747 10083
   748 10083
   749 10083
   750 10083
   751 10083
   752 10083
   753 10083
   754 10083
   755 10083
   756 10083
   757 10083
   758 10083
   759 10083
   760 10083
   761 10083
   762 10083
   763 10083
   764 10083
   765 10083
   766 10083
   767 10083
   768 10083
   769 10083
   770 10083
   771 10083
   772 10083
   773 10083
   774 10083
   775 10083
   776 10083
   777 10083
   778 10083
   779 10083
   780 10083
   781 10083
   782 10083
   783 10083
   784 10083
   785 10083
   786 10083
   787 10101
   788 10083
   789 10083
   790 10083
   791 10100
   792 10100
   793 10083
   794 10083
   795 10083
   796 10083
   797 10083
   798 10083
   799 10083
   800 10083
   801 10083
   802 10083
   803 10083
   804 10083
   805 10083
   806 10083
   807 10083
   808 10083
   809 10083
   810 10083
   811 10083
   812 10083
   813 10083
   824 10083
   825 10083
   826 10083
   827 10083
   828 10083
   829 10083
   830 10083
   831 10083
   832 10083
   835 10083
   836 10083
   837 10083
   838 10083
   839 10083
   840 10083
   841 10083
   842 10083
   843 10046
   845 10046
   846 10083
   847 10083
   848 10083
   849 10083
   850 10083
   851 10083
   852 10083
   853 10083
   854 10083
   855 10083
   856 10083
   857 10083
   858 10083
   859 10083
   860 10083
   861 10083
   862 10083
   863 10083
   864 10083
   865 10083
   866 10083
   867 10083
   868 10083
   869 10083
   870 10083
   871 10083
   872 10083
   873 10083
   874 10083
   875 10083
   876 10083
   877 10083
   878 10083
   879 10083
   880 10083
   881 10083
   882 10083
   883 10083
   884 10083
   885 10083
   886 10083
   887 10083
   888 10083
   889 10083
   890 10083
   891 10083
   892 10083
   893 10083
   894 10083
   895 10083
   896 10083
   897 10083
   898 10083
   899 10083
   900 10083
   901 10083
   902 10083
   903 10083
   904 10083
   905 10083
   906 10083
   907 10083
   908 10083
   909 10083
   910 10083
   911 10083
   912 10083
   913 10083
   914 10083
   915 10083
   916 10083
   917 10083
   918 10083
   919 10083
   920 10083
   921 10083
   922 10083
   923 10083
   924 10083
   925 10083
   926 10083
   927 10083
   928 10083
   929 10083
   930 10083
   931 10083
   932 10083
   933 10083
   934 10083
   935 10083
   936 10083
   937 10083
   938 10083
   939 10083
   940 10083
   941 10083
   942 10083
   943 10083
   944 10080
   945 10080
   946 10080
   947 10080
   948 10080
   949 10080
   950 10080
   951 10080
   952 10083
   953 10083
   954 10083
   955 10083
   956 10083
   957 10083
   958 10083
   959 10083
   960 10083
   961 10083
   962 10083
   963 10083
   964 10083
   965 10083
   966 10083
   967 10083
   968 10083
   969 10083
   970 10083
   971 10083
   972 10083
   973 10083
   974 10083
   975 10083
   976 10083
   977 10083
   978 10083
   979 10083
   980 10083
   981 10083
   982 10083
   983 10083
   984 10083
   985 10083
   986 10083
   987 10083
   988 10083
   989 10083
   990 10083
   991 10083
   992 10083
   993 10083
   994 10083
   995 10083
   996 10083
   997 10083
   998 10083
   999 10083
  1000 10083
  1001 10083
  1015 10083
  1016 10083
  1017 10083
  1018 10083
  1019 10083
  1020 10083
  1021 10083
  1022 10083
  1023 10083
  1024 10083
  1025 10083
  1026 10083
  1027 10083
  1028 10083
  1029 10083
  1030 10083
  1031 10083
  1032 10083
  1033 10083
  1034 10083
  1035 10083
  1036 10083
  1037 10083
  1038 10083
  1039 10083
  1040 10083
  1041 10083
  1042 10083
  1043 10083
  1044 10083
  1045 10083
  1046 10083
  1047 10083
  1048 10083
  1049 10083
  1050 10083
  1051 10083
  1052 10083
  1053 10083
  1054 10083
  1055 10083
  1056 10083
  1057 10083
  1058 10083
  1059 10083
  1060 10083
  1061 10083
  1062 10083
  1063 10083
  1064 10083
  1065 10083
  1066 10083
  1067 10083
  1068 10083
  1069 10083
  1070 10083
  1071 10083
  1072 10083
  1073 10083
  1074 10083
  1075 10083
  1076 10083
  1077 10083
  1078 10083
  1079 10083
  1080 10083
  1081 10083
  1082 10083
  1083 10083
  1084 10083
  1085 10083
  1086 10083
  1087 10083
  1088 10083
  1089 10083
  1090 10083
  1091 10083
  1092 10083
  1093 10083
  1094 10083
  1095 10083
  1096 10083
  1097 10083
  1098 10083
  1099 10083
  1100 10083
  1101 10083
  1102 10083
  1103 10083
  1104 10083
  1105 10083
  1106 10083
  1107 10083
  1108 10083
  1109 10083
  1110 10083
  1111 10083
  1112 10083
  1113 10083
  1114 10083
  1115 10083
  1116 10083
  1117 10083
  1118 10083
  1119 10083
  1120 10083
  1121 10083
  1122 10083
  1123 10083
  1124 10083
  1125 10083
  1126 10083
  1127 10083
  1128 10083
  1129 10083
  1130 10083
  1131 10083
  1132 10083
  1133 10083
  1134 10083
  1135 10083
  1136 10083
  1137 10083
  1138 10083
  1139 10083
  1140 10083
  1141 10083
  1142 10083
  1143 10083
  1144 10083
  1145 10083
  1146 10083
  1147 10083
  1148 10083
  1149 10083
  1150 10083
  1151 10083
  1152 10083
  1153 10083
  1154 10083
  1155 10083
  1156 10083
  1157 10083
  1158 10083
  1159 10083
  1160 10083
  1161 10083
  1162 10083
  1163 10083
  1164 10083
  1165 10083
  1166 10083
  1167 10083
  1168 10083
  1169 10083
  1170 10083
  1171 10083
  1172 10083
  1173 10083
  1174 10083
  1175 10083
  1176 10083
  1177 10083
  1178 10083
  1179 10083
  1180 10083
  1181 10083
  1182 10083
  1183 10083
  1184 10083
  1185 10083
  1186 10083
  1187 10083
  1188 10083
  1189 10083
  1190 10083
  1191 10083
  1192 10083
  1193 10083
  1194 10083
  1195 10083
  1196 10083
  1197 10083
  1198 10083
  1199 10083
  1200 10083
  1201 10083
  1202 10083
  1203 10083
  1204 10083
  1205 10083
  1206 10083
  1207 10083
  1208 10083
  1209 10083
  1210 10083
  1211 10083
  1212 10083
  1213 10083
  1214 10083
  1215 10083
  1216 10083
  1217 10083
  1218 10083
  1219 10083
  1220 10083
  1221 10083
  1222 10083
  1223 10083
  1224 10083
  1225 10083
  1226 10083
  1227 10083
  1228 10083
  1229 10083
  1230 10083
  1231 10083
  1232 10083
  1233 10083
  1234 10083
  1235 10083
  1236 10083
  1237 10083
  1238 10083
  1239 10083
  1240 10083
  1241 10083
  1242 10083
  1243 10083
  1244 10083
  1245 10083
  1246 10083
  1247 10083
  1248 10083
  1249 10083
  1250 10083
  1251 10083
  1252 10083
  1253 10083
  1254 10083
  1255 10083
  1256 10083
  1257 10083
  1258 10083
  1259 10083
  1260 10083
  1261 10083
  1262 10083
  1263 10083
  1264 10100
  1265 10100
  1266 10100
  1267 10083
  1268 10083
  1269 10083
  1270 10083
  1271 10083
  1272 10083
  1273 10083
  1274 10083
  1275 10083
  1276 10083
  1277 10083
  1278 10083
  1279 10083
  1280 10083
  1281 10083
  1282 10083
  1283 10083
  1284 10083
  1285 10083
  1286 10083
  1287 10083
  1288 10083
  1289 10083
  1290 10083
  1291 10083
  1292 10083
  1293 10083
  1294 10083
  1295 10083
  1296 10083
  1297 10083
  1298 10083
  1299 10083
  1300 10083
  1301 10083
  1302 10083
  1303 10083
  1304 10083
  1305 10083
  1306 10083
  1307 10083
  1308 10083
  1309 10083
  1310 10083
  1311 10083
  1312 10083
  1313 10083
  1314 10083
  1315 10083
  1316 10083
  1317 10083
  1318 10083
  1319 10083
  1320 10083
  1321 10083
  1322 10083
  1323 10083
  1324 10083
  1325 10083
  1326 10083
  1327 10083
  1328 10083
  1329 10083
  1330 10083
  1331 10083
  1332 10083
  1333 10083
  1334 10083
  1335 10083
  1336 10083
  1337 10083
  1338 10083
  1339 10083
  1340 10083
  1341 10083
  1342 10083
  1343 10083
  1344 10083
  1345 10083
  1346 10083
  1347 10083
  1348 10083
  1349 10083
  1350 10083
  1351 10083
  1352 10083
  1353 10083
  1354 10083
  1355 10083
  1356 10083
  1357 10083
  1358 10083
  1359 10083
  1360 10083
  1361 10083
  1362 10083
  1363 10083
  1364 10083
  1365 10083
  1366 10083
  1367 10083
  1368 10083
  1369 10083
  1370 10083
  1371 10083
  1372 10083
  1373 10083
  1374 10083
  1375 10083
  1376 10083
  1377 10083
  1378 10083
  1379 10083
  1380 10083
  1381 10083
  1382 10083
  1383 10083
  1384 10083
  1385 10083
  1386 10083
  1387 10083
  1388 10083
  1389 10083
  1390 10083
  1391 10083
  1392 10083
  1393 10083
  1394 10083
  1395 10083
  1396 10083
  1397 10083
  1398 10083
  1399 10083
  1400 10083
  1401 10083
  1402 10083
  1403 10083
  1404 10083
  1405 10083
  1406 10083
  1407 10083
  1408 10083
  1409 10083
  1410 10083
  1411 10083
  1412 10083
  1413 10083
  1414 10083
  1415 10083
  1416 10083
  1417 10083
  1418 10083
  1419 10083
  1420 10083
  1421 10083
  1422 10083
  1423 10083
  1424 10083
  1425 10083
  1426 10083
  1427 10083
  1428 10083
  1429 10083
  1430 10083
  1431 10083
  1432 10083
  1433 10083
  1434 10083
  1435 10083
  1436 10083
  1437 10083
  1438 10083
  1439 10083
  1440 10083
  1441 10083
  1442 10083
  1443 10083
  1444 10083
  1445 10083
  1446 10083
  1447 10083
  1448 10083
  1449 10083
  1450 10083
  1451 10083
  1452 10083
  1453 10083
  1454 10083
  1455 10083
  1456 10083
  1457 10083
  1458 10083
  1459 10083
  1460 10083
  1461 10083
  1462 10083
  1463 10083
  1464 10083
  1465 10083
  1466 10083
  1467 10083
  1468 10083
  1469 10083
  1470 10083
  1471 10083
  1472 10083
  1473 10083
  1474 10083
  1475 10083
  1476 10083
  1477 10083
  1478 10083
  1479 10083
  1480 10083
  1481 10083
  1482 10083
  1483 10083
  1484 10083
  1485 10083
  1486 10083
  1487 10083
  1488 10083
  1489 10083
  1490 10083
  1491 10083
  1492 10083
  1493 10083
  1494 10083
  1495 10083
  1496 10083
  1497 10083
  1498 10083
  1499 10083
  1500 10083
  1501 10050
  1503 10055
  1505 10018
  1506 10018
  1507 10018
  1508 10018
  1509 10018
  1510 10018
  1511 10018
  1512 10040
  1513 10040
  1514 10040
  1515 10040
  1516 10023
  1517 10134
  1518 10055
  1519 10061
  1521 10083
  1522 10083
  1523 10080
  1524 10080
  1525 10080
  1526 10080
  1527 10080
  1528 10080
  1529 10080
  1530 10083
  1531 10083
  1532 10100
  1533 10100
  1534 10100
  1535 10100
  1536 10083
  1537 10083
  1538 10083
  1539 10083
  1540 10083
  1541 10083
  1542 10083
  1543 10083
  1544 10083
  1545 10083
  1546 10083
  1547 10083
  1548 10083
  1549 10083
  1550 10083
  1551 10083
  1552 10083
  1553 10083
  1554 10083
  1555 10083
  1556 10083
  1557 10083
  1558 10083
  1559 10083
  1560 10083
  1561 10083
  1562 10080
  1563 10083
  1564 10083
  1565 10083
  1566 10083
  1567 10083
  1568 10083
  1569 10083
  1570 10083
  1571 10083
  1572 10083
  1573 10083
  1574 10083
  1575 10083
  1576 10083
  1577 10083
  1578 10083
  1579 10083
  1580 10083
  1581 10083
  1582 10083
  1583 10083
  1584 10046
  1585 10083
  1586 10083
  1587 10083
  1588 10083
  1589 10083
  1590 10083
  1591 10083
  1592 10083
  1593 10083
  1594 10083
  1595 10083
  1596 10083
  1597 10083
  1598 10083
  1599 10083
  1600 10083
  1601 10083
  1602 10083
  1603 10083
  1604 10083
  1605 10083
  1606 10083
  1607 10083
  1608 10083
  1609 10083
  1610 10083
  1611 10083
  1612 10083
  1613 10083
  1614 10083
  1615 10083
  1616 10083
  1617 10083
  1618 10083
  1619 10083
  1620 10083
  1621 10083
  1622 10083
  1623 10083
  1624 10083
  1625 10083
  1626 10083
  1627 10083
  1628 10083
  1629 10083
  1630 10083
  1631 10083
  1632 10083
  1633 10083
  1634 10083
  1635 10083
  1636 10083
  1637 10083
  1638 10083
  1639 10083
  1640 10083
  1641 10083
  1642 10083
  1643 10083
  1644 10083
  1645 10083
  1646 10083
  1647 10083
  1648 10083
  1649 10083
  1650 10083
  1651 10083
  1652 10083
  1653 10083
  1654 10083
  1655 10083
  1656 10083
  1657 10083
  1658 10083
  1659 10083
  1660 10083
  1661 10083
  1662 10083
  1663 10083
  1664 10083
  1665 10083
  1666 10083
  1667 10083
  1668 10083
  1669 10083
  1670 10083
  1671 10083
  1672 10083
  1673 10083
  1674 10083
  1675 10083
  1676 10083
  1677 10083
  1678 10083
  1679 10083
  1680 10083
  1681 10083
  1682 10083
  1683 10083
  1684 10083
  1685 10083
  1686 10083
  1687 10083
  1688 10083
  1689 10083
  1690 10083
  1691 10083
  1692 10083
  1693 10083
  1694 10083
  1695 10083
  1696 10083
  1697 10083
  1698 10083
  1699 10083
  1700 10083
  1701 10083
  1702 10083
  1703 10083
  1704 10083
  1705 10083
  1706 10083
  1707 10083
  1708 10083
  1709 10083
  1710 10083
  1711 10083
  1712 10083
  1713 10083
  1714 10083
  1715 10083
  1716 10083
  1717 10083
  1718 10083
  1719 10083
  1720 10083
  1721 10083
  1722 10083
  1723 10083
  1724 10083
  1725 10083
  1726 10083
  1727 10083
  1728 10083
  1729 10083
  1730 10083
  1731 10083
  1732 10083
  1733 10083
  1734 10083
  1735 10083
  1736 10083
  1737 10083
  1738 10083
  1739 10083
  1740 10083
  1741 10083
  1742 10083
  1743 10083
  1744 10083
  1745 10083
  1746 10083
  1747 10083
  1748 10083
  1749 10083
  1750 10083
  1751 10083
  1752 10083
  1753 10083
  1754 10083
  1755 10083
  1756 10083
  1757 10083
  1758 10083
  1759 10083
  1760 10083
  1761 10083
  1762 10083
  1763 10083
  1764 10083
  1765 10083
  1766 10083
  1767 10083
  1768 10083
  1769 10083
  1770 10083
  1771 10083
  1772 10083
  1773 10083
  1774 10083
  1775 10083
  1776 10083
  1777 10083
  1778 10083
  1779 10083
  1780 10083
  1781 10083
  1782 10083
  1783 10083
  1784 10083
  1785 10083
  1786 10083
  1787 10083
  1788 10083
  1789 10083
  1790 10083
  1791 10083
  1792 10083
  1793 10083
  1794 10083
  1795 10083
  1796 10083
  1797 10083
  1798 10083
  1799 10083
  1800 10083
  1801 10083
  1802 10083
  1803 10083
  1804 10083
  1805 10083
  1806 10083
  1807 10083
  1808 10083
  1809 10083
  1810 10083
  1811 10083
  1812 10083
  1813 10083
  1814 10083
  1815 10083
  1816 10083
  1817 10083
  1818 10083
  1819 10083
  1820 10083
  1821 10083
  1822 10083
  1823 10083
  1824 10083
  1825 10083
  1826 10083
  1827 10083
  1828 10083
  1829 10083
  1830 10083
  1831 10083
  1832 10083
  1833 10083
  1834 10083
  1835 10083
  1836 10083
  1837 10083
  1838 10083
  1839 10083
  1840 10083
  1841 10083
  1842 10083
  1843 10083
  1844 10083
  1845 10083
  1846 10083
  1847 10083
  1848 10083
  1849 10083
  1850 10083
  1851 10083
  1852 10083
  1853 10083
  1854 10083
  1855 10083
  1856 10083
  1857 10083
  1858 10083
  1859 10083
  1860 10083
  1861 10083
  1862 10083
  1863 10083
  1864 10083
  1865 10083
  1866 10083
  1867 10083
  1868 10083
  1869 10083
  1870 10083
  1871 10083
  1872 10083
  1873 10083
  1874 10083
  1875 10083
  1876 10083
  1877 10083
  1878 10083
  1879 10083
  1880 10083
  1881 10083
  1882 10083
  1883 10083
  1884 10083
  1885 10083
  1886 10083
  1887 10083
  1888 10083
  1889 10083
  1890 10083
  1891 10083
  1892 10083
  1898 10083
  1899 10083
  1900 10083
  1901 10083
  1902 10083
  1903 10083
  1904 10083
  1905 10083
  1906 10083
  1907 10083
  1908 10083
  1909 10083
  1910 10083
  1911 10083
  1912 10083
  1913 10083
  1914 10083
  1915 10083
  1916 10083
  1917 10083
  1918 10083
  1919 10083
  1920 10083
  1921 10083
  1922 10083
  1923 10046
  1924 10046
  1925 10046
  1926 10046
  1927 10046
  1928 10046
  1929 10046
  1930 10046
  1931 10046
  1932 10046
  1933 10046
  1934 10046
  1935 10083
  1936 10083
  1937 10083
  1938 10083
  1939 10083
  1940 10083
  1941 10083
  1942 10083
  1943 10083
  1944 10083
  1945 10083
  1946 10083
  1947 10083
  1948 10083
  1949 10083
  1950 10083
  1951 10083
  1952 10083
  1953 10083
  1954 10083
  1955 10083
  1956 10083
  1957 10083
  1958 10083
  1959 10080
  1960 10080
  1961 10080
  1962 10080
  1963 10080
  1964 10080
  1965 10080
  1966 10080
  1967 10080
  1968 10080
  1969 10080
  1970 10080
  1971 10080
  1972 10080
  1973 10083
  1974 10083
  1975 10083
  1976 10083
  1977 10083
  1978 10083
  1979 10083
  1980 10083
  1981 10083
  1982 10083
  1983 10083
  1984 10083
  1985 10083
  1986 10083
  1987 10083
  1988 10083
  1989 10083
  1990 10083
  1991 10083
  1992 10083
  1993 10083
  1994 10083
  1995 10083
  1996 10083
  1997 10083
  1998 10083
  1999 10083
  2000 10083
  2001 10083
  2002 10083
  2003 10083
  2004 10083
  2005 10083
  2006 10083
  2007 10083
  2008 10083
  2009 10083
  2010 10083
  2011 10083
  2012 10083
  2013 10083
  2014 10083
  2015 10083
  2016 10083
  2017 10083
  2018 10083
  2019 10083
  2020 10083
  2021 10083
  2022 10083
  2023 10083
  2024 10083
  2025 10083
  2026 10083
  2027 10083
  2028 10083
  2029 10083
  2030 10083
