   690 10059
   691 10059
   692 10059
   693 10059
   694 10059
   695 10059
   696 10059
   697 10059
   698 10059
   699 10059
   700 10059
   701 10059
   702 10059
   703 10059
   704 10059
   705 10059
   706 10059
   707 10059
   708 10059
   709 10059
   710 10059
   711 10059
   712 10059
   713 10059
   714 10059
   715 10059
   716 10059
   717 10059
   718 10059
   719 10059
   720 10059
   721 10059
   722 10059
   723 10059
   724 10059
   725 10059
   726 10059
   727 10059
   728 10059
   729 10059
   730 10059
   731 10059
   732 10059
   733 10059
   734 10059
   735 10059
   736 10059
   737 10059
   738 10059
   739 10059
   740 10059
   741 10059
   742 10059
   743 10059
   744 10059
   745 10059
   746 10059
   747 10059
   748 10059
   749 10059
   750 10059
   751 10059
   752 10059
   753 10059
   754 10059
   755 10059
   756 10059
   757 10059
   758 10059
   759 10059
   760 10059
   761 10059
   762 10059
   763 10059
   764 10059
   765 10059
   766 10059
   767 10059
   768 10059
   769 10059
   770 10059
   771 10059
   772 10059
   773 10059
   774 10059
   775 10059
   776 10059
   777 10059
   778 10059
   779 10059
   780 10059
   781 10154
   782 10143
   783 10156
   784 10095
   785 10095
   786 10095
   787 10095
   788 10095
   789 10095
   790 10095
   791 10095
   792 10095
   793 10095
   794 10095
   795 10095
   796 10095
   797 10095
   798 10095
   799 10095
   800 10095
   801 10095
   802 10095
   803 10095
   804 10095
   805 10095
   806 10095
   807 10095
   808 10095
   809 10095
   810 10095
   811 10095
   812 10095
   813 10095
   814 10095
   815 10095
   816 10095
   817 10095
   818 10095
   819 10095
   820 10095
   821 10095
   822 10095
   823 10095
   824 10095
   825 10095
   826 10095
   827 10095
   828 10095
   829 10095
   830 10095
   831 10095
   832 10095
   833 10095
   834 10095
   835 10095
   836 10095
   837 10095
   838 10095
   839 10095
   840 10095
   841 10095
   842 10095
   843 10095
   844 10095
   845 10095
   846 10095
   847 10095
   848 10095
   849 10095
   850 10095
   851 10095
   852 10095
   853 10095
   854 10095
   855 10095
   856 10095
   857 10095
   858 10095
   859 10095
   860 10095
   861 10095
   862 10095
   863 10095
   864 10095
   865 10095
   866 10095
   867 10095
   868 10095
   869 10095
   870 10095
   871 10095
   872 10095
   873 10095
   874 10095
   875 10095
   876 10095
   877 10095
   878 10095
   879 10095
   880 10095
   881 10095
   882 10095
   883 10095
   884 10095
   885 10095
   886 10095
   887 10095
   888 10095
   889 10095
   890 10095
   891 10095
   892 10095
   893 10095
   894 10095
   895 10095
   896 10095
   897 10095
   898 10095
   899 10095
   900 10095
   901 10095
   902 10095
   903 10095
   904 10095
   905 10095
   906 10095
   907 10095
   908 10095
   909 10095
   910 10095
   911 10095
   912 10095
   913 10095
   914 10095
   915 10095
   916 10095
   917 10095
   918 10095
   919 10095
   920 10095
   921 10095
   922 10095
   923 10095
   924 10095
   925 10095
   926 10095
   927 10095
   928 10095
   929 10095
   930 10095
   931 10095
   932 10095
   933 10095
   934 10095
   935 10095
   936 10095
   937 10095
   938 10095
   939 10095
   940 10095
   941 10095
   942 10095
   943 10095
   944 10095
   945 10095
   946 10095
   947 10095
   948 10095
   949 10095
   950 10095
   951 10095
   952 10095
   953 10095
   954 10095
   955 10095
   956 10095
   957 10095
   958 10095
   959 10095
   960 10095
   961 10095
   962 10095
   963 10095
   964 10095
   965 10095
   966 10095
   967 10095
   968 10095
   969 10095
   970 10095
   971 10095
   972 10095
   973 10095
   974 10095
   975 10095
   976 10095
   977 10095
   978 10095
   979 10095
   980 10095
   981 10095
   982 10095
   983 10095
   984 10095
   985 10095
   986 10095
   987 10095
   988 10095
   989 10095
   990 10095
   991 10095
   992 10095
   993 10095
   994 10095
   995 10095
   996 10095
   997 10095
   998 10095
   999 10095
  1000 10095
  1001 10095
  1002 10095
  1003 10095
  1004 10095
  1005 10095
  1006 10095
  1007 10095
  1008 10095
  1009 10095
  1010 10095
  1011 10095
  1012 10095
  1013 10095
  1014 10095
  1015 10095
  1016 10095
  1017 10095
  1018 10095
  1019 10095
  1020 10095
  1021 10130
  1026 10146
  1027 10146
  1028 10146
  1029 10146
  1030 10146
  1031 10146
  1032 10146
  1033 10146
  1034 10146
  1035 10146
  1036 10146
  1037 10146
  1038 10146
  1039 10146
  1040 10146
  1041 10146
  1042 10146
  1043 10146
  1044 10146
  1045 10146
  1046 10146
  1047 10146
  1048 10146
  1049 10146
  1050 10146
  1051 10146
  1052 10146
  1053 10146
  1054 10146
  1055 10146
  1056 10146
  1057 10146
  1058 10146
  1059 10146
  1060 10146
  1061 10146
  1062 10146
  1063 10146
  1064 10146
  1065 10146
  1066 10146
  1067 10146
  1068 10146
  1069 10146
  1070 10146
  1071 10146
  1072 10146
  1073 10146
  1074 10146
  1075 10146
  1076 10146
  1077 10146
  1078 10146
  1079 10146
  1080 10146
  1081 10146
  1082 10146
  1083 10146
  1084 10146
  1085 10146
  1086 10146
  1087 10146
  1088 10146
  1089 10146
  1090 10146
  1091 10146
  1092 10146
  1093 10146
  1094 10146
  1095 10146
  1096 10146
  1097 10146
  1098 10146
  1099 10146
  1100 10146
  1101 10146
  1102 10146
  1103 10146
  1104 10146
  1105 10146
  1106 10146
  1107 10146
  1108 10146
  1109 10146
  1110 10146
  1111 10146
  1112 10146
  1113 10146
  1114 10146
  1115 10146
  1116 10146
  1117 10146
  1118 10146
  1119 10146
  1120 10146
  1121 10146
  1122 10146
  1123 10146
  1124 10146
  1125 10146
  1126 10146
  1127 10146
  1128 10146
  1129 10146
  1130 10146
  1131 10146
  1132 10146
  1133 10146
  1134 10146
  1135 10146
  1136 10146
  1137 10146
  1138 10146
  1139 10146
  1140 10146
  1141 10146
  1142 10146
  1143 10146
  1144 10146
  1145 10146
  1146 10146
  1147 10146
  1148 10146
  1149 10146
  1150 10146
  1151 10146
  1152 10146
  1153 10146
  1154 10146
  1155 10146
  1156 10146
  1157 10146
  1158 10146
  1159 10146
  1160 10146
  1161 10146
  1162 10146
  1163 10146
  1164 10146
  1165 10146
  1166 10146
  1167 10146
  1168 10146
  1169 10146
  1170 10146
  1171 10146
  1172 10146
  1173 10146
  1174 10146
  1175 10146
  1176 10146
  1177 10146
  1178 10146
  1179 10146
  1180 10146
  1181 10146
  1182 10146
  1183 10146
  1184 10146
  1185 10146
  1186 10146
  1187 10146
  1188 10146
  1189 10146
  1190 10146
  1191 10146
  1192 10146
  1193 10146
  1194 10146
  1195 10146
  1196 10146
  1197 10146
  1198 10146
  1199 10146
  1200 10146
  1201 10146
  1202 10146
  1203 10146
  1204 10146
  1205 10146
  1206 10146
  1207 10146
  1208 10146
  1209 10146
  1210 10146
  1211 10146
  1212 10146
  1213 10146
  1214 10146
  1215 10146
  1216 10146
  1217 10146
  1218 10146
  1219 10146
  1220 10146
  1221 10146
  1222 10146
  1223 10146
  1224 10146
  1225 10146
  1226 10146
  1227 10146
  1228 10146
  1229 10146
  1230 10146
  1231 10146
  1232 10146
  1233 10146
  1234 10146
  1235 10146
  1236 10146
  1237 10146
  1238 10146
  1239 10146
  1240 10146
  1241 10146
  1242 10146
  1243 10146
  1244 10146
  1245 10146
  1246 10146
  1247 10146
  1248 10146
  1249 10146
  1250 10146
  1251 10146
  1252 10146
  1253 10146
  1254 10146
  1255 10146
  1256 10146
  1257 10146
  1258 10158
  1259 10018
  1260 10055
  1261 10055
  1262 10018
  1263 10055
  1264 10158
  1265 10158
  1266 10158
  1267 10055
  1268 10055
  1269 10055
  1270 10055
  1271 10055
  1272 10055
  1273 10055
  1274 10055
  1275 10158
  1276 10055
  1277 10055
  1278 10055
  1279 10055
  1280 10055
  1281 10018
  1282 10018
  1283 10055
  1284 10055
  1285 10055
  1286 10055
  1287 10055
  1288 10158
  1289 10055
  1290 10055
  1291 10055
  1292 10055
  1293 10055
  1294 10140
  1295 10055
  1296 10055
  1297 10055
  1298 10055
  1299 10055
  1300 10055
  1301 10140
  1302 10140
  1303 10055
  1304 10140
  1305 10055
  1306 10055
  1307 10140
  1308 10055
  1309 10055
  1310 10055
  1311 10098
  1312 10098
  1313 10055
  1314 10055
  1315 10055
  1316 10055
  1317 10055
  1318 10055
  1319 10055
  1323 10154
  1324 10130
  1325 10036
  1326 10014
  1327 10014
  1328 10014
  1329 10014
  1330 10154
  1331 10154
  1332 10154
  1333 10154
  1334 10154
  1335 10154
  1336 10154
  1337 10154
  1338 10154
  1339 10154
  1341 10129
  1343 10025
  1344 10025
  1345 10025
  1346 10025
  1347 10025
  1348 10025
  1349 10025
  1350 10025
  1351 10025
  1352 10025
  1353 10025
  1354 10025
  1355 10025
  1356 10025
  1357 10025
  1358 10025
  1359 10025
  1360 10025
  1361 10025
  1362 10025
  1363 10025
  1364 10025
  1365 10025
  1366 10025
  1367 10025
  1368 10025
  1369 10025
  1370 10025
  1371 10025
  1372 10025
  1373 10025
  1374 10025
  1375 10025
  1376 10025
  1377 10025
  1378 10025
  1379 10025
  1380 10025
  1381 10025
  1382 10025
  1383 10025
  1384 10025
  1385 10025
  1386 10025
  1387 10025
  1388 10025
  1389 10025
  1390 10025
  1391 10025
  1392 10025
  1393 10025
  1400 10134
  1401 10134
  1402 10134
  1405 10134
  1406 10134
  1617 10025
  1618 10025
  1619 10025
  1620 10025
  1621 10025
  1622 10025
  1630 10034
  1631 10034
  1632 10034
  1633 10034
  1634 10034
  1635 10034
  1636 10034
  1637 10034
  1638 10034
  1639 10034
  1640 10034
  1641 10034
  1642 10034
  1643 10034
  1644 10034
  1645 10034
  1646 10034
  1647 10034
  1648 10034
  1649 10034
  1650 10034
  1651 10034
  1652 10034
  1653 10034
  1654 10034
  1655 10034
  1656 10034
  1657 10034
  1658 10034
  1659 10034
  1660 10034
  1661 10034
  1662 10034
  1663 10034
  1664 10034
  1665 10034
  1666 10034
  1667 10034
  1668 10034
  1669 10034
  1670 10034
  1671 10034
  1672 10034
  1673 10034
  1674 10034
  1675 10034
  1676 10034
  1677 10034
  1678 10034
  1679 10034
  1680 10034
  1681 10034
  1682 10034
  1683 10034
  1684 10034
  1685 10034
  1686 10034
  1687 10034
  1688 10034
  1689 10034
  1690 10034
  1691 10034
  1692 10034
  1693 10034
  1694 10034
  1695 10034
  1696 10034
  1697 10034
  1698 10034
  1699 10034
  1700 10034
  1701 10034
  1702 10034
  1703 10034
  1704 10034
  1705 10034
  1706 10034
  1707 10034
  1708 10034
  1709 10034
  1710 10034
  1711 10034
  1712 10034
  1713 10034
  1714 10034
  1715 10034
  1716 10034
  1717 10034
  1718 10034
  1719 10034
  1720 10034
  1721 10034
  1722 10034
  1723 10034
  1724 10034
  1725 10034
  1726 10034
  1727 10034
  1728 10034
  1729 10034
  1730 10034
  1731 10034
  1732 10034
  1733 10034
  1734 10034
  1735 10034
  1736 10034
  1737 10034
  1738 10034
  1739 10034
  1740 10034
  1741 10034
  1742 10034
  1743 10034
  1744 10034
  1745 10034
  1746 10034
  1747 10034
  1748 10034
  1749 10034
  1750 10034
  1751 10034
  1752 10034
  1753 10034
  1754 10034
  1755 10034
  1756 10034
  1757 10034
  1758 10034
  1759 10034
  1760 10034
  1761 10034
  1762 10034
  1763 10034
  1764 10034
  1765 10034
  1766 10034
  1767 10034
  1768 10034
  1769 10034
  1770 10034
  1771 10034
  1772 10034
  1773 10034
  1774 10034
  1775 10034
  1776 10034
  1777 10034
  1778 10034
  1779 10034
  1780 10034
  1781 10034
  1782 10034
  1783 10034
  1784 10034
  1785 10034
  1786 10034
  1787 10034
  1788 10034
  1789 10034
  1790 10034
  1791 10034
  1792 10034
  1793 10034
  1794 10034
  1795 10034
  1796 10034
  1797 10034
  1798 10034
  1799 10034
  1800 10034
  1801 10034
  1802 10034
  1803 10034
  1804 10034
  1805 10034
  1806 10034
  1807 10034
  1808 10034
  1809 10034
  1810 10034
  1811 10034
  1812 10034
  1813 10034
  1814 10034
  1815 10034
  1816 10034
  1817 10034
  1818 10034
  1819 10034
  1820 10034
  1821 10034
  1822 10034
  1823 10034
  1824 10034
  1825 10034
  1826 10034
  1827 10034
  1828 10034
  1829 10034
  1830 10034
  1831 10034
  1832 10034
  1833 10034
  1834 10034
  1835 10034
  1836 10034
  1837 10034
  1838 10034
  1839 10034
  1840 10034
  1841 10034
  1842 10034
  1843 10034
  1844 10034
  1845 10034
  1846 10034
  1847 10034
  1848 10034
  1849 10034
  1850 10034
  1851 10034
  1852 10034
  1853 10034
  1854 10034
  1855 10034
  1856 10034
  1857 10034
  1858 10034
  1862 10062
  1863 10128
  1864 10128
  1865 10128
  1866 10128
  1867 10128
  1868 10128
  1869 10128
  1870 10128
  1871 10128
  1872 10128
  1873 10128
  1874 10128
  1875 10128
  1876 10128
  1877 10128
  1878 10128
  1879 10128
  1880 10128
  1881 10128
  1882 10128
  1883 10128
  1884 10128
  1885 10128
  1886 10128
  1887 10128
  1888 10128
  1889 10128
  1890 10128
  1891 10128
  1892 10128
  1893 10128
  1894 10128
  1895 10128
  1896 10128
  1897 10128
  1898 10128
  1899 10128
  1900 10128
  1901 10128
  1902 10128
  1903 10128
  1904 10128
  1905 10128
  1906 10128
  1907 10128
  1908 10128
  1909 10128
  1910 10128
  1911 10128
  1912 10128
  1913 10128
  1914 10128
  1915 10128
  1916 10128
  1917 10128
  1918 10128
  1919 10128
  1920 10128
  1921 10128
  1922 10128
  1923 10128
  1924 10128
  1925 10128
  1926 10128
  1927 10128
  1928 10128
  1929 10128
  1930 10128
  1931 10128
  1932 10128
  1933 10128
  1934 10128
  1935 10128
  1936 10128
  1937 10128
  1938 10128
  1939 10128
  1940 10128
  1941 10128
  1942 10128
  1943 10128
  1944 10128
  1945 10128
  1946 10128
  1947 10128
  1948 10128
  1949 10128
  1950 10128
  1951 10128
  1952 10128
  1953 10128
  1954 10128
  1955 10128
  1956 10128
  1957 10128
  1958 10128
  1959 10128
  1960 10128
  1961 10128
  1962 10128
  1963 10128
  1964 10128
  1965 10128
  1966 10128
  1967 10128
  1968 10128
  1969 10128
  1970 10128
  1971 10128
  1972 10128
  1973 10128
  1974 10128
  1975 10128
  1976 10128
  1977 10128
  1978 10128
  1979 10128
  1980 10128
  1981 10128
  1982 10128
  1983 10128
  1984 10128
  1985 10128
  1986 10128
  1987 10128
  1988 10128
  1989 10128
  1990 10128
  1991 10128
  1992 10128
  1993 10128
  1994 10128
  1995 10128
  1996 10128
  1997 10128
  1998 10128
  1999 10128
  2000 10128
  2001 10128
  2002 10128
  2003 10128
  2004 10128
  2005 10128
  2006 10128
  2007 10128
  2008 10128
  2009 10128
  2010 10128
  2011 10128
  2012 10128
  2013 10128
  2014 10128
  2015 10128
  2016 10128
  2017 10128
  2018 10128
  2019 10128
  2020 10128
  2021 10128
  2022 10128
  2023 10128
  2024 10101
  2025 10101
  2026 10101
  2027 10101
  2028 10101
  2029 10101
  2030 10101
  2031 10154
  2032 10143
  2033 10143
  2034 10016
