   618 10045
   619 10045
   620 10021
   621 10021
   622 10021
   623 10021
   624 10021
   625 10021
   626 10021
   627 10021
   628 10021
   629 10021
   630 10021
   631 10021
   632 10021
   633 10021
   634 10082
   635 10082
   636 10045
   637 10045
   638 10045
   639 10045
   640 10045
   641 10045
   642 10045
   643 10045
   644 10045
   647 10082
   648 10082
   649 10021
   650 10021
   651 10082
   652 10082
   653 10082
   654 10082
   655 10082
   656 10082
   657 10082
   658 10082
   659 10082
   660 10082
   661 10045
   662 10045
   663 10045
   664 10045
   665 10021
   666 10021
   667 10045
   668 10045
   669 10045
   670 10045
   671 10045
   672 10082
   673 10045
   674 10082
   675 10082
   676 10082
   677 10082
   678 10082
   679 10045
   680 10082
   681 10045
   682 10045
   684 10082
   685 10021
   686 10021
   687 10021
   688 10045
   689 10045
   690 10021
   691 10021
   692 10021
   693 10021
   694 10021
   695 10021
   696 10021
   697 10021
   698 10021
   699 10021
   700 10021
   701 10021
   702 10021
   703 10021
   704 10021
   705 10021
   706 10021
   707 10021
   708 10021
   709 10021
   710 10021
   711 10021
   712 10021
   713 10021
   714 10021
   715 10021
   716 10021
   717 10021
   718 10021
   719 10021
   720 10021
   721 10021
   722 10021
   723 10021
   724 10021
   725 10021
   726 10021
   727 10021
   728 10021
   729 10021
   730 10021
   731 10021
   732 10021
   733 10021
   734 10021
   735 10021
   736 10021
   737 10021
   738 10021
   739 10021
   740 10021
   741 10021
   742 10021
   743 10021
   744 10021
   745 10021
   746 10021
   747 10021
   748 10021
   749 10021
   750 10021
   751 10021
   752 10021
   753 10021
   754 10021
   755 10021
   756 10021
   757 10021
   758 10021
   759 10021
   760 10021
   761 10021
   762 10021
   763 10021
   764 10021
   765 10021
   766 10021
   767 10021
   768 10021
   769 10021
   770 10021
   771 10021
   772 10021
   773 10021
   774 10021
   775 10021
   776 10021
   777 10021
   778 10021
   779 10021
   780 10021
   781 10086
   785 10122
   786 10122
   787 10005
   788 10005
   789 10005
   790 10005
   791 10005
   792 10005
   793 10005
   794 10005
   795 10120
   796 10120
   797 10120
   798 10120
   799 10120
   800 10120
   801 10120
   802 10120
   803 10120
   804 10120
   805 10120
   806 10120
   807 10120
   808 10120
   809 10120
   810 10120
   811 10120
   812 10120
   813 10120
   814 10120
   815 10120
   816 10120
   817 10120
   818 10120
   819 10120
   820 10120
   821 10120
   822 10120
   823 10120
   824 10120
   825 10120
   826 10120
   827 10120
   828 10120
   829 10120
   830 10120
   831 10120
   832 10120
   833 10120
   834 10120
   835 10120
   836 10120
   837 10120
   838 10120
   839 10120
   840 10120
   841 10120
   842 10120
   843 10120
   844 10120
   845 10120
   846 10120
   847 10120
   848 10120
   849 10120
   850 10120
   851 10120
   852 10120
   853 10120
   854 10120
   855 10120
   856 10120
   857 10120
   858 10120
   859 10120
   860 10120
   861 10120
   862 10120
   863 10120
   864 10120
   865 10120
   866 10120
   867 10120
   868 10120
   869 10120
   870 10120
   871 10120
   872 10120
   873 10120
   874 10120
   875 10120
   876 10120
   877 10120
   878 10120
   879 10120
   880 10120
   881 10120
   882 10120
   883 10120
   884 10120
   885 10120
   886 10120
   887 10120
   888 10120
   889 10120
   890 10120
   891 10120
   892 10120
   893 10120
   894 10120
   895 10120
   896 10120
   897 10120
   898 10120
   899 10120
   900 10120
   901 10120
   902 10120
   903 10120
   904 10120
   905 10120
   906 10120
   907 10120
   908 10120
   909 10120
   910 10120
   911 10120
   912 10120
   913 10120
   914 10120
   915 10120
   916 10120
   917 10120
   918 10120
   919 10120
   920 10120
   921 10120
   922 10120
   923 10120
   924 10120
   925 10120
   926 10120
   927 10120
   928 10120
   929 10120
   930 10120
   931 10120
   932 10120
   933 10120
   934 10120
   935 10120
   936 10120
   937 10120
   938 10120
   939 10120
   940 10120
   941 10120
   942 10120
   943 10120
   944 10120
   945 10120
   946 10120
   947 10120
   948 10120
   949 10120
   950 10120
   951 10120
   952 10120
   953 10120
   954 10120
   955 10120
   956 10120
   957 10120
   958 10120
   959 10120
   960 10120
   961 10120
   962 10120
   963 10120
   964 10120
   965 10120
   966 10120
   967 10120
   968 10120
   969 10120
   970 10120
   971 10120
   972 10120
   973 10120
   974 10120
   975 10120
   976 10120
   977 10120
   978 10120
   979 10120
   980 10120
   981 10120
   982 10120
   983 10120
   984 10120
   985 10120
   986 10120
   987 10120
   988 10120
   989 10120
   990 10120
   991 10120
   992 10120
   993 10120
   994 10120
   995 10120
   996 10120
   997 10120
   998 10120
   999 10120
  1000 10120
  1001 10120
  1002 10120
  1003 10120
  1004 10120
  1005 10120
  1006 10120
  1007 10120
  1008 10120
  1009 10120
  1010 10120
  1011 10120
  1012 10120
  1013 10120
  1014 10120
  1015 10120
  1016 10120
  1017 10120
  1018 10120
  1019 10120
  1020 10120
  1021 10120
  1022 10120
  1023 10120
  1024 10120
  1025 10120
  1026 10120
  1027 10120
  1028 10120
  1029 10120
  1030 10120
  1031 10120
  1032 10120
  1033 10120
  1034 10120
  1035 10120
  1036 10120
  1037 10120
  1038 10120
  1039 10120
  1040 10120
  1041 10120
  1042 10120
  1043 10120
  1044 10120
  1045 10120
  1046 10120
  1047 10120
  1048 10120
  1049 10120
  1050 10120
  1051 10120
  1052 10120
  1053 10120
  1054 10120
  1055 10120
  1056 10120
  1057 10120
  1058 10120
  1059 10120
  1060 10120
  1061 10120
  1062 10120
  1063 10120
  1064 10120
  1065 10120
  1066 10120
  1067 10120
  1068 10120
  1069 10120
  1070 10120
  1071 10120
  1072 10120
  1073 10120
  1074 10120
  1075 10120
  1076 10120
  1077 10120
  1078 10120
  1079 10120
  1080 10120
  1081 10120
  1082 10120
  1083 10120
  1084 10120
  1085 10120
  1086 10120
  1087 10120
  1088 10120
  1089 10120
  1090 10120
  1091 10120
  1092 10120
  1093 10120
  1094 10120
  1095 10120
  1096 10120
  1097 10120
  1098 10120
  1099 10120
  1100 10120
  1101 10120
  1102 10120
  1103 10120
  1104 10120
  1105 10120
  1106 10120
  1107 10120
  1108 10120
  1109 10120
  1110 10120
  1111 10120
  1112 10120
  1113 10120
  1114 10120
  1115 10120
  1116 10120
  1117 10120
  1118 10120
  1119 10120
  1120 10120
  1121 10120
  1122 10120
  1123 10120
  1124 10120
  1125 10120
  1126 10120
  1127 10120
  1128 10120
  1129 10120
  1130 10120
  1131 10120
  1132 10120
  1133 10120
  1134 10120
  1135 10120
  1136 10120
  1137 10120
  1138 10120
  1139 10120
  1140 10120
  1141 10120
  1142 10120
  1143 10120
  1144 10120
  1145 10120
  1146 10120
  1147 10120
  1148 10120
  1149 10120
  1150 10120
  1151 10120
  1152 10120
  1153 10120
  1154 10120
  1155 10120
  1156 10120
  1157 10120
  1158 10120
  1159 10120
  1160 10120
  1161 10120
  1162 10120
  1163 10120
  1164 10120
  1165 10120
  1166 10120
  1167 10120
  1168 10120
  1169 10120
  1170 10120
  1171 10120
  1172 10120
  1173 10120
  1174 10120
  1175 10120
  1176 10120
  1177 10120
  1178 10120
  1179 10120
  1180 10120
  1181 10120
  1182 10120
  1183 10120
  1184 10120
  1185 10120
  1186 10120
  1187 10120
  1188 10120
  1189 10120
  1190 10120
  1191 10120
  1192 10120
  1193 10120
  1194 10120
  1195 10120
  1196 10120
  1197 10120
  1198 10120
  1199 10120
  1200 10120
  1201 10120
  1202 10120
  1203 10120
  1204 10120
  1205 10120
  1206 10120
  1207 10120
  1208 10120
  1209 10120
  1210 10120
  1211 10120
  1212 10120
  1213 10120
  1214 10120
  1215 10120
  1216 10120
  1217 10120
  1218 10120
  1219 10120
  1220 10120
  1221 10120
  1222 10120
  1223 10120
  1224 10120
  1225 10120
  1226 10120
  1227 10120
  1228 10120
  1229 10120
  1230 10120
  1231 10120
  1232 10120
  1233 10120
  1234 10120
  1235 10120
  1236 10120
  1237 10120
  1238 10120
  1239 10120
  1240 10120
  1241 10120
  1242 10120
  1243 10120
  1244 10120
  1245 10120
  1246 10120
  1247 10120
  1248 10120
  1249 10120
  1250 10120
  1251 10120
  1252 10120
  1253 10120
  1254 10120
  1255 10120
  1256 10120
  1257 10120
  1258 10050
  1259 10141
  1260 10101
  1261 10101
  1262 10101
  1263 10101
  1264 10101
  1265 10101
  1266 10101
  1267 10061
  1271 10101
  1272 10101
  1273 10101
  1274 10134
  1275 10062
  1276 10062
  1277 10062
  1278 10062
  1279 10062
  1280 10062
  1281 10062
  1282 10062
  1283 10062
  1284 10062
  1285 10062
  1286 10062
  1287 10062
  1288 10062
  1289 10062
  1290 10062
  1291 10062
  1292 10062
  1293 10062
  1294 10062
  1295 10062
  1296 10062
  1297 10062
  1298 10062
  1299 10062
  1300 10062
  1301 10062
  1302 10062
  1303 10062
  1304 10062
  1305 10062
  1306 10062
  1307 10062
  1308 10062
  1309 10062
  1310 10062
  1311 10062
  1312 10062
  1313 10062
  1314 10062
  1315 10062
  1316 10062
  1317 10062
  1318 10062
  1319 10062
  1320 10062
  1321 10062
  1322 10062
  1323 10062
  1324 10062
  1325 10062
  1326 10062
  1327 10062
  1328 10062
  1329 10062
  1330 10062
  1331 10062
  1332 10062
  1333 10062
  1334 10062
  1335 10062
  1336 10062
  1337 10062
  1338 10062
  1339 10062
  1340 10062
  1341 10062
  1342 10062
  1343 10062
  1344 10062
  1345 10062
  1346 10062
  1347 10062
  1348 10062
  1349 10062
  1350 10062
  1351 10062
  1352 10062
  1353 10062
  1354 10062
  1355 10062
  1356 10062
  1357 10062
  1358 10062
  1359 10062
  1360 10062
  1361 10062
  1362 10062
  1363 10062
  1364 10062
  1365 10062
  1366 10062
  1367 10062
  1368 10062
  1369 10062
  1370 10062
  1371 10062
  1372 10062
  1373 10062
  1374 10062
  1375 10062
  1376 10062
  1377 10062
  1378 10062
  1379 10062
  1380 10062
  1381 10062
  1382 10062
  1383 10062
  1384 10062
  1385 10062
  1386 10062
  1387 10062
  1388 10062
  1389 10062
  1390 10062
  1391 10062
  1392 10062
  1393 10062
  1394 10062
  1395 10062
  1396 10062
  1397 10062
  1398 10062
  1399 10062
  1400 10062
  1401 10062
  1402 10062
  1403 10062
  1404 10062
  1405 10062
  1406 10062
  1407 10062
  1408 10062
  1409 10062
  1410 10062
  1411 10062
  1412 10062
  1413 10062
  1414 10062
  1415 10062
  1416 10062
  1417 10062
  1418 10062
  1419 10062
  1420 10062
  1421 10062
  1422 10062
  1423 10062
  1424 10062
  1425 10062
  1426 10062
  1427 10062
  1428 10062
  1429 10062
  1430 10062
  1431 10062
  1432 10062
  1433 10062
  1434 10062
  1435 10062
  1436 10062
  1437 10062
  1438 10062
  1439 10062
  1440 10062
  1441 10062
  1442 10062
  1443 10062
  1444 10062
  1445 10062
  1446 10062
  1447 10062
  1448 10062
  1449 10062
  1450 10062
  1451 10062
  1452 10062
  1453 10062
  1454 10062
  1455 10062
  1456 10062
  1457 10062
  1458 10062
  1459 10062
  1460 10062
  1461 10062
  1462 10062
  1463 10062
  1464 10062
  1465 10062
  1466 10062
  1467 10062
  1468 10062
  1469 10062
  1470 10062
  1471 10062
  1472 10062
  1473 10062
  1474 10062
  1475 10062
  1476 10062
  1477 10062
  1478 10062
  1479 10062
  1480 10062
  1481 10062
  1482 10062
  1483 10062
  1484 10062
  1485 10062
  1486 10062
  1487 10062
  1488 10062
  1489 10062
  1490 10062
  1491 10062
  1492 10062
  1493 10062
  1494 10062
  1495 10062
  1496 10062
  1497 10062
  1498 10062
  1499 10062
  1500 10062
  1501 10062
  1502 10062
  1503 10062
  1504 10062
  1505 10062
  1506 10062
  1507 10062
  1508 10062
  1509 10062
  1510 10062
  1511 10062
  1512 10062
  1513 10062
  1514 10062
  1515 10062
  1516 10062
  1517 10062
  1518 10062
  1519 10062
  1520 10062
  1521 10062
  1522 10062
  1523 10062
  1524 10062
  1525 10062
  1526 10062
  1527 10062
  1528 10062
  1529 10062
  1530 10062
  1531 10062
  1532 10062
  1533 10062
  1534 10062
  1535 10062
  1536 10062
  1537 10062
  1538 10062
  1539 10062
  1540 10062
  1541 10062
  1542 10062
  1543 10062
  1544 10062
  1545 10062
  1546 10062
  1547 10062
  1548 10062
  1549 10062
  1550 10062
  1551 10062
  1552 10062
  1553 10062
  1554 10062
  1555 10062
  1556 10062
  1557 10062
  1558 10062
  1559 10062
  1560 10062
  1561 10062
  1562 10062
  1563 10062
  1564 10062
  1565 10062
  1566 10062
  1567 10062
  1568 10062
  1569 10062
  1570 10062
  1571 10062
  1572 10062
  1573 10062
  1574 10062
  1575 10062
  1576 10062
  1577 10062
  1578 10062
  1579 10062
  1580 10062
  1581 10062
  1582 10062
  1583 10062
  1584 10062
  1585 10062
  1586 10062
  1587 10062
  1588 10062
  1589 10062
  1590 10062
  1591 10062
  1592 10062
  1593 10062
  1594 10062
  1595 10062
  1596 10062
  1597 10062
  1598 10062
  1599 10062
  1600 10062
  1601 10062
  1602 10062
  1603 10062
  1604 10062
  1605 10062
  1606 10062
  1607 10062
  1608 10062
  1609 10062
  1610 10062
  1611 10062
  1612 10062
  1613 10062
  1614 10062
  1615 10062
  1616 10062
  1617 10062
  1622 10035
  1626 10011
  1627 10011
  1628 10011
  1629 10011
  1630 10011
  1631 10011
  1632 10011
  1633 10011
  1634 10011
  1635 10011
  1636 10011
  1637 10011
  1638 10011
  1639 10011
  1640 10011
  1641 10011
  1642 10011
  1643 10011
  1644 10011
  1645 10011
  1646 10011
  1647 10011
  1648 10011
  1649 10011
  1650 10011
  1651 10011
  1652 10011
  1653 10011
  1654 10011
  1655 10011
  1656 10011
  1657 10011
  1658 10011
  1659 10011
  1660 10011
  1661 10011
  1662 10011
  1663 10011
  1664 10011
  1665 10011
  1666 10011
  1667 10011
  1668 10011
  1669 10011
  1670 10011
  1671 10011
  1672 10011
  1673 10011
  1674 10011
  1675 10011
  1676 10011
  1677 10011
  1678 10011
  1679 10011
  1680 10011
  1681 10011
  1682 10011
  1683 10011
  1684 10011
  1685 10011
  1686 10011
  1687 10011
  1688 10011
  1689 10011
  1690 10011
  1691 10011
  1692 10011
  1693 10011
  1694 10011
  1695 10011
  1696 10011
  1697 10011
  1698 10011
  1699 10011
  1700 10011
  1701 10011
  1702 10011
  1703 10011
  1704 10011
  1705 10011
  1706 10011
  1707 10011
  1708 10011
  1709 10011
  1710 10011
  1711 10011
  1712 10011
  1713 10011
  1714 10011
  1715 10011
  1716 10011
  1717 10011
  1718 10011
  1719 10011
  1720 10011
  1721 10011
  1722 10011
  1723 10011
  1724 10011
  1725 10011
  1726 10011
  1727 10011
  1728 10011
  1729 10011
  1730 10011
  1731 10011
  1732 10011
  1733 10011
  1734 10011
  1735 10011
  1736 10011
  1737 10011
  1738 10011
  1739 10011
  1740 10011
  1741 10011
  1742 10011
  1743 10011
  1744 10011
  1745 10011
  1746 10011
  1747 10011
  1748 10011
  1749 10011
  1750 10011
  1751 10011
  1752 10011
  1753 10011
  1754 10011
  1755 10011
  1756 10011
  1757 10011
  1758 10011
  1759 10011
  1760 10011
  1761 10011
  1762 10011
  1763 10011
  1764 10011
  1765 10011
  1766 10011
  1767 10011
  1768 10011
  1769 10011
  1770 10011
  1771 10011
  1772 10011
  1773 10011
  1774 10011
  1775 10011
  1776 10011
  1777 10011
  1778 10011
  1779 10011
  1780 10011
  1781 10011
  1782 10011
  1783 10011
  1784 10011
  1785 10011
  1786 10011
  1787 10011
  1788 10011
  1789 10011
  1790 10011
  1791 10011
  1792 10011
  1793 10011
  1794 10011
  1795 10011
  1796 10011
  1797 10011
  1798 10011
  1799 10011
  1800 10011
  1801 10011
  1802 10011
  1803 10011
  1804 10011
  1805 10011
  1806 10011
  1807 10011
  1808 10011
  1809 10011
  1810 10011
  1811 10011
  1812 10011
  1813 10011
  1814 10011
  1815 10011
  1816 10011
  1817 10011
  1818 10011
  1819 10011
  1820 10011
  1821 10011
  1822 10011
  1823 10011
  1824 10011
  1825 10011
  1826 10011
  1827 10011
  1828 10011
  1829 10011
  1830 10011
  1831 10011
  1832 10011
  1833 10011
  1834 10011
  1835 10011
  1836 10011
  1837 10011
  1838 10011
  1839 10011
  1840 10011
  1841 10011
  1842 10011
  1843 10011
  1844 10011
  1845 10011
  1846 10011
  1847 10011
  1848 10011
  1849 10011
  1850 10011
  1851 10011
  1852 10011
  1853 10011
  1854 10011
  1855 10011
  1861 10062
  1862 10062
  1863 10062
  1864 10062
  1865 10062
  1866 10062
  1867 10062
  1868 10062
  1869 10062
  1870 10062
  1871 10062
  1872 10062
  1873 10062
  1874 10062
  1875 10062
  1876 10062
  1877 10062
  1878 10062
  1879 10062
  1880 10062
  1881 10062
  1882 10062
  1883 10062
  1884 10062
  1885 10062
  1886 10062
  1887 10062
  1888 10062
  1889 10062
  1890 10062
  1891 10062
  1892 10062
  1893 10062
  1894 10062
  1895 10062
  1896 10062
  1897 10062
  1898 10062
  1899 10062
  1900 10062
  1901 10062
  1902 10062
  1903 10062
  1904 10062
  1905 10062
  1906 10062
  1907 10062
  1908 10062
  1909 10062
  1910 10062
  1911 10062
  1912 10062
  1913 10062
  1914 10062
  1915 10062
  1916 10062
  1917 10062
  1918 10062
  1919 10062
  1920 10062
  1921 10062
  1922 10062
  1923 10062
  1924 10062
  1925 10062
  1926 10062
  1927 10062
  1928 10062
  1929 10062
  1930 10062
  1931 10062
  1932 10062
  1933 10062
  1934 10062
  1935 10062
  1936 10062
  1937 10062
  1938 10062
  1939 10062
  1940 10062
  1941 10062
  1942 10062
  1943 10062
  1944 10062
  1945 10062
  1946 10062
  1947 10062
  1948 10062
  1949 10062
  1950 10062
  1951 10062
  1952 10062
  1953 10062
  1954 10062
  1955 10062
  1956 10062
  1957 10062
  1958 10062
  1959 10062
  1960 10062
  1961 10062
  1962 10062
  1963 10062
  1964 10062
  1965 10062
  1966 10062
  1967 10062
  1968 10062
  1969 10062
  1970 10062
  1971 10062
  1972 10062
  1973 10062
  1974 10062
  1975 10062
  1976 10062
  1977 10062
  1978 10062
  1979 10062
  1980 10062
  1981 10062
  1982 10062
  1983 10062
  1984 10062
  1985 10062
  1986 10062
  1987 10062
  1988 10062
  1989 10062
  1990 10062
  1991 10062
  1992 10062
  1993 10062
  1994 10062
  1995 10062
  1996 10062
  1997 10062
  1998 10062
  1999 10062
  2000 10062
  2001 10062
  2002 10062
  2003 10062
  2004 10062
  2005 10062
  2006 10062
  2007 10062
  2008 10062
  2009 10062
  2010 10062
  2011 10062
  2012 10062
  2013 10062
  2014 10062
  2015 10062
  2016 10062
  2017 10062
  2018 10062
  2019 10062
  2020 10062
  2021 10062
  2022 10062
  2023 10062
  2024 10062
  2025 10062
  2026 10062
  2031 10021
  2032 10021
  2033 10045
  2034 10045
  2035 10082
  2036 10082
