   684 10018
   685 10018
   686 10018
   687 10018
   688 10018
   689 10018
   690 10055
   691 10055
   692 10055
   693 10055
   694 10055
   695 10055
   696 10055
   697 10055
   698 10055
   699 10055
   700 10055
   701 10055
   702 10055
   703 10055
   704 10055
   705 10055
   706 10055
   707 10055
   708 10055
   709 10055
   710 10055
   711 10055
   712 10055
   713 10055
   714 10055
   715 10055
   716 10055
   717 10055
   718 10055
   719 10055
   720 10055
   721 10055
   722 10055
   723 10055
   724 10055
   725 10055
   726 10055
   727 10055
   728 10055
   729 10055
   730 10055
   731 10055
   732 10055
   733 10055
   734 10055
   735 10055
   736 10055
   737 10055
   738 10055
   739 10055
   740 10055
   741 10055
   742 10055
   743 10055
   744 10055
   745 10055
   746 10055
   747 10055
   748 10055
   749 10055
   750 10055
   751 10055
   752 10055
   753 10055
   754 10055
   755 10055
   756 10055
   757 10055
   758 10055
   759 10055
   760 10055
   761 10055
   762 10055
   763 10055
   764 10055
   765 10055
   766 10055
   767 10055
   768 10055
   769 10055
   770 10055
   771 10055
   772 10055
   773 10055
   774 10055
   775 10055
   776 10055
   777 10055
   778 10055
   779 10055
   780 10055
   781 10164
   783 10164
   785 10022
   786 10022
   787 10022
   788 10022
   789 10022
   790 10022
   791 10022
   792 10022
   793 10022
   794 10022
   795 10022
   796 10022
   797 10022
   798 10022
   799 10022
   800 10022
   801 10022
   802 10022
   803 10022
   804 10022
   805 10022
   806 10022
   807 10022
   808 10022
   809 10022
   810 10022
   811 10022
   812 10022
   813 10022
   814 10022
   815 10022
   816 10022
   817 10022
   818 10022
   819 10022
   820 10022
   821 10022
   822 10022
   823 10022
   824 10022
   825 10022
   826 10022
   827 10022
   828 10022
   829 10022
   830 10022
   831 10022
   832 10022
   833 10022
   834 10022
   835 10022
   836 10022
   837 10022
   838 10022
   839 10022
   840 10022
   841 10022
   842 10022
   843 10022
   844 10022
   845 10022
   846 10022
   847 10022
   848 10022
   849 10022
   850 10022
   851 10022
   852 10022
   853 10022
   854 10022
   855 10022
   856 10022
   857 10022
   858 10022
   859 10022
   860 10022
   861 10022
   862 10022
   863 10022
   864 10022
   865 10022
   866 10022
   867 10022
   868 10022
   869 10022
   870 10022
   871 10022
   872 10022
   873 10022
   874 10022
   875 10022
   876 10022
   877 10022
   878 10022
   879 10022
   880 10022
   881 10022
   882 10022
   883 10022
   884 10022
   885 10022
   886 10022
   887 10022
   888 10022
   889 10022
   890 10022
   891 10022
   892 10022
   893 10022
   894 10022
   895 10022
   896 10022
   897 10022
   898 10022
   899 10022
   900 10022
   901 10022
   902 10022
   903 10022
   904 10022
   905 10022
   906 10022
   907 10022
   908 10022
   909 10022
   910 10022
   911 10022
   912 10022
   913 10022
   914 10022
   915 10022
   916 10022
   917 10022
   918 10022
   919 10022
   920 10022
   921 10022
   922 10022
   923 10022
   924 10022
   925 10022
   926 10022
   927 10022
   928 10022
   929 10022
   930 10022
   931 10022
   932 10022
   933 10022
   934 10022
   935 10022
   936 10022
   937 10022
   938 10022
   939 10022
   940 10022
   941 10022
   942 10022
   943 10022
   944 10022
   945 10022
   946 10022
   947 10022
   948 10022
   949 10022
   950 10022
   951 10022
   952 10022
   953 10022
   954 10022
   955 10022
   956 10022
   957 10022
   958 10022
   959 10022
   960 10022
   961 10022
   962 10022
   963 10022
   964 10022
   965 10022
   966 10022
   967 10022
   968 10022
   969 10022
   970 10022
   971 10022
   972 10022
   973 10022
   974 10022
   975 10022
   976 10022
   977 10022
   978 10022
   979 10022
   980 10022
   981 10022
   982 10022
   983 10022
   984 10022
   985 10022
   986 10022
   987 10022
   988 10022
   989 10022
   990 10022
   991 10022
   992 10022
   993 10022
   994 10022
   995 10022
   996 10022
   997 10022
   998 10022
   999 10022
  1000 10022
  1001 10022
  1002 10022
  1003 10022
  1004 10022
  1005 10022
  1006 10022
  1007 10022
  1008 10022
  1009 10022
  1010 10022
  1011 10022
  1012 10022
  1013 10022
  1014 10022
  1015 10022
  1016 10022
  1017 10022
  1018 10022
  1019 10022
  1020 10022
  1021 10101
  1022 10101
  1023 10101
  1025 10031
  1026 10031
  1027 10049
  1028 10049
  1029 10049
  1030 10049
  1031 10049
  1032 10049
  1033 10049
  1034 10049
  1035 10049
  1036 10049
  1037 10049
  1038 10049
  1039 10049
  1040 10049
  1041 10049
  1042 10049
  1043 10049
  1044 10049
  1045 10049
  1046 10049
  1047 10049
  1048 10049
  1049 10049
  1050 10049
  1051 10049
  1052 10049
  1053 10049
  1054 10049
  1055 10049
  1056 10049
  1057 10049
  1058 10049
  1059 10049
  1060 10049
  1061 10049
  1062 10049
  1063 10049
  1064 10049
  1065 10049
  1066 10049
  1067 10049
  1068 10049
  1069 10049
  1070 10049
  1071 10049
  1072 10049
  1073 10049
  1074 10049
  1075 10049
  1076 10049
  1077 10049
  1078 10049
  1079 10049
  1080 10049
  1081 10049
  1082 10049
  1083 10049
  1084 10049
  1085 10049
  1086 10049
  1087 10049
  1088 10049
  1089 10049
  1090 10049
  1091 10049
  1092 10049
  1093 10049
  1094 10049
  1095 10049
  1096 10049
  1097 10049
  1098 10049
  1099 10049
  1100 10049
  1101 10049
  1102 10049
  1103 10049
  1104 10049
  1105 10049
  1106 10049
  1107 10049
  1108 10049
  1109 10049
  1110 10049
  1111 10049
  1112 10049
  1113 10049
  1114 10049
  1115 10049
  1116 10049
  1117 10049
  1118 10049
  1119 10049
  1120 10049
  1121 10049
  1122 10049
  1123 10049
  1124 10049
  1125 10049
  1126 10036
  1127 10036
  1128 10036
  1129 10036
  1130 10036
  1131 10036
  1132 10036
  1133 10036
  1134 10036
  1135 10036
  1136 10036
  1138 10049
  1139 10049
  1140 10049
  1141 10049
  1142 10049
  1143 10049
  1144 10049
  1145 10049
  1146 10049
  1147 10049
  1148 10049
  1149 10049
  1150 10049
  1151 10049
  1152 10049
  1153 10049
  1154 10049
  1155 10049
  1156 10049
  1157 10049
  1158 10049
  1159 10049
  1160 10049
  1161 10049
  1162 10049
  1163 10049
  1164 10049
  1165 10049
  1166 10049
  1167 10049
  1168 10049
  1169 10049
  1170 10049
  1171 10049
  1172 10049
  1173 10049
  1174 10049
  1175 10049
  1176 10049
  1177 10049
  1178 10049
  1179 10049
  1180 10049
  1181 10049
  1182 10049
  1183 10049
  1184 10049
  1185 10049
  1186 10049
  1187 10049
  1188 10049
  1189 10049
  1190 10049
  1191 10049
  1192 10049
  1193 10049
  1194 10049
  1195 10049
  1196 10049
  1197 10049
  1198 10049
  1199 10049
  1200 10049
  1201 10049
  1202 10049
  1203 10049
  1204 10049
  1205 10049
  1206 10049
  1207 10049
  1208 10049
  1209 10049
  1210 10049
  1211 10049
  1212 10049
  1213 10049
  1214 10049
  1215 10049
  1216 10049
  1217 10049
  1218 10049
  1219 10049
  1220 10049
  1221 10049
  1222 10049
  1223 10049
  1224 10049
  1225 10049
  1226 10049
  1227 10049
  1228 10049
  1229 10049
  1230 10049
  1231 10049
  1232 10049
  1233 10049
  1234 10049
  1235 10049
  1236 10049
  1237 10049
  1238 10049
  1239 10049
  1240 10049
  1241 10049
  1242 10049
  1243 10049
  1244 10049
  1245 10049
  1246 10049
  1247 10049
  1248 10049
  1249 10049
  1250 10049
  1251 10049
  1252 10049
  1253 10049
  1254 10049
  1255 10049
  1256 10049
  1257 10016
  1258 10029
  1259 10029
  1260 10029
  1261 10029
  1270 10125
  1271 10125
  1272 10108
  1273 10108
  1274 10108
  1275 10108
  1276 10108
  1277 10108
  1278 10108
  1279 10108
  1280 10108
  1281 10108
  1282 10108
  1283 10108
  1284 10108
  1285 10108
  1286 10108
  1287 10108
  1288 10108
  1289 10108
  1290 10108
  1291 10108
  1292 10108
  1293 10108
  1294 10108
  1295 10108
  1296 10108
  1297 10108
  1298 10108
  1299 10108
  1300 10108
  1301 10108
  1302 10108
  1303 10108
  1304 10108
  1305 10108
  1306 10108
  1307 10108
  1308 10108
  1309 10108
  1310 10108
  1311 10108
  1312 10108
  1313 10108
  1314 10108
  1315 10108
  1316 10108
  1317 10108
  1318 10108
  1319 10108
  1320 10108
  1321 10108
  1322 10108
  1323 10108
  1324 10108
  1325 10108
  1326 10108
  1327 10108
  1328 10108
  1329 10108
  1330 10108
  1331 10108
  1332 10108
  1333 10108
  1334 10108
  1335 10108
  1336 10108
  1337 10108
  1338 10108
  1339 10108
  1340 10108
  1341 10108
  1342 10108
  1343 10108
  1344 10108
  1345 10108
  1346 10108
  1347 10108
  1348 10108
  1349 10108
  1350 10108
  1351 10108
  1352 10108
  1353 10108
  1354 10108
  1355 10108
  1356 10108
  1357 10108
  1358 10108
  1359 10108
  1360 10108
  1361 10108
  1362 10108
  1363 10108
  1364 10108
  1365 10108
  1366 10108
  1367 10108
  1368 10108
  1369 10108
  1370 10108
  1371 10108
  1372 10108
  1373 10108
  1374 10108
  1375 10108
  1376 10108
  1377 10108
  1378 10108
  1379 10108
  1380 10108
  1381 10108
  1382 10108
  1383 10108
  1384 10108
  1385 10108
  1386 10108
  1387 10108
  1388 10108
  1389 10108
  1390 10108
  1391 10108
  1392 10108
  1393 10108
  1394 10108
  1395 10108
  1396 10108
  1397 10108
  1398 10108
  1399 10108
  1400 10108
  1401 10108
  1402 10108
  1403 10108
  1404 10108
  1405 10108
  1406 10108
  1407 10108
  1408 10108
  1409 10108
  1410 10108
  1411 10108
  1412 10108
  1413 10108
  1414 10108
  1415 10108
  1416 10108
  1417 10108
  1418 10108
  1419 10108
  1420 10108
  1421 10108
  1422 10108
  1423 10108
  1424 10108
  1425 10108
  1426 10108
  1427 10108
  1428 10108
  1429 10108
  1430 10108
  1431 10108
  1432 10108
  1433 10108
  1434 10108
  1435 10108
  1436 10108
  1437 10108
  1438 10108
  1439 10108
  1440 10108
  1441 10108
  1442 10108
  1443 10108
  1444 10108
  1445 10108
  1446 10108
  1447 10108
  1448 10108
  1449 10108
  1450 10108
  1451 10108
  1452 10108
  1453 10108
  1454 10108
  1455 10108
  1456 10108
  1457 10108
  1458 10108
  1459 10108
  1460 10108
  1461 10108
  1462 10108
  1463 10108
  1464 10108
  1465 10108
  1466 10108
  1467 10108
  1468 10108
  1469 10108
  1470 10108
  1471 10108
  1472 10108
  1473 10108
  1474 10108
  1475 10108
  1476 10108
  1477 10108
  1478 10108
  1479 10108
  1480 10108
  1481 10108
  1482 10108
  1483 10108
  1484 10108
  1485 10108
  1486 10108
  1487 10108
  1488 10108
  1489 10108
  1490 10108
  1491 10108
  1492 10108
  1493 10108
  1494 10108
  1495 10108
  1496 10108
  1497 10108
  1498 10108
  1499 10108
  1500 10108
  1501 10018
  1502 10018
  1503 10055
  1510 10023
  1511 10023
  1512 10023
  1513 10023
  1514 10023
  1520 10055
  1521 10055
  1522 10018
  1523 10018
  1524 10018
  1525 10158
  1526 10097
  1527 10097
  1528 10097
  1533 10095
  1534 10095
  1544 10055
  1547 10097
  1548 10097
  1549 10097
  1550 10097
  1551 10097
  1552 10097
  1553 10097
  1554 10097
  1555 10097
  1556 10097
  1557 10097
  1558 10097
  1559 10097
  1560 10097
  1561 10097
  1563 10097
  1564 10097
  1565 10097
  1566 10097
  1567 10097
  1568 10097
  1569 10097
  1570 10097
  1571 10097
  1572 10097
  1573 10097
  1574 10097
  1576 10097
  1577 10097
  1578 10097
  1579 10097
  1580 10097
  1581 10097
  1582 10097
  1583 10097
  1584 10097
  1585 10097
  1586 10097
  1591 10097
  1592 10097
  1593 10097
  1594 10097
  1595 10097
  1596 10097
  1597 10097
  1598 10097
  1599 10097
  1600 10097
  1601 10097
  1604 10097
  1605 10097
  1606 10097
  1607 10097
  1608 10097
  1609 10097
  1610 10097
  1611 10097
  1612 10097
  1613 10097
  1614 10097
  1615 10097
  1616 10097
  1617 10097
  1618 10097
  1620 10097
  1621 10097
  1622 10097
  1623 10097
  1624 10097
  1625 10097
  1627 10097
  1628 10097
  1629 10097
  1630 10162
  1633 10097
  1634 10097
  1635 10097
  1636 10097
  1637 10097
  1638 10097
  1639 10097
  1640 10097
  1641 10097
  1642 10097
  1643 10097
  1644 10097
  1645 10097
  1646 10097
  1647 10097
  1648 10097
  1649 10097
  1650 10097
  1651 10097
  1652 10097
  1653 10097
  1654 10097
  1655 10097
  1656 10097
  1657 10097
  1658 10097
  1659 10097
  1660 10097
  1661 10097
  1662 10097
  1663 10097
  1664 10097
  1665 10097
  1666 10097
  1667 10097
  1676 10097
  1677 10097
  1678 10097
  1679 10097
  1680 10097
  1681 10097
  1682 10097
  1683 10097
  1684 10097
  1685 10097
  1686 10097
  1687 10097
  1694 10097
  1695 10097
  1696 10097
  1697 10097
  1698 10097
  1699 10097
  1700 10097
  1701 10097
  1702 10097
  1703 10097
  1704 10097
  1705 10097
  1706 10097
  1707 10097
  1708 10097
  1709 10097
  1710 10097
  1711 10097
  1712 10097
  1713 10097
  1714 10097
  1715 10097
  1716 10097
  1717 10097
  1718 10097
  1719 10097
  1720 10097
  1724 10097
  1725 10097
  1726 10097
  1727 10097
  1728 10097
  1729 10097
  1730 10097
  1731 10097
  1732 10097
  1733 10097
  1734 10097
  1740 10097
  1741 10097
  1742 10097
  1743 10097
  1744 10097
  1745 10097
  1746 10097
  1749 10097
  1750 10097
  1751 10097
  1752 10097
  1753 10097
  1754 10097
  1755 10097
  1756 10097
  1757 10097
  1758 10097
  1759 10097
  1760 10097
  1761 10097
  1762 10097
  1763 10097
  1764 10097
  1765 10097
  1766 10097
  1767 10097
  1768 10097
  1769 10097
  1770 10097
  1771 10097
  1772 10097
  1773 10097
  1774 10097
  1775 10097
  1776 10097
  1777 10097
  1778 10097
  1779 10097
  1780 10097
  1781 10097
  1782 10097
  1783 10097
  1784 10097
  1785 10097
  1786 10097
  1787 10097
  1788 10097
  1789 10097
  1790 10097
  1791 10097
  1792 10097
  1793 10097
  1794 10097
  1795 10097
  1796 10097
  1797 10097
  1798 10097
  1799 10097
  1800 10097
  1801 10097
  1802 10097
  1803 10097
  1804 10097
  1805 10097
  1806 10097
  1807 10097
  1808 10097
  1809 10097
  1810 10097
  1811 10097
  1812 10097
  1813 10097
  1814 10097
  1815 10097
  1816 10097
  1817 10097
  1818 10097
  1819 10097
  1828 10097
  1829 10097
  1830 10097
  1831 10097
  1832 10097
  1833 10097
  1834 10097
  1835 10097
  1836 10097
  1837 10097
  1838 10097
  1839 10097
  1840 10097
  1841 10097
  1842 10097
  1843 10097
  1844 10097
  1845 10097
  1846 10097
  1847 10097
  1854 10097
  1855 10097
  1856 10097
  1857 10097
  1858 10097
  1859 10097
  1860 10097
  1861 10097
  1862 10097
  1863 10097
  1864 10097
  1865 10097
  1866 10097
  1867 10097
  1868 10097
  1869 10097
  1870 10097
  1871 10097
  1872 10097
  1873 10097
  1874 10097
  1875 10097
  1876 10097
  1887 10097
  1888 10097
  1889 10097
  1890 10097
  1891 10097
  1892 10097
  1893 10097
  1894 10097
  1895 10097
  1896 10097
  1897 10097
  1898 10097
  1899 10097
  1900 10097
  1901 10097
  1946 10142
  1947 10142
  1948 10097
  1949 10142
  1950 10142
