   672 10156
   673 10156
   674 10156
   675 10156
   676 10156
   677 10156
   678 10156
   679 10156
   680 10156
   681 10156
   682 10156
   683 10156
   684 10156
   685 10156
   686 10156
   687 10156
   688 10156
   689 10156
   690 10075
   691 10075
   692 10075
   693 10075
   694 10075
   695 10075
   696 10075
   697 10075
   698 10075
   699 10075
   700 10075
   701 10075
   702 10075
   703 10075
   704 10075
   705 10075
   706 10075
   707 10075
   708 10075
   709 10075
   710 10075
   711 10075
   712 10075
   713 10075
   714 10075
   715 10075
   716 10075
   717 10075
   718 10075
   719 10075
   720 10075
   721 10075
   722 10075
   723 10075
   724 10075
   725 10075
   726 10075
   727 10075
   728 10075
   729 10075
   730 10075
   731 10075
   732 10075
   733 10075
   734 10075
   735 10075
   736 10075
   737 10075
   738 10075
   739 10075
   740 10075
   741 10075
   742 10075
   743 10075
   744 10075
   745 10075
   746 10075
   747 10075
   748 10075
   749 10075
   750 10075
   751 10075
   752 10075
   753 10075
   754 10075
   755 10075
   756 10075
   757 10075
   758 10075
   759 10075
   760 10075
   761 10075
   762 10075
   763 10075
   764 10075
   765 10075
   766 10075
   767 10075
   768 10075
   769 10075
   770 10075
   771 10075
   772 10075
   773 10075
   774 10075
   775 10075
   776 10075
   777 10075
   778 10075
   779 10075
   780 10075
   781 10143
   782 10143
   783 10143
   784 10081
   785 10081
   786 10006
   787 10006
   788 10006
   789 10006
   790 10006
   791 10006
   792 10006
   793 10006
   794 10006
   795 10006
   796 10006
   797 10006
   798 10006
   799 10006
   800 10006
   801 10006
   802 10006
   803 10006
   804 10006
   805 10006
   806 10006
   807 10006
   808 10006
   809 10006
   810 10006
   811 10006
   812 10006
   813 10006
   814 10006
   815 10006
   816 10006
   817 10006
   818 10006
   819 10006
   820 10006
   821 10006
   822 10006
   823 10006
   824 10006
   825 10006
   826 10006
   827 10006
   828 10006
   829 10006
   830 10006
   831 10006
   832 10006
   833 10006
   834 10006
   835 10006
   836 10006
   837 10006
   838 10006
   839 10006
   840 10006
   841 10006
   842 10006
   843 10006
   844 10006
   845 10006
   846 10006
   847 10006
   848 10006
   849 10006
   850 10006
   851 10006
   852 10006
   853 10006
   854 10006
   855 10006
   856 10006
   857 10006
   858 10006
   859 10006
   860 10006
   861 10006
   862 10006
   863 10006
   864 10006
   865 10006
   866 10006
   867 10006
   868 10006
   869 10006
   870 10006
   871 10006
   872 10006
   873 10006
   874 10006
   875 10006
   876 10006
   877 10006
   878 10006
   879 10006
   880 10006
   881 10006
   882 10006
   883 10006
   884 10006
   885 10006
   886 10006
   887 10006
   888 10006
   889 10006
   890 10006
   891 10006
   892 10006
   893 10006
   894 10006
   895 10006
   896 10006
   897 10006
   898 10006
   899 10006
   900 10006
   901 10006
   902 10006
   903 10006
   904 10006
   905 10006
   906 10006
   907 10006
   908 10006
   909 10006
   910 10006
   911 10006
   912 10006
   913 10006
   914 10006
   915 10006
   916 10006
   917 10006
   918 10006
   919 10006
   920 10006
   921 10006
   922 10006
   923 10006
   924 10006
   925 10006
   926 10006
   927 10006
   928 10006
   929 10006
   930 10006
   931 10006
   932 10006
   933 10006
   934 10006
   935 10006
   936 10006
   937 10006
   938 10006
   939 10006
   940 10006
   941 10006
   942 10006
   943 10006
   944 10006
   945 10006
   946 10006
   947 10006
   948 10006
   949 10006
   950 10006
   951 10006
   952 10006
   953 10006
   954 10006
   955 10006
   956 10006
   957 10006
   958 10006
   959 10006
   960 10006
   961 10006
   962 10006
   963 10006
   964 10006
   965 10006
   966 10006
   967 10006
   968 10006
   969 10006
   970 10006
   971 10006
   972 10006
   973 10006
   974 10006
   975 10006
   976 10006
   977 10006
   978 10006
   979 10006
   980 10006
   981 10006
   982 10006
   983 10006
   984 10006
   985 10006
   986 10006
   987 10006
   988 10006
   989 10006
   990 10006
   991 10006
   992 10006
   993 10006
   994 10006
   995 10006
   996 10006
   997 10006
   998 10006
   999 10006
  1000 10006
  1001 10006
  1002 10006
  1003 10006
  1004 10006
  1005 10006
  1006 10006
  1007 10006
  1008 10006
  1009 10006
  1010 10006
  1011 10006
  1012 10006
  1013 10006
  1014 10006
  1015 10006
  1016 10006
  1017 10006
  1018 10006
  1019 10006
  1020 10006
  1021 10153
  1022 10154
  1023 10154
  1024 10156
  1025 10156
  1026 10156
  1027 10156
  1028 10156
  1029 10156
  1030 10156
  1031 10156
  1032 10156
  1033 10156
  1034 10156
  1035 10156
  1036 10156
  1037 10156
  1038 10156
  1039 10156
  1040 10156
  1041 10156
  1042 10156
  1043 10156
  1044 10156
  1045 10156
  1046 10156
  1047 10156
  1048 10156
  1049 10156
  1050 10156
  1051 10156
  1052 10156
  1053 10156
  1054 10156
  1055 10156
  1056 10156
  1057 10156
  1058 10156
  1059 10156
  1060 10156
  1061 10156
  1062 10156
  1063 10156
  1064 10156
  1065 10156
  1066 10156
  1067 10156
  1068 10156
  1069 10156
  1070 10156
  1071 10156
  1072 10156
  1073 10156
  1074 10156
  1075 10156
  1076 10156
  1077 10156
  1078 10156
  1079 10156
  1080 10156
  1081 10156
  1082 10156
  1083 10156
  1084 10156
  1085 10156
  1086 10156
  1087 10156
  1088 10156
  1089 10156
  1090 10156
  1091 10156
  1092 10156
  1093 10156
  1094 10156
  1095 10156
  1096 10156
  1097 10156
  1098 10156
  1099 10156
  1100 10156
  1101 10156
  1102 10156
  1103 10156
  1104 10156
  1105 10156
  1106 10156
  1107 10156
  1108 10156
  1109 10156
  1110 10156
  1111 10156
  1112 10156
  1113 10156
  1114 10156
  1115 10156
  1116 10156
  1117 10156
  1118 10156
  1119 10156
  1120 10156
  1121 10156
  1122 10156
  1123 10156
  1124 10156
  1125 10156
  1126 10156
  1127 10156
  1128 10156
  1129 10156
  1130 10156
  1131 10156
  1132 10156
  1133 10156
  1134 10156
  1135 10156
  1136 10156
  1137 10156
  1138 10156
  1139 10156
  1140 10156
  1141 10156
  1142 10156
  1143 10156
  1144 10156
  1145 10156
  1146 10156
  1147 10156
  1148 10156
  1149 10156
  1150 10156
  1151 10156
  1152 10156
  1153 10156
  1154 10156
  1155 10156
  1156 10156
  1157 10156
  1158 10156
  1159 10156
  1160 10156
  1161 10156
  1162 10156
  1163 10156
  1164 10156
  1165 10156
  1166 10156
  1167 10156
  1168 10156
  1169 10156
  1170 10156
  1171 10156
  1172 10156
  1173 10156
  1174 10156
  1175 10156
  1176 10156
  1177 10156
  1178 10156
  1179 10156
  1180 10156
  1181 10156
  1182 10156
  1183 10156
  1184 10156
  1185 10156
  1186 10156
  1187 10156
  1188 10156
  1189 10156
  1190 10156
  1191 10156
  1192 10156
  1193 10156
  1194 10156
  1195 10156
  1196 10156
  1197 10156
  1198 10156
  1199 10156
  1200 10156
  1201 10156
  1202 10156
  1203 10156
  1204 10156
  1205 10156
  1206 10156
  1207 10156
  1208 10156
  1209 10156
  1210 10156
  1211 10156
  1212 10156
  1213 10156
  1214 10156
  1215 10156
  1216 10156
  1217 10156
  1218 10156
  1219 10156
  1220 10156
  1221 10156
  1222 10156
  1223 10156
  1224 10156
  1225 10156
  1226 10156
  1227 10156
  1228 10156
  1229 10156
  1230 10156
  1231 10156
  1232 10156
  1233 10156
  1234 10156
  1235 10156
  1236 10156
  1237 10156
  1238 10156
  1239 10156
  1240 10156
  1241 10156
  1242 10156
  1243 10156
  1244 10156
  1245 10156
  1246 10156
  1247 10156
  1248 10156
  1249 10156
  1250 10156
  1251 10156
  1252 10156
  1253 10156
  1254 10156
  1255 10156
  1256 10156
  1257 10156
  1259 10055
  1260 10018
  1261 10018
  1262 10018
  1263 10018
  1264 10018
  1265 10018
  1266 10018
  1267 10018
  1268 10018
  1269 10010
  1270 10010
  1271 10010
  1272 10010
  1273 10010
  1274 10010
  1275 10156
  1276 10156
  1277 10156
  1278 10156
  1279 10156
  1280 10156
  1281 10156
  1282 10156
  1283 10156
  1284 10156
  1285 10156
  1286 10156
  1287 10156
  1288 10156
  1289 10156
  1290 10156
  1291 10156
  1292 10156
  1293 10156
  1294 10156
  1295 10156
  1296 10156
  1297 10156
  1298 10156
  1299 10156
  1300 10156
  1301 10156
  1302 10156
  1303 10156
  1304 10156
  1305 10156
  1306 10156
  1307 10156
  1308 10156
  1309 10156
  1310 10156
  1311 10156
  1312 10156
  1313 10156
  1314 10156
  1315 10156
  1316 10156
  1317 10156
  1318 10156
  1319 10156
  1320 10156
  1321 10156
  1322 10156
  1323 10156
  1324 10156
  1325 10156
  1326 10156
  1327 10156
  1328 10156
  1329 10156
  1330 10156
  1331 10156
  1332 10156
  1333 10156
  1334 10156
  1335 10156
  1336 10156
  1337 10156
  1338 10156
  1339 10156
  1340 10156
  1341 10156
  1342 10156
  1343 10156
  1344 10156
  1345 10156
  1346 10156
  1347 10156
  1348 10156
  1349 10156
  1350 10156
  1351 10156
  1352 10156
  1353 10156
  1354 10156
  1355 10156
  1356 10156
  1357 10156
  1358 10156
  1359 10156
  1360 10156
  1361 10156
  1362 10156
  1363 10156
  1364 10156
  1365 10156
  1366 10156
  1367 10156
  1368 10156
  1369 10156
  1370 10156
  1371 10156
  1372 10156
  1373 10156
  1374 10156
  1375 10156
  1376 10156
  1377 10156
  1378 10156
  1379 10156
  1380 10156
  1381 10156
  1382 10156
  1383 10156
  1384 10156
  1385 10156
  1386 10156
  1387 10156
  1388 10156
  1389 10156
  1390 10156
  1391 10156
  1392 10156
  1393 10156
  1394 10156
  1395 10156
  1396 10156
  1397 10156
  1398 10156
  1399 10156
  1400 10156
  1401 10156
  1402 10156
  1403 10156
  1404 10156
  1405 10156
  1406 10156
  1407 10156
  1408 10156
  1409 10156
  1410 10156
  1411 10156
  1412 10156
  1413 10156
  1414 10156
  1415 10156
  1416 10156
  1417 10156
  1418 10156
  1419 10156
  1420 10156
  1421 10156
  1422 10156
  1423 10156
  1424 10156
  1425 10156
  1426 10156
  1427 10156
  1428 10156
  1429 10156
  1430 10156
  1431 10156
  1432 10156
  1433 10156
  1434 10156
  1435 10156
  1436 10156
  1437 10156
  1438 10156
  1439 10156
  1440 10156
  1441 10156
  1442 10156
  1443 10156
  1444 10156
  1445 10156
  1446 10156
  1447 10156
  1448 10156
  1449 10156
  1450 10156
  1451 10156
  1452 10156
  1453 10156
  1454 10156
  1455 10156
  1456 10156
  1457 10156
  1458 10156
  1459 10156
  1460 10156
  1461 10156
  1462 10156
  1463 10156
  1464 10156
  1465 10156
  1466 10156
  1467 10156
  1468 10156
  1469 10156
  1470 10156
  1471 10156
  1472 10156
  1473 10156
  1474 10156
  1475 10156
  1476 10156
  1477 10156
  1478 10156
  1479 10156
  1480 10156
  1481 10156
  1482 10156
  1483 10156
  1484 10156
  1485 10156
  1486 10156
  1487 10156
  1488 10156
  1489 10156
  1490 10156
  1491 10156
  1492 10156
  1493 10156
  1494 10156
  1495 10156
  1496 10156
  1497 10156
  1498 10156
  1499 10156
  1500 10156
  1501 10082
  1502 10082
  1503 10082
  1504 10082
  1505 10082
  1506 10082
  1507 10082
  1508 10082
  1509 10082
  1510 10082
  1511 10082
  1512 10082
  1513 10082
  1514 10082
  1515 10082
  1516 10082
  1517 10082
  1518 10082
  1519 10082
  1520 10082
  1521 10082
  1522 10082
  1523 10082
  1524 10082
  1525 10082
  1526 10082
  1527 10082
  1528 10082
  1529 10082
  1530 10082
  1531 10082
  1532 10082
  1533 10082
  1534 10082
  1535 10082
  1536 10082
  1537 10082
  1538 10082
  1539 10082
  1540 10082
  1541 10082
  1542 10082
  1543 10082
  1544 10082
  1545 10082
  1546 10082
  1547 10082
  1548 10082
  1549 10082
  1550 10082
  1551 10082
  1552 10082
  1553 10082
  1554 10082
  1555 10082
  1556 10082
  1557 10082
  1558 10082
  1559 10082
  1560 10082
  1561 10082
  1562 10082
  1563 10082
  1564 10082
  1565 10082
  1566 10082
  1567 10082
  1568 10082
  1569 10082
  1570 10082
  1571 10082
  1572 10082
  1573 10082
  1574 10082
  1575 10082
  1576 10082
  1577 10082
  1578 10082
  1579 10082
  1580 10082
  1581 10082
  1582 10082
  1583 10082
  1584 10082
  1585 10082
  1586 10082
  1587 10082
  1588 10082
  1589 10082
  1590 10082
  1591 10082
  1592 10082
  1593 10082
  1594 10082
  1595 10082
  1596 10082
  1597 10082
  1598 10082
  1599 10082
  1600 10082
  1601 10082
  1602 10082
  1603 10082
  1604 10082
  1605 10082
  1606 10082
  1607 10082
  1608 10082
  1609 10082
  1610 10082
  1611 10082
  1612 10082
  1613 10082
  1614 10082
  1615 10082
  1616 10082
  1617 10082
  1618 10082
  1619 10082
  1620 10082
  1621 10066
  1622 10066
  1623 10066
  1624 10066
  1625 10066
  1626 10066
  1627 10020
  1628 10020
  1629 10020
  1630 10020
  1631 10020
  1632 10020
  1633 10020
  1634 10020
  1635 10020
  1636 10020
  1637 10020
  1638 10020
  1639 10020
  1640 10020
  1641 10020
  1642 10020
  1643 10020
  1644 10020
  1645 10020
  1646 10020
  1647 10020
  1648 10020
  1649 10020
  1650 10020
  1651 10020
  1652 10020
  1653 10020
  1654 10020
  1655 10020
  1656 10020
  1657 10020
  1658 10020
  1659 10020
  1660 10020
  1661 10020
  1662 10020
  1663 10020
  1664 10020
  1665 10020
  1666 10020
  1667 10020
  1668 10020
  1669 10020
  1670 10020
  1671 10020
  1672 10020
  1673 10020
  1674 10020
  1675 10020
  1676 10020
  1677 10020
  1678 10020
  1679 10020
  1680 10020
  1681 10020
  1682 10020
  1683 10020
  1684 10020
  1685 10020
  1686 10020
  1687 10020
  1688 10020
  1689 10020
  1690 10020
  1691 10020
  1692 10020
  1693 10020
  1694 10020
  1695 10020
  1696 10020
  1697 10020
  1698 10020
  1699 10020
  1700 10020
  1701 10020
  1702 10020
  1703 10020
  1704 10020
  1705 10020
  1706 10020
  1707 10020
  1708 10020
  1709 10020
  1710 10020
  1711 10020
  1712 10020
  1713 10020
  1714 10020
  1715 10020
  1716 10020
  1717 10020
  1718 10020
  1719 10020
  1720 10020
  1721 10020
  1722 10020
  1723 10020
  1724 10020
  1725 10020
  1726 10020
  1727 10020
  1728 10020
  1729 10020
  1730 10020
  1731 10020
  1732 10020
  1733 10020
  1734 10020
  1735 10020
  1736 10020
  1737 10020
  1738 10020
  1739 10020
  1740 10020
  1741 10020
  1742 10020
  1743 10020
  1744 10020
  1745 10020
  1746 10020
  1747 10020
  1748 10020
  1749 10020
  1750 10020
  1751 10020
  1752 10020
  1753 10020
  1754 10020
  1755 10020
  1756 10020
  1757 10020
  1758 10020
  1759 10020
  1760 10020
  1761 10020
  1762 10020
  1763 10020
  1764 10020
  1765 10020
  1766 10020
  1767 10020
  1768 10020
  1769 10020
  1770 10020
  1771 10020
  1772 10020
  1773 10020
  1774 10020
  1775 10020
  1776 10020
  1777 10020
  1778 10020
  1779 10020
  1780 10020
  1781 10020
  1782 10020
  1783 10020
  1784 10020
  1785 10020
  1786 10020
  1787 10020
  1788 10020
  1789 10020
  1790 10020
  1791 10020
  1792 10020
  1793 10020
  1794 10020
  1795 10020
  1796 10020
  1797 10020
  1798 10020
  1799 10020
  1800 10020
  1801 10020
  1802 10020
  1803 10020
  1804 10020
  1805 10020
  1806 10020
  1807 10020
  1808 10020
  1809 10020
  1810 10020
  1811 10020
  1812 10020
  1813 10020
  1814 10020
  1815 10020
  1816 10020
  1817 10020
  1818 10020
  1819 10020
  1820 10020
  1821 10020
  1822 10020
  1823 10020
  1824 10020
  1825 10020
  1826 10020
  1827 10020
  1828 10020
  1829 10020
  1830 10020
  1831 10020
  1832 10020
  1833 10020
  1834 10020
  1835 10020
  1836 10020
  1837 10020
  1838 10020
  1839 10020
  1840 10020
  1841 10020
  1842 10020
  1843 10020
  1844 10020
  1845 10020
  1846 10020
  1847 10020
  1848 10020
  1849 10020
  1850 10020
  1851 10020
  1852 10020
  1853 10020
  1854 10020
  1855 10020
  1856 10020
  1857 10072
  1858 10072
  1859 10072
  1860 10072
  1861 10045
  1862 10021
  1863 10021
  1864 10021
  1865 10021
  1866 10021
  1867 10021
  1868 10021
  1869 10021
  1870 10021
  1871 10021
  1872 10021
  1873 10021
  1874 10021
  1875 10021
  1876 10021
  1877 10021
  1878 10021
  1879 10021
  1880 10021
  1881 10021
  1882 10021
  1883 10021
  1884 10021
  1885 10021
  1886 10021
  1887 10021
  1888 10021
  1889 10021
  1890 10021
  1891 10021
  1892 10021
  1893 10021
  1894 10021
  1895 10021
  1896 10021
  1897 10021
  1898 10021
  1899 10021
  1900 10021
  1901 10021
  1902 10021
  1903 10021
  1904 10021
  1905 10021
  1906 10021
  1907 10021
  1908 10021
  1909 10021
  1910 10021
  1911 10021
  1912 10021
  1913 10021
  1914 10021
  1915 10021
  1916 10021
  1917 10021
  1918 10021
  1919 10021
  1920 10021
  1921 10021
  1922 10021
  1923 10021
  1924 10021
  1925 10021
  1926 10021
  1927 10021
  1928 10021
  1929 10021
  1930 10021
  1931 10021
  1932 10021
  1933 10021
  1934 10021
  1935 10021
  1936 10021
  1937 10021
  1938 10021
  1939 10021
  1940 10021
  1941 10021
  1942 10021
  1943 10021
  1944 10021
  1945 10021
  1946 10021
  1947 10021
  1948 10021
  1949 10021
  1950 10021
  1951 10021
  1952 10021
  1953 10021
  1954 10021
  1955 10021
  1956 10021
  1957 10021
  1958 10021
  1959 10021
  1960 10021
  1961 10021
  1962 10021
  1963 10021
  1964 10021
  1965 10021
  1966 10021
  1967 10021
  1968 10021
  1969 10021
  1970 10021
  1971 10021
  1972 10021
  1973 10021
  1974 10021
  1975 10021
  1976 10021
  1977 10021
  1978 10021
  1979 10021
  1980 10021
  1981 10021
  1982 10021
  1983 10021
  1984 10021
  1985 10021
  1986 10021
  1987 10021
  1988 10021
  1989 10021
  1990 10021
  1991 10021
  1992 10021
  1993 10021
  1994 10021
  1995 10021
  1996 10021
  1997 10021
  1998 10021
  1999 10021
  2000 10021
  2001 10021
  2002 10021
  2003 10021
  2004 10021
  2005 10021
  2006 10021
  2007 10021
  2008 10021
  2009 10021
  2010 10021
  2011 10021
  2012 10021
  2013 10021
  2014 10021
  2015 10021
  2016 10021
  2017 10021
  2018 10021
  2019 10021
  2020 10021
  2021 10045
  2022 10045
  2023 10045
  2024 10082
  2026 10028
  2027 10066
  2028 10028
  2036 10143
  2037 10016
  2038 10016
  2039 10143
  2040 10143
