   690 10120
   691 10120
   692 10120
   693 10120
   694 10120
   695 10120
   696 10120
   697 10120
   698 10120
   699 10120
   700 10120
   701 10120
   702 10120
   703 10120
   704 10120
   705 10120
   706 10120
   707 10120
   708 10120
   709 10120
   710 10120
   711 10120
   712 10120
   713 10120
   714 10120
   715 10120
   716 10120
   717 10120
   718 10120
   719 10120
   720 10120
   721 10120
   722 10120
   723 10120
   724 10120
   725 10120
   726 10120
   727 10120
   728 10120
   729 10120
   730 10120
   731 10120
   732 10120
   733 10120
   734 10120
   735 10120
   736 10120
   737 10120
   738 10120
   739 10120
   740 10120
   741 10120
   742 10120
   743 10120
   744 10120
   745 10120
   746 10120
   747 10120
   748 10120
   749 10120
   750 10120
   751 10120
   752 10120
   753 10120
   754 10120
   755 10120
   756 10120
   757 10120
   758 10120
   759 10120
   760 10120
   761 10120
   762 10120
   763 10120
   764 10120
   765 10120
   766 10120
   767 10120
   768 10120
   769 10120
   770 10120
   771 10120
   772 10120
   773 10120
   774 10120
   775 10120
   776 10120
   777 10120
   778 10120
   779 10120
   780 10120
   781 10120
   782 10120
   783 10120
   784 10120
   785 10120
   786 10007
   787 10007
   788 10007
   789 10007
   790 10007
   791 10007
   792 10007
   793 10007
   794 10007
   795 10007
   796 10007
   797 10007
   798 10007
   799 10007
   800 10007
   801 10007
   802 10007
   803 10007
   804 10007
   805 10007
   806 10007
   807 10007
   808 10007
   809 10007
   810 10007
   811 10007
   812 10007
   813 10007
   814 10007
   815 10007
   816 10007
   817 10007
   818 10007
   819 10007
   820 10007
   821 10007
   822 10007
   823 10007
   824 10007
   825 10007
   826 10007
   827 10007
   828 10007
   829 10007
   830 10007
   831 10007
   832 10007
   833 10007
   834 10007
   835 10007
   836 10007
   837 10007
   838 10007
   839 10007
   840 10007
   841 10007
   842 10007
   843 10007
   844 10007
   845 10007
   846 10007
   847 10007
   848 10007
   849 10007
   850 10007
   851 10007
   852 10007
   853 10007
   854 10007
   855 10007
   856 10007
   857 10007
   858 10007
   859 10007
   860 10007
   861 10007
   862 10007
   863 10007
   864 10007
   865 10007
   866 10007
   867 10007
   868 10007
   869 10007
   870 10007
   871 10007
   872 10007
   873 10007
   874 10007
   875 10007
   876 10007
   877 10007
   878 10007
   879 10007
   880 10007
   881 10007
   882 10007
   883 10007
   884 10007
   885 10007
   886 10007
   887 10007
   888 10007
   889 10007
   890 10007
   891 10007
   892 10007
   893 10007
   894 10007
   895 10007
   896 10007
   897 10007
   898 10007
   899 10007
   900 10007
   901 10007
   902 10007
   903 10007
   904 10007
   905 10007
   906 10007
   907 10007
   908 10007
   909 10007
   910 10007
   911 10007
   912 10007
   913 10007
   914 10007
   915 10007
   916 10007
   917 10007
   918 10007
   919 10007
   920 10007
   921 10007
   922 10007
   923 10007
   924 10007
   925 10007
   926 10007
   927 10007
   928 10007
   929 10007
   930 10007
   931 10007
   932 10007
   933 10007
   934 10007
   935 10007
   936 10007
   937 10007
   938 10007
   939 10007
   940 10007
   941 10007
   942 10007
   943 10007
   944 10007
   945 10007
   946 10007
   947 10007
   948 10007
   949 10007
   950 10007
   951 10007
   952 10007
   953 10007
   954 10007
   955 10007
   956 10007
   957 10007
   958 10007
   959 10007
   960 10007
   961 10007
   962 10007
   963 10007
   964 10007
   965 10007
   966 10007
   967 10007
   968 10007
   969 10007
   970 10007
   971 10007
   972 10007
   973 10007
   974 10007
   975 10007
   976 10007
   977 10007
   978 10007
   979 10007
   980 10007
   981 10007
   982 10007
   983 10007
   984 10007
   985 10007
   986 10007
   987 10007
   988 10007
   989 10007
   990 10007
   991 10007
   992 10007
   993 10007
   994 10007
   995 10007
   996 10007
   997 10007
   998 10007
   999 10007
  1000 10007
  1001 10007
  1002 10007
  1003 10007
  1004 10007
  1005 10007
  1006 10007
  1007 10007
  1008 10007
  1009 10007
  1010 10007
  1011 10007
  1012 10007
  1013 10007
  1014 10007
  1015 10007
  1016 10007
  1017 10007
  1018 10007
  1019 10007
  1020 10007
  1032 10041
  1033 10041
  1034 10041
  1035 10041
  1036 10041
  1037 10041
  1038 10041
  1039 10041
  1040 10041
  1041 10041
  1042 10041
  1043 10041
  1044 10041
  1045 10041
  1046 10041
  1047 10041
  1048 10041
  1049 10041
  1050 10041
  1051 10041
  1052 10041
  1053 10041
  1054 10041
  1055 10041
  1056 10041
  1057 10041
  1058 10041
  1059 10041
  1060 10041
  1061 10041
  1062 10041
  1063 10041
  1064 10041
  1065 10041
  1066 10041
  1067 10041
  1068 10041
  1069 10041
  1070 10041
  1071 10041
  1072 10041
  1073 10041
  1074 10041
  1075 10041
  1076 10041
  1077 10041
  1078 10041
  1079 10041
  1080 10041
  1081 10041
  1082 10041
  1083 10041
  1084 10041
  1085 10041
  1086 10041
  1087 10041
  1088 10041
  1089 10041
  1090 10041
  1091 10041
  1092 10041
  1093 10041
  1094 10041
  1095 10041
  1096 10041
  1097 10041
  1098 10041
  1099 10041
  1100 10041
  1101 10041
  1102 10041
  1103 10041
  1104 10041
  1105 10041
  1106 10041
  1107 10041
  1108 10041
  1109 10041
  1110 10041
  1111 10041
  1112 10041
  1113 10041
  1114 10041
  1115 10041
  1116 10041
  1117 10041
  1118 10041
  1119 10041
  1120 10041
  1121 10041
  1122 10041
  1123 10041
  1124 10041
  1125 10041
  1126 10041
  1127 10041
  1128 10041
  1129 10041
  1130 10041
  1131 10041
  1132 10041
  1133 10041
  1134 10041
  1135 10041
  1136 10041
  1137 10041
  1138 10041
  1139 10041
  1140 10041
  1141 10041
  1142 10041
  1143 10041
  1144 10041
  1145 10041
  1146 10041
  1147 10041
  1148 10041
  1149 10041
  1150 10041
  1151 10041
  1152 10041
  1153 10041
  1154 10041
  1155 10041
  1156 10041
  1157 10041
  1158 10041
  1159 10041
  1160 10041
  1161 10041
  1162 10041
  1163 10041
  1164 10041
  1165 10041
  1166 10041
  1167 10041
  1168 10041
  1169 10041
  1170 10041
  1171 10041
  1172 10041
  1173 10041
  1174 10041
  1175 10041
  1176 10041
  1177 10041
  1178 10041
  1179 10041
  1180 10041
  1181 10041
  1182 10041
  1183 10041
  1184 10041
  1185 10041
  1186 10041
  1187 10041
  1188 10041
  1189 10041
  1190 10041
  1191 10041
  1192 10041
  1193 10041
  1194 10041
  1195 10041
  1196 10041
  1197 10041
  1198 10041
  1199 10041
  1200 10041
  1201 10041
  1202 10041
  1203 10041
  1204 10041
  1205 10041
  1206 10041
  1207 10041
  1208 10041
  1209 10041
  1210 10041
  1211 10041
  1212 10041
  1213 10041
  1214 10041
  1215 10041
  1216 10041
  1217 10041
  1218 10041
  1219 10041
  1220 10041
  1221 10041
  1222 10041
  1223 10041
  1224 10041
  1225 10041
  1226 10041
  1227 10041
  1228 10041
  1229 10041
  1230 10041
  1231 10041
  1232 10041
  1233 10041
  1234 10041
  1235 10041
  1236 10041
  1237 10041
  1238 10041
  1239 10041
  1240 10041
  1241 10041
  1242 10041
  1243 10041
  1244 10041
  1245 10041
  1246 10041
  1247 10041
  1248 10041
  1249 10041
  1250 10041
  1251 10041
  1252 10041
  1253 10041
  1254 10041
  1255 10041
  1256 10041
  1257 10041
  1258 10041
  1259 10041
  1260 10041
  1261 10028
  1270 10101
  1271 10101
  1272 10101
  1273 10101
  1275 10014
  1276 10014
  1277 10074
  1278 10074
  1279 10074
  1280 10074
  1283 10074
  1284 10074
  1285 10074
  1286 10074
  1287 10074
  1288 10074
  1289 10074
  1290 10074
  1291 10074
  1292 10074
  1293 10074
  1294 10074
  1298 10074
  1299 10074
  1300 10074
  1301 10074
  1302 10074
  1303 10074
  1304 10074
  1305 10074
  1306 10074
  1307 10074
  1308 10074
  1309 10074
  1310 10074
  1311 10074
  1312 10074
  1313 10074
  1314 10074
  1315 10074
  1316 10074
  1317 10074
  1318 10074
  1319 10074
  1320 10074
  1321 10074
  1322 10074
  1323 10074
  1324 10074
  1325 10074
  1326 10074
  1330 10074
  1331 10074
  1332 10074
  1333 10074
  1334 10074
  1335 10074
  1336 10074
  1337 10074
  1338 10074
  1339 10074
  1340 10074
  1341 10074
  1342 10074
  1343 10074
  1344 10074
  1345 10074
  1346 10074
  1347 10074
  1348 10074
  1349 10074
  1350 10074
  1351 10074
  1352 10074
  1353 10074
  1354 10074
  1355 10074
  1356 10074
  1357 10074
  1358 10074
  1359 10074
  1360 10074
  1361 10074
  1362 10074
  1363 10074
  1364 10074
  1365 10074
  1366 10074
  1367 10074
  1368 10074
  1369 10074
  1370 10074
  1371 10074
  1372 10074
  1373 10074
  1374 10074
  1375 10074
  1379 10173
  1380 10098
  1381 10078
  1382 10098
  1383 10163
  1395 10163
  1396 10163
  1397 10163
  1398 10163
  1399 10163
  1400 10163
  1401 10163
  1402 10163
  1403 10163
  1404 10163
  1405 10163
  1406 10163
  1407 10163
  1408 10163
  1409 10163
  1410 10163
  1411 10163
  1412 10163
  1413 10163
  1414 10163
  1415 10163
  1416 10163
  1417 10163
  1418 10163
  1419 10163
  1420 10163
  1421 10163
  1422 10163
  1423 10163
  1424 10163
  1425 10163
  1426 10163
  1427 10163
  1428 10163
  1429 10163
  1430 10163
  1431 10163
  1432 10163
  1433 10163
  1434 10163
  1435 10163
  1436 10163
  1437 10163
  1438 10163
  1439 10163
  1440 10163
  1441 10163
  1442 10163
  1443 10163
  1444 10163
  1445 10163
  1446 10163
  1447 10163
  1448 10163
  1449 10163
  1450 10163
  1451 10163
  1452 10163
  1453 10163
  1454 10163
  1455 10163
  1456 10163
  1457 10163
  1458 10163
  1459 10163
  1460 10163
  1461 10163
  1462 10163
  1463 10163
  1464 10163
  1465 10163
  1466 10163
  1467 10163
  1468 10163
  1469 10163
  1470 10163
  1471 10163
  1472 10163
  1473 10163
  1474 10163
  1475 10163
  1476 10163
  1477 10163
  1478 10163
  1479 10163
  1480 10163
  1481 10163
  1482 10163
  1483 10163
  1484 10163
  1485 10163
  1486 10163
  1487 10163
  1488 10163
  1489 10163
  1490 10163
  1491 10163
  1492 10163
  1493 10163
  1494 10163
  1495 10163
  1496 10163
  1497 10163
  1498 10163
  1499 10163
  1500 10163
  1501 10163
  1502 10163
  1503 10163
  1504 10163
  1505 10163
  1506 10163
  1507 10163
  1508 10163
  1509 10163
  1510 10163
  1511 10163
  1512 10163
  1513 10163
  1514 10163
  1515 10163
  1516 10163
  1517 10163
  1518 10163
  1519 10163
  1520 10163
  1521 10163
  1522 10163
  1523 10163
  1524 10163
  1525 10163
  1526 10163
  1527 10163
  1528 10163
  1529 10163
  1530 10163
  1531 10163
  1532 10163
  1533 10163
  1534 10163
  1535 10163
  1536 10163
  1537 10163
  1538 10163
  1539 10163
  1540 10163
  1541 10163
  1542 10163
  1543 10163
  1544 10163
  1545 10163
  1546 10163
  1547 10163
  1548 10163
  1549 10163
  1550 10163
  1551 10163
  1552 10163
  1553 10163
  1554 10163
  1555 10163
  1556 10163
  1557 10163
  1558 10163
  1559 10163
  1560 10163
  1561 10163
  1562 10163
  1563 10163
  1564 10163
  1565 10163
  1566 10163
  1567 10163
  1568 10163
  1569 10163
  1570 10163
  1571 10163
  1572 10163
  1573 10163
  1574 10163
  1575 10163
  1576 10163
  1577 10163
  1578 10163
  1579 10163
  1580 10163
  1581 10163
  1582 10163
  1583 10163
  1584 10163
  1585 10163
  1586 10163
  1587 10163
  1588 10163
  1589 10163
  1590 10163
  1591 10163
  1592 10163
  1593 10163
  1594 10163
  1595 10163
  1596 10163
  1597 10163
  1598 10163
  1599 10163
  1600 10163
  1601 10163
  1602 10163
  1603 10163
  1604 10163
  1605 10163
  1606 10163
  1607 10163
  1608 10163
  1609 10163
  1610 10163
  1611 10163
  1612 10163
  1613 10163
  1614 10163
  1615 10163
  1616 10163
  1617 10163
  1618 10163
  1619 10163
  1620 10163
  1621 10163
  1622 10163
  1623 10163
  1624 10163
  1625 10163
  1626 10163
  1856 10097
  1857 10097
  1858 10097
  1859 10097
  1860 10097
  1861 10097
  1862 10097
  1865 10122
  1866 10005
  1867 10005
  1868 10005
  1869 10005
  1870 10005
  1871 10005
  1872 10005
  1873 10005
  1874 10005
  1875 10005
  1876 10005
  1877 10005
  1878 10005
  1879 10005
  1880 10005
  1881 10005
  1882 10005
  1883 10005
  1884 10005
  1885 10005
  1886 10005
  1887 10005
  1888 10005
  1889 10005
  1890 10005
  1891 10005
  1892 10005
  1893 10005
  1894 10005
  1895 10005
  1896 10005
  1897 10005
  1898 10005
  1899 10005
  1900 10005
  1901 10005
  1902 10005
  1903 10005
  1904 10005
  1905 10005
  1906 10005
  1907 10005
  1908 10005
  1909 10005
  1910 10005
  1911 10005
  1912 10005
  1913 10005
  1914 10005
  1915 10005
  1916 10005
  1917 10005
  1918 10005
  1919 10005
  1920 10005
  1921 10005
  1922 10005
  1923 10005
  1924 10005
  1925 10005
  1926 10005
  1927 10005
  1928 10005
  1929 10005
  1930 10005
  1931 10005
  1932 10005
  1933 10005
  1934 10005
  1935 10005
  1936 10005
  1937 10005
  1938 10005
  1939 10005
  1940 10005
  1941 10005
  1942 10005
  1943 10005
  1944 10005
  1945 10005
  1946 10005
  1947 10005
  1948 10005
  1949 10005
  1950 10005
  1951 10005
  1952 10005
  1953 10005
  1954 10005
  1955 10005
  1956 10005
  1957 10005
  1958 10005
  1959 10005
  1960 10005
  1961 10005
  1962 10005
  1963 10005
  1964 10005
  1965 10005
  1966 10005
  1967 10005
  1968 10005
  1969 10005
  1970 10005
  1971 10005
  1972 10005
  1973 10005
  1974 10005
  1975 10005
  1976 10005
  1977 10005
  1978 10005
  1979 10005
  1980 10005
  1981 10005
  1982 10005
  1983 10005
  1984 10005
  1985 10005
  1986 10005
  1987 10005
  1988 10005
  1989 10005
  1990 10005
  1991 10005
  1992 10005
  1993 10005
  1994 10005
  1995 10005
  1996 10005
  1997 10005
  1998 10005
  1999 10005
  2000 10005
  2001 10005
  2002 10005
  2003 10005
  2004 10005
  2005 10005
  2006 10005
  2007 10005
  2008 10005
  2009 10005
  2010 10005
  2011 10005
  2012 10005
  2013 10005
  2014 10005
  2015 10005
  2016 10005
  2017 10005
  2018 10005
  2019 10005
  2020 10005
  2021 10005
  2022 10005
  2023 10005
  2024 10005
  2025 10005
  2026 10005
  2027 10005
  2028 10005
  2029 10005
  2030 10005
  2031 10005
  2032 10005
  2033 10122
  2034 10122
