   690 10049
   691 10049
   692 10049
   693 10049
   694 10049
   695 10049
   696 10049
   697 10049
   698 10049
   699 10049
   700 10049
   701 10049
   702 10049
   703 10049
   704 10049
   705 10049
   706 10049
   707 10049
   708 10049
   709 10049
   710 10049
   711 10049
   712 10049
   713 10049
   714 10049
   715 10049
   716 10049
   717 10049
   718 10049
   719 10049
   720 10049
   721 10049
   722 10049
   723 10049
   724 10049
   725 10049
   726 10049
   727 10049
   728 10049
   729 10049
   730 10049
   731 10049
   732 10049
   733 10049
   734 10049
   735 10049
   736 10049
   737 10049
   738 10049
   739 10049
   740 10049
   741 10049
   742 10049
   743 10049
   744 10049
   745 10049
   746 10049
   747 10049
   748 10049
   749 10049
   750 10049
   751 10049
   752 10049
   753 10049
   754 10049
   755 10049
   756 10049
   757 10049
   758 10049
   759 10049
   760 10049
   761 10049
   762 10049
   763 10049
   764 10049
   765 10049
   766 10049
   767 10049
   768 10049
   769 10049
   770 10049
   771 10049
   772 10049
   773 10049
   774 10049
   775 10049
   776 10049
   777 10049
   778 10049
   779 10049
   780 10049
   781 10049
   782 10049
   783 10049
   784 10049
   785 10049
   786 10045
   787 10049
   788 10049
   789 10049
   790 10049
   791 10049
   792 10049
   793 10049
   794 10049
   795 10049
   796 10049
   797 10049
   798 10049
   799 10049
   800 10049
   801 10049
   802 10049
   803 10049
   804 10049
   805 10049
   806 10049
   807 10049
   808 10049
   809 10049
   810 10049
   811 10049
   812 10049
   813 10049
   814 10049
   815 10049
   816 10049
   817 10049
   818 10049
   819 10049
   820 10049
   821 10049
   822 10049
   823 10049
   824 10049
   825 10049
   826 10049
   827 10049
   828 10049
   829 10049
   830 10049
   831 10049
   832 10049
   833 10049
   834 10049
   835 10049
   836 10049
   837 10049
   838 10049
   839 10049
   840 10049
   841 10049
   842 10049
   843 10049
   844 10049
   845 10049
   846 10049
   847 10049
   848 10049
   849 10049
   850 10049
   851 10049
   852 10049
   853 10049
   854 10049
   855 10049
   856 10049
   857 10049
   858 10049
   859 10049
   860 10049
   861 10049
   862 10049
   863 10049
   864 10049
   865 10049
   866 10049
   867 10049
   868 10049
   869 10049
   870 10049
   871 10049
   872 10049
   873 10049
   874 10049
   875 10049
   876 10049
   877 10049
   878 10049
   879 10049
   880 10049
   881 10049
   882 10049
   883 10049
   884 10049
   885 10049
   886 10049
   887 10049
   888 10049
   889 10049
   890 10049
   891 10049
   892 10049
   893 10049
   894 10049
   895 10049
   896 10049
   897 10049
   898 10049
   899 10049
   900 10049
   901 10049
   902 10049
   903 10049
   904 10049
   905 10049
   906 10049
   907 10049
   908 10049
   909 10049
   910 10049
   911 10049
   912 10049
   913 10049
   914 10049
   915 10049
   916 10049
   917 10049
   918 10049
   919 10049
   920 10049
   921 10049
   922 10049
   923 10049
   924 10049
   925 10049
   926 10049
   927 10049
   928 10049
   929 10049
   930 10049
   931 10049
   932 10049
   933 10049
   934 10049
   935 10049
   936 10049
   937 10049
   938 10049
   939 10049
   940 10049
   941 10049
   942 10049
   943 10049
   944 10049
   945 10049
   946 10049
   947 10049
   948 10049
   949 10049
   950 10049
   951 10049
   952 10049
   953 10049
   954 10049
   955 10049
   956 10049
   957 10049
   958 10049
   959 10049
   960 10049
   961 10049
   962 10049
   963 10049
   964 10049
   965 10049
   966 10049
   967 10049
   968 10049
   969 10049
   970 10049
   971 10049
   972 10049
   973 10049
   974 10049
   975 10049
   976 10049
   977 10049
   978 10049
   979 10049
   980 10049
   981 10049
   982 10049
   983 10049
   984 10049
   985 10049
   986 10049
   987 10049
   988 10049
   989 10049
   990 10049
   991 10049
   992 10049
   993 10049
   994 10049
   995 10049
   996 10049
   997 10049
   998 10049
   999 10049
  1000 10049
  1001 10049
  1002 10049
  1003 10049
  1004 10049
  1005 10049
  1006 10049
  1007 10049
  1008 10049
  1009 10049
  1010 10049
  1011 10049
  1012 10049
  1013 10049
  1014 10049
  1015 10049
  1016 10049
  1017 10049
  1018 10049
  1019 10049
  1020 10049
  1026 10036
  1027 10153
  1028 10153
  1029 10153
  1030 10153
  1031 10153
  1032 10153
  1033 10153
  1034 10153
  1035 10153
  1036 10153
  1037 10153
  1038 10153
  1039 10153
  1040 10153
  1041 10153
  1042 10153
  1043 10153
  1044 10153
  1045 10153
  1046 10153
  1047 10153
  1048 10153
  1049 10153
  1050 10153
  1051 10153
  1052 10153
  1053 10153
  1054 10153
  1055 10153
  1056 10153
  1057 10153
  1058 10153
  1059 10153
  1060 10153
  1061 10153
  1062 10153
  1063 10153
  1064 10153
  1065 10153
  1066 10153
  1067 10153
  1068 10153
  1069 10153
  1070 10153
  1071 10153
  1072 10153
  1073 10153
  1074 10153
  1075 10153
  1076 10153
  1077 10153
  1078 10153
  1079 10153
  1080 10153
  1081 10153
  1082 10153
  1083 10153
  1084 10153
  1085 10153
  1086 10153
  1087 10153
  1088 10153
  1089 10153
  1090 10153
  1091 10153
  1092 10153
  1093 10153
  1094 10153
  1095 10153
  1096 10153
  1097 10153
  1098 10153
  1099 10153
  1100 10153
  1101 10153
  1102 10153
  1103 10153
  1104 10153
  1105 10153
  1106 10153
  1107 10153
  1108 10153
  1109 10153
  1110 10153
  1111 10153
  1112 10153
  1113 10153
  1114 10153
  1115 10153
  1116 10153
  1117 10153
  1118 10153
  1119 10153
  1120 10153
  1121 10153
  1122 10153
  1123 10153
  1124 10153
  1125 10153
  1126 10153
  1127 10153
  1128 10153
  1129 10153
  1130 10153
  1131 10153
  1132 10153
  1133 10153
  1134 10153
  1135 10153
  1136 10153
  1137 10153
  1138 10153
  1139 10153
  1140 10153
  1141 10153
  1142 10153
  1143 10153
  1144 10153
  1145 10153
  1146 10153
  1147 10153
  1148 10153
  1149 10153
  1150 10153
  1151 10153
  1152 10153
  1153 10153
  1154 10153
  1155 10153
  1156 10153
  1157 10153
  1158 10153
  1159 10153
  1160 10153
  1161 10153
  1162 10153
  1163 10153
  1164 10153
  1165 10153
  1166 10153
  1167 10153
  1168 10153
  1169 10153
  1170 10153
  1171 10153
  1172 10153
  1173 10153
  1174 10153
  1175 10153
  1176 10153
  1177 10153
  1178 10153
  1179 10153
  1180 10153
  1181 10153
  1182 10153
  1183 10153
  1184 10153
  1185 10153
  1186 10153
  1187 10153
  1188 10153
  1189 10153
  1190 10153
  1191 10153
  1192 10153
  1193 10153
  1194 10153
  1195 10153
  1196 10153
  1197 10153
  1198 10153
  1199 10153
  1200 10153
  1201 10153
  1202 10153
  1203 10153
  1204 10153
  1205 10153
  1206 10153
  1207 10153
  1208 10153
  1209 10153
  1210 10153
  1211 10153
  1212 10153
  1213 10153
  1214 10153
  1215 10153
  1216 10153
  1217 10153
  1218 10153
  1219 10153
  1220 10153
  1221 10153
  1222 10153
  1223 10153
  1224 10153
  1225 10153
  1226 10153
  1227 10153
  1228 10153
  1229 10153
  1230 10153
  1231 10153
  1232 10153
  1233 10153
  1234 10153
  1235 10153
  1236 10153
  1237 10153
  1238 10153
  1239 10153
  1240 10153
  1241 10153
  1242 10153
  1243 10153
  1244 10153
  1245 10153
  1246 10153
  1247 10153
  1248 10153
  1249 10153
  1250 10153
  1251 10153
  1252 10153
  1253 10153
  1254 10153
  1255 10153
  1256 10153
  1257 10153
  1258 10143
  1259 10136
  1260 10143
  1261 10143
  1262 10136
  1263 10136
  1264 10136
  1265 10136
  1266 10136
  1267 10136
  1268 10136
  1269 10136
  1270 10136
  1271 10136
  1272 10136
  1273 10136
  1274 10136
  1275 10136
  1276 10136
  1277 10136
  1278 10136
  1279 10136
  1280 10136
  1281 10136
  1282 10136
  1283 10136
  1284 10136
  1285 10136
  1286 10136
  1287 10136
  1288 10136
  1289 10136
  1290 10136
  1291 10136
  1292 10136
  1293 10136
  1294 10136
  1295 10136
  1296 10136
  1297 10136
  1298 10136
  1299 10136
  1300 10136
  1301 10136
  1302 10136
  1303 10136
  1304 10136
  1305 10136
  1306 10136
  1307 10136
  1308 10136
  1309 10136
  1310 10136
  1311 10136
  1312 10136
  1313 10136
  1314 10136
  1315 10136
  1316 10136
  1317 10136
  1318 10136
  1319 10136
  1320 10136
  1321 10136
  1322 10136
  1323 10136
  1324 10136
  1325 10136
  1326 10136
  1327 10136
  1328 10136
  1329 10136
  1330 10136
  1331 10136
  1332 10136
  1333 10136
  1334 10136
  1335 10136
  1336 10136
  1337 10136
  1338 10136
  1339 10136
  1340 10136
  1341 10136
  1342 10136
  1343 10136
  1344 10136
  1345 10136
  1346 10136
  1347 10136
  1348 10136
  1349 10136
  1350 10136
  1351 10136
  1352 10136
  1353 10136
  1354 10136
  1355 10136
  1356 10136
  1357 10136
  1358 10136
  1359 10136
  1360 10136
  1361 10136
  1362 10136
  1363 10136
  1364 10136
  1365 10136
  1366 10136
  1367 10136
  1368 10136
  1369 10136
  1370 10136
  1371 10136
  1372 10136
  1373 10136
  1374 10136
  1375 10136
  1376 10136
  1377 10136
  1378 10136
  1379 10136
  1380 10136
  1381 10136
  1382 10136
  1383 10136
  1384 10136
  1385 10136
  1386 10136
  1387 10136
  1388 10136
  1389 10136
  1390 10136
  1391 10136
  1392 10136
  1393 10136
  1394 10136
  1395 10136
  1396 10136
  1397 10136
  1398 10136
  1399 10136
  1400 10136
  1401 10136
  1402 10136
  1403 10136
  1404 10136
  1405 10136
  1406 10136
  1407 10136
  1408 10136
  1409 10136
  1410 10136
  1411 10136
  1412 10136
  1413 10136
  1414 10136
  1415 10136
  1416 10136
  1417 10136
  1418 10136
  1419 10136
  1420 10136
  1421 10136
  1422 10136
  1423 10136
  1424 10136
  1425 10136
  1426 10136
  1427 10136
  1428 10136
  1429 10136
  1430 10136
  1431 10136
  1432 10136
  1433 10136
  1434 10136
  1435 10136
  1436 10136
  1437 10136
  1438 10136
  1439 10136
  1440 10136
  1441 10136
  1442 10136
  1443 10136
  1444 10136
  1445 10136
  1446 10136
  1447 10136
  1448 10136
  1449 10136
  1450 10136
  1451 10136
  1452 10136
  1453 10136
  1454 10136
  1455 10136
  1456 10136
  1457 10136
  1458 10136
  1459 10136
  1460 10136
  1461 10136
  1462 10136
  1463 10136
  1464 10136
  1465 10136
  1466 10136
  1467 10136
  1468 10136
  1469 10136
  1470 10136
  1471 10136
  1472 10136
  1473 10136
  1474 10136
  1475 10136
  1476 10136
  1477 10136
  1478 10136
  1479 10136
  1480 10136
  1481 10136
  1482 10136
  1483 10136
  1484 10136
  1485 10136
  1486 10136
  1487 10136
  1488 10136
  1489 10136
  1490 10136
  1491 10136
  1492 10136
  1493 10136
  1494 10136
  1495 10136
  1496 10136
  1497 10136
  1498 10136
  1499 10136
  1500 10136
  1501 10018
  1502 10018
  1503 10018
  1504 10018
  1505 10018
  1506 10018
  1507 10018
  1508 10018
  1509 10018
  1510 10018
  1511 10158
  1512 10158
  1513 10158
  1514 10158
  1515 10158
  1516 10158
  1517 10158
  1518 10140
  1519 10140
  1520 10140
  1521 10140
  1522 10140
  1523 10140
  1524 10140
  1525 10140
  1526 10140
  1527 10140
  1528 10140
  1529 10140
  1530 10140
  1531 10140
  1532 10140
  1533 10018
  1534 10018
  1535 10018
  1536 10018
  1537 10018
  1538 10055
  1539 10055
  1540 10173
  1541 10154
  1543 10016
  1544 10016
  1545 10016
  1546 10016
  1547 10016
  1548 10016
  1549 10016
  1550 10016
  1551 10016
  1552 10016
  1553 10016
  1554 10016
  1555 10016
  1556 10016
  1557 10016
  1558 10016
  1559 10016
  1560 10016
  1561 10016
  1562 10143
  1563 10016
  1564 10016
  1565 10016
  1566 10016
  1567 10016
  1568 10016
  1569 10016
  1570 10016
  1571 10016
  1572 10016
  1573 10016
  1574 10016
  1575 10016
  1576 10016
  1577 10016
  1578 10016
  1579 10016
  1580 10016
  1581 10016
  1582 10016
  1583 10016
  1584 10016
  1585 10016
  1586 10016
  1587 10016
  1588 10016
  1589 10016
  1590 10016
  1591 10016
  1592 10016
  1593 10016
  1594 10016
  1595 10016
  1596 10016
  1597 10016
  1598 10016
  1599 10016
  1600 10016
  1601 10016
  1602 10016
  1603 10016
  1604 10016
  1605 10016
  1606 10016
  1607 10016
  1608 10016
  1609 10016
  1610 10016
  1611 10016
  1612 10016
  1613 10016
  1614 10016
  1615 10016
  1616 10016
  1617 10016
  1618 10016
  1626 10088
  1627 10088
  1628 10088
  1629 10088
  1630 10088
  1631 10088
  1632 10088
  1633 10088
  1634 10088
  1635 10088
  1636 10088
  1637 10088
  1638 10088
  1639 10088
  1640 10088
  1641 10088
  1642 10088
  1643 10088
  1644 10088
  1645 10088
  1646 10088
  1647 10088
  1648 10088
  1649 10088
  1650 10088
  1651 10088
  1652 10088
  1653 10088
  1654 10088
  1655 10088
  1656 10088
  1657 10088
  1658 10088
  1659 10088
  1660 10088
  1661 10088
  1662 10088
  1663 10088
  1664 10088
  1665 10088
  1666 10088
  1667 10088
  1668 10088
  1669 10088
  1670 10088
  1671 10088
  1672 10088
  1673 10088
  1674 10088
  1675 10088
  1676 10088
  1677 10088
  1678 10088
  1679 10088
  1680 10088
  1681 10088
  1682 10088
  1683 10088
  1684 10088
  1685 10088
  1686 10088
  1687 10088
  1688 10088
  1689 10088
  1690 10088
  1691 10088
  1692 10088
  1693 10088
  1694 10088
  1695 10088
  1696 10088
  1697 10088
  1698 10088
  1699 10088
  1700 10088
  1701 10088
  1702 10088
  1703 10088
  1704 10088
  1705 10088
  1706 10088
  1707 10088
  1708 10088
  1709 10088
  1710 10088
  1711 10088
  1712 10088
  1713 10088
  1714 10088
  1715 10088
  1716 10088
  1717 10088
  1718 10088
  1719 10088
  1720 10088
  1721 10088
  1722 10088
  1723 10088
  1724 10088
  1725 10088
  1726 10088
  1727 10088
  1728 10088
  1729 10088
  1730 10088
  1731 10088
  1732 10088
  1733 10088
  1734 10088
  1735 10088
  1736 10088
  1737 10088
  1738 10088
  1739 10088
  1740 10088
  1741 10088
  1742 10088
  1743 10088
  1744 10088
  1745 10088
  1746 10088
  1747 10088
  1748 10088
  1749 10088
  1750 10088
  1751 10088
  1752 10088
  1753 10088
  1754 10088
  1755 10088
  1756 10088
  1757 10088
  1758 10088
  1759 10088
  1760 10088
  1761 10088
  1762 10088
  1763 10088
  1764 10088
  1765 10088
  1766 10088
  1767 10088
  1768 10088
  1769 10088
  1770 10088
  1771 10088
  1772 10088
  1773 10088
  1774 10088
  1775 10088
  1776 10088
  1777 10088
  1778 10088
  1779 10088
  1780 10088
  1781 10088
  1782 10088
  1783 10088
  1784 10088
  1785 10088
  1786 10088
  1787 10088
  1788 10088
  1789 10088
  1790 10088
  1791 10088
  1792 10088
  1793 10088
  1794 10088
  1795 10088
  1796 10088
  1797 10088
  1798 10088
  1799 10088
  1800 10088
  1801 10088
  1802 10088
  1803 10088
  1804 10088
  1805 10088
  1806 10088
  1807 10088
  1808 10088
  1809 10088
  1810 10088
  1811 10088
  1812 10088
  1813 10088
  1814 10088
  1815 10088
  1816 10088
  1817 10088
  1818 10088
  1819 10088
  1820 10088
  1821 10088
  1822 10088
  1823 10088
  1824 10088
  1825 10088
  1826 10088
  1827 10088
  1828 10088
  1829 10088
  1830 10088
  1831 10088
  1832 10088
  1833 10088
  1834 10088
  1835 10088
  1836 10088
  1837 10088
  1838 10088
  1839 10088
  1840 10088
  1841 10088
  1842 10088
  1843 10088
  1844 10088
  1845 10088
  1846 10088
  1847 10088
  1848 10088
  1849 10088
  1850 10088
  1851 10088
  1852 10088
  1853 10088
  1854 10088
  1855 10088
  1856 10088
  1857 10088
  1858 10088
  1859 10016
  1860 10016
  1861 10143
  1862 10111
  1863 10111
  1864 10111
  1865 10111
  1866 10143
  1867 10143
  1868 10143
  1869 10143
  1870 10013
  1871 10013
  1872 10013
  1873 10013
  1874 10013
  1875 10013
  1876 10013
  1877 10013
  1878 10013
  1879 10013
  1880 10013
  1881 10013
  1882 10013
  1883 10013
  1884 10013
  1885 10013
  1886 10013
  1887 10013
  1888 10013
  1889 10013
  1890 10013
  1891 10013
  1892 10013
  1893 10013
  1894 10013
  1895 10013
  1896 10013
  1897 10013
  1898 10013
  1899 10013
  1900 10013
  1901 10013
  1902 10013
  1903 10013
  1904 10013
  1905 10013
  1906 10013
  1907 10013
  1908 10013
  1909 10013
  1910 10013
  1911 10013
  1912 10013
  1913 10013
  1914 10013
  1915 10013
  1916 10013
  1917 10013
  1918 10013
  1919 10013
  1920 10013
  1921 10013
  1922 10013
  1923 10013
  1924 10013
  1925 10013
  1926 10013
  1927 10013
  1928 10013
  1929 10013
  1930 10013
  1931 10013
  1932 10013
  1933 10013
  1934 10013
  1935 10013
  1936 10013
  1937 10013
  1938 10013
  1939 10013
  1940 10013
  1941 10013
  1942 10013
  1943 10013
  1944 10013
  1945 10013
  1946 10013
  1947 10013
  1948 10013
  1949 10013
  1950 10013
  1951 10013
  1952 10013
  1953 10013
  1954 10013
  1955 10013
  1956 10013
  1957 10013
  1958 10013
  1959 10013
  1960 10013
  1961 10013
  1962 10013
  1963 10013
  1964 10013
  1965 10013
  1966 10013
  1967 10013
  1968 10013
  1969 10013
  1970 10013
  1971 10013
  1972 10013
  1973 10013
  1974 10013
  1975 10013
  1976 10013
  1977 10013
  1978 10013
  1979 10013
  1980 10013
  1981 10013
  1982 10013
  1983 10013
  1984 10013
  1985 10013
  1986 10013
  1987 10013
  1988 10013
  1989 10013
  1990 10013
  1991 10013
  1992 10013
  1993 10013
  1994 10013
  1995 10013
  1996 10013
  1997 10013
  1998 10013
  1999 10013
  2000 10013
  2001 10013
  2002 10013
  2003 10013
  2004 10013
  2005 10013
  2006 10013
  2007 10013
  2008 10013
  2009 10013
  2010 10013
  2011 10013
  2012 10013
  2013 10013
  2014 10013
  2015 10013
  2016 10013
  2017 10013
  2018 10013
  2019 10013
  2020 10013
  2021 10059
  2022 10013
  2023 10013
  2024 10013
  2025 10145
  2026 10143
  2027 10145
  2028 10143
  2029 10143
  2030 10143
  2031 10143
  2032 10143
  2033 10143
  2034 10143
  2035 10143
  2036 10143
  2037 10153
  2038 10153
  2039 10154
  2041 10094
  2042 10064
  2043 10064
  2044 10064
  2045 10064
  2086 10028
  2087 10028
  2088 10028
  2089 10028
  2090 10028
  2091 10028
  2092 10028
  2093 10028
  2094 10028
  2095 10028
  2096 10028
  2097 10028
  2098 10028
  2099 10028
  2100 10028
  2101 10028
  2102 10028
  2103 10028
  2104 10028
  2105 10028
  2106 10028
  2107 10028
  2108 10028
  2109 10028
  2110 10028
  2111 10028
  2112 10028
  2113 10028
  2114 10028
  2115 10028
  2116 10028
  2117 10028
  2118 10028
  2119 10028
  2120 10028
  2121 10028
  2122 10028
  2123 10028
  2124 10028
  2125 10028
  2126 10028
  2127 10028
  2128 10028
  2129 10028
  2130 10028
  2131 10028
  2132 10028
  2133 10028
  2134 10028
  2135 10028
  2136 10028
  2137 10028
  2138 10028
  2139 10028
  2140 10028
  2141 10028
  2142 10028
  2143 10028
  2144 10028
  2145 10028
  2146 10028
  2147 10028
  2148 10028
  2149 10028
  2150 10028
  2151 10028
  2152 10028
  2153 10028
  2154 10028
  2155 10028
  2156 10028
  2157 10028
  2158 10028
  2159 10028
  2160 10028
  2161 10028
  2162 10028
  2163 10028
  2164 10028
  2165 10028
  2166 10028
  2167 10028
  2168 10028
  2169 10028
  2170 10028
  2171 10028
  2172 10028
  2173 10028
  2174 10028
  2175 10028
  2176 10028
  2177 10028
  2178 10028
  2179 10028
  2180 10028
  2181 10028
  2182 10028
  2183 10028
  2184 10028
  2185 10028
  2186 10028
  2187 10028
  2188 10028
  2189 10028
  2190 10028
  2191 10028
  2192 10028
  2193 10028
  2194 10028
  2195 10028
  2196 10028
  2197 10028
  2198 10028
  2199 10028
  2200 10028
  2201 10028
  2202 10028
  2203 10028
  2204 10028
  2205 10028
  2206 10028
  2207 10028
  2208 10028
  2209 10028
  2210 10028
  2211 10028
  2212 10028
  2213 10028
  2214 10028
  2215 10028
  2216 10028
  2217 10028
  2218 10028
  2219 10028
  2220 10028
  2221 10028
  2222 10028
  2223 10028
  2224 10028
  2225 10028
  2226 10028
  2227 10028
  2228 10028
  2229 10028
  2230 10028
  2231 10028
  2232 10028
  2233 10028
  2234 10028
  2235 10028
  2236 10028
  2237 10028
  2238 10028
  2239 10028
  2240 10028
  2241 10028
  2242 10028
  2243 10028
  2244 10028
  2245 10028
  2246 10028
  2247 10028
  2248 10028
  2249 10028
  2250 10028
  2251 10028
  2252 10028
  2253 10028
  2254 10028
  2255 10028
  2256 10028
  2257 10028
  2258 10028
  2259 10028
  2260 10028
  2261 10028
  2262 10028
  2263 10028
  2264 10028
  2265 10028
  2266 10028
  2267 10028
  2268 10028
  2269 10028
  2270 10028
  2271 10028
  2272 10028
  2273 10028
  2274 10028
  2275 10028
  2276 10028
  2277 10028
  2278 10028
  2279 10028
  2280 10028
  2281 10028
  2282 10028
  2283 10028
  2284 10028
  2285 10028
  2286 10028
  2287 10028
  2288 10028
  2289 10028
  2290 10028
  2291 10028
  2292 10028
  2293 10028
  2294 10028
  2295 10028
  2296 10028
  2297 10028
  2311 10029
  2312 10029
  2313 10029
  2317 10029
  2318 10029
  2319 10029
  2321 10029
  2326 10029
  2327 10029
  2328 10029
  2329 10029
  2330 10029
