   690 10169
   691 10169
   692 10169
   693 10169
   694 10169
   695 10169
   696 10169
   697 10169
   698 10169
   699 10169
   700 10169
   701 10169
   702 10169
   703 10169
   704 10169
   705 10169
   706 10169
   707 10169
   708 10169
   709 10169
   710 10169
   711 10169
   712 10169
   713 10169
   714 10169
   715 10169
   716 10169
   717 10169
   718 10169
   719 10169
   720 10169
   721 10169
   722 10169
   723 10169
   724 10169
   725 10169
   726 10169
   727 10169
   728 10169
   729 10169
   730 10169
   731 10169
   732 10169
   733 10169
   734 10169
   735 10169
   736 10169
   737 10169
   738 10169
   739 10169
   740 10169
   741 10169
   742 10169
   743 10169
   744 10169
   745 10169
   746 10169
   747 10169
   748 10169
   749 10169
   750 10169
   751 10169
   752 10169
   753 10169
   754 10169
   755 10169
   756 10169
   757 10169
   758 10169
   759 10169
   760 10169
   761 10169
   762 10169
   763 10169
   764 10169
   765 10169
   766 10169
   767 10169
   768 10169
   769 10169
   770 10169
   771 10169
   772 10169
   773 10169
   774 10169
   775 10169
   776 10169
   777 10169
   778 10169
   779 10169
   780 10169
   781 10169
   782 10169
   783 10169
   784 10169
   785 10101
   786 10169
   787 10009
   788 10009
   789 10009
   790 10009
   791 10009
   792 10009
   793 10009
   794 10009
   795 10009
   796 10009
   797 10009
   798 10009
   799 10009
   800 10009
   801 10009
   802 10009
   803 10009
   804 10009
   805 10009
   806 10009
   807 10009
   808 10009
   809 10009
   810 10009
   811 10009
   812 10009
   813 10009
   814 10009
   815 10009
   816 10009
   817 10009
   818 10009
   819 10009
   820 10009
   821 10009
   822 10009
   823 10009
   824 10009
   825 10009
   826 10009
   827 10009
   828 10009
   829 10009
   830 10009
   831 10009
   832 10009
   833 10009
   834 10009
   835 10009
   836 10009
   837 10009
   838 10009
   839 10009
   840 10009
   841 10009
   842 10009
   843 10009
   844 10009
   845 10009
   846 10009
   847 10009
   848 10009
   849 10009
   850 10009
   851 10009
   852 10009
   853 10009
   854 10009
   855 10009
   856 10009
   857 10009
   858 10009
   859 10009
   860 10009
   861 10009
   862 10009
   863 10009
   864 10009
   865 10009
   866 10009
   867 10009
   868 10009
   869 10009
   870 10009
   871 10009
   872 10009
   873 10009
   874 10009
   875 10009
   876 10009
   877 10009
   878 10009
   879 10009
   880 10009
   881 10009
   882 10009
   883 10009
   884 10009
   885 10009
   886 10009
   887 10009
   888 10009
   889 10009
   890 10009
   891 10009
   892 10009
   893 10009
   894 10009
   895 10009
   896 10009
   897 10009
   898 10009
   899 10009
   900 10009
   901 10009
   902 10009
   903 10009
   904 10009
   905 10009
   906 10009
   907 10009
   908 10009
   909 10009
   910 10009
   911 10009
   912 10009
   913 10009
   914 10009
   915 10009
   916 10009
   917 10009
   918 10009
   919 10009
   920 10009
   921 10009
   922 10009
   923 10009
   924 10009
   925 10009
   926 10009
   927 10009
   928 10009
   929 10009
   930 10009
   931 10009
   932 10009
   933 10009
   934 10009
   935 10009
   936 10009
   937 10009
   938 10009
   939 10009
   940 10009
   941 10009
   942 10009
   943 10009
   944 10009
   945 10009
   946 10009
   947 10009
   948 10009
   949 10009
   950 10009
   951 10009
   952 10009
   953 10009
   954 10009
   955 10009
   956 10009
   957 10009
   958 10009
   959 10009
   960 10009
   961 10009
   962 10009
   963 10009
   964 10009
   965 10009
   966 10009
   967 10009
   968 10009
   969 10009
   970 10009
   971 10009
   972 10009
   973 10009
   974 10009
   975 10009
   976 10009
   977 10009
   978 10009
   979 10009
   980 10009
   981 10009
   982 10009
   983 10009
   984 10009
   985 10009
   986 10009
   987 10009
   988 10009
   989 10009
   990 10009
   991 10009
   992 10009
   993 10009
   994 10009
   995 10009
   996 10009
   997 10009
   998 10009
   999 10009
  1000 10009
  1001 10009
  1002 10009
  1003 10009
  1004 10009
  1005 10009
  1006 10009
  1007 10009
  1008 10009
  1009 10009
  1010 10009
  1011 10009
  1012 10009
  1013 10009
  1014 10009
  1015 10009
  1016 10009
  1017 10009
  1018 10009
  1019 10009
  1020 10009
  1021 10101
  1022 10141
  1023 10101
  1024 10141
  1025 10141
  1026 10068
  1027 10068
  1028 10068
  1029 10068
  1030 10068
  1031 10068
  1032 10068
  1033 10068
  1034 10068
  1035 10068
  1036 10068
  1037 10068
  1038 10068
  1039 10068
  1040 10068
  1041 10068
  1042 10068
  1043 10068
  1044 10068
  1045 10068
  1046 10068
  1047 10068
  1048 10068
  1049 10068
  1050 10068
  1051 10068
  1052 10068
  1053 10068
  1054 10068
  1055 10068
  1056 10068
  1057 10068
  1058 10068
  1059 10068
  1060 10068
  1061 10068
  1062 10068
  1063 10068
  1064 10068
  1065 10068
  1066 10068
  1067 10068
  1068 10068
  1069 10068
  1070 10068
  1071 10068
  1072 10068
  1073 10068
  1074 10068
  1075 10068
  1076 10068
  1077 10068
  1078 10068
  1079 10068
  1080 10068
  1081 10068
  1082 10068
  1083 10068
  1084 10068
  1085 10068
  1086 10068
  1087 10068
  1088 10068
  1089 10068
  1090 10068
  1091 10068
  1092 10068
  1093 10068
  1094 10068
  1095 10068
  1096 10068
  1097 10068
  1098 10068
  1099 10068
  1100 10068
  1101 10068
  1102 10068
  1103 10068
  1104 10068
  1105 10068
  1106 10068
  1107 10068
  1108 10068
  1109 10068
  1110 10068
  1111 10068
  1112 10068
  1113 10068
  1114 10068
  1115 10068
  1116 10068
  1117 10068
  1118 10068
  1119 10068
  1120 10068
  1121 10068
  1122 10068
  1123 10068
  1124 10068
  1125 10068
  1126 10068
  1127 10068
  1128 10068
  1129 10068
  1130 10068
  1131 10068
  1132 10068
  1133 10068
  1134 10068
  1135 10068
  1136 10068
  1137 10068
  1138 10068
  1139 10068
  1140 10068
  1141 10068
  1142 10068
  1143 10068
  1144 10068
  1145 10068
  1146 10068
  1147 10068
  1148 10068
  1149 10068
  1150 10068
  1151 10068
  1152 10068
  1153 10068
  1154 10068
  1155 10068
  1156 10068
  1157 10068
  1158 10068
  1159 10068
  1160 10068
  1161 10068
  1162 10068
  1163 10068
  1164 10068
  1165 10068
  1166 10068
  1167 10068
  1168 10068
  1169 10068
  1170 10068
  1171 10068
  1172 10068
  1173 10068
  1174 10068
  1175 10068
  1176 10068
  1177 10068
  1178 10068
  1179 10068
  1180 10068
  1181 10068
  1182 10068
  1183 10068
  1184 10068
  1185 10068
  1186 10068
  1187 10068
  1188 10068
  1189 10068
  1190 10068
  1191 10068
  1192 10068
  1193 10068
  1194 10068
  1195 10068
  1196 10068
  1197 10068
  1198 10068
  1199 10068
  1200 10068
  1201 10068
  1202 10068
  1203 10068
  1204 10068
  1205 10068
  1206 10068
  1207 10068
  1208 10068
  1209 10068
  1210 10068
  1211 10068
  1212 10068
  1213 10068
  1214 10068
  1215 10068
  1216 10068
  1217 10068
  1218 10068
  1219 10068
  1220 10068
  1221 10068
  1222 10068
  1223 10068
  1224 10068
  1225 10068
  1226 10068
  1227 10068
  1228 10068
  1229 10068
  1230 10068
  1231 10068
  1232 10068
  1233 10068
  1234 10068
  1235 10068
  1236 10068
  1237 10068
  1238 10068
  1239 10068
  1240 10068
  1241 10068
  1242 10068
  1243 10068
  1244 10068
  1245 10068
  1246 10068
  1247 10068
  1248 10068
  1249 10068
  1250 10068
  1251 10068
  1252 10068
  1253 10068
  1254 10068
  1255 10068
  1256 10068
  1257 10068
  1265 10098
  1266 10018
  1267 10018
  1268 10018
  1269 10158
  1270 10018
  1271 10158
  1272 10018
  1273 10158
  1274 10158
  1275 10153
  1276 10153
  1277 10153
  1278 10153
  1279 10153
  1280 10153
  1281 10153
  1282 10153
  1283 10153
  1284 10153
  1285 10153
  1286 10153
  1287 10153
  1288 10153
  1289 10153
  1290 10153
  1291 10153
  1292 10153
  1293 10153
  1294 10153
  1295 10153
  1296 10153
  1297 10153
  1298 10153
  1299 10153
  1300 10153
  1301 10153
  1302 10153
  1303 10153
  1304 10153
  1305 10153
  1306 10153
  1307 10153
  1308 10153
  1309 10153
  1310 10153
  1311 10153
  1312 10153
  1313 10153
  1314 10153
  1315 10153
  1316 10153
  1317 10153
  1318 10153
  1319 10153
  1320 10153
  1321 10153
  1322 10153
  1323 10153
  1324 10153
  1325 10153
  1326 10153
  1327 10153
  1328 10153
  1329 10153
  1330 10153
  1331 10153
  1332 10153
  1333 10153
  1334 10153
  1335 10153
  1336 10153
  1337 10153
  1338 10153
  1339 10153
  1340 10153
  1341 10153
  1342 10153
  1343 10153
  1344 10153
  1345 10153
  1346 10153
  1347 10153
  1348 10153
  1349 10153
  1350 10153
  1351 10153
  1352 10153
  1353 10153
  1354 10153
  1355 10153
  1356 10153
  1357 10153
  1358 10153
  1359 10153
  1360 10153
  1361 10153
  1362 10153
  1363 10153
  1364 10153
  1365 10153
  1366 10153
  1367 10153
  1368 10153
  1369 10153
  1370 10153
  1371 10153
  1372 10153
  1373 10153
  1374 10153
  1375 10153
  1376 10153
  1377 10153
  1378 10153
  1379 10153
  1380 10153
  1381 10153
  1382 10153
  1383 10153
  1384 10153
  1385 10153
  1386 10153
  1387 10153
  1388 10153
  1389 10153
  1390 10153
  1391 10153
  1392 10153
  1393 10153
  1394 10153
  1395 10153
  1396 10153
  1397 10153
  1398 10153
  1399 10153
  1400 10153
  1401 10153
  1402 10153
  1403 10153
  1404 10153
  1405 10153
  1406 10153
  1407 10153
  1408 10153
  1409 10153
  1410 10153
  1411 10153
  1412 10153
  1413 10153
  1414 10153
  1415 10153
  1416 10153
  1417 10153
  1418 10153
  1419 10153
  1420 10153
  1421 10153
  1422 10153
  1423 10153
  1424 10153
  1425 10153
  1426 10153
  1427 10153
  1428 10153
  1429 10153
  1430 10153
  1431 10153
  1432 10153
  1433 10153
  1434 10153
  1435 10153
  1436 10153
  1437 10153
  1438 10153
  1439 10153
  1440 10153
  1441 10153
  1442 10153
  1443 10153
  1444 10153
  1445 10153
  1446 10153
  1447 10153
  1448 10153
  1449 10153
  1450 10153
  1451 10153
  1452 10153
  1453 10153
  1454 10153
  1455 10153
  1456 10153
  1457 10153
  1458 10153
  1459 10153
  1460 10153
  1461 10153
  1462 10153
  1463 10153
  1464 10153
  1465 10153
  1466 10153
  1467 10153
  1468 10153
  1469 10153
  1470 10153
  1471 10153
  1472 10153
  1473 10153
  1474 10153
  1475 10153
  1476 10153
  1477 10153
  1478 10153
  1479 10153
  1480 10153
  1481 10153
  1482 10153
  1483 10153
  1484 10153
  1485 10153
  1486 10153
  1487 10153
  1488 10153
  1489 10153
  1490 10153
  1491 10153
  1492 10153
  1493 10153
  1494 10153
  1495 10153
  1496 10153
  1497 10153
  1498 10153
  1499 10153
  1500 10153
  1501 10162
  1502 10162
  1503 10162
  1504 10162
  1505 10162
  1506 10162
  1507 10162
  1508 10162
  1509 10162
  1510 10162
  1511 10162
  1512 10162
  1513 10162
  1514 10162
  1515 10162
  1516 10162
  1517 10162
  1518 10162
  1519 10162
  1520 10162
  1521 10162
  1522 10162
  1523 10162
  1524 10162
  1525 10162
  1526 10162
  1527 10162
  1528 10162
  1529 10162
  1530 10162
  1531 10162
  1532 10162
  1533 10162
  1534 10162
  1535 10162
  1536 10162
  1537 10162
  1538 10162
  1539 10162
  1540 10162
  1541 10162
  1542 10162
  1543 10162
  1544 10162
  1545 10162
  1546 10162
  1547 10162
  1548 10162
  1549 10162
  1550 10162
  1551 10162
  1552 10162
  1553 10162
  1554 10162
  1555 10162
  1556 10162
  1557 10162
  1558 10162
  1559 10162
  1560 10162
  1561 10162
  1562 10162
  1563 10162
  1564 10162
  1565 10162
  1566 10162
  1567 10162
  1568 10162
  1569 10162
  1570 10162
  1571 10162
  1572 10162
  1573 10162
  1574 10162
  1575 10162
  1576 10162
  1577 10162
  1578 10162
  1579 10162
  1580 10162
  1581 10162
  1582 10162
  1583 10162
  1584 10162
  1585 10162
  1586 10162
  1587 10162
  1588 10162
  1589 10162
  1590 10162
  1591 10162
  1592 10162
  1593 10162
  1594 10162
  1595 10162
  1596 10162
  1597 10162
  1598 10162
  1599 10162
  1600 10162
  1601 10162
  1602 10162
  1603 10162
  1604 10162
  1605 10162
  1606 10162
  1607 10162
  1608 10162
  1609 10162
  1610 10162
  1611 10162
  1612 10162
  1613 10162
  1614 10162
  1615 10162
  1616 10162
  1617 10162
  1618 10162
  1619 10162
  1620 10162
  1621 10097
  1622 10097
  1623 10097
  1624 10162
  1625 10162
  1627 10097
  1856 10097
  1857 10097
  1858 10097
  1859 10097
  1860 10097
  1861 10097
  1862 10097
  1863 10036
  1864 10036
  1865 10036
  1866 10153
  1867 10154
  1868 10081
  1869 10081
  1870 10081
  1871 10081
  1872 10081
  1873 10081
  1874 10081
  1875 10081
  1876 10081
  1877 10081
  1878 10081
  1879 10081
  1880 10081
  1881 10081
  1882 10081
  1883 10081
  1884 10081
  1885 10081
  1886 10081
  1887 10081
  1888 10081
  1889 10081
  1890 10081
  1891 10081
  1892 10081
  1893 10081
  1894 10081
  1895 10081
  1896 10081
  1897 10081
  1898 10081
  1899 10081
  1900 10081
  1901 10081
  1902 10081
  1903 10081
  1904 10081
  1905 10081
  1906 10081
  1907 10081
  1908 10081
  1909 10081
  1910 10081
  1911 10081
  1912 10081
  1913 10081
  1914 10081
  1915 10081
  1916 10081
  1917 10081
  1918 10081
  1919 10081
  1920 10081
  1921 10081
  1922 10081
  1923 10081
  1924 10081
  1925 10081
  1926 10081
  1927 10081
  1928 10081
  1929 10081
  1930 10081
  1931 10081
  1932 10081
  1933 10081
  1934 10081
  1935 10081
  1936 10081
  1937 10081
  1938 10081
  1939 10081
  1940 10081
  1941 10081
  1942 10081
  1943 10081
  1944 10081
  1945 10081
  1946 10081
  1947 10081
  1948 10081
  1949 10081
  1950 10081
  1951 10081
  1952 10081
  1953 10081
  1954 10081
  1955 10081
  1956 10081
  1957 10081
  1958 10081
  1959 10081
  1960 10081
  1961 10081
  1962 10081
  1963 10081
  1964 10081
  1965 10081
  1966 10081
  1967 10081
  1968 10081
  1969 10081
  1970 10081
  1971 10081
  1972 10081
  1973 10081
  1974 10081
  1975 10081
  1976 10081
  1977 10081
  1978 10081
  1979 10081
  1980 10081
  1981 10081
  1982 10081
  1983 10081
  1984 10081
  1985 10081
  1986 10081
  1987 10081
  1988 10081
  1989 10081
  1990 10081
  1991 10081
  1992 10081
  1993 10081
  1994 10081
  1995 10081
  1996 10081
  1997 10081
  1998 10081
  1999 10081
  2000 10081
  2001 10081
  2002 10081
  2003 10081
  2004 10081
  2005 10081
  2006 10081
  2007 10081
  2008 10081
  2009 10081
  2010 10081
  2011 10081
  2012 10081
  2013 10081
  2014 10081
  2015 10081
  2016 10081
  2017 10081
  2018 10081
  2019 10081
  2020 10081
  2021 10081
  2022 10081
  2023 10081
  2024 10081
  2025 10081
  2026 10154
  2027 10154
  2033 10101
  2034 10100
  2035 10138
  2036 10138
  2037 10138
