   679 10005
   680 10005
   681 10005
   682 10005
   683 10005
   684 10005
   685 10005
   686 10005
   687 10005
   688 10005
   689 10005
   690 10005
   691 10005
   692 10005
   693 10005
   694 10005
   695 10005
   696 10005
   697 10005
   698 10005
   699 10005
   700 10005
   701 10005
   702 10005
   703 10005
   704 10005
   705 10005
   706 10005
   707 10005
   708 10005
   709 10005
   710 10005
   711 10005
   712 10005
   713 10005
   714 10005
   715 10005
   716 10005
   717 10005
   718 10005
   719 10005
   720 10005
   721 10005
   722 10005
   723 10005
   724 10005
   725 10005
   726 10005
   727 10005
   728 10005
   729 10005
   730 10005
   731 10005
   732 10005
   733 10005
   734 10005
   735 10005
   736 10005
   737 10005
   738 10005
   739 10005
   740 10005
   741 10005
   742 10005
   743 10005
   744 10005
   745 10005
   746 10005
   747 10005
   748 10005
   749 10005
   750 10005
   751 10005
   752 10005
   753 10005
   754 10005
   755 10005
   756 10005
   757 10005
   758 10005
   759 10005
   760 10005
   761 10005
   762 10005
   763 10005
   764 10005
   765 10005
   766 10005
   767 10005
   768 10005
   769 10005
   770 10005
   771 10005
   772 10005
   773 10005
   774 10005
   775 10005
   776 10005
   777 10005
   778 10005
   779 10005
   780 10005
   782 10149
   783 10149
   784 10002
   786 10002
   787 10002
   788 10002
   789 10002
   790 10002
   791 10002
   792 10002
   793 10002
   794 10002
   795 10002
   796 10002
   797 10002
   798 10002
   799 10002
   800 10002
   801 10002
   802 10002
   803 10002
   804 10002
   805 10002
   806 10002
   807 10002
   808 10002
   809 10002
   810 10002
   811 10002
   812 10002
   813 10002
   814 10002
   815 10002
   816 10002
   817 10002
   818 10002
   819 10002
   820 10002
   821 10002
   822 10002
   823 10002
   824 10002
   825 10002
   826 10002
   827 10002
   828 10002
   829 10002
   830 10002
   831 10002
   832 10002
   833 10002
   834 10002
   835 10002
   836 10002
   837 10002
   838 10002
   839 10002
   840 10002
   841 10002
   842 10002
   843 10002
   844 10002
   845 10002
   846 10002
   847 10002
   848 10002
   849 10002
   850 10002
   851 10002
   852 10002
   853 10002
   854 10002
   855 10002
   856 10002
   857 10002
   858 10002
   859 10002
   860 10002
   861 10002
   862 10002
   863 10002
   864 10002
   865 10002
   866 10002
   867 10002
   868 10002
   869 10002
   870 10002
   871 10002
   872 10002
   873 10002
   874 10002
   875 10002
   876 10002
   877 10002
   878 10002
   879 10002
   880 10002
   881 10002
   882 10002
   883 10002
   884 10002
   885 10002
   886 10002
   887 10002
   888 10002
   889 10002
   890 10002
   891 10002
   892 10002
   893 10002
   894 10002
   895 10002
   896 10002
   897 10002
   898 10002
   899 10002
   900 10002
   901 10002
   902 10002
   903 10002
   904 10002
   905 10002
   906 10002
   907 10002
   908 10002
   909 10002
   910 10002
   911 10002
   912 10002
   913 10002
   914 10002
   915 10002
   916 10002
   917 10002
   918 10002
   919 10002
   920 10002
   921 10002
   922 10002
   923 10002
   924 10002
   925 10002
   926 10002
   927 10002
   928 10002
   929 10002
   930 10002
   931 10002
   932 10002
   933 10002
   934 10002
   935 10002
   936 10002
   937 10002
   938 10002
   939 10002
   940 10002
   941 10002
   942 10002
   943 10002
   944 10002
   945 10002
   946 10002
   947 10002
   948 10002
   949 10002
   950 10002
   951 10002
   952 10002
   953 10002
   954 10002
   955 10002
   956 10002
   957 10002
   958 10002
   959 10002
   960 10002
   961 10002
   962 10002
   963 10002
   964 10002
   965 10002
   966 10002
   967 10002
   968 10002
   969 10002
   970 10002
   971 10002
   972 10002
   973 10002
   974 10002
   975 10002
   976 10002
   977 10002
   978 10002
   979 10002
   980 10002
   981 10002
   982 10002
   983 10002
   984 10002
   985 10002
   986 10002
   987 10002
   988 10002
   989 10002
   990 10002
   991 10002
   992 10002
   993 10002
   994 10002
   995 10002
   996 10002
   997 10002
   998 10002
   999 10002
  1000 10002
  1001 10002
  1002 10002
  1003 10002
  1004 10002
  1005 10002
  1006 10002
  1007 10002
  1008 10002
  1009 10002
  1010 10002
  1011 10002
  1012 10002
  1013 10002
  1014 10002
  1015 10002
  1016 10002
  1017 10047
  1025 10153
  1026 10014
  1027 10153
  1028 10153
  1029 10153
  1030 10153
  1031 10153
  1032 10153
  1033 10153
  1034 10153
  1035 10153
  1036 10153
  1037 10153
  1038 10153
  1039 10153
  1040 10153
  1041 10153
  1042 10153
  1043 10153
  1044 10153
  1045 10153
  1046 10153
  1047 10153
  1048 10153
  1049 10153
  1050 10153
  1051 10153
  1052 10153
  1053 10153
  1054 10153
  1055 10153
  1056 10153
  1057 10153
  1058 10153
  1059 10153
  1060 10153
  1061 10153
  1062 10153
  1063 10153
  1064 10153
  1065 10153
  1066 10153
  1067 10153
  1068 10153
  1069 10153
  1070 10153
  1071 10153
  1072 10153
  1073 10153
  1074 10153
  1075 10153
  1076 10153
  1077 10153
  1078 10153
  1079 10153
  1080 10153
  1081 10153
  1082 10153
  1083 10153
  1084 10153
  1085 10153
  1086 10153
  1087 10153
  1088 10153
  1089 10153
  1090 10153
  1091 10153
  1092 10153
  1093 10153
  1094 10153
  1095 10153
  1096 10153
  1097 10153
  1098 10153
  1099 10153
  1100 10153
  1101 10153
  1102 10153
  1103 10153
  1104 10153
  1105 10153
  1106 10153
  1107 10153
  1108 10153
  1109 10153
  1110 10153
  1111 10153
  1112 10153
  1113 10153
  1114 10153
  1115 10153
  1116 10153
  1117 10153
  1118 10153
  1119 10153
  1120 10153
  1121 10153
  1122 10153
  1123 10153
  1124 10153
  1125 10153
  1126 10153
  1127 10153
  1128 10153
  1129 10153
  1130 10153
  1131 10153
  1132 10153
  1133 10153
  1134 10153
  1135 10153
  1136 10153
  1137 10153
  1138 10153
  1139 10153
  1140 10153
  1141 10153
  1142 10153
  1143 10153
  1144 10153
  1145 10153
  1146 10153
  1147 10153
  1148 10153
  1149 10153
  1150 10153
  1151 10153
  1152 10153
  1153 10153
  1154 10153
  1155 10153
  1156 10153
  1157 10153
  1158 10153
  1159 10153
  1160 10153
  1161 10153
  1162 10153
  1163 10153
  1164 10153
  1165 10153
  1166 10153
  1167 10153
  1168 10153
  1169 10153
  1170 10153
  1171 10153
  1172 10153
  1173 10153
  1174 10153
  1175 10153
  1176 10153
  1177 10153
  1178 10153
  1179 10153
  1180 10153
  1181 10153
  1182 10153
  1183 10153
  1184 10153
  1185 10153
  1186 10153
  1187 10153
  1188 10153
  1189 10153
  1190 10153
  1191 10153
  1192 10153
  1193 10153
  1194 10153
  1195 10153
  1196 10153
  1197 10153
  1198 10153
  1199 10153
  1200 10153
  1201 10153
  1202 10153
  1203 10153
  1204 10153
  1205 10153
  1206 10153
  1207 10153
  1208 10153
  1209 10153
  1210 10153
  1211 10153
  1212 10153
  1213 10153
  1214 10153
  1215 10153
  1216 10153
  1217 10153
  1218 10153
  1219 10153
  1220 10153
  1221 10153
  1222 10153
  1223 10153
  1224 10153
  1225 10153
  1226 10153
  1227 10153
  1228 10153
  1229 10153
  1230 10153
  1231 10153
  1232 10153
  1233 10153
  1234 10153
  1235 10153
  1236 10153
  1237 10153
  1238 10153
  1239 10153
  1240 10153
  1241 10153
  1242 10153
  1243 10153
  1244 10153
  1245 10153
  1246 10153
  1247 10153
  1248 10153
  1249 10153
  1250 10153
  1251 10153
  1252 10153
  1253 10153
  1254 10153
  1255 10153
  1256 10153
  1257 10153
  1258 10154
  1259 10154
  1262 10055
  1263 10018
  1264 10018
  1265 10018
  1266 10018
  1267 10018
  1268 10018
  1269 10040
  1270 10040
  1271 10040
  1272 10040
  1273 10040
  1275 10153
  1276 10153
  1277 10153
  1278 10153
  1279 10153
  1280 10153
  1281 10153
  1282 10153
  1283 10153
  1284 10153
  1285 10153
  1286 10153
  1287 10153
  1288 10153
  1289 10153
  1290 10153
  1291 10153
  1292 10153
  1293 10153
  1294 10153
  1295 10153
  1296 10153
  1297 10153
  1298 10153
  1299 10153
  1300 10153
  1301 10153
  1302 10153
  1303 10153
  1304 10153
  1305 10153
  1306 10153
  1307 10153
  1308 10153
  1309 10153
  1310 10153
  1311 10153
  1312 10153
  1313 10153
  1314 10153
  1315 10153
  1316 10153
  1317 10153
  1318 10153
  1319 10153
  1320 10153
  1321 10153
  1322 10153
  1323 10153
  1324 10153
  1325 10153
  1326 10153
  1327 10153
  1328 10153
  1329 10153
  1330 10153
  1331 10153
  1332 10153
  1333 10153
  1334 10153
  1335 10153
  1336 10153
  1337 10153
  1338 10153
  1339 10153
  1340 10153
  1341 10153
  1342 10153
  1343 10153
  1344 10153
  1345 10153
  1346 10153
  1347 10153
  1348 10153
  1349 10153
  1350 10153
  1351 10153
  1352 10153
  1353 10153
  1354 10153
  1355 10153
  1356 10153
  1357 10153
  1358 10153
  1359 10153
  1360 10153
  1361 10153
  1362 10153
  1363 10153
  1364 10153
  1365 10153
  1366 10153
  1367 10153
  1368 10153
  1369 10153
  1370 10153
  1371 10153
  1372 10153
  1373 10153
  1374 10153
  1375 10153
  1376 10153
  1377 10153
  1378 10153
  1379 10153
  1380 10153
  1381 10153
  1382 10153
  1383 10153
  1384 10153
  1385 10153
  1386 10153
  1387 10153
  1388 10153
  1389 10153
  1390 10153
  1391 10153
  1392 10153
  1393 10153
  1394 10153
  1395 10153
  1396 10153
  1397 10153
  1398 10153
  1399 10153
  1400 10153
  1401 10153
  1402 10153
  1403 10153
  1404 10153
  1405 10153
  1406 10153
  1407 10153
  1408 10153
  1409 10153
  1410 10153
  1411 10153
  1412 10153
  1413 10153
  1414 10153
  1415 10153
  1416 10153
  1417 10153
  1418 10153
  1419 10153
  1420 10153
  1421 10153
  1422 10153
  1423 10153
  1424 10153
  1425 10153
  1426 10153
  1427 10153
  1428 10153
  1429 10153
  1430 10153
  1431 10153
  1432 10153
  1433 10153
  1434 10153
  1435 10153
  1436 10153
  1437 10153
  1438 10153
  1439 10153
  1440 10153
  1441 10153
  1442 10153
  1443 10153
  1444 10153
  1445 10153
  1446 10153
  1447 10153
  1448 10153
  1449 10153
  1450 10153
  1451 10153
  1452 10153
  1453 10153
  1454 10153
  1455 10153
  1456 10153
  1457 10153
  1458 10153
  1459 10153
  1460 10153
  1461 10153
  1462 10153
  1463 10153
  1464 10153
  1465 10153
  1466 10153
  1467 10153
  1468 10153
  1469 10153
  1470 10153
  1471 10153
  1472 10153
  1473 10153
  1474 10153
  1475 10153
  1476 10153
  1477 10153
  1478 10153
  1479 10153
  1480 10153
  1481 10153
  1482 10153
  1483 10153
  1484 10153
  1485 10153
  1486 10153
  1487 10153
  1488 10153
  1489 10153
  1490 10153
  1491 10153
  1492 10153
  1493 10153
  1494 10153
  1495 10153
  1496 10153
  1497 10153
  1498 10153
  1499 10153
  1500 10153
