   618 10045
   619 10045
   620 10021
   621 10021
   622 10021
   623 10021
   624 10021
   625 10021
   626 10021
   627 10021
   628 10021
   629 10021
   630 10021
   631 10021
   632 10021
   633 10021
   634 10082
   635 10082
   636 10082
   637 10045
   638 10021
   639 10045
   640 10021
   641 10021
   653 10082
   654 10082
   655 10082
   656 10082
   657 10082
   660 10082
   661 10082
   662 10082
   663 10082
   664 10082
   665 10021
   666 10021
   667 10021
   668 10021
   669 10021
   682 10021
   683 10021
   684 10021
   685 10021
   686 10021
   687 10082
   688 10082
   689 10021
   690 10021
   691 10021
   692 10021
   693 10021
   694 10021
   695 10021
   696 10021
   697 10021
   698 10021
   699 10021
   700 10021
   701 10021
   702 10021
   703 10021
   704 10021
   705 10021
   706 10021
   707 10021
   708 10021
   709 10021
   710 10021
   711 10021
   712 10021
   713 10021
   714 10021
   715 10021
   716 10021
   717 10021
   718 10021
   719 10021
   720 10021
   721 10021
   722 10021
   723 10021
   724 10021
   725 10021
   726 10021
   727 10021
   728 10021
   729 10021
   730 10021
   731 10021
   732 10021
   733 10021
   734 10021
   735 10021
   736 10021
   737 10021
   738 10021
   739 10021
   740 10021
   741 10021
   742 10021
   743 10021
   744 10021
   745 10021
   746 10021
   747 10021
   748 10021
   749 10021
   750 10021
   751 10021
   752 10021
   753 10021
   754 10021
   755 10021
   756 10021
   757 10021
   758 10021
   759 10021
   760 10021
   761 10021
   762 10021
   763 10021
   764 10021
   765 10021
   766 10021
   767 10021
   768 10021
   769 10021
   770 10021
   771 10021
   772 10021
   773 10021
   774 10021
   775 10021
   776 10021
   777 10021
   778 10021
   779 10021
   780 10021
   781 10021
   782 10021
   783 10021
   785 10044
   792 10044
   793 10044
   794 10044
   795 10044
   796 10044
   797 10044
   798 10044
   799 10044
   800 10044
   801 10044
   802 10044
   803 10044
   804 10044
   805 10044
   806 10044
   807 10044
   808 10044
   809 10044
   810 10044
   811 10044
   812 10044
   813 10044
   814 10044
   815 10044
   816 10044
   817 10044
   818 10044
   819 10044
   820 10044
   821 10044
   822 10044
   823 10044
   824 10044
   825 10044
   826 10044
   827 10044
   828 10044
   829 10044
   830 10044
   831 10044
   832 10044
   833 10044
   834 10044
   835 10044
   836 10044
   837 10044
   838 10044
   839 10044
   840 10044
   841 10044
   842 10044
   843 10044
   844 10044
   845 10044
   846 10044
   847 10044
   848 10044
   849 10044
   850 10044
   851 10044
   852 10044
   853 10044
   854 10044
   855 10044
   856 10044
   857 10044
   858 10044
   859 10044
   860 10044
   861 10044
   862 10044
   863 10044
   864 10044
   865 10044
   866 10044
   867 10044
   868 10044
   869 10044
   870 10044
   871 10044
   872 10044
   873 10044
   874 10044
   875 10044
   876 10044
   877 10044
   878 10044
   879 10044
   880 10044
   881 10044
   882 10044
   883 10044
   884 10044
   885 10044
   886 10044
   887 10044
   888 10044
   889 10044
   890 10044
   891 10044
   892 10044
   893 10044
   894 10044
   895 10044
   896 10044
   897 10044
   898 10044
   899 10044
   900 10044
   901 10044
   902 10044
   903 10044
   904 10044
   905 10044
   906 10044
   907 10044
   908 10044
   909 10044
   910 10044
   911 10044
   912 10044
   913 10044
   914 10044
   915 10044
   916 10044
   917 10044
   918 10044
   919 10044
   920 10044
   921 10044
   922 10044
   923 10044
   924 10044
   925 10044
   926 10044
   927 10044
   928 10044
   929 10044
   930 10044
   931 10044
   932 10044
   933 10044
   934 10044
   935 10044
   936 10044
   937 10044
   938 10044
   939 10044
   940 10044
   941 10044
   942 10044
   943 10044
   944 10044
   945 10044
   946 10044
   947 10044
   948 10044
   949 10044
   950 10044
   951 10044
   952 10044
   953 10044
   954 10044
   955 10044
   956 10044
   957 10044
   958 10044
   959 10044
   960 10044
   961 10044
   962 10044
   963 10044
   964 10044
   965 10044
   966 10044
   967 10044
   968 10044
   969 10044
   970 10044
   971 10044
   972 10044
   973 10044
   974 10044
   975 10044
   976 10044
   977 10044
   978 10044
   979 10044
   980 10044
   981 10044
   982 10044
   983 10044
   984 10044
   985 10044
   986 10044
   987 10044
   988 10044
   989 10044
   990 10044
   991 10044
   992 10044
   993 10044
   994 10044
   995 10044
   996 10044
   997 10044
   998 10044
   999 10044
  1000 10044
  1001 10044
  1002 10044
  1003 10044
  1004 10044
  1005 10044
  1006 10044
  1007 10044
  1008 10044
  1009 10044
  1010 10044
  1011 10044
  1012 10044
  1013 10044
  1014 10044
  1015 10044
  1016 10044
  1017 10044
  1018 10044
  1019 10044
  1020 10044
  1021 10025
  1026 10136
  1027 10136
  1028 10136
  1029 10136
  1030 10136
  1031 10136
  1032 10136
  1033 10136
  1034 10136
  1035 10136
  1036 10136
  1037 10136
  1038 10136
  1039 10136
  1040 10136
  1041 10136
  1042 10136
  1043 10136
  1044 10136
  1045 10136
  1046 10136
  1047 10136
  1048 10136
  1049 10136
  1050 10136
  1051 10136
  1052 10136
  1053 10136
  1054 10136
  1055 10136
  1056 10136
  1057 10136
  1058 10136
  1059 10136
  1060 10136
  1061 10136
  1062 10136
  1063 10136
  1064 10136
  1065 10136
  1066 10136
  1067 10136
  1068 10136
  1069 10136
  1070 10136
  1071 10136
  1072 10136
  1073 10136
  1074 10136
  1075 10136
  1076 10136
  1077 10136
  1078 10136
  1079 10136
  1080 10136
  1081 10136
  1082 10136
  1083 10136
  1084 10136
  1085 10136
  1086 10136
  1087 10136
  1088 10136
  1089 10136
  1090 10136
  1091 10136
  1092 10136
  1093 10136
  1094 10136
  1095 10136
  1096 10136
  1097 10136
  1098 10136
  1099 10136
  1100 10136
  1101 10136
  1102 10136
  1103 10136
  1104 10136
  1105 10136
  1106 10136
  1107 10136
  1108 10136
  1109 10136
  1110 10136
  1111 10136
  1112 10136
  1113 10136
  1114 10136
  1115 10136
  1116 10136
  1117 10136
  1118 10136
  1119 10136
  1120 10136
  1121 10136
  1122 10136
  1123 10136
  1124 10136
  1125 10136
  1126 10136
  1127 10136
  1128 10136
  1129 10136
  1130 10136
  1131 10136
  1132 10136
  1133 10136
  1134 10136
  1135 10136
  1136 10136
  1137 10136
  1138 10136
  1139 10136
  1140 10136
  1141 10136
  1142 10136
  1143 10136
  1144 10136
  1145 10136
  1146 10136
  1147 10136
  1148 10136
  1149 10136
  1150 10136
  1151 10136
  1152 10136
  1153 10136
  1154 10136
  1155 10136
  1156 10136
  1157 10136
  1158 10136
  1159 10136
  1160 10136
  1161 10136
  1162 10136
  1163 10136
  1164 10136
  1165 10136
  1166 10136
  1167 10136
  1168 10136
  1169 10136
  1170 10136
  1171 10136
  1172 10136
  1173 10136
  1174 10136
  1175 10136
  1176 10136
  1177 10136
  1178 10136
  1179 10136
  1180 10136
  1181 10136
  1182 10136
  1183 10136
  1184 10136
  1185 10136
  1186 10136
  1187 10136
  1188 10136
  1189 10136
  1190 10136
  1191 10136
  1192 10136
  1193 10136
  1194 10136
  1195 10136
  1196 10136
  1197 10136
  1198 10136
  1199 10136
  1200 10136
  1201 10136
  1202 10136
  1203 10136
  1204 10136
  1205 10136
  1206 10136
  1207 10136
  1208 10136
  1209 10136
  1210 10136
  1211 10136
  1212 10136
  1213 10136
  1214 10136
  1215 10136
  1216 10136
  1217 10136
  1218 10136
  1219 10136
  1220 10136
  1221 10136
  1222 10136
  1223 10136
  1224 10136
  1225 10136
  1226 10136
  1227 10136
  1228 10136
  1229 10136
  1230 10136
  1231 10136
  1232 10136
  1233 10136
  1234 10136
  1235 10136
  1236 10136
  1237 10136
  1238 10136
  1239 10136
  1240 10136
  1241 10136
  1242 10136
  1243 10136
  1244 10136
  1245 10136
  1246 10136
  1247 10136
  1248 10136
  1249 10136
  1250 10136
  1251 10136
  1252 10136
  1253 10136
  1254 10136
  1255 10136
  1256 10136
  1257 10136
  1258 10136
  1259 10136
  1270 10047
  1271 10047
  1272 10047
  1273 10047
  1274 10047
  1275 10047
  1276 10047
  1277 10047
  1278 10047
  1279 10047
  1280 10047
  1281 10047
  1282 10047
  1283 10047
  1284 10047
  1285 10047
  1286 10047
  1287 10047
  1288 10047
  1289 10047
  1290 10047
  1291 10047
  1292 10047
  1293 10047
  1294 10047
  1295 10047
  1296 10047
  1297 10047
  1298 10047
  1299 10047
  1300 10047
  1301 10047
  1302 10047
  1303 10047
  1304 10047
  1305 10047
  1306 10047
  1307 10047
  1308 10047
  1309 10047
  1310 10047
  1311 10047
  1312 10047
  1313 10047
  1314 10047
  1315 10047
  1316 10047
  1317 10047
  1318 10047
  1319 10047
  1320 10047
  1321 10047
  1322 10047
  1323 10047
  1324 10047
  1325 10047
  1326 10047
  1327 10047
  1328 10047
  1329 10047
  1330 10047
  1331 10047
  1332 10047
  1333 10047
  1334 10047
  1335 10047
  1336 10047
  1337 10047
  1338 10047
  1339 10047
  1340 10047
  1341 10047
  1342 10047
  1343 10047
  1344 10047
  1345 10047
  1346 10047
  1347 10047
  1348 10047
  1349 10047
  1350 10047
  1351 10047
  1352 10047
  1353 10047
  1354 10047
  1355 10047
  1356 10047
  1357 10047
  1358 10047
  1359 10047
  1360 10047
  1361 10047
  1362 10047
  1363 10047
  1364 10047
  1365 10047
  1366 10047
  1367 10047
  1368 10047
  1369 10047
  1370 10047
  1371 10047
  1372 10047
  1373 10047
  1374 10047
  1375 10047
  1376 10047
  1377 10047
  1378 10047
  1379 10047
  1380 10047
  1381 10047
  1382 10047
  1383 10047
  1384 10047
  1385 10047
  1386 10047
  1387 10047
  1388 10047
  1389 10047
  1390 10047
  1391 10047
  1392 10047
  1393 10047
  1394 10047
  1395 10047
  1396 10047
  1397 10047
  1398 10047
  1399 10047
  1400 10047
  1401 10047
  1402 10047
  1403 10047
  1404 10047
  1405 10047
  1406 10047
  1407 10047
  1408 10047
  1409 10047
  1410 10047
  1411 10047
  1412 10047
  1413 10047
  1414 10047
  1415 10047
  1416 10047
  1417 10047
  1418 10047
  1419 10047
  1420 10047
  1421 10047
  1422 10047
  1423 10047
  1424 10047
  1425 10047
  1426 10047
  1427 10047
  1428 10047
  1429 10047
  1430 10047
  1431 10047
  1432 10047
  1433 10047
  1434 10047
  1435 10047
  1436 10047
  1437 10047
  1438 10047
  1439 10047
  1440 10047
  1441 10047
  1442 10047
  1443 10047
  1444 10047
  1445 10047
  1446 10047
  1447 10047
  1448 10047
  1449 10047
  1450 10047
  1451 10047
  1452 10047
  1453 10047
  1454 10047
  1455 10047
  1456 10047
  1457 10047
  1458 10047
  1459 10047
  1460 10047
  1461 10047
  1462 10047
  1463 10047
  1464 10047
  1465 10047
  1466 10047
  1467 10047
  1468 10047
  1469 10047
  1470 10047
  1471 10047
  1472 10047
  1473 10047
  1474 10047
  1475 10047
  1476 10047
  1477 10047
  1478 10047
  1479 10047
  1480 10047
  1481 10047
  1482 10047
  1483 10047
  1484 10047
  1485 10047
  1486 10047
  1487 10047
  1488 10047
  1489 10047
  1490 10047
  1491 10047
  1492 10047
  1493 10047
  1494 10047
  1495 10047
  1496 10047
  1497 10047
  1498 10047
  1499 10047
  1500 10047
  1501 10047
  1502 10047
  1503 10047
  1504 10047
  1505 10047
  1506 10047
  1507 10047
  1508 10047
  1509 10047
  1510 10047
  1511 10047
  1512 10101
  1515 10055
  1516 10055
  1517 10018
  1518 10018
  1519 10018
  1520 10023
  1521 10018
  1522 10055
  1523 10055
  1524 10055
  1525 10055
  1526 10055
  1527 10055
  1528 10055
  1529 10055
  1530 10055
  1531 10055
  1532 10055
  1533 10055
  1534 10055
  1535 10055
  1536 10018
  1537 10018
  1538 10018
  1539 10140
  1540 10055
  1541 10055
  1542 10140
  1543 10140
  1544 10140
  1545 10140
  1546 10055
  1547 10018
  1548 10055
  1549 10140
  1550 10140
  1551 10055
  1552 10040
  1553 10040
  1554 10040
  1555 10055
  1556 10055
  1557 10055
  1558 10055
  1559 10055
  1560 10055
  1561 10055
  1562 10055
  1563 10055
  1564 10055
  1565 10055
  1566 10055
  1567 10055
  1568 10055
  1571 10055
  1573 10055
  1574 10143
  1575 10016
  1576 10143
  1577 10016
  1578 10016
  1579 10016
  1580 10016
  1581 10016
  1582 10016
  1583 10016
  1584 10016
  1585 10016
  1586 10016
  1587 10036
  1588 10016
  1589 10115
  1590 10036
  1591 10036
  1592 10036
  1593 10036
  1596 10115
  1613 10143
  1621 10143
  1622 10016
  1623 10143
  1624 10143
  1625 10143
  1626 10143
  1627 10154
  1628 10143
  1629 10143
  1630 10095
  1631 10095
  1632 10095
  1633 10095
  1634 10095
  1635 10095
  1636 10095
  1637 10095
  1638 10095
  1639 10095
  1640 10095
  1641 10095
  1642 10095
  1643 10095
  1644 10095
  1645 10095
  1646 10095
  1647 10095
  1648 10095
  1649 10095
  1650 10095
  1651 10095
  1652 10095
  1653 10095
  1654 10095
  1655 10095
  1656 10095
  1657 10095
  1658 10095
  1659 10095
  1660 10095
  1661 10095
  1662 10095
  1663 10095
  1664 10095
  1665 10095
  1666 10095
  1667 10095
  1668 10095
  1669 10095
  1670 10095
  1671 10095
  1672 10095
  1673 10095
  1674 10095
  1675 10095
  1676 10095
  1677 10095
  1678 10095
  1679 10095
  1680 10095
  1681 10095
  1682 10095
  1683 10095
  1684 10095
  1685 10095
  1686 10095
  1687 10095
  1688 10095
  1689 10095
  1690 10095
  1691 10095
  1692 10095
  1693 10095
  1694 10095
  1695 10095
  1696 10095
  1697 10095
  1698 10095
  1699 10095
  1700 10095
  1701 10095
  1702 10095
  1703 10095
  1704 10095
  1705 10095
  1706 10095
  1707 10095
  1708 10095
  1709 10095
  1710 10095
  1711 10095
  1712 10095
  1713 10095
  1714 10095
  1715 10095
  1716 10095
  1717 10095
  1718 10095
  1719 10095
  1720 10095
  1721 10095
  1722 10095
  1723 10095
  1724 10095
  1725 10095
  1726 10095
  1727 10095
  1728 10095
  1729 10095
  1730 10095
  1731 10095
  1732 10095
  1733 10095
  1734 10095
  1735 10095
  1736 10095
  1737 10095
  1738 10095
  1739 10095
  1740 10095
  1741 10095
  1742 10095
  1743 10095
  1744 10095
  1745 10095
  1746 10095
  1747 10095
  1748 10095
  1749 10095
  1750 10095
  1751 10095
  1752 10095
  1753 10095
  1754 10095
  1755 10095
  1756 10095
  1757 10095
  1758 10095
  1759 10095
  1760 10095
  1761 10095
  1762 10095
  1763 10095
  1764 10095
  1765 10095
  1766 10095
  1767 10095
  1768 10095
  1769 10095
  1770 10095
  1771 10095
  1772 10095
  1773 10095
  1774 10095
  1775 10095
  1776 10095
  1777 10095
  1778 10095
  1779 10095
  1780 10095
  1781 10095
  1782 10095
  1783 10095
  1784 10095
  1785 10095
  1786 10095
  1787 10095
  1788 10095
  1789 10095
  1790 10095
  1791 10095
  1792 10095
  1793 10095
  1794 10095
  1795 10095
  1796 10095
  1797 10095
  1798 10095
  1799 10095
  1800 10095
  1801 10095
  1802 10095
  1803 10095
  1804 10095
  1805 10095
  1806 10095
  1807 10095
  1808 10095
  1809 10095
  1810 10095
  1811 10095
  1812 10095
  1813 10095
  1814 10095
  1815 10095
  1816 10095
  1817 10095
  1818 10095
  1819 10095
  1820 10095
  1821 10095
  1822 10095
  1823 10095
  1824 10095
  1825 10095
  1826 10095
  1827 10095
  1828 10095
  1829 10095
  1830 10095
  1831 10095
  1832 10095
  1833 10095
  1834 10095
  1835 10095
  1836 10095
  1837 10095
  1838 10095
  1839 10095
  1840 10095
  1841 10095
  1842 10095
  1843 10095
  1844 10095
  1845 10095
  1846 10095
  1847 10095
  1848 10095
  1849 10095
  1850 10095
  1851 10095
  1852 10095
  1853 10095
  1854 10095
  1855 10095
  1856 10095
  1857 10095
  1858 10143
  1859 10143
  1860 10143
  1864 10065
  1865 10050
  1866 10050
  1867 10050
  1868 10050
  1869 10050
  1870 10050
  1871 10050
  1872 10050
  1873 10050
  1874 10050
  1875 10050
  1876 10050
  1877 10050
  1878 10050
  1879 10050
  1880 10050
  1881 10050
  1882 10050
  1883 10050
  1884 10050
  1885 10050
  1886 10050
  1887 10050
  1888 10050
  1889 10050
  1890 10050
  1891 10050
  1892 10050
  1893 10050
  1894 10050
  1895 10050
  1896 10050
  1897 10050
  1898 10050
  1899 10050
  1900 10050
  1901 10050
  1902 10050
  1903 10050
  1904 10050
  1905 10050
  1906 10050
  1907 10050
  1908 10050
  1909 10050
  1910 10050
  1911 10050
  1912 10050
  1913 10050
  1914 10050
  1915 10050
  1916 10050
  1917 10050
  1918 10050
  1919 10050
  1920 10050
  1921 10050
  1922 10050
  1923 10050
  1924 10050
  1925 10050
  1926 10050
  1927 10050
  1928 10050
  1929 10050
  1930 10050
  1931 10050
  1932 10050
  1933 10050
  1934 10050
  1935 10050
  1936 10050
  1937 10050
  1938 10050
  1939 10050
  1940 10050
  1941 10050
  1942 10050
  1943 10050
  1944 10050
  1945 10050
  1946 10050
  1947 10050
  1948 10050
  1949 10050
  1950 10050
  1951 10050
  1952 10050
  1953 10050
  1954 10050
  1955 10050
  1956 10050
  1957 10050
  1958 10050
  1959 10050
  1960 10050
  1961 10050
  1962 10050
  1963 10050
  1964 10050
  1965 10050
  1966 10050
  1967 10050
  1968 10050
  1969 10050
  1970 10050
  1971 10050
  1972 10050
  1973 10050
  1974 10050
  1975 10050
  1976 10050
  1977 10050
  1978 10050
  1979 10050
  1980 10050
  1981 10050
  1982 10050
  1983 10050
  1984 10050
  1985 10050
  1986 10050
  1987 10050
  1988 10050
  1989 10050
  1990 10050
  1991 10050
  1992 10050
  1993 10050
  1994 10050
  1995 10050
  1996 10050
  1997 10050
  1998 10050
  1999 10050
  2000 10050
  2001 10050
  2002 10050
  2003 10050
  2004 10050
  2005 10050
  2006 10050
  2007 10050
  2008 10050
  2009 10050
  2010 10050
  2011 10050
  2012 10050
  2013 10050
  2014 10050
  2015 10050
  2016 10050
  2017 10050
  2018 10050
  2019 10050
  2020 10050
  2021 10050
  2022 10050
  2023 10141
  2024 10101
  2025 10070
  2029 10066
  2030 10066
  2031 10021
  2032 10021
  2033 10045
  2034 10045
  2035 10045
  2036 10045
  2037 10045
  2038 10045
