   672 10156
   673 10156
   674 10156
   675 10156
   676 10156
   677 10156
   678 10156
   679 10156
   680 10156
   681 10156
   682 10156
   683 10156
   684 10156
   685 10156
   686 10156
   687 10156
   688 10156
   689 10156
   690 10086
   691 10086
   692 10086
   693 10086
   694 10086
   695 10086
   696 10086
   697 10086
   698 10086
   699 10086
   700 10086
   701 10086
   702 10086
   703 10086
   704 10086
   705 10086
   706 10086
   707 10086
   708 10086
   709 10086
   710 10086
   711 10086
   712 10086
   713 10086
   714 10086
   715 10086
   716 10086
   717 10086
   718 10086
   719 10086
   720 10086
   721 10086
   722 10086
   723 10086
   724 10086
   725 10086
   726 10086
   727 10086
   728 10086
   729 10086
   730 10086
   731 10086
   732 10086
   733 10086
   734 10086
   735 10086
   736 10086
   737 10086
   738 10086
   739 10086
   740 10086
   741 10086
   742 10086
   743 10086
   744 10086
   745 10086
   746 10086
   747 10086
   748 10086
   749 10086
   750 10086
   751 10086
   752 10086
   753 10086
   754 10086
   755 10086
   756 10086
   757 10086
   758 10086
   759 10086
   760 10086
   761 10086
   762 10086
   763 10086
   764 10086
   765 10086
   766 10086
   767 10086
   768 10086
   769 10086
   770 10086
   771 10086
   772 10086
   773 10086
   774 10086
   775 10086
   776 10086
   777 10086
   778 10086
   779 10086
   780 10086
   781 10101
   782 10101
   783 10101
   785 10130
   786 10107
   787 10107
   788 10143
   789 10059
   790 10059
   791 10059
   792 10161
   793 10081
   795 10086
   796 10086
   797 10086
   798 10086
   799 10086
   800 10086
   801 10086
   802 10086
   803 10086
   804 10086
   805 10086
   806 10086
   807 10086
   808 10086
   809 10086
   810 10086
   811 10086
   812 10086
   813 10086
   814 10086
   815 10086
   816 10086
   817 10086
   818 10086
   819 10086
   820 10086
   821 10086
   822 10086
   823 10086
   824 10086
   825 10086
   826 10086
   827 10086
   828 10086
   829 10086
   830 10086
   831 10086
   832 10086
   833 10086
   834 10086
   835 10086
   836 10086
   837 10086
   838 10086
   839 10086
   840 10086
   841 10086
   842 10086
   843 10086
   844 10086
   845 10086
   846 10086
   847 10086
   848 10086
   849 10086
   850 10086
   851 10086
   852 10086
   853 10086
   854 10086
   855 10086
   856 10086
   857 10086
   858 10086
   859 10086
   860 10086
   861 10086
   862 10086
   863 10086
   864 10086
   865 10086
   866 10086
   867 10086
   868 10086
   869 10086
   870 10086
   871 10086
   872 10086
   873 10086
   874 10086
   875 10086
   876 10086
   877 10086
   878 10086
   879 10086
   880 10086
   881 10086
   882 10086
   883 10086
   884 10086
   885 10086
   886 10086
   887 10086
   888 10086
   889 10086
   890 10086
   891 10086
   892 10086
   893 10086
   894 10086
   895 10086
   896 10086
   897 10086
   898 10086
   899 10086
   900 10086
   901 10086
   902 10086
   903 10086
   904 10086
   905 10086
   906 10086
   907 10086
   908 10086
   909 10086
   910 10086
   911 10086
   912 10086
   913 10086
   914 10086
   915 10086
   916 10086
   917 10086
   918 10086
   919 10086
   920 10086
   921 10086
   922 10086
   923 10086
   924 10086
   925 10086
   926 10086
   927 10086
   928 10086
   929 10086
   930 10086
   931 10086
   932 10086
   933 10086
   934 10086
   935 10086
   936 10086
   937 10086
   938 10086
   939 10086
   940 10086
   941 10086
   942 10086
   943 10086
   944 10086
   945 10086
   946 10086
   947 10086
   948 10086
   949 10086
   950 10086
   951 10086
   952 10086
   953 10086
   954 10086
   955 10086
   956 10086
   957 10086
   958 10086
   959 10086
   960 10086
   961 10086
   962 10086
   963 10086
   964 10086
   965 10086
   966 10086
   967 10086
   968 10086
   969 10086
   970 10086
   971 10086
   972 10086
   973 10086
   974 10086
   975 10086
   976 10086
   977 10086
   978 10086
   979 10086
   980 10086
   981 10086
   982 10086
   983 10086
   984 10086
   985 10086
   986 10086
   987 10086
   988 10086
   989 10086
   990 10086
   991 10086
   992 10086
   993 10086
   994 10086
   995 10086
   996 10086
   997 10086
   998 10086
   999 10086
  1000 10086
  1001 10086
  1002 10086
  1003 10086
  1004 10086
  1005 10086
  1006 10086
  1007 10086
  1008 10086
  1009 10086
  1010 10086
  1011 10086
  1012 10086
  1013 10086
  1014 10086
  1015 10086
  1016 10086
  1017 10086
  1018 10086
  1019 10086
  1020 10086
  1021 10130
  1022 10156
  1023 10156
  1024 10156
  1025 10156
  1026 10156
  1027 10156
  1028 10156
  1029 10156
  1030 10156
  1031 10156
  1032 10156
  1033 10156
  1034 10156
  1035 10156
  1036 10156
  1037 10156
  1038 10156
  1039 10156
  1040 10156
  1041 10156
  1042 10156
  1043 10156
  1044 10156
  1045 10156
  1046 10156
  1047 10156
  1048 10156
  1049 10156
  1050 10156
  1051 10156
  1052 10156
  1053 10156
  1054 10156
  1055 10156
  1056 10156
  1057 10156
  1058 10156
  1059 10156
  1060 10156
  1061 10156
  1062 10156
  1063 10156
  1064 10156
  1065 10156
  1066 10156
  1067 10156
  1068 10156
  1069 10156
  1070 10156
  1071 10156
  1072 10156
  1073 10156
  1074 10156
  1075 10156
  1076 10156
  1077 10156
  1078 10156
  1079 10156
  1080 10156
  1081 10156
  1082 10156
  1083 10156
  1084 10156
  1085 10156
  1086 10156
  1087 10156
  1088 10156
  1089 10156
  1090 10156
  1091 10156
  1092 10156
  1093 10156
  1094 10156
  1095 10156
  1096 10156
  1097 10156
  1098 10156
  1099 10156
  1100 10156
  1101 10156
  1102 10156
  1103 10156
  1104 10156
  1105 10156
  1106 10156
  1107 10156
  1108 10156
  1109 10156
  1110 10156
  1111 10156
  1112 10156
  1113 10156
  1114 10156
  1115 10156
  1116 10156
  1117 10156
  1118 10156
  1119 10156
  1120 10156
  1121 10156
  1122 10156
  1123 10156
  1124 10156
  1125 10156
  1126 10156
  1127 10156
  1128 10156
  1129 10156
  1130 10156
  1131 10156
  1132 10156
  1133 10156
  1134 10156
  1135 10156
  1136 10156
  1137 10156
  1138 10156
  1139 10156
  1140 10156
  1141 10156
  1142 10156
  1143 10156
  1144 10156
  1145 10156
  1146 10156
  1147 10156
  1148 10156
  1149 10156
  1150 10156
  1151 10156
  1152 10156
  1153 10156
  1154 10156
  1155 10156
  1156 10156
  1157 10156
  1158 10156
  1159 10156
  1160 10156
  1161 10156
  1162 10156
  1163 10156
  1164 10156
  1165 10156
  1166 10156
  1167 10156
  1168 10156
  1169 10156
  1170 10156
  1171 10156
  1172 10156
  1173 10156
  1174 10156
  1175 10156
  1176 10156
  1177 10156
  1178 10156
  1179 10156
  1180 10156
  1181 10156
  1182 10156
  1183 10156
  1184 10156
  1185 10156
  1186 10156
  1187 10156
  1188 10156
  1189 10156
  1190 10156
  1191 10156
  1192 10156
  1193 10156
  1194 10156
  1195 10156
  1196 10156
  1197 10156
  1198 10156
  1199 10156
  1200 10156
  1201 10156
  1202 10156
  1203 10156
  1204 10156
  1205 10156
  1206 10156
  1207 10156
  1208 10156
  1209 10156
  1210 10156
  1211 10156
  1212 10156
  1213 10156
  1214 10156
  1215 10156
  1216 10156
  1217 10156
  1218 10156
  1219 10156
  1220 10156
  1221 10156
  1222 10156
  1223 10156
  1224 10156
  1225 10156
  1226 10156
  1227 10156
  1228 10156
  1229 10156
  1230 10156
  1231 10156
  1232 10156
  1233 10156
  1234 10156
  1235 10156
  1236 10156
  1237 10156
  1238 10156
  1239 10156
  1240 10156
  1241 10156
  1242 10156
  1243 10156
  1244 10156
  1245 10156
  1246 10156
  1247 10156
  1248 10156
  1249 10156
  1250 10156
  1251 10156
  1252 10156
  1253 10156
  1254 10156
  1255 10156
  1256 10156
  1257 10156
  1258 10154
  1259 10154
  1265 10134
  1266 10134
  1268 10018
  1269 10018
  1270 10018
  1271 10018
  1272 10018
  1273 10018
  1274 10158
  1275 10158
  1276 10158
  1277 10158
  1278 10158
  1279 10158
  1280 10158
  1281 10158
  1282 10158
  1283 10018
  1284 10018
  1285 10018
  1286 10018
  1287 10018
  1288 10010
  1289 10010
  1290 10010
  1291 10010
  1292 10010
  1293 10010
  1294 10010
  1295 10010
  1304 10010
  1305 10010
  1306 10010
  1307 10010
  1308 10010
  1309 10010
  1310 10010
  1311 10010
  1312 10010
  1313 10010
  1314 10010
  1315 10010
  1316 10010
  1317 10010
  1318 10010
  1319 10010
  1320 10010
  1321 10010
  1322 10010
  1323 10010
  1324 10010
  1325 10010
  1326 10010
  1327 10010
  1328 10010
  1329 10010
  1330 10010
  1331 10010
  1332 10010
  1333 10010
  1334 10010
  1335 10010
  1336 10010
  1337 10010
  1338 10010
  1341 10010
  1342 10010
  1343 10158
  1344 10158
  1345 10055
  1346 10055
  1347 10055
  1348 10055
  1354 10101
  1355 10101
  1356 10101
  1357 10128
  1358 10101
  1359 10138
  1360 10138
  1361 10138
  1362 10138
  1363 10138
  1364 10101
  1368 10138
  1370 10138
  1371 10138
  1372 10138
  1373 10071
  1374 10071
  1375 10071
  1376 10071
  1377 10071
  1378 10149
  1380 10071
  1381 10149
  1382 10149
  1383 10149
  1384 10149
  1395 10163
  1396 10163
  1397 10163
  1398 10163
  1399 10163
  1400 10163
  1401 10163
  1402 10163
  1403 10163
  1404 10163
  1405 10163
  1406 10163
  1407 10163
  1408 10163
  1409 10163
  1410 10163
  1411 10163
  1412 10163
  1413 10163
  1414 10163
  1415 10163
  1416 10163
  1417 10163
  1418 10163
  1419 10163
  1420 10163
  1421 10163
  1422 10163
  1423 10163
  1424 10163
  1425 10163
  1426 10163
  1427 10163
  1428 10163
  1429 10163
  1430 10163
  1431 10163
  1432 10163
  1433 10163
  1434 10163
  1435 10163
  1436 10163
  1437 10163
  1438 10163
  1439 10163
  1440 10163
  1441 10163
  1442 10163
  1443 10163
  1444 10163
  1445 10163
  1446 10163
  1447 10163
  1448 10163
  1449 10163
  1450 10163
  1451 10163
  1452 10163
  1453 10163
  1454 10163
  1455 10163
  1456 10163
  1457 10163
  1458 10163
  1459 10163
  1460 10163
  1461 10163
  1462 10163
  1463 10163
  1464 10163
  1465 10163
  1466 10163
  1467 10163
  1468 10163
  1469 10163
  1470 10163
  1471 10163
  1472 10163
  1473 10163
  1474 10163
  1475 10163
  1476 10163
  1477 10163
  1478 10163
  1479 10163
  1480 10163
  1481 10163
  1482 10163
  1483 10163
  1484 10163
  1485 10163
  1486 10163
  1487 10163
  1488 10163
  1489 10163
  1490 10163
  1491 10163
  1492 10163
  1493 10163
  1494 10163
  1495 10163
  1496 10163
  1497 10163
  1498 10163
  1499 10163
  1500 10163
  1501 10163
  1502 10163
  1503 10163
  1504 10163
  1505 10163
  1506 10163
  1507 10163
  1508 10163
  1509 10163
  1510 10163
  1511 10163
  1512 10163
  1513 10163
  1514 10163
  1515 10163
  1516 10163
  1517 10163
  1518 10163
  1519 10163
  1520 10163
  1521 10163
  1522 10163
  1523 10163
  1524 10163
  1525 10163
  1526 10163
  1527 10163
  1528 10163
  1529 10163
  1530 10163
  1531 10163
  1532 10163
  1533 10163
  1534 10163
  1535 10163
  1536 10163
  1537 10163
  1538 10163
  1539 10163
  1540 10163
  1541 10163
  1542 10163
  1543 10163
  1544 10163
  1545 10163
  1546 10163
  1547 10163
  1548 10163
  1549 10163
  1550 10163
  1551 10163
  1552 10163
  1553 10163
  1554 10163
  1555 10163
  1556 10163
  1557 10163
  1558 10163
  1559 10163
  1560 10163
  1561 10163
  1562 10163
  1563 10163
  1564 10163
  1565 10163
  1566 10163
  1567 10163
  1568 10163
  1569 10163
  1570 10163
  1571 10163
  1572 10163
  1573 10163
  1574 10163
  1575 10163
  1576 10163
  1577 10163
  1578 10163
  1579 10163
  1580 10163
  1581 10163
  1582 10163
  1583 10163
  1584 10163
  1585 10163
  1586 10163
  1587 10163
  1588 10163
  1589 10163
  1590 10163
  1591 10163
  1592 10163
  1593 10163
  1594 10163
  1595 10163
  1596 10163
  1597 10163
  1598 10163
  1599 10163
  1600 10163
  1601 10163
  1602 10163
  1603 10163
  1604 10163
  1605 10163
  1606 10163
  1607 10163
  1608 10163
  1609 10163
  1610 10163
  1611 10163
  1612 10163
  1613 10163
  1614 10163
  1615 10163
  1616 10163
  1617 10163
  1618 10163
  1619 10163
  1620 10163
  1621 10033
  1622 10043
  1623 10033
  1628 10020
  1629 10020
  1630 10020
  1631 10020
  1632 10020
  1633 10020
  1634 10020
  1635 10020
  1636 10020
  1637 10020
  1638 10020
  1639 10020
  1640 10020
  1641 10020
  1642 10020
  1643 10020
  1644 10020
  1645 10020
  1646 10020
  1647 10020
  1648 10020
  1649 10020
  1650 10020
  1651 10020
  1652 10020
  1653 10020
  1654 10020
  1655 10020
  1656 10020
  1657 10020
  1658 10020
  1659 10020
  1660 10020
  1661 10020
  1662 10020
  1663 10020
  1664 10020
  1665 10020
  1666 10020
  1667 10020
  1668 10020
  1669 10020
  1670 10020
  1671 10020
  1672 10020
  1673 10020
  1674 10020
  1675 10020
  1676 10020
  1677 10020
  1678 10020
  1679 10020
  1680 10020
  1681 10020
  1682 10020
  1683 10020
  1684 10020
  1685 10020
  1686 10020
  1687 10020
  1688 10020
  1689 10020
  1690 10020
  1691 10020
  1692 10020
  1693 10020
  1694 10020
  1695 10020
  1696 10020
  1697 10020
  1698 10020
  1699 10020
  1700 10020
  1701 10020
  1702 10020
  1703 10020
  1704 10020
  1705 10020
  1706 10020
  1707 10020
  1708 10020
  1709 10020
  1710 10020
  1711 10020
  1712 10020
  1713 10020
  1714 10020
  1715 10020
  1716 10020
  1717 10020
  1718 10020
  1719 10020
  1720 10020
  1721 10020
  1722 10020
  1723 10020
  1724 10020
  1725 10020
  1726 10020
  1727 10020
  1728 10020
  1729 10020
  1730 10020
  1731 10020
  1732 10020
  1733 10020
  1734 10020
  1735 10020
  1736 10020
  1737 10020
  1738 10020
  1739 10020
  1740 10020
  1741 10020
  1742 10020
  1743 10020
  1744 10020
  1745 10020
  1746 10020
  1747 10020
  1748 10020
  1749 10020
  1750 10020
  1751 10020
  1752 10020
  1753 10020
  1754 10020
  1755 10020
  1756 10020
  1757 10020
  1758 10020
  1759 10020
  1760 10020
  1761 10020
  1762 10020
  1763 10020
  1764 10020
  1765 10020
  1766 10020
  1767 10020
  1768 10020
  1769 10020
  1770 10020
  1771 10020
  1772 10020
  1773 10020
  1774 10020
  1775 10020
  1776 10020
  1777 10020
  1778 10020
  1779 10020
  1780 10020
  1781 10020
  1782 10020
  1783 10020
  1784 10020
  1785 10020
  1786 10020
  1787 10020
  1788 10020
  1789 10020
  1790 10020
  1791 10020
  1792 10020
  1793 10020
  1794 10020
  1795 10020
  1796 10020
  1797 10020
  1798 10020
  1799 10020
  1800 10020
  1801 10020
  1802 10020
  1803 10020
  1804 10020
  1805 10020
  1806 10020
  1807 10020
  1808 10020
  1809 10020
  1810 10020
  1811 10020
  1812 10020
  1813 10020
  1814 10020
  1815 10020
  1816 10020
  1817 10020
  1818 10020
  1819 10020
  1820 10020
  1821 10020
  1822 10020
  1823 10020
  1824 10020
  1825 10020
  1826 10020
  1827 10020
  1828 10020
  1829 10020
  1830 10020
  1831 10020
  1832 10020
  1833 10020
  1834 10020
  1835 10020
  1836 10020
  1837 10020
  1838 10020
  1839 10020
  1840 10020
  1841 10020
  1842 10020
  1843 10020
  1844 10020
  1845 10020
  1846 10020
  1847 10020
  1848 10020
  1849 10020
  1850 10020
  1851 10020
  1852 10020
  1853 10020
  1854 10020
  1855 10020
  1856 10020
  1857 10151
  1858 10011
  1859 10011
  1860 10011
  1861 10011
  1862 10011
  1863 10011
  1864 10011
  1865 10011
  1866 10011
  1867 10011
  1868 10011
  1869 10011
  1870 10011
  1871 10011
  1872 10011
  1873 10011
  1874 10011
  1875 10011
  1876 10011
  1877 10011
  1878 10011
  1879 10011
  1880 10011
  1881 10011
  1882 10011
  1883 10011
  1884 10011
  1885 10011
  1886 10011
  1887 10011
  1888 10011
  1889 10011
  1890 10011
  1891 10011
  1892 10011
  1893 10011
  1894 10011
  1895 10011
  1896 10011
  1897 10011
  1898 10011
  1899 10011
  1900 10011
  1901 10011
  1902 10011
  1903 10011
  1904 10011
  1905 10011
  1906 10011
  1907 10011
  1908 10011
  1909 10011
  1910 10011
  1911 10011
  1912 10011
  1913 10011
  1914 10011
  1915 10011
  1916 10011
  1917 10011
  1918 10011
  1919 10011
  1920 10011
  1921 10011
  1922 10011
  1923 10011
  1924 10011
  1925 10011
  1926 10011
  1927 10011
  1928 10011
  1929 10011
  1930 10011
  1931 10011
  1932 10011
  1933 10011
  1934 10011
  1935 10011
  1936 10011
  1937 10011
  1938 10011
  1939 10011
  1940 10011
  1941 10011
  1942 10011
  1943 10011
  1944 10011
  1945 10011
  1946 10011
  1947 10011
  1948 10011
  1949 10011
  1950 10011
  1951 10011
  1952 10011
  1953 10011
  1954 10011
  1955 10011
  1956 10011
  1957 10011
  1958 10011
  1959 10011
  1960 10011
  1961 10011
  1962 10011
  1963 10011
  1964 10011
  1965 10011
  1966 10011
  1967 10011
  1968 10011
  1969 10011
  1970 10011
  1971 10011
  1972 10011
  1973 10011
  1974 10011
  1975 10011
  1976 10011
  1977 10011
  1978 10011
  1979 10011
  1980 10011
  1981 10011
  1982 10011
  1983 10011
  1984 10011
  1985 10011
  1986 10011
  1987 10011
  1988 10011
  1989 10011
  1990 10011
  1991 10011
  1992 10011
  1993 10011
  1994 10011
  1995 10011
  1996 10011
  1997 10011
  1998 10011
  1999 10011
  2000 10011
  2001 10011
  2002 10011
  2003 10011
  2004 10011
  2005 10011
  2006 10011
  2007 10011
  2008 10011
  2009 10011
  2010 10011
  2011 10011
  2012 10011
  2013 10011
  2014 10011
  2015 10011
  2016 10011
  2017 10011
  2018 10011
  2019 10011
  2020 10011
  2021 10011
  2022 10011
  2023 10011
  2024 10011
  2025 10011
  2026 10072
  2027 10028
  2029 10028
  2030 10066
  2032 10066
  2034 10086
  2035 10086
