   690 10122
   691 10122
   692 10122
   693 10122
   694 10122
   695 10122
   696 10122
   697 10122
   698 10122
   699 10122
   700 10122
   701 10122
   702 10122
   703 10122
   704 10122
   705 10122
   706 10122
   707 10122
   708 10122
   709 10122
   710 10122
   711 10122
   712 10122
   713 10122
   714 10122
   715 10122
   716 10122
   717 10122
   718 10122
   719 10122
   720 10122
   721 10122
   722 10122
   723 10122
   724 10122
   725 10122
   726 10122
   727 10122
   728 10122
   729 10122
   730 10122
   731 10122
   732 10122
   733 10122
   734 10122
   735 10122
   736 10122
   737 10122
   738 10122
   739 10122
   740 10122
   741 10122
   742 10122
   743 10122
   744 10122
   745 10122
   746 10122
   747 10122
   748 10122
   749 10122
   750 10122
   751 10122
   752 10122
   753 10122
   754 10122
   755 10122
   756 10122
   757 10122
   758 10122
   759 10122
   760 10122
   761 10122
   762 10122
   763 10122
   764 10122
   765 10122
   766 10122
   767 10122
   768 10122
   769 10122
   770 10122
   771 10122
   772 10122
   773 10122
   774 10122
   775 10122
   776 10122
   777 10122
   778 10122
   779 10122
   780 10122
   781 10143
   782 10143
   783 10167
   784 10167
   785 10081
   786 10167
   787 10167
   788 10081
   789 10081
   790 10081
   791 10081
   792 10081
   793 10081
   794 10081
   795 10167
   796 10167
   797 10167
   798 10167
   799 10167
   800 10167
   801 10167
   802 10167
   803 10167
   804 10167
   805 10167
   806 10167
   807 10167
   808 10167
   809 10167
   810 10167
   811 10167
   812 10167
   813 10167
   814 10167
   815 10167
   816 10167
   817 10167
   818 10167
   819 10167
   820 10167
   821 10167
   822 10167
   823 10167
   824 10167
   825 10167
   826 10167
   827 10167
   828 10167
   829 10167
   830 10167
   831 10167
   832 10167
   833 10167
   834 10167
   835 10167
   836 10167
   837 10167
   838 10167
   839 10167
   840 10167
   841 10167
   842 10167
   843 10167
   844 10167
   845 10167
   846 10167
   847 10167
   848 10167
   849 10167
   850 10167
   851 10167
   852 10167
   853 10167
   854 10167
   855 10167
   856 10167
   857 10167
   858 10167
   859 10167
   860 10167
   861 10167
   862 10167
   863 10167
   864 10167
   865 10167
   866 10167
   867 10167
   868 10167
   869 10167
   870 10167
   871 10167
   872 10167
   873 10167
   874 10167
   875 10167
   876 10167
   877 10167
   878 10167
   879 10167
   880 10167
   881 10167
   882 10167
   883 10167
   884 10167
   885 10167
   886 10167
   887 10167
   888 10167
   889 10167
   890 10167
   891 10167
   892 10167
   893 10167
   894 10167
   895 10167
   896 10167
   897 10167
   898 10167
   899 10167
   900 10167
   901 10167
   902 10167
   903 10167
   904 10167
   905 10167
   906 10167
   907 10167
   908 10167
   909 10167
   910 10167
   911 10167
   912 10167
   913 10167
   914 10167
   915 10167
   916 10167
   917 10167
   918 10167
   919 10167
   920 10167
   921 10167
   922 10167
   923 10167
   924 10167
   925 10167
   926 10167
   927 10167
   928 10167
   929 10167
   930 10167
   931 10167
   932 10167
   933 10167
   934 10167
   935 10167
   936 10167
   937 10167
   938 10167
   939 10167
   940 10167
   941 10167
   942 10167
   943 10167
   944 10167
   945 10167
   946 10167
   947 10167
   948 10167
   949 10167
   950 10167
   951 10167
   952 10167
   953 10167
   954 10167
   955 10167
   956 10167
   957 10167
   958 10167
   959 10167
   960 10167
   961 10167
   962 10167
   963 10167
   964 10167
   965 10167
   966 10167
   967 10167
   968 10167
   969 10167
   970 10167
   971 10167
   972 10167
   973 10167
   974 10167
   975 10167
   976 10167
   977 10167
   978 10167
   979 10167
   980 10167
   981 10167
   982 10167
   983 10167
   984 10167
   985 10167
   986 10167
   987 10167
   988 10167
   989 10167
   990 10167
   991 10167
   992 10167
   993 10167
   994 10167
   995 10167
   996 10167
   997 10167
   998 10167
   999 10167
  1000 10167
  1001 10167
  1002 10167
  1003 10167
  1004 10167
  1005 10167
  1006 10167
  1007 10167
  1008 10167
  1009 10167
  1010 10167
  1011 10167
  1012 10167
  1013 10167
  1014 10167
  1015 10167
  1016 10167
  1017 10167
  1018 10167
  1019 10167
  1020 10167
  1022 10141
  1023 10141
  1024 10141
  1025 10050
  1026 10101
  1028 10169
  1029 10169
  1030 10169
  1031 10169
  1258 10169
  1260 10101
  1275 10031
  1284 10055
  1364 10072
  1365 10072
  1366 10072
  1367 10066
  1368 10066
  1369 10066
  1370 10066
  1371 10066
  1372 10066
  1373 10066
  1374 10072
  1375 10072
  1376 10072
  1377 10072
  1378 10072
  1379 10072
  1380 10072
  1381 10072
  1382 10072
  1383 10072
  1384 10072
  1385 10072
  1386 10072
  1387 10072
  1388 10072
  1389 10072
  1390 10072
  1391 10072
  1392 10072
  1393 10072
  1394 10072
  1395 10020
  1396 10020
  1397 10020
  1398 10020
  1399 10020
  1400 10020
  1401 10020
  1402 10020
  1403 10020
  1404 10020
  1405 10020
  1406 10020
  1407 10020
  1408 10020
  1409 10020
  1410 10020
  1411 10020
  1412 10020
  1413 10020
  1414 10020
  1415 10020
  1416 10020
  1417 10020
  1418 10020
  1419 10020
  1420 10020
  1421 10020
  1422 10020
  1423 10020
  1424 10020
  1425 10020
  1426 10020
  1427 10020
  1428 10020
  1429 10020
  1430 10020
  1431 10020
  1432 10020
  1433 10020
  1434 10020
  1435 10020
  1436 10020
  1437 10020
  1438 10020
  1439 10020
  1440 10020
  1441 10020
  1442 10020
  1443 10020
  1444 10020
  1445 10020
  1446 10020
  1447 10020
  1448 10020
  1449 10020
  1450 10020
  1451 10020
  1452 10020
  1453 10020
  1454 10020
  1455 10020
  1456 10020
  1457 10020
  1458 10020
  1459 10020
  1460 10020
  1461 10020
  1462 10020
  1463 10020
  1464 10020
  1465 10020
  1466 10020
  1467 10020
  1468 10020
  1469 10020
  1470 10020
  1471 10020
  1472 10020
  1473 10020
  1474 10020
  1475 10020
  1476 10020
  1477 10020
  1478 10020
  1479 10020
  1480 10020
  1481 10020
  1482 10020
  1483 10020
  1484 10020
  1485 10020
  1486 10020
  1487 10020
  1488 10020
  1489 10020
  1490 10020
  1491 10020
  1492 10020
  1493 10020
  1494 10020
  1495 10020
  1496 10020
  1497 10020
  1498 10020
  1499 10020
  1500 10020
  1501 10020
  1502 10020
  1503 10020
  1504 10020
  1505 10020
  1506 10020
  1507 10020
  1508 10020
  1509 10020
  1510 10020
  1511 10020
  1512 10020
  1513 10020
  1514 10020
  1515 10020
  1516 10020
  1517 10020
  1518 10020
  1519 10020
  1520 10020
  1521 10020
  1522 10020
  1523 10020
  1524 10020
  1525 10020
  1526 10020
  1527 10020
  1528 10020
  1529 10020
  1530 10020
  1531 10020
  1532 10020
  1533 10020
  1534 10020
  1535 10020
  1536 10020
  1537 10020
  1538 10020
  1539 10020
  1540 10020
  1541 10020
  1542 10020
  1543 10020
  1544 10020
  1545 10020
  1546 10020
  1547 10020
  1548 10020
  1549 10020
  1550 10020
  1551 10020
  1552 10020
  1553 10020
  1554 10020
  1555 10020
  1556 10020
  1557 10020
  1558 10020
  1559 10020
  1560 10020
  1561 10020
  1562 10020
  1563 10020
  1564 10020
  1565 10020
  1566 10020
  1567 10020
  1568 10020
  1569 10020
  1570 10020
  1571 10020
  1572 10020
  1573 10020
  1574 10020
  1575 10020
  1576 10020
  1577 10020
  1578 10020
  1579 10020
  1580 10020
  1581 10020
  1582 10020
  1583 10020
  1584 10020
  1585 10020
  1586 10020
  1587 10020
  1588 10020
  1589 10020
  1590 10020
  1591 10020
  1592 10020
  1593 10020
  1594 10020
  1595 10020
  1596 10020
  1597 10020
  1598 10020
  1599 10020
  1600 10020
  1601 10020
  1602 10020
  1603 10020
  1604 10020
  1605 10020
  1606 10020
  1607 10020
  1608 10020
  1609 10020
  1610 10020
  1611 10020
  1612 10020
  1613 10020
  1614 10020
  1615 10020
  1616 10020
  1617 10020
  1618 10020
  1619 10020
  1620 10020
  1621 10152
  1622 10152
  1623 10152
  1624 10008
  1625 10151
  1626 10034
  1627 10034
  1628 10152
  1629 10152
  1631 10152
  1632 10152
  1633 10152
  1634 10152
  1635 10152
  1636 10152
  1637 10152
  1638 10152
  1640 10152
  1641 10152
  1642 10152
  1643 10152
  1644 10152
  1645 10152
  1647 10152
  1648 10152
  1649 10152
  1650 10152
  1651 10152
  1652 10152
  1653 10152
  1654 10152
  1655 10152
  1656 10152
  1657 10152
  1658 10152
  1659 10152
  1660 10152
  1661 10152
  1662 10152
  1663 10152
  1664 10152
  1665 10152
  1666 10152
  1667 10152
  1668 10152
  1669 10152
  1670 10152
  1671 10152
  1672 10152
  1673 10152
  1674 10152
  1675 10152
  1676 10152
  1677 10152
  1678 10152
  1679 10152
  1681 10152
  1682 10152
  1683 10152
  1684 10152
  1685 10152
  1686 10152
  1687 10152
  1688 10152
  1689 10152
  1690 10152
  1691 10152
  1692 10152
  1693 10152
  1694 10152
  1695 10152
  1697 10152
  1698 10152
  1699 10152
  1700 10152
  1701 10152
  1702 10152
  1703 10152
  1704 10152
  1705 10152
  1706 10152
  1707 10152
  1708 10152
  1709 10152
  1710 10152
  1711 10152
  1713 10152
  1714 10152
  1715 10152
  1716 10152
  1717 10152
  1718 10152
  1719 10152
  1720 10152
  1721 10152
  1722 10152
  1723 10152
  1724 10152
  1725 10152
  1726 10152
  1727 10152
  1728 10152
  1733 10152
  1734 10152
  1735 10152
  1736 10152
  1754 10152
  1757 10152
  1758 10152
  1759 10152
  1762 10152
  1763 10152
  1764 10152
  1779 10152
  1780 10152
  1781 10152
  1782 10152
  1784 10152
  1785 10152
  1786 10152
  1787 10152
  1788 10152
  1789 10152
  1790 10152
  1791 10152
  1792 10152
  1794 10152
  1795 10152
  1796 10152
  1797 10152
  1800 10152
  1801 10152
  1802 10152
  1803 10152
  1804 10152
  1805 10152
  1806 10152
  1807 10152
  1808 10152
  1812 10152
  1813 10152
  1825 10152
  1826 10152
  1827 10152
  1828 10152
  1829 10152
  1830 10152
  1831 10152
  1832 10152
  1833 10152
  1834 10152
  1835 10152
  1836 10152
  1837 10152
  1839 10152
  1841 10152
  1842 10152
  1843 10152
  1844 10152
  1845 10152
  1846 10152
  1847 10152
  1848 10152
  1850 10152
  1851 10152
  1852 10152
  1853 10152
  1854 10152
  1856 10011
  1857 10011
  1858 10011
  1859 10011
  1860 10011
  1861 10011
  1862 10011
  1863 10011
  1864 10011
  1865 10011
  1866 10011
  1867 10011
  1868 10011
  1869 10011
  1870 10011
  1871 10011
  1872 10011
  1873 10011
  1874 10011
  1875 10011
  1876 10011
  1877 10011
  1878 10011
  1879 10011
  1880 10011
  1881 10011
  1882 10011
  1883 10011
  1884 10011
  1885 10011
  1886 10011
  1887 10011
  1888 10011
  1889 10011
  1890 10011
  1891 10011
  1892 10011
  1893 10011
  1894 10011
  1895 10011
  1896 10011
  1897 10011
  1898 10011
  1899 10011
  1900 10011
  1901 10011
  1902 10011
  1903 10011
  1904 10011
  1905 10011
  1906 10011
  1907 10011
  1908 10011
  1909 10011
  1910 10011
  1911 10011
  1912 10011
  1913 10011
  1914 10011
  1915 10011
  1916 10011
  1917 10011
  1918 10011
  1919 10011
  1920 10011
  1921 10011
  1922 10011
  1923 10011
  1924 10011
  1925 10011
  1926 10011
  1927 10011
  1928 10011
  1929 10011
  1930 10011
  1931 10011
  1932 10011
  1933 10011
  1934 10011
  1935 10011
  1936 10011
  1937 10011
  1938 10011
  1939 10011
  1940 10011
  1941 10011
  1942 10011
  1943 10011
  1944 10011
  1945 10011
  1946 10011
  1947 10011
  1948 10011
  1949 10011
  1950 10011
  1951 10011
  1952 10011
  1953 10011
  1954 10011
  1955 10011
  1956 10011
  1957 10011
  1958 10011
  1959 10011
  1960 10011
  1961 10011
  1962 10011
  1963 10011
  1964 10011
  1965 10011
  1966 10011
  1967 10011
  1968 10011
  1969 10011
  1970 10011
  1971 10011
  1972 10011
  1973 10011
  1974 10011
  1975 10011
  1976 10011
  1977 10011
  1978 10011
  1979 10011
  1980 10011
  1981 10011
  1982 10011
  1983 10011
  1984 10011
  1985 10011
  1986 10011
  1987 10011
  1988 10011
  1989 10011
  1990 10011
  1991 10011
  1992 10011
  1993 10011
  1994 10011
  1995 10011
  1996 10011
  1997 10011
  1998 10011
  1999 10011
  2000 10011
  2001 10011
  2002 10011
  2003 10011
  2004 10011
  2005 10011
  2006 10011
  2007 10011
  2008 10011
  2009 10011
  2010 10011
  2011 10011
  2012 10011
  2013 10011
  2014 10011
  2015 10011
  2016 10011
  2017 10011
  2018 10011
  2019 10011
  2020 10011
  2021 10011
  2022 10011
  2023 10011
  2024 10011
  2029 10141
  2030 10141
  2036 10122
  2037 10122
  2038 10122
  2039 10122
  2040 10122
