   690 10022
   691 10022
   692 10022
   693 10022
   694 10022
   695 10022
   696 10022
   697 10022
   698 10022
   699 10022
   700 10022
   701 10022
   702 10022
   703 10022
   704 10022
   705 10022
   706 10022
   707 10022
   708 10022
   709 10022
   710 10022
   711 10022
   712 10022
   713 10022
   714 10022
   715 10022
   716 10022
   717 10022
   718 10022
   719 10022
   720 10022
   721 10022
   722 10022
   723 10022
   724 10022
   725 10022
   726 10022
   727 10022
   728 10022
   729 10022
   730 10022
   731 10022
   732 10022
   733 10022
   734 10022
   735 10022
   736 10022
   737 10022
   738 10022
   739 10022
   740 10022
   741 10022
   742 10022
   743 10022
   744 10022
   745 10022
   746 10022
   747 10022
   748 10022
   749 10022
   750 10022
   751 10022
   752 10022
   753 10022
   754 10022
   755 10022
   756 10022
   757 10022
   758 10022
   759 10022
   760 10022
   761 10022
   762 10022
   763 10022
   764 10022
   765 10022
   766 10022
   767 10022
   768 10022
   769 10022
   770 10022
   771 10022
   772 10022
   773 10022
   774 10022
   775 10022
   776 10022
   777 10022
   778 10022
   779 10022
   780 10022
   781 10041
   782 10041
   783 10022
   784 10022
   785 10022
   786 10022
   787 10022
   788 10022
   789 10022
   790 10022
   791 10022
   792 10022
   793 10022
   794 10022
   795 10022
   796 10022
   797 10022
   798 10022
   799 10022
   800 10022
   801 10022
   802 10022
   803 10022
   804 10022
   805 10022
   806 10022
   807 10022
   808 10022
   809 10022
   810 10022
   811 10022
   812 10022
   813 10022
   814 10022
   815 10022
   816 10022
   817 10022
   818 10022
   819 10022
   820 10022
   821 10022
   822 10022
   823 10022
   824 10022
   825 10022
   826 10022
   827 10022
   828 10022
   829 10022
   830 10022
   831 10022
   832 10022
   833 10022
   834 10022
   835 10022
   836 10022
   837 10022
   838 10022
   839 10022
   840 10022
   841 10022
   842 10022
   843 10022
   844 10022
   845 10022
   846 10022
   847 10022
   848 10022
   849 10022
   850 10022
   851 10022
   852 10022
   853 10022
   854 10022
   855 10022
   856 10022
   857 10022
   858 10022
   859 10022
   860 10022
   861 10022
   862 10022
   863 10022
   864 10022
   865 10022
   866 10022
   867 10022
   868 10022
   869 10022
   870 10022
   871 10022
   872 10022
   873 10022
   874 10022
   875 10022
   876 10022
   877 10022
   878 10022
   879 10022
   880 10022
   881 10022
   882 10022
   883 10022
   884 10022
   885 10022
   886 10022
   887 10022
   888 10022
   889 10022
   890 10022
   891 10022
   892 10022
   893 10022
   894 10022
   895 10022
   896 10022
   897 10022
   898 10022
   899 10022
   900 10022
   901 10022
   902 10022
   903 10022
   904 10022
   905 10022
   906 10022
   907 10022
   908 10022
   909 10022
   910 10022
   911 10022
   912 10022
   913 10022
   914 10022
   915 10022
   916 10022
   917 10022
   918 10022
   919 10022
   920 10022
   921 10022
   922 10022
   923 10022
   924 10022
   925 10022
   926 10022
   927 10022
   928 10022
   929 10022
   930 10022
   931 10022
   932 10022
   933 10022
   934 10022
   935 10022
   936 10022
   937 10022
   938 10022
   939 10022
   940 10022
   941 10022
   942 10022
   943 10022
   944 10022
   945 10022
   946 10022
   947 10022
   948 10022
   949 10022
   950 10022
   951 10022
   952 10022
   953 10022
   954 10022
   955 10022
   956 10022
   957 10022
   958 10022
   959 10022
   960 10022
   961 10022
   962 10022
   963 10022
   964 10022
   965 10022
   966 10022
   967 10022
   968 10022
   969 10022
   970 10022
   971 10022
   972 10022
   973 10022
   974 10022
   975 10022
   976 10022
   977 10022
   978 10022
   979 10022
   980 10022
   981 10022
   982 10022
   983 10022
   984 10022
   985 10022
   986 10022
   987 10022
   988 10022
   989 10022
   990 10022
   991 10022
   992 10022
   993 10022
   994 10022
   995 10022
   996 10022
   997 10022
   998 10022
   999 10022
  1000 10022
  1001 10022
  1002 10022
  1003 10022
  1004 10022
  1005 10022
  1006 10022
  1007 10022
  1008 10022
  1009 10022
  1010 10022
  1011 10022
  1012 10022
  1013 10022
  1014 10022
  1015 10022
  1016 10022
  1017 10022
  1018 10022
  1019 10022
  1020 10022
  1021 10033
  1022 10033
  1023 10033
  1024 10033
  1030 10108
  1031 10108
  1032 10108
  1033 10108
  1034 10108
  1035 10108
  1036 10108
  1037 10108
  1038 10108
  1039 10108
  1040 10108
  1041 10108
  1042 10108
  1043 10108
  1044 10108
  1045 10108
  1046 10108
  1047 10108
  1048 10108
  1049 10108
  1050 10108
  1051 10108
  1052 10108
  1053 10108
  1054 10108
  1055 10108
  1056 10108
  1057 10108
  1058 10108
  1059 10108
  1060 10108
  1061 10108
  1062 10108
  1063 10108
  1064 10108
  1065 10108
  1066 10108
  1067 10108
  1068 10108
  1069 10108
  1070 10108
  1071 10108
  1072 10108
  1073 10108
  1074 10108
  1075 10108
  1076 10108
  1077 10108
  1078 10108
  1079 10108
  1080 10108
  1081 10108
  1082 10108
  1083 10108
  1084 10108
  1085 10108
  1086 10108
  1087 10108
  1088 10108
  1089 10108
  1090 10108
  1091 10108
  1092 10108
  1093 10108
  1094 10108
  1095 10108
  1096 10108
  1097 10108
  1098 10108
  1099 10108
  1100 10108
  1101 10108
  1102 10108
  1103 10108
  1104 10108
  1105 10108
  1106 10108
  1107 10108
  1108 10108
  1109 10108
  1110 10108
  1111 10108
  1112 10108
  1113 10108
  1114 10108
  1115 10108
  1116 10108
  1117 10108
  1118 10108
  1119 10108
  1120 10108
  1121 10108
  1122 10108
  1123 10108
  1124 10108
  1125 10108
  1126 10108
  1127 10108
  1128 10108
  1129 10108
  1130 10108
  1131 10108
  1132 10108
  1133 10108
  1134 10108
  1135 10108
  1136 10108
  1137 10108
  1138 10108
  1139 10108
  1140 10108
  1141 10108
  1142 10108
  1143 10108
  1144 10108
  1145 10108
  1146 10108
  1147 10108
  1148 10108
  1149 10108
  1150 10108
  1151 10108
  1152 10108
  1153 10108
  1154 10108
  1155 10108
  1156 10108
  1157 10108
  1158 10108
  1159 10108
  1160 10108
  1161 10108
  1162 10108
  1163 10108
  1164 10108
  1165 10108
  1166 10108
  1167 10108
  1168 10108
  1169 10108
  1170 10108
  1171 10108
  1172 10108
  1173 10108
  1174 10108
  1175 10108
  1176 10108
  1177 10108
  1178 10108
  1179 10108
  1180 10108
  1181 10108
  1182 10108
  1183 10108
  1184 10108
  1185 10108
  1186 10108
  1187 10108
  1188 10108
  1189 10108
  1190 10108
  1191 10108
  1192 10108
  1193 10108
  1194 10108
  1195 10108
  1196 10108
  1197 10108
  1198 10108
  1199 10108
  1200 10108
  1201 10108
  1202 10108
  1203 10108
  1204 10108
  1205 10108
  1206 10108
  1207 10108
  1208 10108
  1209 10108
  1210 10108
  1211 10108
  1212 10108
  1213 10108
  1214 10108
  1215 10108
  1216 10108
  1217 10108
  1218 10108
  1219 10108
  1220 10108
  1221 10108
  1222 10108
  1223 10108
  1224 10108
  1225 10108
  1226 10108
  1227 10108
  1228 10108
  1229 10108
  1230 10108
  1231 10108
  1232 10108
  1233 10108
  1234 10108
  1235 10108
  1236 10108
  1237 10108
  1238 10108
  1239 10108
  1240 10108
  1241 10108
  1242 10108
  1243 10108
  1244 10108
  1245 10108
  1246 10108
  1247 10108
  1248 10108
  1249 10108
  1250 10108
  1251 10108
  1252 10108
  1253 10108
  1254 10108
  1255 10108
  1256 10108
  1257 10108
  1258 10108
  1259 10108
  1260 10108
  1261 10108
  1262 10108
  1263 10108
  1264 10108
  1265 10108
  1266 10108
  1267 10108
  1268 10108
  1269 10125
  1270 10125
  1271 10125
  1272 10125
  1273 10125
  1274 10104
  1281 10023
  1287 10018
  1288 10055
  1289 10018
  1290 10018
  1291 10018
  1292 10018
  1293 10018
  1294 10018
  1295 10018
  1296 10018
  1297 10055
  1298 10106
  1309 10106
  1334 10055
  1339 10173
  1340 10055
  1341 10173
  1342 10173
  1343 10031
  1344 10031
  1350 10068
  1375 10055
  1376 10055
  1377 10055
  1379 10098
  1381 10055
  1382 10055
  1383 10055
  1384 10055
  1385 10097
  1386 10097
  1387 10097
  1388 10162
  1389 10162
  1390 10162
  1391 10162
  1392 10162
  1393 10162
  1394 10162
  1395 10162
  1396 10162
  1397 10162
  1398 10162
  1399 10162
  1400 10162
  1401 10162
  1402 10162
  1403 10162
  1404 10162
  1405 10162
  1406 10162
  1407 10162
  1408 10162
  1409 10162
  1410 10162
  1411 10162
  1412 10162
  1413 10162
  1414 10162
  1415 10162
  1416 10162
  1417 10162
  1418 10162
  1419 10162
  1420 10162
  1421 10162
  1422 10162
  1423 10162
  1424 10162
  1425 10162
  1426 10162
  1427 10162
  1428 10162
  1429 10162
  1430 10162
  1431 10162
  1432 10162
  1433 10162
  1434 10162
  1435 10162
  1436 10162
  1437 10162
  1438 10162
  1439 10162
  1440 10162
  1441 10162
  1442 10162
  1443 10162
  1444 10162
  1445 10162
  1446 10162
  1447 10162
  1448 10162
  1449 10162
  1450 10162
  1451 10162
  1452 10162
  1453 10162
  1454 10162
  1455 10162
  1456 10162
  1457 10162
  1458 10162
  1459 10162
  1460 10162
  1461 10162
  1462 10162
  1463 10162
  1464 10162
  1465 10162
  1466 10162
  1467 10162
  1468 10162
  1469 10162
  1470 10162
  1471 10162
  1472 10162
  1473 10162
  1474 10162
  1475 10162
  1476 10162
  1477 10162
  1478 10162
  1479 10162
  1480 10162
  1481 10162
  1482 10162
  1483 10162
  1484 10162
  1485 10162
  1486 10162
  1487 10162
  1488 10162
  1489 10162
  1490 10162
  1491 10162
  1492 10162
  1493 10162
  1494 10162
  1495 10162
  1496 10162
  1497 10162
  1498 10162
  1499 10162
  1500 10162
  1501 10162
  1502 10162
  1503 10162
  1504 10162
  1505 10162
  1506 10162
  1507 10162
  1508 10162
  1509 10162
  1510 10162
  1511 10162
  1512 10162
  1513 10162
  1514 10162
  1515 10162
  1516 10162
  1517 10162
  1518 10162
  1519 10162
  1520 10162
  1521 10162
  1522 10162
  1523 10162
  1524 10162
  1525 10162
  1526 10162
  1527 10162
  1528 10162
  1529 10162
  1530 10162
  1531 10162
  1532 10162
  1533 10162
  1534 10162
  1535 10162
  1536 10162
  1537 10162
  1538 10162
  1539 10162
  1540 10162
  1541 10162
  1542 10162
  1543 10162
  1544 10162
  1545 10162
  1546 10162
  1547 10162
  1548 10162
  1549 10162
  1550 10162
  1551 10162
  1552 10162
  1553 10162
  1554 10162
  1555 10162
  1556 10162
  1557 10162
  1558 10162
  1559 10162
  1560 10162
  1561 10162
  1562 10162
  1563 10162
  1564 10162
  1565 10162
  1566 10162
  1567 10162
  1568 10162
  1569 10162
  1570 10162
  1571 10162
  1572 10162
  1573 10162
  1574 10162
  1575 10162
  1576 10162
  1577 10162
  1578 10162
  1579 10162
  1580 10162
  1581 10162
  1582 10162
  1583 10162
  1584 10162
  1585 10162
  1586 10162
  1587 10162
  1588 10162
  1589 10162
  1590 10162
  1591 10162
  1592 10162
  1593 10162
  1594 10162
  1595 10162
  1596 10162
  1597 10162
  1598 10162
  1599 10162
  1600 10162
  1601 10162
  1602 10162
  1603 10162
  1604 10162
  1605 10162
  1606 10162
  1607 10162
  1608 10162
  1609 10162
  1610 10162
  1611 10162
  1612 10162
  1613 10162
  1614 10162
  1615 10162
  1616 10162
  1617 10162
  1618 10162
  1619 10162
  1620 10162
  1624 10097
  1625 10097
  1627 10097
  1628 10097
  1629 10162
  1630 10138
  1631 10138
  1632 10138
  1633 10138
  1634 10138
  1635 10138
  1636 10138
  1637 10138
  1638 10138
  1639 10138
  1640 10138
  1641 10138
  1642 10138
  1643 10138
  1644 10138
  1645 10138
  1646 10138
  1647 10138
  1648 10138
  1649 10138
  1650 10138
  1651 10138
  1652 10138
  1653 10138
  1654 10138
  1655 10138
  1656 10138
  1657 10138
  1658 10138
  1659 10138
  1660 10138
  1661 10138
  1662 10138
  1663 10138
  1664 10138
  1665 10138
  1666 10138
  1667 10138
  1668 10138
  1669 10138
  1670 10138
  1671 10138
  1672 10138
  1673 10138
  1674 10138
  1675 10138
  1676 10138
  1677 10138
  1678 10138
  1679 10138
  1680 10138
  1681 10138
  1682 10138
  1683 10138
  1684 10138
  1685 10138
  1686 10138
  1687 10138
  1688 10138
  1689 10138
  1690 10138
  1691 10138
  1692 10138
  1693 10138
  1694 10138
  1695 10138
  1696 10138
  1697 10138
  1698 10138
  1699 10138
  1700 10138
  1701 10138
  1702 10138
  1703 10138
  1704 10138
  1705 10138
  1706 10138
  1707 10138
  1708 10138
  1709 10138
  1710 10138
  1711 10138
  1712 10138
  1713 10138
  1714 10138
  1715 10138
  1716 10138
  1717 10138
  1718 10138
  1719 10138
  1720 10138
  1721 10138
  1722 10138
  1723 10138
  1724 10138
  1725 10138
  1726 10138
  1727 10138
  1728 10138
  1729 10138
  1730 10138
  1731 10138
  1732 10138
  1733 10138
  1734 10138
  1735 10138
  1736 10138
  1737 10138
  1738 10138
  1739 10138
  1740 10138
  1741 10138
  1742 10138
  1743 10138
  1744 10138
  1745 10138
  1746 10138
  1747 10138
  1748 10138
  1749 10138
  1750 10138
  1751 10138
  1752 10138
  1753 10138
  1754 10138
  1755 10138
  1756 10138
  1757 10138
  1758 10138
  1759 10138
  1760 10138
  1761 10138
  1762 10138
  1763 10138
  1764 10138
  1765 10138
  1766 10138
  1767 10138
  1768 10138
  1769 10138
  1770 10138
  1771 10138
  1772 10138
  1773 10138
  1774 10138
  1775 10138
  1776 10138
  1777 10138
  1778 10138
  1779 10138
  1780 10138
  1781 10138
  1782 10138
  1783 10138
  1784 10138
  1785 10138
  1786 10138
  1787 10138
  1788 10138
  1789 10138
  1790 10138
  1791 10138
  1792 10138
  1793 10138
  1794 10138
  1795 10138
  1796 10138
  1797 10138
  1798 10138
  1799 10138
  1800 10138
  1801 10138
  1802 10138
  1803 10138
  1804 10138
  1805 10138
  1806 10138
  1807 10138
  1808 10138
  1809 10138
  1810 10138
  1811 10138
  1812 10138
  1813 10138
  1814 10138
  1815 10138
  1816 10138
  1817 10138
  1818 10138
  1819 10138
  1820 10138
  1821 10138
  1822 10138
  1823 10138
  1824 10138
  1825 10138
  1826 10138
  1827 10138
  1828 10138
  1829 10138
  1830 10138
  1831 10138
  1832 10138
  1833 10138
  1834 10138
  1835 10138
  1836 10138
  1837 10138
  1838 10138
  1839 10138
  1840 10138
  1841 10138
  1842 10138
  1843 10138
  1844 10138
  1845 10138
  1846 10138
  1847 10138
  1848 10138
  1849 10138
  1850 10138
  1851 10138
  1852 10138
  1853 10138
  1854 10138
  1855 10138
  1856 10138
  1857 10138
  1858 10138
  1859 10138
  1860 10101
  1861 10101
  1862 10101
  1863 10138
  1864 10138
  1865 10138
  1866 10138
  1867 10138
  1868 10070
  1869 10070
  1870 10070
  1871 10070
  1872 10070
  1893 10071
  1894 10071
  1895 10149
  1896 10071
  1897 10071
  1898 10071
  1899 10149
  1900 10071
  1901 10149
  1902 10071
  1903 10071
  1904 10149
  1905 10071
  1906 10149
  1907 10149
  1908 10149
  1909 10071
  1910 10071
  1911 10071
  1912 10071
  1913 10071
  1914 10071
  1915 10071
  1916 10071
  1917 10149
  1918 10149
  1919 10149
  1920 10149
  1921 10149
  1922 10149
  1923 10149
  1924 10149
  1925 10149
  1926 10149
  1927 10149
  1928 10149
  1929 10149
  1930 10149
  1931 10149
  1932 10149
  1933 10149
  1934 10149
  1935 10149
  1936 10149
  1937 10064
  1938 10064
  1939 10071
  1940 10071
  1941 10071
  1949 10080
  1952 10063
  1953 10063
  1955 10063
  1956 10063
  1960 10022
  1961 10022
  1962 10022
  1963 10022
  1964 10022
  1965 10022
  1966 10041
  1967 10041
  1970 10022
  1971 10022
  1975 10041
  1976 10041
  1977 10041
  1978 10041
