   625 10082
   626 10082
   627 10021
   628 10082
   629 10082
   690 10049
   691 10049
   692 10049
   693 10049
   694 10049
   695 10049
   696 10049
   697 10049
   698 10049
   699 10049
   700 10049
   701 10049
   702 10049
   703 10049
   704 10049
   705 10049
   706 10049
   707 10049
   708 10049
   709 10049
   710 10049
   711 10049
   712 10049
   713 10049
   714 10049
   715 10049
   716 10049
   717 10049
   718 10049
   719 10049
   720 10049
   721 10049
   722 10049
   723 10049
   724 10049
   725 10049
   726 10049
   727 10049
   728 10049
   729 10049
   730 10049
   731 10049
   732 10049
   733 10049
   734 10049
   735 10049
   736 10049
   737 10049
   738 10049
   739 10049
   740 10049
   741 10049
   742 10049
   743 10049
   744 10049
   745 10049
   746 10049
   747 10049
   748 10049
   749 10049
   750 10049
   751 10049
   752 10049
   753 10049
   754 10049
   755 10049
   756 10049
   757 10049
   758 10049
   759 10049
   760 10049
   761 10049
   762 10049
   763 10049
   764 10049
   765 10049
   766 10049
   767 10049
   768 10049
   769 10049
   770 10049
   771 10049
   772 10049
   773 10049
   774 10049
   775 10049
   776 10049
   777 10049
   778 10049
   779 10049
   780 10049
   784 10164
   785 10164
   786 10164
   787 10164
   788 10164
   789 10164
   790 10164
   791 10164
   792 10164
   793 10164
   794 10164
   795 10164
   796 10164
   797 10164
   798 10164
   799 10164
   800 10164
   801 10164
   802 10164
   803 10164
   804 10164
   805 10164
   806 10164
   807 10164
   808 10164
   809 10164
   810 10164
   811 10164
   812 10164
   813 10164
   814 10164
   815 10164
   816 10164
   817 10164
   818 10164
   819 10164
   820 10164
   821 10164
   822 10164
   823 10164
   824 10164
   825 10164
   826 10164
   827 10164
   828 10164
   829 10164
   830 10164
   831 10164
   832 10164
   833 10164
   834 10164
   835 10164
   836 10164
   837 10164
   838 10164
   839 10164
   840 10164
   841 10164
   842 10164
   843 10164
   844 10164
   845 10164
   846 10164
   847 10164
   848 10164
   849 10164
   850 10164
   851 10164
   852 10164
   853 10164
   854 10164
   855 10164
   856 10164
   857 10164
   858 10164
   859 10164
   860 10164
   861 10164
   862 10164
   863 10164
   864 10164
   865 10164
   866 10164
   867 10164
   868 10164
   869 10164
   870 10164
   871 10164
   872 10164
   873 10164
   874 10164
   875 10164
   876 10164
   877 10164
   878 10164
   879 10164
   880 10164
   881 10164
   882 10164
   883 10164
   884 10164
   885 10164
   886 10164
   887 10164
   888 10164
   889 10164
   890 10164
   891 10164
   892 10164
   893 10164
   894 10164
   895 10164
   896 10164
   897 10164
   898 10164
   899 10164
   900 10164
   901 10164
   902 10164
   903 10164
   904 10164
   905 10164
   906 10164
   907 10164
   908 10164
   909 10164
   910 10164
   911 10164
   912 10164
   913 10164
   914 10164
   915 10164
   916 10164
   917 10164
   918 10164
   919 10164
   920 10164
   921 10164
   922 10164
   923 10164
   924 10164
   925 10164
   926 10164
   927 10164
   928 10164
   929 10164
   930 10164
   931 10164
   932 10164
   933 10164
   934 10164
   935 10164
   936 10164
   937 10164
   938 10164
   939 10164
   940 10164
   941 10164
   942 10164
   943 10164
   944 10164
   945 10164
   946 10164
   947 10164
   948 10164
   949 10164
   950 10164
   951 10164
   952 10164
   953 10164
   954 10164
   955 10164
   956 10164
   957 10164
   958 10164
   959 10164
   960 10164
   961 10164
   962 10164
   963 10164
   964 10164
   965 10164
   966 10164
   967 10164
   968 10164
   969 10164
   970 10164
   971 10164
   972 10164
   973 10164
   974 10164
   975 10164
   976 10164
   977 10164
   978 10164
   979 10164
   980 10164
   981 10164
   982 10164
   983 10164
   984 10164
   985 10164
   986 10164
   987 10164
   988 10164
   989 10164
   990 10164
   991 10164
   992 10164
   993 10164
   994 10164
   995 10164
   996 10164
   997 10164
   998 10164
   999 10164
  1000 10164
  1001 10164
  1002 10164
  1003 10164
  1004 10164
  1005 10164
  1006 10164
  1007 10164
  1008 10164
  1009 10164
  1010 10164
  1011 10164
  1012 10164
  1013 10164
  1014 10164
  1015 10164
  1016 10164
  1017 10164
  1018 10164
  1019 10164
  1020 10164
  1021 10130
  1022 10153
  1023 10143
  1024 10145
  1025 10145
  1026 10145
  1027 10145
  1028 10145
  1029 10145
  1030 10145
  1031 10145
  1032 10145
  1033 10145
  1034 10145
  1035 10145
  1036 10145
  1037 10145
  1038 10145
  1039 10145
  1040 10145
  1041 10145
  1042 10145
  1043 10145
  1044 10145
  1045 10145
  1046 10145
  1047 10145
  1048 10145
  1049 10145
  1050 10145
  1051 10145
  1052 10145
  1053 10145
  1054 10145
  1055 10145
  1056 10145
  1057 10145
  1058 10145
  1059 10145
  1060 10145
  1061 10145
  1062 10145
  1063 10145
  1064 10145
  1065 10145
  1066 10145
  1067 10145
  1068 10145
  1069 10145
  1070 10145
  1071 10145
  1072 10145
  1073 10145
  1074 10145
  1075 10145
  1076 10145
  1077 10145
  1078 10145
  1079 10145
  1080 10145
  1081 10145
  1082 10145
  1083 10145
  1084 10145
  1085 10145
  1086 10145
  1087 10145
  1088 10145
  1089 10145
  1090 10145
  1091 10145
  1092 10145
  1093 10145
  1094 10145
  1095 10145
  1096 10145
  1097 10145
  1098 10145
  1099 10145
  1100 10145
  1101 10145
  1102 10145
  1103 10145
  1104 10145
  1105 10145
  1106 10145
  1107 10145
  1108 10145
  1109 10145
  1110 10145
  1111 10145
  1112 10145
  1113 10145
  1114 10145
  1115 10145
  1116 10145
  1117 10145
  1118 10145
  1119 10145
  1120 10145
  1121 10145
  1122 10145
  1123 10145
  1124 10145
  1125 10145
  1126 10145
  1127 10145
  1128 10145
  1129 10145
  1130 10145
  1131 10145
  1132 10145
  1133 10145
  1134 10145
  1135 10145
  1136 10145
  1137 10145
  1138 10145
  1139 10145
  1140 10145
  1141 10145
  1142 10145
  1143 10145
  1144 10145
  1145 10145
  1146 10145
  1147 10145
  1148 10145
  1149 10145
  1150 10145
  1151 10145
  1152 10145
  1153 10145
  1154 10145
  1155 10145
  1156 10145
  1157 10145
  1158 10145
  1159 10145
  1160 10145
  1161 10145
  1162 10145
  1163 10145
  1164 10145
  1165 10145
  1166 10145
  1167 10145
  1168 10145
  1169 10145
  1170 10145
  1171 10145
  1172 10145
  1173 10145
  1174 10145
  1175 10145
  1176 10145
  1177 10145
  1178 10145
  1179 10145
  1180 10145
  1181 10145
  1182 10145
  1183 10145
  1184 10145
  1185 10145
  1186 10145
  1187 10145
  1188 10145
  1189 10145
  1190 10145
  1191 10145
  1192 10145
  1193 10145
  1194 10145
  1195 10145
  1196 10145
  1197 10145
  1198 10145
  1199 10145
  1200 10145
  1201 10145
  1202 10145
  1203 10145
  1204 10145
  1205 10145
  1206 10145
  1207 10145
  1208 10145
  1209 10145
  1210 10145
  1211 10145
  1212 10145
  1213 10145
  1214 10145
  1215 10145
  1216 10145
  1217 10145
  1218 10145
  1219 10145
  1220 10145
  1221 10145
  1222 10145
  1223 10145
  1224 10145
  1225 10145
  1226 10145
  1227 10145
  1228 10145
  1229 10145
  1230 10145
  1231 10145
  1232 10145
  1233 10145
  1234 10145
  1235 10145
  1236 10145
  1237 10145
  1238 10145
  1239 10145
  1240 10145
  1241 10145
  1242 10145
  1243 10145
  1244 10145
  1245 10145
  1246 10145
  1247 10145
  1248 10145
  1249 10145
  1250 10145
  1251 10145
  1252 10145
  1253 10145
  1254 10145
  1255 10145
  1256 10145
  1257 10145
  1258 10143
  1259 10016
  1260 10143
  1261 10095
  1262 10095
  1263 10095
  1264 10095
  1265 10095
  1266 10095
  1267 10095
  1268 10095
  1269 10095
  1270 10095
  1271 10095
  1272 10095
  1273 10095
  1274 10095
  1275 10095
  1276 10095
  1277 10095
  1278 10095
  1279 10095
  1280 10095
  1281 10095
  1282 10095
  1283 10095
  1284 10095
  1285 10095
  1286 10095
  1287 10095
  1288 10095
  1289 10095
  1290 10095
  1291 10095
  1292 10095
  1293 10095
  1294 10095
  1295 10095
  1296 10095
  1297 10095
  1298 10095
  1299 10095
  1300 10095
  1301 10095
  1302 10095
  1303 10095
  1304 10095
  1305 10095
  1306 10095
  1307 10095
  1308 10095
  1309 10095
  1310 10095
  1311 10095
  1312 10095
  1313 10095
  1314 10095
  1315 10095
  1316 10095
  1317 10095
  1318 10095
  1319 10095
  1320 10095
  1321 10095
  1322 10095
  1323 10095
  1324 10095
  1325 10095
  1326 10095
  1327 10095
  1328 10095
  1329 10095
  1330 10095
  1331 10095
  1332 10095
  1333 10095
  1334 10095
  1335 10095
  1336 10095
  1337 10095
  1338 10095
  1339 10095
  1340 10095
  1341 10095
  1342 10095
  1343 10095
  1344 10095
  1345 10095
  1346 10095
  1347 10095
  1348 10095
  1349 10095
  1350 10095
  1351 10095
  1352 10095
  1353 10095
  1354 10095
  1355 10095
  1356 10095
  1357 10095
  1358 10095
  1359 10095
  1360 10095
  1361 10095
  1362 10095
  1363 10095
  1364 10095
  1365 10095
  1366 10095
  1367 10095
  1368 10095
  1369 10095
  1370 10095
  1371 10095
  1372 10095
  1373 10095
  1374 10095
  1375 10095
  1376 10095
  1377 10095
  1378 10095
  1379 10095
  1380 10095
  1381 10095
  1382 10095
  1383 10095
  1384 10095
  1385 10095
  1386 10095
  1387 10095
  1388 10095
  1389 10095
  1390 10095
  1391 10095
  1392 10095
  1393 10095
  1394 10095
  1395 10095
  1396 10095
  1397 10095
  1398 10095
  1399 10095
  1400 10095
  1401 10095
  1402 10095
  1403 10095
  1404 10095
  1405 10095
  1406 10095
  1407 10095
  1408 10095
  1409 10095
  1410 10095
  1411 10095
  1412 10095
  1413 10095
  1414 10095
  1415 10095
  1416 10095
  1417 10095
  1418 10095
  1419 10095
  1420 10095
  1421 10095
  1422 10095
  1423 10095
  1424 10095
  1425 10095
  1426 10095
  1427 10095
  1428 10095
  1429 10095
  1430 10095
  1431 10095
  1432 10095
  1433 10095
  1434 10095
  1435 10095
  1436 10095
  1437 10095
  1438 10095
  1439 10095
  1440 10095
  1441 10095
  1442 10095
  1443 10095
  1444 10095
  1445 10095
  1446 10095
  1447 10095
  1448 10095
  1449 10095
  1450 10095
  1451 10095
  1452 10095
  1453 10095
  1454 10095
  1455 10095
  1456 10095
  1457 10095
  1458 10095
  1459 10095
  1460 10095
  1461 10095
  1462 10095
  1463 10095
  1464 10095
  1465 10095
  1466 10095
  1467 10095
  1468 10095
  1469 10095
  1470 10095
  1471 10095
  1472 10095
  1473 10095
  1474 10095
  1475 10095
  1476 10095
  1477 10095
  1478 10095
  1479 10095
  1480 10095
  1481 10095
  1482 10095
  1483 10095
  1484 10095
  1485 10095
  1486 10095
  1487 10095
  1488 10095
  1489 10095
  1490 10095
  1491 10095
  1492 10095
  1493 10095
  1494 10095
  1495 10095
  1496 10095
  1497 10095
  1498 10095
  1499 10095
  1500 10095
  1501 10098
  1502 10018
  1503 10018
  1504 10018
  1505 10018
  1506 10018
  1507 10018
  1508 10018
  1509 10018
  1510 10018
  1512 10040
  1513 10040
  1514 10040
  1515 10040
  1516 10023
  1517 10023
  1518 10023
  1519 10023
  1520 10023
  1522 10106
  1525 10040
  1526 10040
  1527 10040
  1541 10040
  1568 10040
  1570 10040
  1571 10040
  1572 10040
  1573 10040
  1574 10040
  1575 10040
  1576 10040
  1577 10040
  1578 10040
  1585 10040
  1586 10040
  1588 10098
  1589 10098
  1590 10098
  1591 10055
  1596 10115
  1597 10036
  1598 10036
  1599 10016
  1600 10036
  1601 10016
  1602 10036
  1603 10130
  1604 10130
  1605 10036
  1606 10036
  1607 10016
  1608 10016
  1609 10016
  1610 10102
  1612 10102
  1613 10102
  1614 10102
  1615 10103
  1616 10102
  1617 10102
  1618 10103
  1619 10103
  1620 10103
  1621 10103
  1622 10122
  1623 10122
  1624 10122
  1625 10122
  1626 10122
  1627 10122
  1628 10122
  1629 10122
  1630 10122
  1631 10122
  1632 10122
  1633 10122
  1634 10122
  1635 10122
  1636 10122
  1637 10122
  1638 10122
  1639 10122
  1640 10122
  1641 10122
  1642 10122
  1643 10122
  1644 10122
  1645 10122
  1646 10122
  1647 10122
  1648 10122
  1649 10122
  1650 10122
  1651 10122
  1652 10122
  1653 10122
  1654 10122
  1655 10122
  1656 10122
  1657 10122
  1658 10122
  1659 10122
  1660 10122
  1661 10122
  1662 10122
  1663 10122
  1664 10122
  1665 10122
  1666 10122
  1667 10122
  1668 10122
  1669 10122
  1670 10122
  1671 10122
  1672 10122
  1673 10122
  1674 10122
  1675 10122
  1676 10122
  1677 10122
  1678 10122
  1679 10122
  1680 10122
  1681 10122
  1682 10122
  1683 10122
  1684 10122
  1685 10122
  1686 10122
  1687 10122
  1688 10122
  1689 10122
  1690 10122
  1691 10122
  1692 10122
  1693 10122
  1694 10122
  1695 10122
  1696 10122
  1697 10122
  1698 10122
  1699 10122
  1700 10122
  1701 10122
  1702 10122
  1703 10122
  1704 10122
  1705 10122
  1706 10122
  1707 10122
  1708 10122
  1709 10122
  1710 10122
  1711 10122
  1712 10122
  1713 10122
  1714 10122
  1715 10122
  1716 10122
  1717 10122
  1718 10122
  1719 10122
  1720 10122
  1721 10122
  1722 10122
  1723 10122
  1724 10122
  1725 10122
  1726 10122
  1727 10122
  1728 10122
  1729 10122
  1730 10122
  1731 10122
  1732 10122
  1733 10122
  1734 10122
  1735 10122
  1736 10122
  1737 10122
  1738 10122
  1739 10122
  1740 10122
  1741 10122
  1742 10122
  1743 10122
  1744 10122
  1745 10122
  1746 10122
  1747 10122
  1748 10122
  1749 10122
  1750 10122
  1751 10122
  1752 10122
  1753 10122
  1754 10122
  1755 10122
  1756 10122
  1757 10122
  1758 10122
  1759 10122
  1760 10122
  1761 10122
  1762 10122
  1763 10122
  1764 10122
  1765 10122
  1766 10122
  1767 10122
  1768 10122
  1769 10122
  1770 10122
  1771 10122
  1772 10122
  1773 10122
  1774 10122
  1775 10122
  1776 10122
  1777 10122
  1778 10122
  1779 10122
  1780 10122
  1781 10122
  1782 10122
  1783 10122
  1784 10122
  1785 10122
  1786 10122
  1787 10122
  1788 10122
  1789 10122
  1790 10122
  1791 10122
  1792 10122
  1793 10122
  1794 10122
  1795 10122
  1796 10122
  1797 10122
  1798 10122
  1799 10122
  1800 10122
  1801 10122
  1802 10122
  1803 10122
  1804 10122
  1805 10122
  1806 10122
  1807 10122
  1808 10122
  1809 10122
  1810 10122
  1811 10122
  1812 10122
  1813 10122
  1814 10122
  1815 10122
  1816 10122
  1817 10122
  1818 10122
  1819 10122
  1820 10122
  1821 10122
  1822 10122
  1823 10122
  1824 10122
  1825 10122
  1826 10122
  1827 10122
  1828 10122
  1829 10122
  1830 10122
  1831 10122
  1832 10122
  1833 10122
  1834 10122
  1835 10122
  1836 10122
  1837 10122
  1838 10122
  1839 10122
  1840 10122
  1841 10122
  1842 10122
  1843 10122
  1844 10122
  1845 10122
  1846 10122
  1847 10122
  1848 10122
  1849 10122
  1850 10122
  1851 10122
  1852 10122
  1853 10122
  1854 10122
  1855 10122
  1856 10122
  1857 10122
  1858 10122
  1859 10122
  1860 10122
  1865 10062
  1866 10062
  1867 10062
  1868 10062
  1869 10062
  1870 10062
  1871 10062
  1872 10062
  1873 10062
  1874 10062
  1875 10062
  1876 10062
  1877 10062
  1878 10062
  1879 10062
  1880 10062
  1881 10062
  1882 10062
  1883 10062
  1884 10062
  1885 10062
  1886 10062
  1887 10062
  1888 10062
  1889 10062
  1890 10062
  1891 10062
  1892 10062
  1893 10062
  1894 10062
  1895 10062
  1896 10062
  1897 10062
  1898 10062
  1899 10062
  1900 10062
  1901 10062
  1902 10062
  1903 10062
  1904 10062
  1905 10062
  1906 10062
  1907 10062
  1908 10062
  1909 10062
  1910 10062
  1911 10062
  1912 10062
  1913 10062
  1914 10062
  1915 10062
  1916 10062
  1917 10062
  1918 10062
  1919 10062
  1920 10062
  1921 10062
  1922 10062
  1923 10062
  1924 10062
  1925 10062
  1926 10062
  1927 10062
  1928 10062
  1929 10062
  1930 10062
  1931 10062
  1932 10062
  1933 10062
  1934 10062
  1935 10062
  1936 10062
  1937 10062
  1938 10062
  1939 10062
  1940 10062
  1941 10062
  1942 10062
  1943 10062
  1944 10062
  1945 10062
  1946 10062
  1947 10062
  1948 10062
  1949 10062
  1950 10062
  1951 10062
  1952 10062
  1953 10062
  1954 10062
  1955 10062
  1956 10062
  1957 10062
  1958 10062
  1959 10062
  1960 10062
  1961 10062
  1962 10062
  1963 10062
  1964 10062
  1965 10062
  1966 10062
  1967 10062
  1968 10062
  1969 10062
  1970 10062
  1971 10062
  1972 10062
  1973 10062
  1974 10062
  1975 10062
  1976 10062
  1977 10062
  1978 10062
  1979 10062
  1980 10062
  1981 10062
  1982 10062
  1983 10062
  1984 10062
  1985 10062
  1986 10062
  1987 10062
  1988 10062
  1989 10062
  1990 10062
  1991 10062
  1992 10062
  1993 10062
  1994 10062
  1995 10062
  1996 10062
  1997 10062
  1998 10062
  1999 10062
  2000 10062
  2001 10062
  2002 10062
  2003 10062
  2004 10062
  2005 10062
  2006 10062
  2007 10062
  2008 10062
  2009 10062
  2010 10062
  2011 10062
  2012 10062
  2013 10062
  2014 10062
  2015 10062
  2016 10062
  2017 10062
  2018 10062
  2019 10062
  2020 10062
  2021 10062
  2022 10062
  2023 10062
  2024 10062
  2025 10062
  2026 10062
  2030 10049
  2031 10049
  2032 10049
  2033 10049
