   672 10156
   673 10156
   674 10156
   675 10156
   676 10156
   684 10156
   685 10156
   686 10156
   687 10156
   688 10156
   689 10156
   690 10086
   691 10086
   692 10086
   693 10086
   694 10086
   695 10086
   696 10086
   697 10086
   698 10086
   699 10086
   700 10086
   701 10086
   702 10086
   703 10086
   704 10086
   705 10086
   706 10086
   707 10086
   708 10086
   709 10086
   710 10086
   711 10086
   712 10086
   713 10086
   714 10086
   715 10086
   716 10086
   717 10086
   718 10086
   719 10086
   720 10086
   721 10086
   722 10086
   723 10086
   724 10086
   725 10086
   726 10086
   727 10086
   728 10086
   729 10086
   730 10086
   731 10086
   732 10086
   733 10086
   734 10086
   735 10086
   736 10086
   737 10086
   738 10086
   739 10086
   740 10086
   741 10086
   742 10086
   743 10086
   744 10086
   745 10086
   746 10086
   747 10086
   748 10086
   749 10086
   750 10086
   751 10086
   752 10086
   753 10086
   754 10086
   755 10086
   756 10086
   757 10086
   758 10086
   759 10086
   760 10086
   761 10086
   762 10086
   763 10086
   764 10086
   765 10086
   766 10086
   767 10086
   768 10086
   769 10086
   770 10086
   771 10086
   772 10086
   773 10086
   774 10086
   775 10086
   776 10086
   777 10086
   778 10086
   779 10086
   780 10086
   781 10101
   782 10101
   784 10154
   785 10153
   786 10153
   787 10153
   788 10153
   789 10153
   790 10153
   791 10153
   792 10153
   793 10153
   794 10153
   795 10086
   796 10086
   797 10086
   798 10086
   799 10086
   800 10086
   801 10086
   802 10086
   803 10086
   804 10086
   805 10086
   806 10086
   807 10086
   808 10086
   809 10086
   810 10086
   811 10086
   812 10086
   813 10086
   814 10086
   815 10086
   816 10086
   817 10086
   818 10086
   819 10086
   820 10086
   821 10086
   822 10086
   823 10086
   824 10086
   825 10086
   826 10086
   827 10086
   828 10086
   829 10086
   830 10086
   831 10086
   832 10086
   833 10086
   834 10086
   835 10086
   836 10086
   837 10086
   838 10086
   839 10086
   840 10086
   841 10086
   842 10086
   843 10086
   844 10086
   845 10086
   846 10086
   847 10086
   848 10086
   849 10086
   850 10086
   851 10086
   852 10086
   853 10086
   854 10086
   855 10086
   856 10086
   857 10086
   858 10086
   859 10086
   860 10086
   861 10086
   862 10086
   863 10086
   864 10086
   865 10086
   866 10086
   867 10086
   868 10086
   869 10086
   870 10086
   871 10086
   872 10086
   873 10086
   874 10086
   875 10086
   876 10086
   877 10086
   878 10086
   879 10086
   880 10086
   881 10086
   882 10086
   883 10086
   884 10086
   885 10086
   886 10086
   887 10086
   888 10086
   889 10086
   890 10086
   891 10086
   892 10086
   893 10086
   894 10086
   895 10086
   896 10086
   897 10086
   898 10086
   899 10086
   900 10086
   901 10086
   902 10086
   903 10086
   904 10086
   905 10086
   906 10086
   907 10086
   908 10086
   909 10086
   910 10086
   911 10086
   912 10086
   913 10086
   914 10086
   915 10086
   916 10086
   917 10086
   918 10086
   919 10086
   920 10086
   921 10086
   922 10086
   923 10086
   924 10086
   925 10086
   926 10086
   927 10086
   928 10086
   929 10086
   930 10086
   931 10086
   932 10086
   933 10086
   934 10086
   935 10086
   936 10086
   937 10086
   938 10086
   939 10086
   940 10086
   941 10086
   942 10086
   943 10086
   944 10086
   945 10086
   946 10086
   947 10086
   948 10086
   949 10086
   950 10086
   951 10086
   952 10086
   953 10086
   954 10086
   955 10086
   956 10086
   957 10086
   958 10086
   959 10086
   960 10086
   961 10086
   962 10086
   963 10086
   964 10086
   965 10086
   966 10086
   967 10086
   968 10086
   969 10086
   970 10086
   971 10086
   972 10086
   973 10086
   974 10086
   975 10086
   976 10086
   977 10086
   978 10086
   979 10086
   980 10086
   981 10086
   982 10086
   983 10086
   984 10086
   985 10086
   986 10086
   987 10086
   988 10086
   989 10086
   990 10086
   991 10086
   992 10086
   993 10086
   994 10086
   995 10086
   996 10086
   997 10086
   998 10086
   999 10086
  1000 10086
  1001 10086
  1002 10086
  1003 10086
  1004 10086
  1005 10086
  1006 10086
  1007 10086
  1008 10086
  1009 10086
  1010 10086
  1011 10086
  1012 10086
  1013 10086
  1014 10086
  1015 10086
  1016 10086
  1017 10086
  1018 10086
  1019 10086
  1020 10086
  1021 10095
  1022 10156
  1023 10156
  1024 10156
  1025 10156
  1026 10156
  1027 10156
  1028 10156
  1029 10156
  1030 10156
  1031 10156
  1032 10156
  1033 10156
  1034 10156
  1035 10156
  1036 10156
  1037 10156
  1038 10156
  1039 10156
  1040 10156
  1041 10156
  1042 10156
  1043 10156
  1044 10156
  1045 10156
  1046 10156
  1047 10156
  1048 10156
  1049 10156
  1050 10156
  1051 10156
  1052 10156
  1053 10156
  1054 10156
  1055 10156
  1056 10156
  1057 10156
  1058 10156
  1059 10156
  1060 10156
  1061 10156
  1062 10156
  1063 10156
  1064 10156
  1065 10156
  1066 10156
  1067 10156
  1068 10156
  1069 10156
  1070 10156
  1071 10156
  1072 10156
  1073 10156
  1074 10156
  1075 10156
  1076 10156
  1077 10156
  1078 10156
  1079 10156
  1080 10156
  1081 10156
  1082 10156
  1083 10156
  1084 10156
  1085 10156
  1086 10156
  1087 10156
  1088 10156
  1089 10156
  1090 10156
  1091 10156
  1092 10156
  1093 10156
  1094 10156
  1095 10156
  1096 10156
  1097 10156
  1098 10156
  1099 10156
  1100 10156
  1101 10156
  1102 10156
  1103 10156
  1104 10156
  1105 10156
  1106 10156
  1107 10156
  1108 10156
  1109 10156
  1110 10156
  1111 10156
  1112 10156
  1113 10156
  1114 10156
  1115 10156
  1116 10156
  1117 10156
  1118 10156
  1119 10156
  1120 10156
  1121 10156
  1122 10156
  1123 10156
  1124 10156
  1125 10156
  1126 10156
  1127 10156
  1128 10156
  1129 10156
  1130 10156
  1131 10156
  1132 10156
  1133 10156
  1134 10156
  1135 10156
  1136 10156
  1137 10156
  1138 10156
  1139 10156
  1140 10156
  1141 10156
  1142 10156
  1143 10156
  1144 10156
  1145 10156
  1146 10156
  1147 10156
  1148 10156
  1149 10156
  1150 10156
  1151 10156
  1152 10156
  1153 10156
  1154 10156
  1155 10156
  1156 10156
  1157 10156
  1158 10156
  1159 10156
  1160 10156
  1161 10156
  1162 10156
  1163 10156
  1164 10156
  1165 10156
  1166 10156
  1167 10156
  1168 10156
  1169 10156
  1170 10156
  1171 10156
  1172 10156
  1173 10156
  1174 10156
  1175 10156
  1176 10156
  1177 10156
  1178 10156
  1179 10156
  1180 10156
  1181 10156
  1182 10156
  1183 10156
  1184 10156
  1185 10156
  1186 10156
  1187 10156
  1188 10156
  1189 10156
  1190 10156
  1191 10156
  1192 10156
  1193 10156
  1194 10156
  1195 10156
  1196 10156
  1197 10156
  1198 10156
  1199 10156
  1200 10156
  1201 10156
  1202 10156
  1203 10156
  1204 10156
  1205 10156
  1206 10156
  1207 10156
  1208 10156
  1209 10156
  1210 10156
  1211 10156
  1212 10156
  1213 10156
  1214 10156
  1215 10156
  1216 10156
  1217 10156
  1218 10156
  1219 10156
  1220 10156
  1221 10156
  1222 10156
  1223 10156
  1224 10156
  1225 10156
  1226 10156
  1227 10156
  1228 10156
  1229 10156
  1230 10156
  1231 10156
  1232 10156
  1233 10156
  1234 10156
  1235 10156
  1236 10156
  1237 10156
  1238 10156
  1239 10156
  1240 10156
  1241 10156
  1242 10156
  1243 10156
  1244 10156
  1245 10156
  1246 10156
  1247 10156
  1248 10156
  1249 10156
  1250 10156
  1251 10156
  1252 10156
  1253 10156
  1254 10156
  1255 10156
  1256 10156
  1257 10156
  1258 10154
  1259 10154
  1261 10101
  1264 10101
  1265 10101
  1268 10083
  1269 10149
  1270 10149
  1271 10149
  1272 10149
  1273 10149
  1274 10149
  1275 10149
  1276 10149
  1277 10149
  1278 10149
  1279 10149
  1280 10149
  1281 10149
  1282 10149
  1283 10149
  1284 10149
  1285 10149
  1286 10149
  1287 10149
  1288 10071
  1289 10149
  1290 10071
  1291 10149
  1292 10149
  1293 10149
  1294 10149
  1295 10071
  1296 10149
  1297 10149
  1298 10149
  1299 10149
  1300 10149
  1301 10149
  1302 10149
  1303 10149
  1304 10149
  1305 10149
  1306 10071
  1307 10149
  1308 10149
  1309 10149
  1310 10149
  1311 10149
  1312 10149
  1313 10149
  1314 10149
  1315 10149
  1316 10149
  1317 10071
  1318 10071
  1319 10071
  1320 10071
  1321 10071
  1322 10149
  1323 10149
  1324 10149
  1325 10071
  1326 10071
  1327 10071
  1328 10149
  1329 10149
  1330 10149
  1331 10071
  1332 10149
  1333 10071
  1334 10071
  1335 10149
  1336 10149
  1337 10149
  1338 10149
  1339 10149
  1340 10149
  1346 10106
  1347 10055
  1348 10055
  1349 10098
  1350 10140
  1351 10140
  1352 10140
  1353 10140
  1354 10140
  1355 10140
  1356 10140
  1357 10055
  1358 10106
  1359 10055
  1360 10018
  1361 10098
  1362 10055
  1363 10101
  1364 10101
  1365 10101
  1366 10101
  1367 10101
  1368 10138
  1370 10169
  1371 10169
  1372 10169
  1373 10169
  1374 10101
  1375 10128
  1376 10128
  1377 10101
  1378 10138
  1379 10138
  1382 10101
  1383 10169
  1384 10128
  1385 10128
  1386 10128
  1387 10128
  1389 10128
  1390 10128
  1391 10128
  1392 10128
  1393 10128
  1394 10128
  1395 10128
  1396 10128
  1397 10128
  1398 10128
  1399 10128
  1400 10128
  1401 10128
  1402 10128
  1403 10128
  1404 10128
  1405 10128
  1406 10128
  1407 10128
  1408 10128
  1409 10128
  1410 10128
  1411 10128
  1412 10128
  1413 10128
  1414 10128
  1415 10128
  1416 10128
  1417 10128
  1418 10128
  1419 10128
  1420 10128
  1421 10128
  1422 10128
  1423 10128
  1424 10128
  1425 10128
  1426 10128
  1427 10128
  1428 10128
  1429 10128
  1430 10128
  1431 10128
  1432 10128
  1433 10128
  1434 10128
  1435 10128
  1436 10128
  1437 10128
  1438 10128
  1439 10128
  1440 10128
  1441 10128
  1442 10128
  1443 10128
  1444 10128
  1445 10128
  1446 10128
  1447 10128
  1448 10128
  1449 10128
  1450 10128
  1451 10128
  1452 10128
  1453 10128
  1454 10128
  1455 10128
  1456 10128
  1457 10128
  1458 10128
  1459 10128
  1460 10128
  1461 10128
  1462 10128
  1463 10128
  1464 10128
  1465 10128
  1466 10128
  1467 10128
  1468 10128
  1469 10128
  1470 10128
  1471 10128
  1472 10128
  1473 10128
  1474 10128
  1475 10128
  1476 10128
  1477 10128
  1478 10128
  1479 10128
  1480 10128
  1481 10128
  1482 10128
  1483 10128
  1484 10128
  1485 10128
  1486 10128
  1487 10128
  1488 10128
  1489 10128
  1490 10128
  1491 10128
  1492 10128
  1493 10128
  1494 10128
  1495 10128
  1496 10128
  1497 10128
  1498 10128
  1499 10128
  1500 10128
  1501 10128
  1502 10128
  1503 10128
  1504 10128
  1505 10128
  1506 10128
  1507 10128
  1508 10128
  1509 10128
  1510 10128
  1511 10128
  1512 10128
  1513 10128
  1514 10128
  1515 10128
  1516 10128
  1517 10128
  1518 10128
  1519 10128
  1520 10128
  1521 10128
  1522 10128
  1523 10128
  1524 10128
  1525 10128
  1526 10128
  1527 10128
  1528 10128
  1529 10128
  1530 10128
  1531 10128
  1532 10128
  1533 10128
  1534 10128
  1535 10128
  1536 10128
  1537 10128
  1538 10128
  1539 10128
  1540 10128
  1541 10128
  1542 10128
  1543 10128
  1544 10128
  1545 10128
  1546 10128
  1547 10128
  1548 10128
  1549 10128
  1550 10128
  1551 10128
  1552 10128
  1553 10128
  1554 10128
  1555 10128
  1556 10128
  1557 10128
  1558 10128
  1559 10128
  1560 10128
  1561 10128
  1562 10128
  1563 10128
  1564 10128
  1565 10128
  1566 10128
  1567 10128
  1568 10128
  1569 10128
  1570 10128
  1571 10128
  1572 10128
  1573 10128
  1574 10128
  1575 10128
  1576 10128
  1577 10128
  1578 10128
  1579 10128
  1580 10128
  1581 10128
  1582 10128
  1583 10128
  1584 10128
  1585 10128
  1586 10128
  1587 10128
  1588 10128
  1589 10128
  1590 10128
  1591 10128
  1592 10128
  1593 10128
  1594 10128
  1595 10128
  1596 10128
  1597 10128
  1598 10128
  1599 10128
  1600 10128
  1601 10128
  1602 10128
  1603 10128
  1604 10128
  1605 10128
  1606 10128
  1607 10128
  1608 10128
  1609 10128
  1610 10128
  1611 10128
  1612 10128
  1613 10128
  1614 10128
  1615 10128
  1616 10128
  1617 10128
  1618 10128
  1622 10086
  1623 10086
  1624 10086
  1625 10071
  1626 10071
  1627 10071
  1628 10071
  1629 10071
  1630 10071
  1631 10071
  1632 10071
  1633 10071
  1634 10071
  1635 10071
  1636 10071
  1637 10071
  1638 10071
  1639 10071
  1640 10071
  1641 10071
  1642 10071
  1643 10071
  1644 10071
  1645 10071
  1646 10071
  1647 10071
  1648 10071
  1649 10071
  1650 10071
  1651 10071
  1652 10071
  1653 10149
  1654 10071
  1655 10071
  1656 10071
  1657 10071
  1658 10071
  1659 10071
  1660 10071
  1661 10071
  1662 10071
  1663 10071
  1664 10071
  1665 10071
  1666 10071
  1667 10071
  1668 10071
  1669 10071
  1670 10071
  1671 10149
  1672 10149
  1673 10071
  1674 10071
  1675 10071
  1676 10071
  1677 10071
  1678 10071
  1679 10071
  1680 10071
  1681 10071
  1682 10071
  1683 10071
  1684 10071
  1685 10071
  1686 10071
  1687 10071
  1688 10071
  1689 10071
  1690 10071
  1691 10071
  1692 10071
  1693 10071
  1694 10071
  1695 10071
  1696 10071
  1697 10071
  1698 10071
  1699 10071
  1700 10071
  1701 10071
  1702 10071
  1703 10071
  1704 10071
  1705 10071
  1706 10071
  1707 10071
  1708 10071
  1709 10071
  1710 10071
  1711 10071
  1712 10071
  1713 10071
  1714 10071
  1715 10071
  1716 10071
  1717 10071
  1718 10071
  1719 10071
  1720 10071
  1721 10071
  1722 10071
  1723 10071
  1724 10071
  1725 10071
  1726 10071
  1727 10071
  1728 10071
  1729 10071
  1730 10071
  1731 10071
  1732 10071
  1733 10071
  1734 10071
  1735 10071
  1736 10071
  1737 10071
  1738 10071
  1739 10071
  1740 10071
  1741 10071
  1742 10071
  1743 10071
  1744 10071
  1745 10071
  1746 10071
  1747 10071
  1748 10071
  1749 10071
  1750 10071
  1751 10071
  1752 10071
  1753 10071
  1754 10071
  1755 10071
  1756 10071
  1757 10071
  1758 10071
  1759 10071
  1760 10071
  1761 10071
  1762 10071
  1763 10071
  1764 10071
  1765 10071
  1766 10071
  1767 10071
  1768 10071
  1769 10071
  1770 10071
  1771 10071
  1772 10071
  1773 10071
  1774 10071
  1775 10071
  1776 10071
  1777 10071
  1778 10071
  1779 10071
  1780 10071
  1781 10071
  1782 10071
  1783 10071
  1784 10071
  1785 10071
  1786 10071
  1787 10071
  1788 10071
  1789 10071
  1790 10071
  1791 10071
  1792 10071
  1793 10071
  1794 10071
  1795 10071
  1796 10071
  1797 10071
  1798 10071
  1799 10071
  1800 10071
  1801 10071
  1802 10071
  1803 10071
  1804 10071
  1805 10071
  1806 10071
  1807 10071
  1808 10071
  1809 10071
  1810 10071
  1811 10071
  1812 10071
  1813 10071
  1814 10071
  1815 10071
  1816 10071
  1817 10071
  1818 10071
  1819 10071
  1820 10071
  1821 10071
  1822 10071
  1823 10071
  1824 10071
  1825 10071
  1826 10071
  1827 10071
  1828 10071
  1829 10071
  1830 10071
  1831 10071
  1832 10071
  1833 10071
  1834 10071
  1835 10071
  1836 10071
  1837 10071
  1838 10071
  1839 10071
  1840 10071
  1841 10071
  1842 10071
  1843 10071
  1844 10071
  1845 10071
  1846 10071
  1847 10071
  1848 10071
  1849 10071
  1850 10071
  1851 10071
  1852 10071
  1853 10071
  1854 10071
  1855 10071
  1856 10071
  1857 10071
  1859 10039
  1863 10011
  1865 10011
  1866 10011
  1867 10011
  1868 10011
  1869 10011
  1870 10011
  1871 10011
  1872 10011
  1873 10011
  1874 10011
  1875 10011
  1876 10011
  1877 10011
  1878 10011
  1879 10011
  1880 10011
  1881 10011
  1882 10011
  1883 10011
  1884 10011
  1885 10011
  1886 10011
  1887 10011
  1888 10011
  1889 10011
  1890 10011
  1891 10011
  1892 10011
  1893 10011
  1894 10011
  1895 10011
  1896 10011
  1897 10011
  1898 10011
  1899 10011
  1900 10011
  1901 10011
  1902 10011
  1903 10011
  1904 10011
  1905 10011
  1906 10011
  1907 10011
  1908 10011
  1909 10011
  1910 10011
  1911 10011
  1912 10011
  1913 10011
  1914 10011
  1915 10011
  1916 10011
  1917 10011
  1918 10011
  1919 10011
  1920 10011
  1921 10011
  1922 10011
  1923 10011
  1924 10011
  1925 10011
  1926 10011
  1927 10011
  1928 10011
  1929 10011
  1930 10011
  1931 10011
  1932 10011
  1933 10011
  1934 10011
  1935 10011
  1936 10011
  1937 10011
  1938 10011
  1939 10011
  1940 10011
  1941 10011
  1942 10011
  1943 10011
  1944 10011
  1945 10011
  1946 10011
  1947 10011
  1948 10011
  1949 10011
  1950 10011
  1951 10011
  1952 10011
  1953 10011
  1954 10011
  1955 10011
  1956 10011
  1957 10011
  1958 10011
  1959 10011
  1960 10011
  1961 10011
  1962 10011
  1963 10011
  1964 10011
  1965 10011
  1966 10011
  1967 10011
  1968 10011
  1969 10011
  1970 10011
  1971 10011
  1972 10011
  1973 10011
  1974 10011
  1975 10011
  1976 10011
  1977 10011
  1978 10011
  1979 10011
  1980 10011
  1981 10011
  1982 10011
  1983 10011
  1984 10011
  1985 10011
  1986 10011
  1987 10011
  1988 10011
  1989 10011
  1990 10011
  1991 10011
  1992 10011
  1993 10011
  1994 10011
  1995 10011
  1996 10011
  1997 10011
  1998 10011
  1999 10011
  2000 10011
  2001 10011
  2002 10011
  2003 10011
  2004 10011
  2005 10011
  2006 10011
  2007 10011
  2008 10011
  2009 10011
  2010 10011
  2011 10011
  2012 10011
  2013 10011
  2014 10011
  2015 10011
  2016 10011
  2017 10011
  2018 10011
  2019 10011
  2020 10011
  2021 10011
  2022 10011
  2023 10011
  2024 10011
  2025 10011
  2031 10086
  2032 10086
  2033 10086
