   690 10100
   691 10100
   692 10100
   693 10100
   694 10100
   695 10100
   696 10100
   697 10100
   698 10100
   699 10100
   700 10100
   701 10100
   702 10100
   703 10100
   704 10100
   705 10100
   706 10100
   707 10100
   708 10100
   709 10100
   710 10100
   711 10100
   712 10100
   713 10100
   714 10100
   715 10100
   716 10100
   717 10100
   718 10100
   719 10100
   720 10100
   721 10100
   722 10100
   723 10100
   724 10100
   725 10100
   726 10100
   727 10100
   728 10100
   729 10100
   730 10100
   731 10100
   732 10100
   733 10100
   734 10100
   735 10100
   736 10100
   737 10100
   738 10100
   739 10100
   740 10100
   741 10100
   742 10100
   743 10100
   744 10100
   745 10100
   746 10100
   747 10100
   748 10100
   749 10100
   750 10100
   751 10100
   752 10100
   753 10100
   754 10100
   755 10100
   756 10100
   757 10100
   758 10100
   759 10100
   760 10100
   761 10100
   762 10100
   763 10100
   764 10100
   765 10100
   766 10100
   767 10100
   768 10100
   769 10100
   770 10100
   771 10100
   772 10100
   773 10100
   774 10100
   775 10100
   776 10100
   777 10100
   778 10100
   779 10100
   780 10100
   784 10152
   785 10152
   786 10152
   787 10152
   788 10152
   789 10152
   790 10034
   791 10034
   792 10034
   793 10034
   794 10034
   795 10034
   796 10034
   797 10034
   798 10034
   799 10034
   800 10034
   801 10034
   802 10034
   803 10034
   804 10034
   805 10034
   806 10034
   807 10034
   808 10034
   809 10034
   810 10034
   811 10034
   812 10034
   813 10034
   814 10034
   815 10034
   816 10034
   817 10034
   818 10034
   819 10034
   820 10034
   821 10034
   822 10034
   823 10034
   824 10034
   825 10034
   826 10034
   827 10034
   828 10034
   829 10034
   830 10034
   831 10034
   832 10034
   833 10034
   834 10034
   835 10034
   836 10034
   837 10034
   838 10034
   839 10034
   840 10034
   841 10034
   842 10034
   843 10034
   844 10034
   845 10034
   846 10034
   847 10034
   848 10034
   849 10034
   850 10034
   851 10034
   852 10034
   853 10034
   854 10034
   855 10034
   856 10034
   857 10034
   858 10034
   859 10034
   860 10034
   861 10034
   862 10034
   863 10034
   864 10034
   865 10034
   866 10034
   867 10034
   868 10034
   869 10034
   870 10034
   871 10034
   872 10034
   873 10034
   874 10034
   875 10034
   876 10034
   877 10034
   878 10034
   879 10034
   880 10034
   881 10034
   882 10034
   883 10034
   884 10034
   885 10034
   886 10034
   887 10034
   888 10034
   889 10034
   890 10034
   891 10034
   892 10034
   893 10034
   894 10034
   895 10034
   896 10034
   897 10034
   898 10034
   899 10034
   900 10034
   901 10034
   902 10034
   903 10034
   904 10034
   905 10034
   906 10034
   907 10034
   908 10034
   909 10034
   910 10034
   911 10034
   912 10034
   913 10034
   914 10034
   915 10034
   916 10034
   917 10034
   918 10034
   919 10034
   920 10034
   921 10034
   922 10034
   923 10034
   924 10034
   925 10034
   926 10034
   927 10034
   928 10034
   929 10034
   930 10034
   931 10034
   932 10034
   933 10034
   934 10034
   935 10034
   936 10034
   937 10034
   938 10034
   939 10034
   940 10034
   941 10034
   942 10034
   943 10034
   944 10034
   945 10034
   946 10034
   947 10034
   948 10034
   949 10034
   950 10034
   951 10034
   952 10034
   953 10034
   954 10034
   955 10034
   956 10034
   957 10034
   958 10034
   959 10034
   960 10034
   961 10034
   962 10034
   963 10034
   964 10034
   965 10034
   966 10034
   967 10034
   968 10034
   969 10034
   970 10034
   971 10034
   972 10034
   973 10034
   974 10034
   975 10034
   976 10034
   977 10034
   978 10034
   979 10034
   980 10034
   981 10034
   982 10034
   983 10034
   984 10034
   985 10034
   986 10034
   987 10034
   988 10034
   989 10034
   990 10034
   991 10034
   992 10034
   993 10034
   994 10034
   995 10034
   996 10034
   997 10034
   998 10034
   999 10034
  1000 10034
  1001 10034
  1002 10034
  1003 10034
  1004 10034
  1005 10034
  1006 10034
  1007 10034
  1008 10034
  1009 10034
  1010 10034
  1011 10034
  1012 10034
  1013 10034
  1014 10034
  1015 10034
  1016 10034
  1017 10034
  1018 10034
  1019 10034
  1020 10034
  1024 10137
  1025 10137
  1026 10137
  1027 10100
  1028 10137
  1029 10137
  1030 10100
  1031 10100
  1032 10100
  1033 10100
  1034 10100
  1035 10100
  1036 10100
  1037 10100
  1038 10100
  1039 10100
  1040 10100
  1041 10100
  1042 10100
  1043 10100
  1044 10100
  1045 10100
  1046 10100
  1047 10100
  1048 10100
  1049 10100
  1050 10100
  1051 10100
  1052 10100
  1053 10100
  1054 10100
  1055 10100
  1056 10100
  1057 10100
  1058 10100
  1059 10100
  1060 10100
  1061 10100
  1062 10100
  1063 10100
  1064 10100
  1065 10100
  1066 10100
  1067 10100
  1068 10100
  1069 10100
  1070 10100
  1071 10100
  1072 10100
  1073 10100
  1074 10100
  1075 10100
  1076 10100
  1077 10100
  1078 10100
  1079 10100
  1080 10100
  1081 10100
  1082 10100
  1083 10100
  1084 10100
  1085 10100
  1086 10100
  1087 10100
  1088 10100
  1089 10100
  1090 10100
  1091 10100
  1092 10100
  1093 10100
  1094 10100
  1095 10100
  1096 10100
  1097 10100
  1098 10100
  1099 10100
  1100 10100
  1101 10100
  1102 10100
  1103 10100
  1104 10100
  1105 10100
  1106 10100
  1107 10100
  1108 10100
  1109 10100
  1110 10100
  1111 10100
  1112 10100
  1113 10100
  1114 10100
  1115 10100
  1116 10100
  1117 10100
  1118 10100
  1119 10100
  1120 10100
  1121 10100
  1122 10100
  1123 10100
  1124 10100
  1125 10100
  1126 10100
  1127 10100
  1128 10100
  1129 10100
  1130 10100
  1131 10100
  1132 10100
  1133 10100
  1134 10100
  1135 10100
  1136 10100
  1137 10100
  1138 10100
  1139 10100
  1140 10100
  1141 10100
  1142 10100
  1143 10100
  1144 10100
  1145 10100
  1146 10100
  1147 10100
  1148 10100
  1149 10100
  1150 10100
  1151 10100
  1152 10100
  1153 10100
  1154 10100
  1155 10100
  1156 10100
  1157 10100
  1158 10100
  1159 10100
  1160 10100
  1161 10100
  1162 10100
  1163 10100
  1164 10100
  1165 10100
  1166 10100
  1167 10100
  1168 10100
  1169 10100
  1170 10100
  1171 10100
  1172 10100
  1173 10100
  1174 10100
  1175 10100
  1176 10100
  1177 10100
  1178 10100
  1179 10100
  1180 10100
  1181 10100
  1182 10100
  1183 10100
  1184 10100
  1185 10100
  1186 10100
  1187 10100
  1188 10100
  1189 10100
  1190 10100
  1191 10100
  1192 10100
  1193 10100
  1194 10100
  1195 10100
  1196 10100
  1197 10100
  1198 10100
  1199 10100
  1200 10100
  1201 10100
  1202 10100
  1203 10100
  1204 10100
  1205 10100
  1206 10100
  1207 10100
  1208 10100
  1209 10100
  1210 10100
  1211 10100
  1212 10100
  1213 10100
  1214 10100
  1215 10100
  1216 10100
  1217 10100
  1218 10100
  1219 10100
  1220 10100
  1221 10100
  1222 10100
  1223 10100
  1224 10100
  1225 10100
  1226 10100
  1227 10100
  1228 10100
  1229 10100
  1230 10100
  1231 10100
  1232 10100
  1233 10100
  1234 10100
  1235 10100
  1236 10100
  1237 10100
  1238 10100
  1239 10100
  1240 10100
  1241 10100
  1242 10100
  1243 10100
  1244 10100
  1245 10100
  1246 10100
  1247 10100
  1248 10100
  1249 10100
  1250 10100
  1251 10100
  1252 10100
  1253 10100
  1254 10100
  1255 10100
  1256 10100
  1257 10100
  1258 10143
  1259 10143
  1260 10143
  1261 10143
  1262 10143
  1264 10137
  1265 10137
  1266 10137
  1267 10137
  1268 10137
  1269 10137
  1270 10137
  1271 10137
  1272 10137
  1273 10137
  1274 10137
  1275 10137
  1276 10137
  1277 10137
  1278 10137
  1279 10137
  1280 10137
  1281 10137
  1282 10137
  1283 10137
  1284 10137
  1285 10137
  1286 10137
  1287 10137
  1288 10137
  1289 10137
  1290 10137
  1291 10137
  1292 10137
  1293 10137
  1294 10137
  1295 10137
  1296 10137
  1297 10137
  1298 10137
  1299 10137
  1300 10137
  1301 10137
  1302 10137
  1303 10137
  1304 10137
  1305 10137
  1306 10137
  1307 10137
  1308 10137
  1309 10137
  1310 10137
  1311 10137
  1312 10137
  1313 10137
  1314 10137
  1315 10137
  1316 10137
  1317 10137
  1318 10137
  1319 10137
  1320 10137
  1321 10137
  1322 10137
  1323 10137
  1324 10137
  1325 10137
  1326 10137
  1327 10137
  1328 10137
  1329 10137
  1330 10137
  1331 10137
  1332 10137
  1333 10137
  1334 10137
  1335 10137
  1336 10137
  1337 10137
  1338 10137
  1339 10137
  1340 10137
  1341 10137
  1342 10137
  1343 10137
  1344 10137
  1345 10137
  1346 10137
  1347 10137
  1348 10137
  1349 10137
  1350 10137
  1351 10137
  1352 10137
  1353 10137
  1354 10137
  1355 10137
  1356 10137
  1357 10137
  1358 10137
  1359 10137
  1360 10137
  1361 10137
  1362 10137
  1363 10137
  1364 10137
  1365 10137
  1366 10137
  1367 10137
  1368 10137
  1369 10137
  1370 10137
  1371 10137
  1372 10137
  1373 10137
  1374 10137
  1375 10137
  1376 10137
  1377 10137
  1378 10137
  1379 10137
  1380 10137
  1381 10137
  1382 10137
  1383 10137
  1384 10137
  1385 10137
  1386 10137
  1387 10137
  1388 10137
  1389 10137
  1390 10137
  1391 10137
  1392 10137
  1393 10137
  1394 10137
  1395 10137
  1396 10137
  1397 10137
  1398 10137
  1399 10137
  1400 10137
  1401 10137
  1402 10137
  1403 10137
  1404 10137
  1405 10137
  1406 10137
  1407 10137
  1408 10137
  1409 10137
  1410 10137
  1411 10137
  1412 10137
  1413 10137
  1414 10137
  1415 10137
  1416 10137
  1417 10137
  1418 10137
  1419 10137
  1420 10137
  1421 10137
  1422 10137
  1423 10137
  1424 10137
  1425 10137
  1426 10137
  1427 10137
  1428 10137
  1429 10137
  1430 10137
  1431 10137
  1432 10137
  1433 10137
  1434 10137
  1435 10137
  1436 10137
  1437 10137
  1438 10137
  1439 10137
  1440 10137
  1441 10137
  1442 10137
  1443 10137
  1444 10137
  1445 10137
  1446 10137
  1447 10137
  1448 10137
  1449 10137
  1450 10137
  1451 10137
  1452 10137
  1453 10137
  1454 10137
  1455 10137
  1456 10137
  1457 10137
  1458 10137
  1459 10137
  1460 10137
  1461 10137
  1462 10137
  1463 10137
  1464 10137
  1465 10137
  1466 10137
  1467 10137
  1468 10137
  1469 10137
  1470 10137
  1471 10137
  1472 10137
  1473 10137
  1474 10137
  1475 10137
  1476 10137
  1477 10137
  1478 10137
  1479 10137
  1480 10137
  1481 10137
  1482 10137
  1483 10137
  1484 10137
  1485 10137
  1486 10137
  1487 10137
  1488 10137
  1489 10137
  1490 10137
  1491 10137
  1492 10137
  1493 10137
  1494 10137
  1495 10137
  1496 10137
  1497 10137
  1498 10137
  1499 10137
  1500 10137
  1504 10018
  1505 10018
  1506 10018
  1507 10018
  1508 10018
  1509 10018
  1510 10018
  1511 10018
  1512 10018
  1513 10018
  1514 10018
  1515 10023
  1516 10040
  1517 10040
  1518 10023
  1519 10023
  1520 10040
  1521 10040
  1522 10040
  1523 10040
  1524 10055
  1525 10055
  1526 10055
  1527 10055
  1528 10055
  1529 10055
  1530 10055
  1531 10055
  1532 10055
  1533 10055
  1534 10055
  1535 10055
  1536 10055
  1537 10055
  1538 10055
  1539 10055
  1540 10055
  1541 10055
  1542 10055
  1543 10055
  1544 10055
  1545 10055
  1546 10055
  1547 10055
  1548 10018
  1550 10106
  1551 10040
  1552 10040
  1553 10040
  1554 10040
  1555 10055
  1556 10055
  1557 10055
  1558 10055
  1559 10055
  1560 10055
  1561 10055
  1562 10055
  1563 10055
  1564 10055
  1565 10055
  1566 10055
  1567 10055
  1568 10055
  1569 10055
  1570 10055
  1571 10055
  1572 10055
  1573 10055
  1574 10055
  1575 10055
  1576 10055
  1577 10055
  1578 10055
  1579 10055
  1580 10055
  1581 10055
  1582 10055
  1583 10055
  1584 10055
  1588 10115
  1589 10016
  1590 10143
  1591 10016
  1592 10143
  1593 10143
  1594 10143
  1595 10143
  1596 10143
  1597 10016
  1598 10143
  1599 10016
  1600 10143
  1601 10016
  1602 10016
  1603 10016
  1604 10036
  1605 10036
  1606 10036
  1607 10036
  1608 10036
  1609 10036
  1610 10036
  1611 10016
  1612 10016
  1613 10016
  1614 10016
  1620 10031
  1621 10031
  1622 10031
  1623 10031
  1624 10031
  1625 10031
  1626 10031
  1627 10031
  1628 10031
  1629 10031
  1630 10031
  1631 10031
  1632 10031
  1633 10031
  1634 10031
  1635 10031
  1636 10031
  1637 10031
  1638 10031
  1639 10031
  1640 10031
  1641 10031
  1642 10031
  1643 10031
  1644 10031
  1645 10031
  1646 10031
  1647 10031
  1648 10031
  1649 10031
  1650 10031
  1651 10031
  1652 10031
  1653 10031
  1654 10031
  1655 10031
  1656 10031
  1657 10031
  1658 10031
  1659 10031
  1660 10031
  1661 10031
  1662 10031
  1663 10031
  1664 10031
  1665 10031
  1666 10031
  1667 10031
  1668 10031
  1669 10031
  1670 10031
  1671 10031
  1672 10031
  1673 10031
  1674 10031
  1675 10031
  1676 10031
  1677 10031
  1678 10031
  1679 10031
  1680 10031
  1681 10031
  1682 10031
  1683 10031
  1684 10031
  1685 10031
  1686 10031
  1687 10031
  1688 10031
  1689 10031
  1690 10031
  1691 10031
  1692 10031
  1693 10031
  1694 10031
  1695 10031
  1696 10031
  1697 10031
  1698 10031
  1699 10031
  1700 10031
  1701 10031
  1702 10031
  1703 10031
  1704 10031
  1705 10031
  1706 10031
  1707 10031
  1708 10031
  1709 10031
  1710 10031
  1711 10031
  1712 10031
  1713 10031
  1714 10031
  1715 10031
  1716 10031
  1717 10031
  1718 10031
  1719 10031
  1720 10031
  1721 10031
  1722 10031
  1723 10031
  1724 10031
  1725 10031
  1726 10031
  1727 10031
  1728 10031
  1729 10031
  1730 10031
  1731 10031
  1732 10031
  1733 10031
  1734 10031
  1735 10031
  1736 10031
  1737 10031
  1738 10031
  1739 10031
  1740 10031
  1741 10031
  1742 10031
  1743 10031
  1744 10031
  1745 10031
  1746 10031
  1747 10031
  1748 10031
  1749 10031
  1750 10031
  1751 10031
  1752 10031
  1753 10031
  1754 10031
  1755 10031
  1756 10031
  1757 10031
  1758 10031
  1759 10031
  1760 10031
  1761 10031
  1762 10031
  1763 10031
  1764 10031
  1765 10031
  1766 10031
  1767 10031
  1768 10031
  1769 10031
  1770 10031
  1771 10031
  1772 10031
  1773 10031
  1774 10031
  1775 10031
  1776 10031
  1777 10031
  1778 10031
  1779 10031
  1780 10031
  1781 10031
  1782 10031
  1783 10031
  1784 10031
  1785 10031
  1786 10031
  1787 10031
  1788 10031
  1789 10031
  1790 10031
  1791 10031
  1792 10031
  1793 10031
  1794 10031
  1795 10031
  1796 10031
  1797 10031
  1798 10031
  1799 10031
  1800 10031
  1801 10031
  1802 10031
  1803 10031
  1804 10031
  1805 10031
  1806 10031
  1807 10031
  1808 10031
  1809 10031
  1810 10031
  1811 10031
  1812 10031
  1813 10031
  1814 10031
  1815 10031
  1816 10031
  1817 10031
  1818 10031
  1819 10031
  1820 10031
  1821 10031
  1822 10031
  1823 10031
  1824 10031
  1825 10031
  1826 10031
  1827 10031
  1828 10031
  1829 10031
  1830 10031
  1831 10031
  1832 10031
  1833 10031
  1834 10031
  1835 10031
  1836 10031
  1837 10031
  1838 10031
  1839 10031
  1840 10031
  1841 10031
  1842 10031
  1843 10031
  1844 10031
  1845 10031
  1846 10031
  1847 10031
  1848 10031
  1849 10031
  1850 10031
  1851 10031
  1852 10031
  1853 10031
  1854 10031
  1855 10031
  1856 10031
  1857 10031
  1858 10101
  1859 10101
  1860 10101
  1861 10101
  1862 10138
  1863 10128
  1864 10128
  1865 10128
  1866 10128
  1867 10128
  1868 10128
  1869 10128
  1870 10128
  1871 10128
  1872 10128
  1873 10128
  1874 10128
  1875 10128
  1876 10128
  1877 10128
  1878 10128
  1879 10128
  1880 10128
  1881 10128
  1882 10128
  1883 10128
  1884 10128
  1885 10128
  1886 10128
  1887 10128
  1888 10128
  1889 10128
  1890 10128
  1891 10128
  1892 10128
  1893 10128
  1894 10128
  1895 10128
  1896 10128
  1897 10128
  1898 10128
  1899 10128
  1900 10128
  1901 10128
  1902 10128
  1903 10128
  1904 10128
  1905 10128
  1906 10128
  1907 10128
  1908 10128
  1909 10128
  1910 10128
  1911 10128
  1912 10128
  1913 10128
  1914 10128
  1915 10128
  1916 10128
  1917 10128
  1918 10128
  1919 10128
  1920 10128
  1921 10128
  1922 10128
  1923 10128
  1924 10128
  1925 10128
  1926 10128
  1927 10128
  1928 10128
  1929 10128
  1930 10128
  1931 10128
  1932 10128
  1933 10128
  1934 10128
  1935 10128
  1936 10128
  1937 10128
  1938 10128
  1939 10128
  1940 10128
  1941 10128
  1942 10128
  1943 10128
  1944 10128
  1945 10128
  1946 10128
  1947 10128
  1948 10128
  1949 10128
  1950 10128
  1951 10128
  1952 10128
  1953 10128
  1954 10128
  1955 10128
  1956 10128
  1957 10128
  1958 10128
  1959 10128
  1960 10128
  1961 10128
  1962 10128
  1963 10128
  1964 10128
  1965 10128
  1966 10128
  1967 10128
  1968 10128
  1969 10128
  1970 10128
  1971 10128
  1972 10128
  1973 10128
  1974 10128
  1975 10128
  1976 10128
  1977 10128
  1978 10128
  1979 10128
  1980 10128
  1981 10128
  1982 10128
  1983 10128
  1984 10128
  1985 10128
  1986 10128
  1987 10128
  1988 10128
  1989 10128
  1990 10128
  1991 10128
  1992 10128
  1993 10128
  1994 10128
  1995 10128
  1996 10128
  1997 10128
  1998 10128
  1999 10128
  2000 10128
  2001 10128
  2002 10128
  2003 10128
  2004 10128
  2005 10128
  2006 10128
  2007 10128
  2008 10128
  2009 10128
  2010 10128
  2011 10128
  2012 10128
  2013 10128
  2014 10128
  2015 10128
  2016 10128
  2017 10128
  2018 10128
  2019 10128
  2020 10128
  2021 10128
  2024 10100
  2025 10100
  2026 10100
