   690 10041
   691 10041
   692 10041
   693 10041
   694 10041
   695 10041
   696 10041
   697 10041
   698 10041
   699 10041
   700 10041
   701 10041
   702 10041
   703 10041
   704 10041
   705 10041
   706 10041
   707 10041
   708 10041
   709 10041
   710 10041
   711 10041
   712 10041
   713 10041
   714 10041
   715 10041
   716 10041
   717 10041
   718 10041
   719 10041
   720 10041
   721 10041
   722 10041
   723 10041
   724 10041
   725 10041
   726 10041
   727 10041
   728 10041
   729 10041
   730 10041
   731 10041
   732 10041
   733 10041
   734 10041
   735 10041
   736 10041
   737 10041
   738 10041
   739 10041
   740 10041
   741 10041
   742 10041
   743 10041
   744 10041
   745 10041
   746 10041
   747 10041
   748 10041
   749 10041
   750 10041
   751 10041
   752 10041
   753 10041
   754 10041
   755 10041
   756 10041
   757 10041
   758 10041
   759 10041
   760 10041
   761 10041
   762 10041
   763 10041
   764 10041
   765 10041
   766 10041
   767 10041
   768 10041
   769 10041
   770 10041
   771 10041
   772 10041
   773 10041
   774 10041
   775 10041
   776 10041
   777 10041
   778 10041
   779 10041
   780 10041
   781 10041
   782 10041
   783 10041
   784 10041
   785 10041
   786 10041
   787 10041
   788 10041
   789 10041
   790 10041
   791 10151
   792 10151
   793 10041
   794 10041
   795 10041
   796 10041
   797 10041
   798 10041
   799 10041
   800 10041
   801 10041
   802 10041
   803 10041
   804 10041
   805 10041
   806 10041
   807 10041
   808 10041
   809 10041
   810 10041
   811 10041
   812 10041
   813 10041
   814 10041
   815 10041
   816 10041
   817 10041
   818 10041
   819 10041
   820 10041
   821 10041
   822 10041
   823 10041
   824 10041
   825 10041
   826 10041
   827 10041
   828 10041
   829 10041
   830 10041
   831 10041
   832 10041
   833 10041
   834 10041
   835 10041
   836 10041
   837 10041
   838 10041
   839 10041
   840 10041
   841 10041
   842 10041
   843 10041
   844 10041
   845 10041
   846 10041
   847 10041
   848 10041
   849 10041
   850 10041
   851 10041
   852 10041
   853 10041
   854 10041
   855 10041
   856 10041
   857 10041
   858 10041
   859 10041
   860 10041
   861 10041
   862 10041
   863 10041
   864 10041
   865 10041
   866 10041
   867 10041
   868 10041
   869 10041
   870 10041
   871 10041
   872 10041
   873 10041
   874 10041
   875 10041
   876 10041
   877 10041
   878 10041
   879 10041
   880 10041
   881 10041
   882 10041
   883 10041
   884 10041
   885 10041
   886 10041
   887 10041
   888 10041
   889 10041
   890 10041
   891 10041
   892 10041
   893 10041
   894 10041
   895 10041
   896 10041
   897 10041
   898 10041
   899 10041
   900 10041
   901 10041
   902 10041
   903 10041
   904 10041
   905 10041
   906 10041
   907 10041
   908 10041
   909 10041
   910 10041
   911 10041
   912 10041
   913 10041
   914 10041
   915 10041
   916 10041
   917 10041
   918 10041
   919 10041
   920 10041
   921 10041
   922 10041
   923 10041
   924 10041
   925 10041
   926 10041
   927 10041
   928 10041
   929 10041
   930 10041
   931 10041
   932 10041
   933 10041
   934 10041
   935 10041
   936 10041
   937 10041
   938 10041
   939 10041
   940 10041
   941 10041
   942 10041
   943 10041
   944 10041
   945 10041
   946 10041
   947 10041
   948 10041
   949 10041
   950 10041
   951 10041
   952 10041
   953 10041
   954 10041
   955 10041
   956 10041
   957 10041
   958 10041
   959 10041
   960 10041
   961 10041
   962 10041
   963 10041
   964 10041
   965 10041
   966 10041
   967 10041
   968 10041
   969 10041
   970 10041
   971 10041
   972 10041
   973 10041
   974 10041
   975 10041
   976 10041
   977 10041
   978 10041
   979 10041
   980 10041
   981 10041
   982 10041
   983 10041
   984 10041
   985 10041
   986 10041
   987 10041
   988 10041
   989 10041
   990 10041
   991 10041
   992 10041
   993 10041
   994 10041
   995 10041
   996 10041
   997 10041
   998 10041
   999 10041
  1000 10041
  1001 10041
  1002 10041
  1003 10041
  1004 10041
  1005 10041
  1006 10041
  1007 10041
  1008 10041
  1009 10041
  1010 10041
  1011 10041
  1012 10041
  1013 10041
  1014 10041
  1015 10041
  1016 10041
  1017 10041
  1018 10041
  1019 10041
  1020 10041
  1021 10041
  1022 10041
  1023 10041
  1024 10041
  1025 10041
  1026 10041
  1027 10041
  1028 10041
  1029 10041
  1030 10041
  1031 10041
  1032 10041
  1033 10041
  1034 10041
  1035 10041
  1036 10041
  1037 10041
  1038 10041
  1039 10041
  1040 10041
  1041 10041
  1042 10041
  1043 10041
  1044 10041
  1045 10041
  1046 10041
  1047 10041
  1048 10041
  1049 10041
  1050 10041
  1051 10041
  1052 10041
  1053 10041
  1054 10041
  1055 10041
  1056 10041
  1057 10041
  1058 10041
  1059 10041
  1060 10041
  1061 10041
  1062 10041
  1063 10041
  1064 10041
  1065 10041
  1066 10041
  1067 10041
  1068 10041
  1069 10041
  1070 10041
  1071 10041
  1072 10041
  1073 10041
  1074 10041
  1075 10041
  1076 10041
  1077 10041
  1078 10041
  1079 10041
  1080 10041
  1081 10041
  1082 10041
  1083 10041
  1084 10041
  1085 10041
  1086 10041
  1087 10041
  1088 10041
  1089 10041
  1090 10041
  1091 10041
  1092 10041
  1093 10041
  1094 10041
  1095 10041
  1096 10041
  1097 10041
  1098 10041
  1099 10041
  1100 10041
  1101 10041
  1102 10041
  1103 10041
  1104 10041
  1105 10041
  1106 10041
  1107 10041
  1108 10041
  1109 10041
  1110 10041
  1111 10041
  1112 10041
  1113 10041
  1114 10041
  1115 10041
  1116 10041
  1117 10041
  1118 10041
  1119 10041
  1120 10041
  1121 10041
  1122 10041
  1123 10041
  1124 10041
  1125 10041
  1126 10041
  1127 10041
  1128 10041
  1129 10041
  1130 10041
  1131 10041
  1132 10041
  1133 10041
  1134 10041
  1135 10041
  1136 10041
  1137 10041
  1138 10041
  1139 10041
  1140 10041
  1141 10041
  1142 10041
  1143 10041
  1144 10041
  1145 10041
  1146 10041
  1147 10041
  1148 10041
  1149 10041
  1150 10041
  1151 10041
  1152 10041
  1153 10041
  1154 10041
  1155 10041
  1156 10041
  1157 10041
  1158 10041
  1159 10041
  1160 10041
  1161 10041
  1162 10041
  1163 10041
  1164 10041
  1165 10041
  1166 10041
  1167 10041
  1168 10041
  1169 10041
  1170 10041
  1171 10041
  1172 10041
  1173 10041
  1174 10041
  1175 10041
  1176 10041
  1177 10041
  1178 10041
  1179 10041
  1180 10041
  1181 10041
  1182 10041
  1183 10041
  1184 10041
  1185 10041
  1186 10041
  1187 10041
  1188 10041
  1189 10041
  1190 10041
  1191 10041
  1192 10041
  1193 10041
  1194 10041
  1195 10041
  1196 10041
  1197 10041
  1198 10041
  1199 10041
  1200 10041
  1201 10041
  1202 10041
  1203 10041
  1204 10041
  1205 10041
  1206 10041
  1207 10041
  1208 10041
  1209 10041
  1210 10041
  1211 10041
  1212 10041
  1213 10041
  1214 10041
  1215 10041
  1216 10041
  1217 10041
  1218 10041
  1219 10041
  1220 10041
  1221 10041
  1222 10041
  1223 10041
  1224 10041
  1225 10041
  1226 10041
  1227 10041
  1228 10041
  1229 10041
  1230 10041
  1231 10041
  1232 10041
  1233 10041
  1234 10041
  1235 10041
  1236 10041
  1237 10041
  1238 10041
  1239 10041
  1240 10041
  1241 10041
  1242 10041
  1243 10041
  1244 10041
  1245 10041
  1246 10041
  1247 10041
  1248 10041
  1249 10041
  1250 10041
  1251 10041
  1252 10041
  1253 10041
  1254 10041
  1255 10041
  1256 10041
  1257 10041
  1258 10041
  1259 10041
  1260 10041
  1261 10041
  1262 10041
  1263 10041
  1264 10041
  1265 10041
  1266 10045
  1267 10045
  1268 10045
  1269 10045
  1276 10018
  1277 10018
  1278 10018
  1279 10018
  1280 10018
  1281 10018
  1282 10018
  1283 10018
  1284 10018
  1285 10018
  1286 10018
  1287 10018
  1288 10158
  1289 10158
  1290 10158
  1291 10158
  1292 10158
  1293 10158
  1294 10158
  1295 10158
  1296 10158
  1297 10158
  1298 10158
  1299 10158
  1300 10158
  1301 10158
  1302 10158
  1303 10158
  1304 10158
  1305 10140
  1306 10158
  1307 10158
  1308 10158
  1309 10158
  1310 10158
  1311 10158
  1312 10158
  1313 10158
  1314 10158
  1315 10158
  1316 10158
  1317 10158
  1318 10158
  1319 10158
  1320 10140
  1321 10140
  1322 10140
  1323 10140
  1324 10140
  1325 10140
  1326 10140
  1327 10140
  1328 10140
  1329 10140
  1330 10158
  1331 10158
  1332 10158
  1333 10158
  1334 10158
  1335 10158
  1336 10158
  1337 10158
  1338 10158
  1339 10158
  1340 10158
  1341 10018
  1342 10040
  1343 10040
  1344 10040
  1345 10169
  1348 10045
  1349 10045
  1350 10045
  1352 10072
  1356 10041
  1357 10041
  1358 10041
  1359 10022
  1360 10022
  1361 10022
  1362 10041
  1363 10041
  1364 10041
  1365 10041
  1366 10041
  1367 10041
  1368 10041
  1369 10041
  1370 10041
  1371 10041
  1372 10041
  1373 10041
  1374 10041
  1375 10041
  1376 10041
  1377 10041
  1378 10041
  1379 10041
  1380 10041
  1381 10041
  1382 10041
  1383 10041
  1384 10016
  1385 10041
  1386 10041
  1387 10022
  1388 10016
  1389 10016
  1390 10151
  1391 10041
  1392 10016
  1393 10151
  1394 10151
  1395 10016
  1398 10041
  1399 10041
  1400 10016
  1401 10041
  1402 10016
  1403 10016
  1404 10016
  1405 10041
  1406 10041
  1407 10041
  1408 10041
  1409 10041
  1410 10041
  1412 10016
  1413 10016
  1416 10016
  1417 10041
  1418 10016
  1419 10041
  1420 10016
  1424 10016
  1426 10041
  1427 10041
  1428 10016
  1429 10016
  1431 10041
  1432 10041
  1433 10041
  1434 10041
  1435 10041
  1436 10016
  1437 10016
  1438 10041
  1439 10041
  1441 10016
  1444 10041
  1445 10041
  1446 10041
  1447 10016
  1448 10016
  1449 10041
  1450 10041
  1456 10041
  1457 10041
  1458 10041
  1459 10041
  1460 10041
  1461 10041
  1462 10041
  1463 10041
  1464 10016
  1465 10041
  1466 10016
  1467 10041
  1468 10041
  1471 10016
  1474 10041
  1477 10016
  1480 10041
  1481 10041
  1482 10041
  1483 10041
  1487 10016
  1488 10016
  1489 10016
  1494 10016
  1495 10016
  1506 10041
  1507 10041
  1508 10041
  1509 10041
  1510 10041
  1511 10041
  1512 10041
  1513 10138
  1514 10041
  1517 10138
  1518 10138
  1520 10041
  1521 10041
  1522 10041
  1523 10138
  1524 10138
  1526 10138
  1527 10041
  1528 10041
  1529 10041
  1530 10041
  1531 10041
  1532 10041
  1533 10041
  1534 10041
  1535 10041
  1536 10041
  1537 10041
  1538 10041
  1539 10041
  1540 10041
  1541 10041
  1542 10041
  1543 10041
  1544 10041
  1545 10041
  1546 10041
  1547 10041
  1548 10041
  1549 10138
  1550 10041
  1551 10041
  1552 10041
  1553 10041
  1554 10041
  1555 10041
  1556 10041
  1557 10041
  1558 10041
  1559 10041
  1560 10041
  1561 10041
  1562 10041
  1563 10041
  1564 10041
  1565 10041
  1566 10041
  1567 10041
  1568 10041
  1569 10041
  1570 10041
  1571 10041
  1572 10041
  1573 10041
  1574 10041
  1575 10041
  1576 10041
  1577 10041
  1578 10041
  1579 10041
  1580 10041
  1581 10041
  1582 10041
  1583 10041
  1584 10041
  1585 10041
  1586 10041
  1587 10041
  1588 10041
  1589 10041
  1590 10041
  1591 10041
  1592 10041
  1593 10041
  1594 10041
  1595 10041
  1596 10041
  1597 10041
  1599 10138
  1602 10138
  1604 10138
  1605 10138
  1607 10138
  1611 10138
  1613 10138
  1621 10042
  1622 10045
  1623 10045
  1624 10045
  1625 10045
  1626 10041
  1627 10041
  1628 10041
  1629 10041
  1630 10041
  1631 10041
  1632 10041
  1633 10041
  1634 10041
  1635 10041
  1636 10041
  1637 10041
  1638 10041
  1639 10041
  1640 10041
  1641 10041
  1642 10041
  1643 10041
  1644 10041
  1645 10041
  1646 10041
  1647 10041
  1648 10041
  1649 10041
  1650 10041
  1651 10041
  1652 10041
  1653 10041
  1654 10041
  1655 10041
  1656 10041
  1657 10041
  1658 10041
  1659 10041
  1660 10041
  1661 10041
  1662 10041
  1663 10041
  1664 10041
  1665 10041
  1666 10041
  1667 10041
  1668 10041
  1669 10041
  1670 10041
  1671 10041
  1672 10041
  1673 10041
  1674 10041
  1675 10041
  1676 10041
  1677 10041
  1678 10041
  1679 10041
  1680 10041
  1681 10041
  1682 10041
  1683 10041
  1684 10041
  1685 10041
  1686 10041
  1687 10041
  1688 10041
  1689 10041
  1690 10041
  1691 10041
  1692 10041
  1693 10041
  1694 10041
  1695 10041
  1696 10041
  1697 10041
  1698 10041
  1699 10041
  1700 10041
  1701 10041
  1702 10041
  1703 10041
  1704 10041
  1705 10041
  1706 10041
  1707 10041
  1708 10041
  1709 10041
  1710 10041
  1711 10041
  1712 10041
  1713 10041
  1714 10041
  1715 10041
  1716 10041
  1717 10041
  1718 10041
  1719 10041
  1720 10041
  1721 10041
  1722 10041
  1723 10041
  1724 10041
  1725 10041
  1726 10041
  1727 10041
  1728 10041
  1729 10041
  1730 10041
  1731 10041
  1732 10041
  1733 10041
  1734 10041
  1735 10041
  1736 10041
  1737 10041
  1738 10041
  1739 10041
  1740 10041
  1741 10041
  1742 10041
  1743 10041
  1744 10041
  1745 10041
  1746 10041
  1747 10041
  1748 10041
  1749 10041
  1750 10041
  1751 10041
  1752 10041
  1753 10041
  1754 10041
  1755 10041
  1756 10041
  1757 10041
  1758 10041
  1759 10041
  1760 10041
  1761 10041
  1762 10041
  1763 10041
  1764 10041
  1765 10041
  1766 10041
  1767 10041
  1768 10041
  1769 10041
  1770 10041
  1771 10041
  1772 10041
  1773 10041
  1774 10041
  1775 10041
  1776 10041
  1777 10041
  1778 10041
  1779 10041
  1780 10041
  1781 10041
  1782 10041
  1783 10041
  1784 10041
  1785 10041
  1786 10041
  1787 10041
  1788 10041
  1789 10041
  1790 10041
  1791 10041
  1792 10041
  1793 10041
  1794 10041
  1795 10041
  1796 10041
  1797 10041
  1798 10041
  1799 10041
  1800 10041
  1801 10041
  1802 10041
  1803 10041
  1804 10041
  1805 10041
  1806 10041
  1807 10041
  1808 10041
  1809 10041
  1810 10041
  1811 10041
  1812 10041
  1813 10041
  1814 10041
  1815 10041
  1816 10041
  1817 10041
  1818 10041
  1819 10041
  1820 10041
  1821 10041
  1822 10041
  1823 10041
  1824 10041
  1825 10041
  1826 10041
  1827 10041
  1828 10041
  1829 10041
  1830 10041
  1831 10041
  1832 10041
  1833 10041
  1834 10041
  1835 10041
  1836 10041
  1837 10041
  1838 10041
  1839 10041
  1840 10041
  1841 10041
  1842 10041
  1843 10041
  1844 10041
  1845 10041
  1846 10041
  1847 10041
  1848 10041
  1849 10041
  1850 10041
  1851 10041
  1852 10041
  1853 10041
  1854 10041
  1855 10041
  1856 10041
  1857 10041
  1858 10041
  1859 10041
  1860 10041
  1861 10041
  1862 10041
  1863 10041
  1864 10041
  1865 10041
  1866 10041
  1867 10041
  1868 10082
  1869 10082
  1876 10072
  1877 10072
  1878 10072
  1879 10072
  1880 10041
  1881 10041
  1882 10041
  1883 10041
  1884 10041
  1885 10072
  1887 10072
  1888 10072
  1889 10041
  1891 10072
  1893 10028
  1894 10028
  1899 10045
  1900 10045
  1901 10045
  1905 10094
  1906 10094
  1907 10094
  1908 10094
  1909 10094
  1910 10064
  1920 10054
  1921 10054
  1922 10054
  1923 10054
  1924 10054
  1925 10054
  1926 10054
  1927 10054
  1928 10054
  1929 10054
  1930 10054
  1931 10054
  1945 10054
  1946 10054
  1947 10054
  1948 10054
  1949 10054
  1965 10054
  1966 10054
  1967 10054
  1968 10054
  1969 10054
  1970 10054
  1971 10054
  1972 10054
  1973 10054
  1974 10054
  1975 10054
  1976 10054
  1986 10054
  1987 10054
  1988 10054
  1989 10054
  1990 10054
  1994 10054
  1995 10054
  1996 10054
  1997 10054
  1998 10054
  1999 10054
  2000 10054
  2001 10054
  2002 10054
  2008 10054
  2009 10054
  2010 10054
  2011 10054
  2012 10054
  2013 10054
  2022 10054
  2023 10054
  2036 10054
  2037 10054
  2038 10054
  2039 10027
  2040 10027
  2041 10039
  2042 10039
  2043 10039
  2044 10039
  2045 10039
  2046 10082
  2047 10151
  2048 10151
  2049 10151
  2050 10151
  2051 10151
