   687 10029
   690 10145
   691 10145
   692 10145
   693 10145
   694 10145
   695 10145
   696 10145
   697 10145
   698 10145
   699 10145
   700 10145
   701 10145
   702 10145
   703 10145
   704 10145
   705 10145
   706 10145
   707 10145
   708 10145
   709 10145
   710 10145
   711 10145
   712 10145
   713 10145
   714 10145
   715 10145
   716 10145
   717 10145
   718 10145
   719 10145
   720 10145
   721 10145
   722 10145
   723 10145
   724 10145
   725 10145
   726 10145
   727 10145
   728 10145
   729 10145
   730 10145
   731 10145
   732 10145
   733 10145
   734 10145
   735 10145
   736 10145
   737 10145
   738 10145
   739 10145
   740 10145
   741 10145
   742 10145
   743 10145
   744 10145
   745 10145
   746 10145
   747 10145
   748 10145
   749 10145
   750 10145
   751 10145
   752 10145
   753 10145
   754 10145
   755 10145
   756 10145
   757 10145
   758 10145
   759 10145
   760 10145
   761 10145
   762 10145
   763 10145
   764 10145
   765 10145
   766 10145
   767 10145
   768 10145
   769 10145
   770 10145
   771 10145
   772 10145
   773 10145
   774 10145
   775 10145
   776 10145
   777 10145
   778 10145
   779 10145
   780 10145
   783 10134
   784 10101
   785 10088
   786 10088
   787 10088
   788 10088
   789 10088
   790 10088
   791 10088
   792 10088
   793 10088
   794 10088
   795 10088
   796 10088
   797 10088
   798 10088
   799 10088
   800 10088
   801 10088
   802 10088
   803 10088
   804 10088
   805 10088
   806 10088
   807 10088
   808 10088
   809 10088
   810 10088
   811 10088
   812 10088
   813 10088
   814 10088
   815 10088
   816 10088
   817 10088
   818 10088
   819 10088
   820 10088
   821 10088
   822 10088
   823 10088
   824 10088
   825 10088
   826 10088
   827 10088
   828 10088
   829 10088
   830 10088
   831 10088
   832 10088
   833 10088
   834 10088
   835 10088
   836 10088
   837 10088
   838 10088
   839 10088
   840 10088
   841 10088
   842 10088
   843 10088
   844 10088
   845 10088
   846 10088
   847 10088
   848 10088
   849 10088
   850 10088
   851 10088
   852 10088
   853 10088
   854 10088
   855 10088
   856 10088
   857 10088
   858 10088
   859 10088
   860 10088
   861 10088
   862 10088
   863 10088
   864 10088
   865 10088
   866 10088
   867 10088
   868 10088
   869 10088
   870 10088
   871 10088
   872 10088
   873 10088
   874 10088
   875 10088
   876 10088
   877 10088
   878 10088
   879 10088
   880 10088
   881 10088
   882 10088
   883 10088
   884 10088
   885 10088
   886 10088
   887 10088
   888 10088
   889 10088
   890 10088
   891 10088
   892 10088
   893 10088
   894 10088
   895 10088
   896 10088
   897 10088
   898 10088
   899 10088
   900 10088
   901 10088
   902 10088
   903 10088
   904 10088
   905 10088
   906 10088
   907 10088
   908 10088
   909 10088
   910 10088
   911 10088
   912 10088
   913 10088
   914 10088
   915 10088
   916 10088
   917 10088
   918 10088
   919 10088
   920 10088
   921 10088
   922 10088
   923 10088
   924 10088
   925 10088
   926 10088
   927 10088
   928 10088
   929 10088
   930 10088
   931 10088
   932 10088
   933 10088
   934 10088
   935 10088
   936 10088
   937 10088
   938 10088
   939 10088
   940 10088
   941 10088
   942 10088
   943 10088
   944 10088
   945 10088
   946 10088
   947 10088
   948 10088
   949 10088
   950 10088
   951 10088
   952 10088
   953 10088
   954 10088
   955 10088
   956 10088
   957 10088
   958 10088
   959 10088
   960 10088
   961 10088
   962 10088
   963 10088
   964 10088
   965 10088
   966 10088
   967 10088
   968 10088
   969 10088
   970 10088
   971 10088
   972 10088
   973 10088
   974 10088
   975 10088
   976 10088
   977 10088
   978 10088
   979 10088
   980 10088
   981 10088
   982 10088
   983 10088
   984 10088
   985 10088
   986 10088
   987 10088
   988 10088
   989 10088
   990 10088
   991 10088
   992 10088
   993 10088
   994 10088
   995 10088
   996 10088
   997 10088
   998 10088
   999 10088
  1000 10088
  1001 10088
  1002 10088
  1003 10088
  1004 10088
  1005 10088
  1006 10088
  1007 10088
  1008 10088
  1009 10088
  1010 10088
  1011 10088
  1012 10088
  1013 10088
  1014 10088
  1015 10088
  1016 10088
  1017 10088
  1018 10088
  1019 10088
  1020 10088
  1021 10029
  1022 10029
  1023 10029
  1024 10029
  1025 10029
  1026 10029
  1027 10029
  1028 10029
  1029 10029
  1030 10029
  1031 10029
  1032 10029
  1033 10029
  1034 10029
  1035 10029
  1036 10029
  1037 10029
  1038 10029
  1039 10029
  1040 10029
  1041 10029
  1042 10029
  1043 10029
  1044 10029
  1045 10029
  1046 10029
  1047 10029
  1048 10029
  1049 10029
  1050 10029
  1051 10029
  1052 10029
  1053 10029
  1054 10029
  1055 10029
  1056 10029
  1057 10029
  1058 10029
  1059 10029
  1060 10029
  1061 10029
  1062 10029
  1063 10029
  1064 10029
  1065 10029
  1066 10029
  1067 10029
  1068 10029
  1069 10029
  1070 10029
  1071 10029
  1072 10029
  1073 10029
  1074 10029
  1075 10029
  1076 10029
  1077 10029
  1078 10029
  1079 10029
  1080 10029
  1081 10029
  1082 10029
  1083 10029
  1084 10029
  1085 10029
  1086 10029
  1087 10029
  1088 10029
  1089 10029
  1090 10029
  1091 10029
  1092 10029
  1093 10029
  1094 10029
  1095 10029
  1096 10029
  1097 10029
  1098 10029
  1099 10029
  1100 10029
  1101 10029
  1102 10029
  1103 10029
  1104 10029
  1105 10029
  1106 10029
  1107 10029
  1108 10029
  1109 10029
  1110 10029
  1111 10029
  1112 10029
  1113 10029
  1114 10029
  1115 10029
  1116 10029
  1117 10029
  1118 10029
  1119 10029
  1120 10029
  1121 10029
  1122 10029
  1123 10029
  1124 10029
  1125 10029
  1126 10029
  1127 10029
  1128 10029
  1129 10029
  1130 10029
  1131 10029
  1132 10029
  1133 10029
  1134 10029
  1135 10029
  1136 10029
  1137 10029
  1138 10029
  1139 10029
  1140 10029
  1141 10029
  1142 10029
  1143 10029
  1144 10029
  1145 10029
  1146 10029
  1147 10029
  1148 10029
  1149 10029
  1150 10029
  1151 10029
  1152 10029
  1153 10029
  1154 10029
  1155 10029
  1156 10029
  1157 10029
  1158 10029
  1159 10029
  1160 10029
  1161 10029
  1162 10029
  1163 10029
  1164 10029
  1165 10029
  1166 10029
  1167 10029
  1168 10029
  1169 10029
  1170 10029
  1171 10029
  1172 10029
  1173 10029
  1174 10029
  1175 10029
  1176 10029
  1177 10029
  1178 10029
  1179 10029
  1180 10029
  1181 10029
  1182 10029
  1183 10029
  1184 10029
  1185 10029
  1186 10029
  1187 10029
  1188 10029
  1189 10029
  1190 10029
  1191 10029
  1192 10029
  1193 10029
  1194 10029
  1195 10029
  1196 10029
  1197 10029
  1198 10029
  1199 10029
  1200 10029
  1201 10029
  1202 10029
  1203 10029
  1204 10029
  1205 10029
  1206 10029
  1207 10029
  1208 10029
  1209 10029
  1210 10029
  1211 10029
  1212 10029
  1213 10029
  1214 10029
  1215 10029
  1216 10029
  1217 10029
  1218 10029
  1219 10029
  1220 10029
  1221 10029
  1222 10029
  1223 10029
  1224 10029
  1225 10029
  1226 10029
  1227 10029
  1228 10029
  1229 10029
  1230 10029
  1231 10029
  1232 10029
  1233 10029
  1234 10029
  1235 10029
  1236 10029
  1237 10029
  1238 10029
  1239 10029
  1240 10029
  1241 10029
  1242 10029
  1243 10029
  1244 10029
  1245 10029
  1246 10029
  1247 10029
  1248 10029
  1249 10029
  1250 10029
  1251 10029
  1252 10029
  1253 10029
  1254 10029
  1255 10029
  1256 10029
  1257 10029
  1258 10029
  1260 10055
  1261 10098
  1262 10018
  1263 10018
  1264 10055
  1265 10055
  1266 10055
  1267 10055
  1268 10055
  1269 10018
  1270 10055
  1271 10055
  1272 10055
  1273 10055
  1274 10055
  1275 10055
  1276 10055
  1277 10055
  1278 10055
  1279 10055
  1280 10055
  1281 10055
  1282 10055
  1283 10055
  1284 10055
  1285 10055
  1286 10055
  1287 10055
  1288 10055
  1289 10055
  1290 10055
  1291 10055
  1292 10055
  1293 10055
  1294 10055
  1295 10055
  1296 10055
  1297 10055
  1298 10055
  1299 10055
  1300 10055
  1301 10055
  1302 10055
  1303 10055
  1304 10055
  1305 10055
  1306 10055
  1307 10055
  1308 10055
  1309 10055
  1310 10055
  1311 10055
  1312 10055
  1313 10055
  1314 10055
  1315 10055
  1316 10055
  1317 10055
  1318 10055
  1319 10055
  1320 10055
  1321 10055
  1322 10055
  1323 10055
  1324 10055
  1325 10055
  1326 10055
  1327 10055
  1328 10055
  1329 10055
  1330 10055
  1331 10055
  1332 10055
  1333 10055
  1334 10055
  1335 10055
  1336 10055
  1337 10055
  1338 10055
  1341 10016
  1342 10014
  1343 10016
  1344 10014
  1345 10014
  1346 10107
  1347 10107
  1348 10016
  1349 10016
  1350 10016
  1351 10016
  1352 10016
  1353 10016
  1354 10016
  1355 10016
  1356 10016
  1357 10016
  1358 10016
  1359 10143
  1360 10143
  1361 10143
  1362 10143
  1363 10016
  1364 10016
  1365 10016
  1366 10016
  1367 10016
  1368 10016
  1369 10016
  1370 10016
  1371 10016
  1372 10016
  1373 10016
  1375 10143
  1376 10143
  1377 10016
  1378 10016
  1379 10016
  1380 10016
  1381 10016
  1382 10016
  1383 10016
  1395 10163
  1396 10163
  1397 10163
  1398 10163
  1399 10163
  1400 10163
  1401 10163
  1402 10163
  1403 10163
  1404 10163
  1405 10163
  1406 10163
  1407 10163
  1408 10163
  1409 10163
  1410 10163
  1411 10163
  1412 10163
  1413 10163
  1414 10163
  1415 10163
  1416 10163
  1417 10163
  1418 10163
  1419 10163
  1420 10163
  1421 10163
  1422 10163
  1423 10163
  1424 10163
  1425 10163
  1426 10163
  1427 10163
  1428 10163
  1429 10163
  1430 10163
  1431 10163
  1432 10163
  1433 10163
  1434 10163
  1435 10163
  1436 10163
  1437 10163
  1438 10163
  1439 10163
  1440 10163
  1441 10163
  1442 10163
  1443 10163
  1444 10163
  1445 10163
  1446 10163
  1447 10163
  1448 10163
  1449 10163
  1450 10163
  1451 10163
  1452 10163
  1453 10163
  1454 10163
  1455 10163
  1456 10163
  1457 10163
  1458 10163
  1459 10163
  1460 10163
  1461 10163
  1462 10163
  1463 10163
  1464 10163
  1465 10163
  1466 10163
  1467 10163
  1468 10163
  1469 10163
  1470 10163
  1471 10163
  1472 10163
  1473 10163
  1474 10163
  1475 10163
  1476 10163
  1477 10163
  1478 10163
  1479 10163
  1480 10163
  1481 10163
  1482 10163
  1483 10163
  1484 10163
  1485 10163
  1486 10163
  1487 10163
  1488 10163
  1489 10163
  1490 10163
  1491 10163
  1492 10163
  1493 10163
  1494 10163
  1495 10163
  1496 10163
  1497 10163
  1498 10163
  1499 10163
  1500 10163
  1501 10163
  1502 10163
  1503 10163
  1504 10163
  1505 10163
  1506 10163
  1507 10163
  1508 10163
  1509 10163
  1510 10163
  1511 10163
  1512 10163
  1513 10163
  1514 10163
  1515 10163
  1516 10163
  1517 10163
  1518 10163
  1519 10163
  1520 10163
  1521 10163
  1522 10163
  1523 10163
  1524 10163
  1525 10163
  1526 10163
  1527 10163
  1528 10163
  1529 10163
  1530 10163
  1531 10163
  1532 10163
  1533 10163
  1534 10163
  1535 10163
  1536 10163
  1537 10163
  1538 10163
  1539 10163
  1540 10163
  1541 10163
  1542 10163
  1543 10163
  1544 10163
  1545 10163
  1546 10163
  1547 10163
  1548 10163
  1549 10163
  1550 10163
  1551 10163
  1552 10163
  1553 10163
  1554 10163
  1555 10163
  1556 10163
  1557 10163
  1558 10163
  1559 10163
  1560 10163
  1561 10163
  1562 10163
  1563 10163
  1564 10163
  1565 10163
  1566 10163
  1567 10163
  1568 10163
  1569 10163
  1570 10163
  1571 10163
  1572 10163
  1573 10163
  1574 10163
  1575 10163
  1576 10163
  1577 10163
  1578 10163
  1579 10163
  1580 10163
  1581 10163
  1582 10163
  1583 10163
  1584 10163
  1585 10163
  1586 10163
  1587 10163
  1588 10163
  1589 10163
  1590 10163
  1591 10163
  1592 10163
  1593 10163
  1594 10163
  1595 10163
  1596 10163
  1597 10163
  1598 10163
  1599 10163
  1600 10163
  1601 10163
  1602 10163
  1603 10163
  1604 10163
  1605 10163
  1606 10163
  1607 10163
  1608 10163
  1609 10163
  1610 10163
  1611 10163
  1612 10163
  1613 10163
  1614 10163
  1615 10163
  1616 10163
  1617 10163
  1618 10163
  1619 10163
  1620 10163
  1621 10163
  1622 10043
  1624 10041
  1625 10041
  1626 10041
  1627 10041
  1628 10041
  1629 10041
  1856 10041
  1857 10082
  1858 10082
  1867 10074
  1868 10074
  1869 10074
  1870 10074
  1871 10074
  1872 10074
  1873 10074
  1874 10074
  1875 10074
  1876 10074
  1877 10074
  1878 10074
  1879 10074
  1880 10074
  1881 10074
  1882 10074
  1883 10074
  1884 10074
  1885 10074
  1886 10074
  1887 10074
  1888 10074
  1889 10074
  1890 10074
  1891 10074
  1892 10074
  1893 10074
  1894 10074
  1895 10074
  1896 10074
  1897 10074
  1898 10074
  1899 10074
  1900 10074
  1901 10074
  1902 10074
  1903 10074
  1904 10074
  1905 10074
  1906 10074
  1907 10074
  1908 10074
  1909 10074
  1910 10074
  1911 10074
  1912 10074
  1913 10074
  1914 10074
  1915 10074
  1916 10074
  1917 10074
  1918 10074
  1919 10074
  1920 10074
  1921 10074
  1922 10074
  1923 10074
  1924 10074
  1925 10074
  1926 10074
  1927 10074
  1928 10074
  1929 10074
  1930 10074
  1931 10074
  1932 10074
  1933 10074
  1934 10074
  1935 10074
  1936 10074
  1937 10074
  1938 10074
  1939 10074
  1940 10074
  1941 10074
  1942 10074
  1943 10074
  1944 10074
  1945 10074
  1946 10074
  1947 10074
  1948 10074
  1949 10074
  1950 10074
  1951 10074
  1952 10074
  1953 10074
  1954 10074
  1955 10074
  1956 10074
  1957 10074
  1958 10074
  1959 10074
  1960 10074
  1961 10074
  1962 10074
  1963 10074
  1964 10074
  1965 10074
  1966 10074
  1967 10074
  1968 10074
  1969 10074
  1970 10074
  1971 10074
  1972 10074
  1973 10074
  1974 10074
  1975 10074
  1976 10074
  1977 10074
  1978 10074
  1979 10074
  1980 10074
  1981 10074
  1982 10074
  1983 10074
  1984 10074
  1985 10074
  1986 10074
  1987 10074
  1988 10074
  1989 10074
  1990 10074
  1991 10074
  1992 10074
  1993 10074
  1994 10074
  1995 10074
  1996 10074
  1997 10074
  1998 10074
  1999 10074
  2000 10074
  2001 10074
  2002 10074
  2003 10074
  2004 10074
  2005 10074
  2006 10074
  2007 10074
  2008 10074
  2009 10074
  2010 10074
  2011 10074
  2012 10074
  2013 10074
  2014 10074
  2015 10074
  2016 10074
  2017 10074
  2018 10074
  2019 10074
  2020 10074
