   780 10154
   781 10154
   782 10154
   783 10154
   784 10081
   785 10081
   786 10081
   787 10081
   788 10081
   789 10081
   790 10081
   791 10081
   792 10081
   793 10081
   794 10081
   795 10081
   796 10081
   797 10081
   798 10081
   799 10081
   800 10081
   801 10081
   802 10081
   803 10081
   804 10081
   805 10081
   806 10081
   807 10081
   808 10081
   809 10081
   810 10081
   811 10081
   812 10081
   813 10081
   814 10081
   815 10081
   816 10081
   817 10081
   818 10081
   819 10081
   820 10081
   821 10081
   822 10081
   823 10081
   824 10081
   825 10081
   826 10081
   827 10081
   828 10081
   829 10081
   830 10081
   831 10081
   832 10081
   833 10081
   834 10081
   835 10081
   836 10081
   837 10081
   838 10081
   839 10081
   840 10081
   841 10081
   842 10081
   843 10081
   844 10081
   845 10081
   846 10081
   847 10081
   848 10081
   849 10081
   850 10081
   851 10081
   852 10081
   853 10081
   854 10081
   855 10081
   856 10081
   857 10081
   858 10081
   859 10081
   860 10081
   861 10081
   862 10081
   863 10081
   864 10081
   865 10081
   866 10081
   867 10081
   868 10081
   869 10081
   870 10081
   871 10081
   872 10081
   873 10081
   874 10081
   875 10081
   876 10081
   877 10081
   878 10081
   879 10081
   880 10081
   881 10081
   882 10081
   883 10081
   884 10081
   885 10081
   886 10081
   887 10081
   888 10081
   889 10081
   890 10081
   891 10081
   892 10081
   893 10081
   894 10081
   895 10081
   896 10081
   897 10081
   898 10081
   899 10081
   900 10081
   901 10081
   902 10081
   903 10081
   904 10081
   905 10081
   906 10081
   907 10081
   908 10081
   909 10081
   910 10081
   911 10081
   912 10081
   913 10081
   914 10081
   915 10081
   916 10081
   917 10081
   918 10081
   919 10081
   920 10081
   921 10081
   922 10081
   923 10081
   924 10081
   925 10081
   926 10081
   927 10081
   928 10081
   929 10081
   930 10081
   931 10081
   932 10081
   933 10081
   934 10081
   935 10081
   936 10081
   937 10081
   938 10081
   939 10081
   940 10081
   941 10081
   942 10081
   943 10081
   944 10081
   945 10081
   946 10081
   947 10081
   948 10081
   949 10081
   950 10081
   951 10081
   952 10081
   953 10081
   954 10081
   955 10081
   956 10081
   957 10081
   958 10081
   959 10081
   960 10081
   961 10081
   962 10081
   963 10081
   964 10081
   965 10081
   966 10081
   967 10081
   968 10081
   969 10081
   970 10081
   971 10081
   972 10081
   973 10081
   974 10081
   975 10081
   976 10081
   977 10081
   978 10081
   979 10081
   980 10081
   981 10081
   982 10081
   983 10081
   984 10081
   985 10081
   986 10081
   987 10081
   988 10081
   989 10081
   990 10081
   991 10081
   992 10081
   993 10081
   994 10081
   995 10081
   996 10081
   997 10081
   998 10081
   999 10081
  1000 10081
  1001 10081
  1002 10081
  1003 10081
  1004 10081
  1005 10081
  1006 10081
  1007 10081
  1008 10081
  1009 10081
  1010 10081
  1011 10081
  1012 10081
  1013 10081
  1014 10081
  1015 10081
  1016 10081
  1017 10081
  1018 10081
  1019 10081
  1020 10081
  1022 10122
  1024 10122
  1025 10122
  1026 10122
  1027 10122
  1028 10122
  1029 10122
  1030 10122
  1031 10122
  1032 10122
  1033 10122
  1034 10122
  1035 10122
  1036 10122
  1037 10122
  1038 10122
  1039 10122
  1040 10122
  1041 10122
  1042 10122
  1043 10122
  1044 10122
  1045 10122
  1046 10122
  1047 10122
  1048 10122
  1049 10122
  1050 10122
  1051 10122
  1052 10122
  1053 10122
  1054 10122
  1055 10122
  1056 10122
  1057 10122
  1058 10122
  1059 10122
  1060 10122
  1061 10122
  1062 10122
  1063 10122
  1064 10122
  1065 10122
  1066 10122
  1067 10122
  1068 10122
  1069 10122
  1070 10122
  1071 10122
  1072 10122
  1073 10122
  1074 10122
  1075 10122
  1076 10122
  1077 10122
  1078 10122
  1079 10122
  1080 10122
  1081 10122
  1082 10122
  1083 10122
  1084 10122
  1085 10122
  1086 10122
  1087 10122
  1088 10122
  1089 10122
  1090 10122
  1091 10122
  1092 10122
  1093 10122
  1094 10122
  1095 10122
  1096 10122
  1097 10122
  1098 10122
  1099 10122
  1100 10122
  1101 10122
  1102 10122
  1103 10122
  1104 10122
  1105 10122
  1106 10122
  1107 10122
  1108 10122
  1109 10122
  1110 10122
  1111 10122
  1112 10122
  1113 10122
  1114 10122
  1115 10122
  1116 10122
  1117 10122
  1118 10122
  1119 10122
  1120 10122
  1121 10122
  1122 10122
  1123 10122
  1124 10122
  1125 10122
  1126 10122
  1127 10122
  1128 10122
  1129 10122
  1130 10122
  1131 10122
  1132 10122
  1133 10122
  1134 10122
  1135 10122
  1136 10122
  1137 10122
  1138 10122
  1139 10122
  1140 10122
  1141 10122
  1142 10122
  1143 10122
  1144 10122
  1145 10122
  1146 10122
  1147 10122
  1148 10122
  1149 10122
  1150 10122
  1151 10122
  1152 10122
  1153 10122
  1154 10122
  1155 10122
  1156 10122
  1157 10122
  1158 10122
  1159 10122
  1160 10122
  1161 10122
  1162 10122
  1163 10122
  1164 10122
  1165 10122
  1166 10122
  1167 10122
  1168 10122
  1169 10122
  1170 10122
  1171 10122
  1172 10122
  1173 10122
  1174 10122
  1175 10122
  1176 10122
  1177 10122
  1178 10122
  1179 10122
  1180 10122
  1181 10122
  1182 10122
  1183 10122
  1184 10122
  1185 10122
  1186 10122
  1187 10122
  1188 10122
  1189 10122
  1190 10122
  1191 10122
  1192 10122
  1193 10122
  1194 10122
  1195 10122
  1196 10122
  1197 10122
  1198 10122
  1199 10122
  1200 10122
  1201 10122
  1202 10122
  1203 10122
  1204 10122
  1205 10122
  1206 10122
  1207 10122
  1208 10122
  1209 10122
  1210 10122
  1211 10122
  1212 10122
  1213 10122
  1214 10122
  1215 10122
  1216 10122
  1217 10122
  1218 10122
  1219 10122
  1220 10122
  1221 10122
  1222 10122
  1223 10122
  1224 10122
  1225 10122
  1226 10122
  1227 10122
  1228 10122
  1229 10122
  1230 10122
  1231 10122
  1232 10122
  1233 10122
  1234 10122
  1235 10122
  1236 10122
  1237 10122
  1238 10122
  1239 10122
  1240 10122
  1241 10122
  1242 10122
  1243 10122
  1244 10122
  1245 10122
  1246 10122
  1247 10122
  1248 10122
  1249 10122
  1250 10122
  1251 10122
  1252 10122
  1253 10122
  1254 10122
  1255 10122
  1256 10122
  1257 10122
  1258 10122
  1259 10122
  1266 10018
  1267 10018
  1268 10018
  1269 10018
  1270 10018
  1271 10018
  1272 10040
  1273 10040
  1274 10040
  1275 10040
  1276 10040
  1277 10040
  1278 10040
  1279 10040
  1280 10040
  1281 10040
  1282 10018
  1283 10018
  1284 10040
  1288 10040
  1289 10040
  1290 10040
  1291 10040
  1292 10040
  1297 10040
  1301 10040
  1302 10040
  1303 10040
  1304 10040
  1305 10040
  1306 10040
  1307 10040
  1310 10040
  1311 10040
  1312 10040
  1313 10040
  1314 10040
  1315 10040
  1316 10040
  1317 10040
  1318 10040
  1319 10040
  1320 10040
  1321 10040
  1322 10040
  1323 10040
  1324 10018
  1325 10018
  1326 10018
  1327 10018
  1328 10018
  1329 10143
  1330 10143
  1331 10143
  1332 10036
  1333 10036
  1334 10036
  1335 10036
  1336 10036
  1337 10036
  1338 10036
  1339 10036
  1340 10036
  1341 10036
  1342 10036
  1343 10036
  1344 10036
  1345 10036
  1346 10036
  1347 10036
  1348 10036
  1349 10036
  1350 10036
  1351 10036
  1352 10036
  1353 10036
  1354 10036
  1355 10016
  1356 10016
  1357 10016
  1358 10016
  1359 10016
  1360 10130
  1366 10101
  1367 10101
  1368 10138
  1377 10043
  1378 10049
  1381 10049
  1382 10049
  1383 10049
  1384 10049
  1385 10049
  1386 10049
  1387 10049
  1388 10049
  1389 10049
  1390 10049
  1391 10049
  1392 10049
  1393 10049
  1394 10049
  1395 10049
  1396 10049
  1397 10049
  1398 10049
  1399 10049
  1400 10049
  1401 10049
  1402 10049
  1403 10049
  1404 10049
  1405 10049
  1406 10049
  1407 10049
  1408 10049
  1409 10049
  1410 10049
  1411 10049
  1412 10049
  1413 10049
  1414 10049
  1415 10049
  1416 10049
  1417 10049
  1418 10049
  1419 10049
  1420 10049
  1421 10049
  1422 10049
  1423 10049
  1424 10049
  1425 10049
  1426 10049
  1427 10049
  1428 10049
  1429 10049
  1430 10049
  1431 10049
  1432 10049
  1433 10049
  1434 10049
  1435 10049
  1436 10049
  1437 10049
  1438 10049
  1439 10049
  1440 10049
  1441 10049
  1442 10049
  1443 10049
  1444 10049
  1445 10049
  1446 10049
  1447 10049
  1448 10049
  1449 10049
  1450 10049
  1451 10049
  1452 10049
  1453 10049
  1454 10049
  1455 10049
  1456 10049
  1457 10049
  1458 10049
  1459 10049
  1460 10049
  1461 10049
  1462 10049
  1463 10049
  1464 10049
  1465 10049
  1466 10049
  1467 10049
  1468 10049
  1469 10049
  1470 10049
  1471 10049
  1472 10049
  1473 10049
  1474 10049
  1475 10049
  1476 10049
  1477 10049
  1478 10049
  1479 10049
  1480 10049
  1481 10049
  1482 10049
  1483 10049
  1484 10049
  1485 10049
  1486 10049
  1487 10049
  1488 10049
  1489 10049
  1490 10049
  1491 10049
  1492 10049
  1493 10049
  1494 10049
  1495 10049
  1496 10049
  1497 10049
  1498 10049
  1499 10049
  1500 10049
  1501 10049
  1502 10049
  1503 10049
  1504 10049
  1505 10049
  1506 10049
  1507 10049
  1508 10049
  1509 10049
  1510 10049
  1511 10049
  1512 10049
  1513 10049
  1514 10049
  1515 10049
  1516 10049
  1517 10049
  1518 10049
  1519 10049
  1520 10049
  1521 10049
  1522 10049
  1523 10049
  1524 10049
  1525 10049
  1526 10049
  1527 10049
  1528 10049
  1529 10049
  1530 10049
  1531 10049
  1532 10049
  1533 10049
  1534 10049
  1535 10049
  1536 10049
  1537 10049
  1538 10049
  1539 10049
  1540 10049
  1541 10049
  1542 10049
  1543 10049
  1544 10049
  1545 10049
  1546 10049
  1547 10049
  1548 10049
  1549 10049
  1550 10049
  1551 10049
  1552 10049
  1553 10049
  1554 10049
  1555 10049
  1556 10049
  1557 10049
  1558 10049
  1559 10049
  1560 10049
  1561 10049
  1562 10049
  1563 10049
  1564 10049
  1565 10049
  1566 10049
  1567 10049
  1568 10049
  1569 10049
  1570 10049
  1571 10049
  1572 10049
  1573 10049
  1574 10049
  1575 10049
  1576 10049
  1577 10049
  1578 10049
  1579 10049
  1580 10049
  1581 10049
  1582 10049
  1583 10049
  1584 10049
  1585 10049
  1586 10049
  1587 10049
  1588 10049
  1589 10049
  1590 10049
  1591 10049
  1592 10049
  1593 10049
  1594 10049
  1595 10049
  1596 10049
  1597 10049
  1598 10049
  1599 10049
  1600 10049
  1601 10049
  1602 10049
  1603 10049
  1604 10049
  1605 10049
  1606 10049
  1607 10049
  1608 10049
  1609 10049
  1610 10049
  1611 10049
  1612 10049
  1613 10049
  1614 10049
  1615 10049
  1616 10049
  1617 10049
  1618 10049
  1619 10049
  1620 10049
  1622 10067
  1625 10067
  1626 10067
  1627 10067
  1628 10067
  1629 10067
  1630 10067
  1631 10067
  1632 10067
  1633 10067
  1634 10067
  1635 10067
  1636 10067
  1637 10067
  1638 10067
  1639 10067
  1640 10067
  1641 10067
  1642 10067
  1643 10067
  1644 10067
  1645 10067
  1646 10067
  1647 10067
  1648 10067
  1649 10067
  1650 10067
  1651 10067
  1652 10067
  1653 10067
  1654 10067
  1655 10067
  1656 10067
  1657 10067
  1658 10067
  1659 10067
  1660 10067
  1661 10067
  1662 10067
  1663 10067
  1664 10067
  1665 10067
  1666 10067
  1667 10067
  1668 10067
  1669 10067
  1670 10067
  1671 10067
  1672 10067
  1673 10067
  1674 10067
  1675 10067
  1676 10067
  1677 10067
  1678 10067
  1679 10067
  1680 10067
  1681 10067
  1682 10067
  1683 10067
  1684 10067
  1685 10067
  1686 10067
  1687 10067
  1688 10067
  1689 10067
  1690 10067
  1691 10067
  1692 10067
  1693 10067
  1694 10067
  1695 10067
  1696 10067
  1697 10067
  1698 10067
  1699 10067
  1700 10067
  1701 10067
  1702 10067
  1703 10067
  1704 10067
  1705 10067
  1706 10067
  1707 10067
  1708 10067
  1709 10067
  1710 10067
  1711 10067
  1712 10067
  1713 10067
  1714 10067
  1715 10067
  1716 10067
  1717 10067
  1718 10067
  1719 10067
  1720 10067
  1721 10067
  1722 10067
  1723 10067
  1724 10067
  1725 10067
  1726 10067
  1727 10067
  1728 10067
  1729 10067
  1730 10067
  1731 10067
  1732 10067
  1733 10067
  1734 10067
  1735 10067
  1736 10067
  1737 10067
  1738 10067
  1739 10067
  1740 10067
  1741 10067
  1742 10067
  1743 10067
  1744 10067
  1745 10067
  1746 10067
  1747 10067
  1748 10067
  1749 10067
  1750 10067
  1751 10067
  1752 10067
  1753 10067
  1754 10067
  1755 10067
  1756 10067
  1757 10067
  1758 10067
  1759 10067
  1760 10067
  1761 10067
  1762 10067
  1763 10067
  1764 10067
  1765 10067
  1766 10067
  1767 10067
  1768 10067
  1769 10067
  1770 10067
  1771 10067
  1772 10067
  1773 10067
  1774 10067
  1775 10067
  1776 10067
  1777 10067
  1778 10067
  1779 10067
  1780 10067
  1781 10067
  1782 10067
  1783 10067
  1784 10067
  1785 10067
  1786 10067
  1787 10067
  1788 10067
  1789 10067
  1790 10067
  1791 10067
  1792 10067
  1793 10067
  1794 10067
  1795 10067
  1796 10067
  1797 10067
  1798 10067
  1799 10067
  1800 10067
  1801 10067
  1802 10067
  1803 10067
  1804 10067
  1805 10067
  1806 10067
  1807 10067
  1808 10067
  1809 10067
  1810 10067
  1811 10067
  1812 10067
  1813 10067
  1814 10067
  1815 10067
  1816 10067
  1817 10067
  1818 10067
  1819 10067
  1820 10067
  1821 10067
  1822 10067
  1823 10067
  1824 10067
  1825 10067
  1826 10067
  1827 10067
  1828 10067
  1829 10067
  1830 10067
  1831 10067
  1832 10067
  1833 10067
  1834 10067
  1835 10067
  1836 10067
  1837 10067
  1838 10067
  1839 10067
  1840 10067
  1841 10067
  1842 10067
  1843 10067
  1844 10067
  1845 10067
  1846 10067
  1847 10067
  1848 10067
  1849 10067
  1850 10067
  1851 10067
  1852 10067
  1853 10067
  1854 10067
  1855 10067
  1856 10067
  1857 10067
  1858 10067
  1859 10067
  1860 10067
  1861 10101
  1862 10101
  1863 10101
  1869 10112
  1871 10089
  1872 10089
  1873 10089
  1874 10089
  1875 10089
  1876 10089
  1877 10089
  1878 10089
  1879 10089
  1880 10089
  1881 10089
  1882 10089
  1883 10089
  1884 10089
  1885 10089
  1886 10089
  1887 10089
  1888 10089
  1889 10089
  1890 10089
  1891 10089
  1892 10089
  1893 10089
  1894 10089
  1895 10089
  1896 10089
  1897 10089
  1898 10089
  1899 10089
  1901 10154
  1902 10154
  1903 10154
  1904 10014
  1905 10014
  1906 10014
  1907 10014
  1908 10014
  1909 10014
  1910 10014
  1911 10014
  1912 10143
  1913 10143
  1914 10143
  1916 10089
  1917 10089
  1918 10089
  1919 10089
  1920 10089
  1921 10089
  1922 10089
  1923 10089
  1924 10089
  1925 10089
  1926 10089
