   780 10125
   781 10104
   782 10104
   783 10104
   784 10104
   785 10108
   786 10104
   787 10104
   788 10104
   789 10104
   790 10104
   791 10104
   792 10104
   793 10104
   794 10104
   795 10104
   796 10104
   797 10104
   798 10104
   799 10104
   800 10104
   801 10104
   802 10104
   803 10104
   804 10104
   805 10104
   806 10104
   807 10104
   808 10104
   809 10104
   810 10104
   811 10104
   812 10104
   813 10104
   814 10104
   815 10104
   816 10104
   817 10104
   818 10104
   819 10104
   820 10104
   821 10104
   822 10104
   823 10104
   824 10104
   825 10104
   826 10104
   827 10104
   828 10104
   829 10104
   830 10104
   831 10104
   832 10104
   833 10104
   834 10104
   835 10104
   836 10104
   837 10104
   838 10104
   839 10104
   840 10104
   841 10104
   842 10104
   843 10104
   844 10104
   845 10104
   846 10104
   847 10104
   848 10104
   849 10104
   850 10104
   851 10104
   852 10104
   853 10104
   854 10104
   855 10104
   856 10104
   857 10104
   858 10104
   859 10104
   860 10104
   861 10104
   862 10104
   863 10104
   864 10104
   865 10104
   866 10104
   867 10104
   868 10104
   869 10104
   870 10104
   871 10104
   872 10104
   873 10104
   874 10104
   875 10104
   876 10104
   877 10104
   878 10104
   879 10104
   880 10104
   881 10104
   882 10104
   883 10104
   884 10104
   885 10104
   886 10104
   887 10104
   888 10104
   889 10104
   890 10104
   891 10104
   892 10104
   893 10104
   894 10104
   895 10104
   896 10104
   897 10104
   898 10104
   899 10104
   900 10104
   901 10104
   902 10104
   903 10104
   904 10104
   905 10104
   906 10104
   907 10104
   908 10104
   909 10104
   910 10104
   911 10104
   912 10104
   913 10104
   914 10104
   915 10104
   916 10104
   917 10104
   918 10104
   919 10104
   920 10104
   921 10104
   922 10104
   923 10104
   924 10104
   925 10104
   926 10104
   927 10104
   928 10104
   929 10104
   930 10104
   931 10104
   932 10104
   933 10104
   934 10104
   935 10104
   936 10104
   937 10104
   938 10104
   939 10104
   940 10104
   941 10104
   942 10104
   943 10104
   944 10104
   945 10104
   946 10104
   947 10104
   948 10104
   949 10104
   950 10104
   951 10104
   952 10104
   953 10104
   954 10104
   955 10104
   956 10104
   957 10104
   958 10104
   959 10104
   960 10104
   961 10104
   962 10104
   963 10104
   964 10104
   965 10104
   966 10104
   967 10104
   968 10104
   969 10104
   970 10104
   971 10104
   972 10104
   973 10104
   974 10104
   975 10104
   976 10104
   977 10104
   978 10104
   979 10104
   980 10104
   981 10104
   982 10104
   983 10104
   984 10104
   985 10104
   986 10104
   987 10104
   988 10104
   989 10104
   990 10104
   991 10104
   992 10104
   993 10104
   994 10104
   995 10104
   996 10104
   997 10104
   998 10104
   999 10104
  1000 10104
  1001 10104
  1002 10104
  1003 10104
  1004 10104
  1005 10104
  1006 10104
  1007 10104
  1008 10104
  1009 10104
  1010 10104
  1011 10104
  1012 10104
  1013 10104
  1014 10104
  1015 10104
  1016 10104
  1017 10104
  1018 10104
  1019 10104
  1020 10104
  1027 10158
  1029 10010
  1030 10010
  1031 10010
  1036 10010
  1047 10010
  1048 10010
  1049 10010
  1050 10010
  1051 10010
  1052 10010
  1053 10010
  1130 10010
  1194 10158
  1195 10158
  1196 10158
  1197 10158
  1198 10158
  1199 10171
  1200 10171
  1201 10171
  1202 10171
  1203 10171
  1204 10171
  1205 10171
  1206 10171
  1207 10171
  1208 10171
  1209 10171
  1210 10171
  1211 10171
  1212 10171
  1213 10171
  1214 10171
  1215 10171
  1216 10171
  1217 10171
  1218 10171
  1219 10171
  1220 10171
  1221 10171
  1222 10171
  1223 10171
  1224 10171
  1225 10171
  1226 10171
  1227 10171
  1228 10171
  1229 10171
  1230 10171
  1231 10171
  1232 10171
  1233 10171
  1234 10171
  1235 10171
  1236 10171
  1237 10171
  1238 10171
  1239 10171
  1240 10171
  1241 10171
  1242 10171
  1243 10171
  1244 10171
  1245 10171
  1246 10171
  1247 10171
  1248 10171
  1249 10171
  1250 10171
  1251 10171
  1252 10171
  1253 10171
  1254 10171
  1255 10171
  1256 10171
  1257 10171
  1258 10171
  1259 10052
  1264 10143
  1265 10143
  1266 10081
  1267 10081
  1268 10081
  1269 10081
  1270 10081
  1271 10081
  1272 10081
  1273 10081
  1274 10081
  1275 10081
  1276 10081
  1277 10081
  1278 10081
  1279 10081
  1280 10081
  1281 10081
  1282 10081
  1283 10081
  1284 10081
  1285 10081
  1286 10081
  1287 10081
  1288 10081
  1289 10081
  1290 10081
  1291 10081
  1292 10081
  1293 10081
  1294 10081
  1295 10081
  1296 10081
  1297 10081
  1298 10081
  1299 10081
  1300 10081
  1301 10081
  1302 10081
  1303 10081
  1304 10081
  1305 10081
  1306 10081
  1307 10081
  1308 10081
  1309 10081
  1310 10081
  1311 10081
  1312 10081
  1313 10081
  1314 10081
  1315 10081
  1316 10081
  1317 10081
  1318 10081
  1319 10081
  1320 10081
  1321 10081
  1322 10081
  1323 10081
  1324 10081
  1325 10081
  1326 10081
  1327 10081
  1328 10081
  1329 10081
  1330 10081
  1331 10081
  1332 10081
  1333 10081
  1334 10081
  1335 10081
  1336 10081
  1337 10081
  1338 10081
  1339 10081
  1340 10081
  1341 10081
  1342 10081
  1343 10081
  1344 10081
  1345 10081
  1346 10081
  1347 10081
  1348 10081
  1349 10081
  1350 10081
  1351 10081
  1352 10081
  1353 10081
  1354 10081
  1355 10081
  1356 10081
  1357 10081
  1358 10081
  1359 10081
  1360 10081
  1361 10081
  1362 10081
  1363 10081
  1364 10081
  1365 10081
  1366 10081
  1367 10081
  1368 10081
  1369 10081
  1370 10081
  1371 10081
  1372 10081
  1373 10081
  1374 10081
  1375 10081
  1376 10081
  1377 10081
  1378 10081
  1379 10081
  1380 10081
  1381 10081
  1382 10081
  1383 10081
  1384 10081
  1385 10081
  1386 10081
  1387 10081
  1388 10081
  1389 10081
  1390 10081
  1391 10081
  1392 10081
  1393 10081
  1394 10081
  1395 10081
  1396 10081
  1397 10081
  1398 10081
  1399 10081
  1400 10081
  1401 10081
  1402 10081
  1403 10081
  1404 10081
  1405 10081
  1406 10081
  1407 10081
  1408 10081
  1409 10081
  1410 10081
  1411 10081
  1412 10081
  1413 10081
  1414 10081
  1415 10081
  1416 10081
  1417 10081
  1418 10081
  1419 10081
  1420 10081
  1421 10081
  1422 10081
  1423 10081
  1424 10081
  1425 10081
  1426 10081
  1427 10081
  1428 10081
  1429 10081
  1430 10081
  1431 10081
  1432 10081
  1433 10081
  1434 10081
  1435 10081
  1436 10081
  1437 10081
  1438 10081
  1439 10081
  1440 10081
  1441 10081
  1442 10081
  1443 10081
  1444 10081
  1445 10081
  1446 10081
  1447 10081
  1448 10081
  1449 10081
  1450 10081
  1451 10081
  1452 10081
  1453 10081
  1454 10081
  1455 10081
  1456 10081
  1457 10081
  1458 10081
  1459 10081
  1460 10081
  1461 10081
  1462 10081
  1463 10081
  1464 10081
  1465 10081
  1466 10081
  1467 10081
  1468 10081
  1469 10081
  1470 10081
  1471 10081
  1472 10081
  1473 10081
  1474 10081
  1475 10081
  1476 10081
  1477 10081
  1478 10081
  1479 10081
  1480 10081
  1481 10081
  1482 10081
  1483 10081
  1484 10081
  1485 10081
  1486 10081
  1487 10081
  1488 10081
  1489 10081
  1490 10081
  1491 10081
  1492 10081
  1493 10081
  1494 10081
  1495 10081
  1496 10081
  1497 10081
  1498 10081
  1499 10081
  1500 10081
  1501 10158
  1502 10158
  1503 10158
  1508 10158
  1509 10018
  1510 10018
  1511 10018
  1512 10018
  1513 10018
  1514 10018
  1515 10158
  1516 10158
  1517 10158
  1518 10158
  1519 10158
  1520 10158
  1521 10158
  1522 10158
  1523 10158
  1524 10158
  1525 10158
  1526 10158
  1527 10158
  1528 10158
  1529 10158
  1530 10158
  1531 10158
  1532 10158
  1533 10158
  1534 10158
  1535 10158
  1536 10158
  1537 10158
  1538 10158
  1539 10158
  1540 10158
  1541 10158
  1542 10158
  1543 10158
  1544 10158
  1545 10158
  1546 10158
  1547 10158
  1548 10158
  1549 10158
  1550 10158
  1551 10158
  1552 10158
  1553 10158
  1554 10158
  1555 10158
  1556 10158
  1557 10106
  1558 10158
  1559 10158
  1560 10158
  1561 10158
  1562 10158
  1563 10158
  1564 10158
  1565 10158
  1566 10158
  1567 10158
  1568 10158
  1569 10158
  1570 10158
  1571 10158
  1572 10158
  1573 10158
  1574 10158
  1575 10158
  1576 10158
  1577 10158
  1578 10158
  1579 10158
  1580 10158
  1581 10158
  1582 10158
  1583 10158
  1584 10158
  1585 10158
  1586 10158
  1587 10158
  1588 10158
  1589 10158
  1590 10158
  1591 10158
  1592 10158
  1593 10158
  1594 10158
  1595 10158
  1596 10158
  1597 10158
  1598 10158
  1599 10158
  1600 10158
  1601 10010
  1602 10010
  1603 10010
  1604 10055
  1605 10055
  1606 10055
  1618 10138
  1619 10159
  1624 10072
  1625 10082
  1626 10041
  1627 10041
  1628 10041
  1629 10041
  1856 10041
  1857 10041
  1858 10041
  1859 10041
  1860 10041
  1861 10041
  1871 10113
  1873 10113
  1874 10113
  1875 10113
  1876 10113
  1877 10113
  1878 10113
  1879 10113
  1880 10113
  1881 10113
  1882 10113
  1883 10113
  1884 10113
  1885 10113
  1886 10113
  1887 10113
  1888 10113
  1889 10113
  1890 10113
  1891 10113
  1892 10113
  1893 10113
  1894 10113
  1895 10113
  1896 10113
  1897 10113
  1898 10113
  1899 10113
  1900 10113
  1901 10113
  1902 10113
  1903 10113
  1904 10113
  1905 10113
  1906 10113
  1907 10113
  1908 10113
  1909 10113
  1910 10113
  1911 10113
  1912 10113
  1913 10113
  1914 10113
  1915 10113
  1916 10113
  1917 10113
  1918 10113
  1919 10113
  1920 10113
  1921 10113
  1922 10113
  1923 10113
  1924 10113
  1925 10113
  1926 10113
  1928 10113
  1930 10055
  1931 10158
  1932 10158
  1933 10158
  1934 10158
  1935 10158
  1939 10113
  1940 10113
  1941 10113
  1942 10113
  1943 10113
  1944 10113
  1945 10113
  1946 10113
  1947 10113
  1948 10113
  1949 10113
  1950 10113
  1951 10113
  1952 10113
  1953 10113
  1954 10113
  1955 10113
  1956 10113
  1957 10113
  1958 10113
  1959 10113
  1960 10113
  1961 10113
  1962 10113
  1963 10113
  1964 10113
  1965 10113
  1966 10113
  1967 10113
  1968 10113
  1969 10113
  1970 10113
  1971 10113
  1972 10113
  1973 10113
  1974 10113
  1975 10113
  1976 10113
  1977 10113
  1978 10113
  1979 10113
  1980 10113
  1981 10113
  1982 10113
  1983 10113
  1984 10113
  1985 10113
  1986 10113
  1987 10113
  1988 10113
  1989 10113
  1990 10113
  1991 10113
  1992 10113
  1993 10113
  1994 10113
  1995 10113
  1996 10113
  1997 10113
  1998 10113
  1999 10113
  2000 10113
  2001 10113
  2002 10113
  2003 10113
  2004 10113
  2005 10113
  2006 10113
  2007 10113
  2008 10113
  2009 10113
  2010 10113
  2011 10113
  2012 10113
  2013 10113
  2014 10113
  2015 10113
  2016 10113
  2017 10113
  2018 10113
  2019 10113
  2020 10113
  2021 10113
  2022 10113
  2023 10113
  2024 10113
  2025 10113
  2026 10113
  2027 10113
