   690 10067
   691 10067
   692 10067
   693 10067
   694 10067
   695 10067
   696 10067
   697 10067
   698 10067
   699 10067
   700 10067
   701 10067
   702 10067
   703 10067
   704 10067
   705 10067
   706 10067
   707 10067
   708 10067
   709 10067
   710 10067
   711 10067
   712 10067
   713 10067
   714 10067
   715 10067
   716 10067
   717 10067
   718 10067
   719 10067
   720 10067
   721 10067
   722 10067
   723 10067
   724 10067
   725 10067
   726 10067
   727 10067
   728 10067
   729 10067
   730 10067
   731 10067
   732 10067
   733 10067
   734 10067
   735 10067
   736 10067
   737 10067
   738 10067
   739 10067
   740 10067
   741 10067
   742 10067
   743 10067
   744 10067
   745 10067
   746 10067
   747 10067
   748 10067
   749 10067
   750 10067
   751 10067
   752 10067
   753 10067
   754 10067
   755 10067
   756 10067
   757 10067
   758 10067
   759 10067
   760 10067
   761 10067
   762 10067
   763 10067
   764 10067
   765 10067
   766 10067
   767 10067
   768 10067
   769 10067
   770 10067
   771 10067
   772 10067
   773 10067
   774 10067
   775 10067
   776 10067
   777 10067
   778 10067
   779 10067
   780 10067
   781 10138
   782 10138
   783 10138
   784 10138
   785 10138
   786 10138
   787 10138
   788 10138
   789 10138
   790 10138
   791 10138
   792 10138
   793 10138
   794 10138
   795 10138
   796 10138
   797 10138
   798 10138
   799 10138
   800 10138
   801 10138
   802 10138
   803 10138
   804 10138
   805 10138
   806 10138
   807 10138
   808 10138
   809 10138
   810 10138
   811 10138
   812 10138
   813 10138
   814 10138
   815 10138
   816 10138
   817 10138
   818 10138
   819 10138
   820 10138
   821 10138
   822 10138
   823 10138
   824 10138
   825 10138
   826 10138
   827 10138
   828 10138
   829 10138
   830 10138
   831 10138
   832 10138
   833 10138
   834 10138
   835 10138
   836 10138
   837 10138
   838 10138
   839 10138
   840 10138
   841 10138
   842 10138
   843 10138
   844 10138
   845 10138
   846 10138
   847 10138
   848 10138
   849 10138
   850 10138
   851 10138
   852 10138
   853 10138
   854 10138
   855 10138
   856 10138
   857 10138
   858 10138
   859 10138
   860 10138
   861 10138
   862 10138
   863 10138
   864 10138
   865 10138
   866 10138
   867 10138
   868 10138
   869 10138
   870 10138
   871 10138
   872 10138
   873 10138
   874 10138
   875 10138
   876 10138
   877 10138
   878 10138
   879 10138
   880 10138
   881 10138
   882 10138
   883 10138
   884 10138
   885 10138
   886 10138
   887 10138
   888 10138
   889 10138
   890 10138
   891 10138
   892 10138
   893 10138
   894 10138
   895 10138
   896 10138
   897 10138
   898 10138
   899 10138
   900 10138
   901 10138
   902 10138
   903 10138
   904 10138
   905 10138
   906 10138
   907 10138
   908 10138
   909 10138
   910 10138
   911 10138
   912 10138
   913 10138
   914 10138
   915 10138
   916 10138
   917 10138
   918 10138
   919 10138
   920 10138
   921 10138
   922 10138
   923 10138
   924 10138
   925 10138
   926 10138
   927 10138
   928 10138
   929 10138
   930 10138
   931 10138
   932 10138
   933 10138
   934 10138
   935 10138
   936 10138
   937 10138
   938 10138
   939 10138
   940 10138
   941 10138
   942 10138
   943 10138
   944 10138
   945 10138
   946 10138
   947 10138
   948 10138
   949 10138
   950 10138
   951 10138
   952 10138
   953 10138
   954 10138
   955 10138
   956 10138
   957 10138
   958 10138
   959 10138
   960 10138
   961 10138
   962 10138
   963 10138
   964 10138
   965 10138
   966 10138
   967 10138
   968 10138
   969 10138
   970 10138
   971 10138
   972 10138
   973 10138
   974 10138
   975 10138
   976 10138
   977 10138
   978 10138
   979 10138
   980 10138
   981 10138
   982 10138
   983 10138
   984 10138
   985 10138
   986 10138
   987 10138
   988 10138
   989 10138
   990 10138
   991 10138
   992 10138
   993 10138
   994 10138
   995 10138
   996 10138
   997 10138
   998 10138
   999 10138
  1000 10138
  1001 10138
  1002 10138
  1003 10138
  1004 10138
  1005 10138
  1006 10138
  1007 10138
  1008 10138
  1009 10138
  1010 10138
  1011 10138
  1012 10138
  1013 10138
  1014 10138
  1015 10138
  1016 10138
  1017 10138
  1018 10138
  1019 10138
  1020 10138
  1021 10101
  1022 10101
  1029 10118
  1030 10137
  1031 10131
  1037 10137
  1038 10137
  1039 10137
  1040 10137
  1041 10137
  1042 10137
  1043 10137
  1044 10137
  1045 10137
  1046 10137
  1047 10137
  1048 10137
  1049 10137
  1050 10137
  1051 10137
  1052 10137
  1053 10137
  1054 10137
  1055 10137
  1056 10137
  1057 10137
  1058 10137
  1059 10137
  1060 10137
  1061 10137
  1062 10137
  1063 10137
  1064 10137
  1065 10137
  1066 10137
  1067 10137
  1068 10137
  1069 10137
  1070 10137
  1071 10137
  1072 10137
  1073 10137
  1074 10137
  1075 10137
  1076 10137
  1077 10137
  1078 10137
  1079 10137
  1080 10137
  1081 10137
  1082 10137
  1083 10137
  1084 10137
  1085 10137
  1086 10137
  1087 10137
  1088 10137
  1089 10137
  1090 10137
  1091 10137
  1092 10137
  1093 10137
  1094 10137
  1095 10137
  1096 10137
  1097 10137
  1098 10137
  1099 10137
  1100 10137
  1101 10137
  1102 10137
  1103 10137
  1104 10137
  1105 10137
  1106 10137
  1107 10137
  1108 10137
  1109 10137
  1110 10137
  1111 10137
  1112 10137
  1113 10137
  1114 10137
  1115 10137
  1116 10137
  1117 10137
  1118 10137
  1119 10137
  1120 10137
  1121 10137
  1122 10137
  1123 10137
  1124 10137
  1125 10137
  1126 10137
  1127 10137
  1128 10137
  1129 10137
  1130 10137
  1131 10137
  1132 10137
  1133 10137
  1134 10137
  1135 10137
  1136 10137
  1137 10137
  1138 10137
  1139 10137
  1140 10137
  1141 10137
  1142 10137
  1143 10137
  1144 10137
  1145 10137
  1146 10137
  1147 10137
  1148 10137
  1149 10137
  1150 10137
  1151 10137
  1152 10137
  1153 10137
  1154 10137
  1155 10137
  1156 10137
  1157 10137
  1158 10137
  1159 10137
  1160 10137
  1161 10137
  1162 10137
  1163 10137
  1164 10137
  1165 10137
  1166 10137
  1167 10137
  1168 10137
  1169 10137
  1170 10137
  1171 10137
  1172 10137
  1173 10137
  1174 10137
  1175 10137
  1176 10137
  1177 10137
  1178 10137
  1179 10137
  1180 10137
  1181 10137
  1182 10137
  1183 10137
  1184 10137
  1185 10137
  1186 10137
  1187 10137
  1188 10137
  1189 10137
  1190 10137
  1191 10137
  1192 10137
  1193 10137
  1194 10137
  1195 10137
  1196 10137
  1197 10137
  1198 10137
  1199 10137
  1200 10137
  1201 10137
  1202 10137
  1203 10137
  1204 10137
  1205 10137
  1206 10137
  1207 10137
  1208 10137
  1209 10137
  1210 10137
  1211 10137
  1212 10137
  1213 10137
  1214 10137
  1215 10137
  1216 10137
  1217 10137
  1218 10137
  1219 10137
  1220 10137
  1221 10137
  1222 10137
  1223 10137
  1224 10137
  1225 10137
  1226 10137
  1227 10137
  1228 10137
  1229 10137
  1230 10137
  1231 10137
  1232 10137
  1233 10137
  1234 10137
  1235 10137
  1236 10137
  1237 10137
  1238 10137
  1239 10137
  1240 10137
  1241 10137
  1242 10137
  1243 10137
  1244 10137
  1245 10137
  1246 10137
  1247 10137
  1248 10137
  1249 10137
  1250 10137
  1251 10137
  1252 10137
  1255 10154
  1256 10154
  1257 10137
  1258 10014
  1259 10098
  1260 10098
  1261 10098
  1262 10098
  1263 10055
  1264 10106
  1265 10134
  1266 10134
  1267 10134
  1268 10134
  1269 10134
  1270 10134
  1271 10134
  1272 10134
  1273 10134
  1274 10134
  1275 10134
  1276 10134
  1277 10134
  1278 10134
  1279 10134
  1280 10134
  1281 10134
  1282 10134
  1283 10134
  1284 10134
  1285 10134
  1286 10134
  1287 10134
  1288 10134
  1289 10134
  1290 10134
  1291 10134
  1292 10134
  1293 10134
  1294 10134
  1295 10134
  1296 10134
  1297 10134
  1298 10134
  1299 10134
  1300 10134
  1301 10134
  1302 10134
  1303 10134
  1304 10134
  1305 10134
  1306 10134
  1307 10134
  1308 10134
  1309 10134
  1310 10134
  1311 10134
  1312 10134
  1313 10134
  1314 10134
  1315 10134
  1316 10134
  1317 10134
  1318 10134
  1319 10134
  1320 10134
  1321 10134
  1322 10134
  1323 10134
  1324 10134
  1325 10134
  1326 10134
  1327 10134
  1328 10134
  1329 10134
  1330 10134
  1331 10134
  1332 10134
  1333 10134
  1334 10134
  1335 10134
  1336 10134
  1337 10134
  1338 10134
  1339 10134
  1340 10134
  1341 10134
  1342 10134
  1343 10134
  1344 10134
  1345 10134
  1346 10134
  1347 10134
  1348 10134
  1349 10134
  1350 10134
  1351 10134
  1352 10134
  1353 10134
  1354 10134
  1355 10134
  1356 10134
  1357 10134
  1358 10134
  1359 10134
  1360 10134
  1361 10134
  1362 10134
  1363 10134
  1364 10134
  1365 10134
  1366 10134
  1367 10134
  1368 10134
  1369 10134
  1370 10134
  1371 10134
  1372 10134
  1373 10134
  1374 10134
  1375 10134
  1376 10134
  1377 10134
  1378 10134
  1379 10134
  1380 10134
  1381 10134
  1382 10134
  1383 10134
  1384 10134
  1385 10134
  1386 10134
  1387 10134
  1388 10134
  1389 10134
  1390 10134
  1391 10134
  1392 10134
  1393 10134
  1394 10134
  1395 10134
  1396 10134
  1397 10134
  1398 10134
  1399 10134
  1400 10134
  1401 10134
  1402 10134
  1403 10134
  1404 10134
  1405 10134
  1406 10134
  1407 10134
  1408 10134
  1409 10134
  1410 10134
  1411 10134
  1412 10134
  1413 10134
  1414 10134
  1415 10134
  1416 10134
  1417 10134
  1418 10134
  1419 10134
  1420 10134
  1421 10134
  1422 10134
  1423 10134
  1424 10134
  1425 10134
  1426 10134
  1427 10134
  1428 10134
  1429 10134
  1430 10134
  1431 10134
  1432 10134
  1433 10134
  1434 10134
  1435 10134
  1436 10134
  1437 10134
  1438 10134
  1439 10134
  1440 10134
  1441 10134
  1442 10134
  1443 10134
  1444 10134
  1445 10134
  1446 10134
  1447 10134
  1448 10134
  1449 10134
  1450 10134
  1451 10134
  1452 10134
  1453 10134
  1454 10134
  1455 10134
  1456 10134
  1457 10134
  1458 10134
  1459 10134
  1460 10134
  1461 10134
  1462 10134
  1463 10134
  1464 10134
  1465 10134
  1466 10134
  1467 10134
  1468 10134
  1469 10134
  1470 10134
  1471 10134
  1472 10134
  1473 10134
  1474 10134
  1475 10134
  1476 10134
  1477 10134
  1478 10134
  1479 10134
  1480 10134
  1481 10134
  1482 10134
  1483 10134
  1484 10134
  1485 10134
  1486 10134
  1487 10134
  1488 10134
  1489 10134
  1490 10134
  1491 10134
  1492 10134
  1493 10134
  1494 10134
  1495 10134
  1496 10134
  1497 10134
  1498 10134
  1499 10134
  1500 10134
  1501 10018
  1502 10018
  1503 10106
  1504 10040
  1505 10040
  1506 10018
  1507 10018
  1508 10018
  1509 10018
  1510 10018
  1511 10018
  1512 10018
  1513 10023
  1514 10031
  1515 10031
  1516 10031
  1517 10031
  1518 10031
  1519 10031
  1520 10031
  1521 10055
  1522 10031
  1523 10031
  1524 10031
  1525 10031
  1526 10031
  1527 10031
  1528 10031
  1529 10031
  1530 10031
  1531 10031
  1532 10055
  1533 10031
  1534 10031
  1535 10031
  1537 10055
  1538 10031
  1539 10055
  1540 10018
  1541 10018
  1542 10018
  1543 10055
  1544 10031
  1547 10055
  1550 10061
  1551 10061
  1552 10138
  1553 10138
  1554 10138
  1555 10138
  1557 10101
  1558 10138
  1559 10101
  1560 10101
  1561 10101
  1563 10055
  1564 10055
  1566 10055
  1567 10055
  1568 10055
  1569 10018
  1570 10018
  1571 10018
  1572 10055
  1573 10055
  1574 10055
  1575 10055
  1576 10055
  1577 10055
  1578 10055
  1579 10055
  1580 10031
  1581 10055
  1582 10031
  1583 10031
  1584 10031
  1585 10031
  1586 10031
  1587 10004
  1588 10004
  1589 10031
  1590 10031
  1591 10031
  1592 10031
  1593 10004
  1594 10031
  1595 10004
  1596 10004
  1597 10004
  1598 10004
  1599 10031
  1600 10031
  1601 10031
  1602 10031
  1603 10031
  1604 10031
  1605 10031
  1606 10031
  1607 10031
  1608 10031
  1609 10031
  1610 10031
  1611 10002
  1612 10002
  1613 10002
  1621 10004
  1622 10002
  1623 10004
  1624 10002
  1625 10004
  1626 10004
  1632 10134
  1633 10134
  1634 10134
  1641 10002
  1642 10002
  1643 10002
  1644 10002
  1645 10002
  1646 10002
  1647 10002
  1648 10002
  1649 10002
  1650 10002
  1651 10002
  1652 10002
  1653 10002
  1654 10002
  1655 10002
  1656 10002
  1657 10002
  1658 10002
  1659 10002
  1660 10002
  1661 10002
  1662 10002
  1663 10002
  1664 10002
  1665 10002
  1666 10002
  1667 10002
  1668 10002
  1669 10002
  1670 10002
  1671 10002
  1672 10002
  1673 10002
  1674 10002
  1675 10002
  1676 10002
  1677 10002
  1678 10002
  1679 10002
  1680 10002
  1681 10002
  1682 10002
  1683 10002
  1684 10002
  1685 10002
  1686 10002
  1687 10002
  1688 10002
  1689 10002
  1690 10002
  1691 10002
  1692 10002
  1693 10002
  1694 10002
  1695 10002
  1696 10002
  1697 10002
  1698 10002
  1699 10002
  1700 10002
  1701 10002
  1702 10002
  1703 10002
  1704 10002
  1705 10002
  1706 10002
  1707 10002
  1708 10002
  1709 10002
  1710 10002
  1711 10002
  1712 10002
  1713 10002
  1714 10002
  1715 10002
  1716 10002
  1717 10002
  1718 10002
  1719 10002
  1720 10002
  1721 10002
  1722 10002
  1723 10002
  1724 10002
  1725 10002
  1726 10002
  1727 10002
  1728 10002
  1729 10002
  1730 10002
  1731 10002
  1732 10002
  1733 10002
  1734 10002
  1735 10002
  1736 10002
  1737 10002
  1738 10002
  1739 10002
  1740 10002
  1741 10002
  1742 10002
  1743 10002
  1744 10002
  1745 10002
  1746 10002
  1747 10002
  1748 10002
  1749 10002
  1750 10002
  1751 10002
  1752 10002
  1753 10002
  1754 10002
  1755 10002
  1756 10002
  1757 10002
  1758 10002
  1759 10002
  1760 10002
  1761 10002
  1762 10002
  1763 10002
  1764 10002
  1765 10002
  1766 10002
  1767 10002
  1768 10002
  1769 10002
  1770 10002
  1771 10002
  1772 10002
  1773 10002
  1774 10002
  1775 10002
  1776 10002
  1777 10002
  1778 10002
  1779 10002
  1780 10002
  1781 10002
  1782 10002
  1783 10002
  1784 10002
  1785 10002
  1786 10002
  1787 10002
  1788 10002
  1789 10002
  1790 10002
  1791 10002
  1792 10002
  1793 10002
  1794 10002
  1795 10002
  1796 10002
  1797 10002
  1798 10002
  1799 10002
  1800 10002
  1801 10002
  1802 10002
  1803 10002
  1804 10002
  1805 10002
  1806 10002
  1807 10002
  1808 10002
  1809 10002
  1810 10002
  1811 10002
  1812 10002
  1813 10002
  1814 10002
  1815 10002
  1816 10002
  1817 10002
  1818 10002
  1819 10002
  1820 10002
  1821 10002
  1822 10002
  1823 10002
  1824 10002
  1825 10002
  1826 10002
  1827 10002
  1828 10002
  1829 10002
  1830 10002
  1831 10002
  1832 10002
  1833 10002
  1834 10002
  1835 10002
  1836 10002
  1837 10002
  1838 10002
  1839 10002
  1840 10002
  1841 10002
  1842 10002
  1843 10002
  1844 10002
  1845 10002
  1846 10002
  1847 10002
  1848 10002
  1849 10002
  1850 10002
  1851 10002
  1852 10002
  1853 10002
  1854 10002
  1855 10002
  1856 10002
  1857 10002
  1858 10002
  1859 10002
  1860 10039
  1861 10039
  1862 10039
  1866 10105
