   687 10095
   688 10095
   689 10156
   690 10104
   691 10104
   692 10104
   693 10104
   694 10104
   695 10104
   696 10104
   697 10104
   698 10104
   699 10104
   700 10104
   701 10104
   702 10104
   703 10104
   704 10104
   705 10104
   706 10104
   707 10104
   708 10104
   709 10104
   710 10104
   711 10104
   712 10104
   713 10104
   714 10104
   715 10104
   716 10104
   717 10104
   718 10104
   719 10104
   720 10104
   721 10104
   722 10104
   723 10104
   724 10104
   725 10104
   726 10104
   727 10104
   728 10104
   729 10104
   730 10104
   731 10104
   732 10104
   733 10104
   734 10104
   735 10104
   736 10104
   737 10104
   738 10104
   739 10104
   740 10104
   741 10104
   742 10104
   743 10104
   744 10104
   745 10104
   746 10104
   747 10104
   748 10104
   749 10104
   750 10104
   751 10104
   752 10104
   753 10104
   754 10104
   755 10104
   756 10104
   757 10104
   758 10104
   759 10104
   760 10104
   761 10104
   762 10104
   763 10104
   764 10104
   765 10104
   766 10104
   767 10104
   768 10104
   769 10104
   770 10104
   771 10104
   772 10104
   773 10104
   774 10104
   775 10104
   776 10104
   777 10104
   778 10104
   779 10104
   780 10104
   781 10007
   782 10007
   783 10007
   784 10007
   785 10007
   786 10007
   787 10007
   788 10007
   789 10007
   790 10007
   791 10007
   792 10007
   793 10007
   794 10007
   795 10007
   796 10007
   797 10007
   798 10007
   799 10007
   800 10007
   801 10007
   802 10007
   803 10007
   804 10007
   805 10007
   806 10007
   807 10007
   808 10007
   809 10007
   810 10007
   811 10007
   812 10007
   813 10007
   814 10007
   815 10007
   816 10007
   817 10007
   818 10007
   819 10007
   820 10007
   821 10007
   822 10007
   823 10007
   824 10007
   825 10007
   826 10007
   827 10007
   828 10007
   829 10007
   830 10007
   831 10007
   832 10007
   833 10007
   834 10007
   835 10007
   836 10007
   837 10007
   838 10007
   839 10007
   840 10007
   841 10007
   842 10007
   843 10007
   844 10007
   845 10007
   846 10007
   847 10007
   848 10007
   849 10007
   850 10007
   851 10007
   852 10007
   853 10007
   854 10007
   855 10007
   856 10007
   857 10007
   858 10007
   859 10007
   860 10007
   861 10007
   862 10007
   863 10007
   864 10007
   865 10007
   866 10007
   867 10007
   868 10007
   869 10007
   870 10007
   871 10007
   872 10007
   873 10007
   874 10007
   875 10007
   876 10007
   877 10007
   878 10007
   879 10007
   880 10007
   881 10007
   882 10007
   883 10007
   884 10007
   885 10007
   886 10007
   887 10007
   888 10007
   889 10007
   890 10007
   891 10007
   892 10007
   893 10007
   894 10007
   895 10007
   896 10007
   897 10007
   898 10007
   899 10007
   900 10007
   901 10007
   902 10007
   903 10007
   904 10007
   905 10007
   906 10007
   907 10007
   908 10007
   909 10007
   910 10007
   911 10007
   912 10007
   913 10007
   914 10007
   915 10007
   916 10007
   917 10007
   918 10007
   919 10007
   920 10007
   921 10007
   922 10007
   923 10007
   924 10007
   925 10007
   926 10007
   927 10007
   928 10007
   929 10007
   930 10007
   931 10007
   932 10007
   933 10007
   934 10007
   935 10007
   936 10007
   937 10007
   938 10007
   939 10007
   940 10007
   941 10007
   942 10007
   943 10007
   944 10007
   945 10007
   946 10007
   947 10007
   948 10007
   949 10007
   950 10007
   951 10007
   952 10007
   953 10007
   954 10007
   955 10007
   956 10007
   957 10007
   958 10007
   959 10007
   960 10007
   961 10007
   962 10007
   963 10007
   964 10007
   965 10007
   966 10007
   967 10007
   968 10007
   969 10007
   970 10007
   971 10007
   972 10007
   973 10007
   974 10007
   975 10007
   976 10007
   977 10007
   978 10007
   979 10007
   980 10007
   981 10007
   982 10007
   983 10007
   984 10007
   985 10007
   986 10007
   987 10007
   988 10007
   989 10007
   990 10007
   991 10007
   992 10007
   993 10007
   994 10007
   995 10007
   996 10007
   997 10007
   998 10007
   999 10007
  1000 10007
  1001 10007
  1002 10007
  1003 10007
  1004 10007
  1005 10007
  1006 10007
  1007 10007
  1008 10007
  1009 10007
  1010 10007
  1011 10007
  1012 10007
  1013 10007
  1014 10007
  1015 10007
  1016 10007
  1017 10007
  1018 10007
  1019 10007
  1020 10007
  1023 10154
  1024 10154
  1025 10154
  1026 10014
  1027 10014
  1028 10014
  1029 10074
  1030 10074
  1031 10074
  1032 10124
  1033 10124
  1034 10124
  1035 10124
  1036 10124
  1037 10124
  1038 10124
  1039 10124
  1040 10124
  1041 10124
  1042 10124
  1043 10124
  1044 10124
  1045 10124
  1046 10124
  1047 10124
  1048 10124
  1049 10124
  1050 10124
  1051 10124
  1052 10124
  1053 10124
  1054 10124
  1055 10124
  1056 10124
  1057 10124
  1058 10124
  1059 10124
  1060 10124
  1061 10124
  1062 10124
  1063 10124
  1064 10124
  1065 10124
  1066 10124
  1067 10124
  1068 10124
  1069 10124
  1070 10124
  1071 10124
  1072 10124
  1073 10124
  1074 10124
  1075 10124
  1076 10124
  1077 10124
  1078 10124
  1079 10124
  1080 10124
  1081 10124
  1082 10124
  1083 10124
  1084 10124
  1085 10124
  1086 10124
  1087 10124
  1088 10124
  1089 10124
  1090 10124
  1091 10124
  1092 10124
  1093 10124
  1094 10124
  1095 10124
  1096 10124
  1097 10124
  1098 10124
  1099 10124
  1100 10124
  1101 10124
  1102 10124
  1103 10124
  1104 10124
  1105 10124
  1106 10124
  1107 10124
  1108 10124
  1109 10124
  1110 10124
  1111 10124
  1112 10124
  1113 10124
  1114 10124
  1115 10124
  1116 10124
  1117 10124
  1118 10124
  1119 10124
  1120 10124
  1121 10124
  1122 10124
  1123 10124
  1124 10124
  1125 10124
  1126 10124
  1127 10124
  1128 10124
  1129 10124
  1130 10124
  1131 10124
  1132 10124
  1133 10124
  1134 10124
  1135 10124
  1136 10124
  1137 10124
  1138 10124
  1139 10124
  1140 10124
  1141 10124
  1142 10124
  1143 10124
  1144 10124
  1145 10124
  1146 10124
  1147 10124
  1148 10124
  1149 10124
  1150 10124
  1151 10124
  1152 10124
  1153 10124
  1154 10124
  1155 10124
  1156 10124
  1157 10124
  1158 10124
  1159 10124
  1160 10124
  1161 10124
  1162 10124
  1163 10124
  1164 10124
  1165 10124
  1166 10124
  1167 10124
  1168 10124
  1169 10124
  1170 10124
  1171 10124
  1172 10124
  1173 10124
  1174 10124
  1175 10124
  1176 10124
  1177 10124
  1178 10124
  1179 10124
  1180 10124
  1181 10124
  1182 10124
  1183 10124
  1184 10124
  1185 10124
  1186 10124
  1187 10124
  1188 10124
  1189 10124
  1190 10124
  1191 10124
  1192 10124
  1193 10124
  1194 10124
  1195 10124
  1196 10124
  1197 10124
  1198 10124
  1199 10124
  1200 10124
  1201 10124
  1202 10124
  1203 10124
  1204 10124
  1205 10124
  1206 10124
  1207 10124
  1208 10124
  1209 10124
  1210 10124
  1211 10124
  1212 10124
  1213 10124
  1214 10124
  1215 10124
  1216 10124
  1217 10124
  1218 10124
  1219 10124
  1220 10124
  1221 10124
  1222 10124
  1223 10124
  1224 10124
  1225 10124
  1226 10124
  1227 10124
  1228 10124
  1229 10124
  1230 10124
  1231 10124
  1232 10124
  1233 10124
  1234 10124
  1235 10124
  1236 10124
  1237 10124
  1238 10124
  1239 10124
  1240 10124
  1241 10124
  1242 10124
  1243 10124
  1244 10124
  1245 10124
  1246 10124
  1247 10124
  1248 10124
  1249 10124
  1250 10124
  1251 10124
  1252 10124
  1253 10124
  1254 10124
  1255 10124
  1256 10124
  1257 10124
  1258 10074
  1259 10074
  1260 10074
  1261 10074
  1262 10074
  1263 10124
  1264 10130
  1265 10130
  1266 10130
  1267 10130
  1269 10018
  1270 10158
  1271 10018
  1272 10018
  1275 10124
  1276 10124
  1277 10124
  1278 10124
  1279 10124
  1280 10124
  1281 10124
  1282 10124
  1283 10124
  1284 10124
  1285 10124
  1286 10124
  1287 10124
  1288 10124
  1289 10124
  1290 10124
  1291 10124
  1292 10124
  1293 10124
  1294 10124
  1295 10124
  1296 10124
  1297 10124
  1298 10124
  1299 10124
  1300 10124
  1301 10124
  1302 10124
  1303 10124
  1304 10124
  1305 10124
  1306 10124
  1307 10124
  1308 10124
  1309 10124
  1310 10124
  1311 10124
  1312 10124
  1313 10124
  1314 10124
  1315 10124
  1316 10124
  1317 10124
  1318 10124
  1319 10124
  1320 10124
  1321 10124
  1322 10124
  1323 10124
  1324 10124
  1325 10124
  1326 10124
  1327 10124
  1328 10124
  1329 10124
  1330 10124
  1331 10124
  1332 10124
  1333 10124
  1334 10124
  1335 10124
  1336 10124
  1337 10124
  1338 10124
  1339 10124
  1340 10124
  1341 10124
  1342 10124
  1343 10124
  1344 10124
  1345 10124
  1346 10124
  1347 10124
  1348 10124
  1349 10124
  1350 10124
  1351 10124
  1352 10124
  1353 10124
  1354 10124
  1355 10124
  1356 10124
  1357 10124
  1358 10124
  1359 10124
  1360 10124
  1361 10124
  1362 10124
  1363 10124
  1364 10124
  1365 10124
  1366 10124
  1367 10124
  1368 10124
  1369 10124
  1370 10124
  1371 10124
  1372 10124
  1373 10124
  1374 10124
  1375 10124
  1376 10124
  1377 10124
  1378 10124
  1379 10124
  1380 10124
  1381 10124
  1382 10124
  1383 10124
  1384 10124
  1385 10124
  1386 10124
  1387 10124
  1388 10124
  1389 10124
  1390 10124
  1391 10124
  1392 10124
  1393 10124
  1394 10124
  1395 10124
  1396 10124
  1397 10124
  1398 10124
  1399 10124
  1400 10124
  1401 10124
  1402 10124
  1403 10124
  1404 10124
  1405 10124
  1406 10124
  1407 10124
  1408 10124
  1409 10124
  1410 10124
  1411 10124
  1412 10124
  1413 10124
  1414 10124
  1415 10124
  1416 10124
  1417 10124
  1418 10124
  1419 10124
  1420 10124
  1421 10124
  1422 10124
  1423 10124
  1424 10124
  1425 10124
  1426 10124
  1427 10124
  1428 10124
  1429 10124
  1430 10124
  1431 10124
  1432 10124
  1433 10124
  1434 10124
  1435 10124
  1436 10124
  1437 10124
  1438 10124
  1439 10124
  1440 10124
  1441 10124
  1442 10124
  1443 10124
  1444 10124
  1445 10124
  1446 10124
  1447 10124
  1448 10124
  1449 10124
  1450 10124
  1451 10124
  1452 10124
  1453 10124
  1454 10124
  1455 10124
  1456 10124
  1457 10124
  1458 10124
  1459 10124
  1460 10124
  1461 10124
  1462 10124
  1463 10124
  1464 10124
  1465 10124
  1466 10124
  1467 10124
  1468 10124
  1469 10124
  1470 10124
  1471 10124
  1472 10124
  1473 10124
  1474 10124
  1475 10124
  1476 10124
  1477 10124
  1478 10124
  1479 10124
  1480 10124
  1481 10124
  1482 10124
  1483 10124
  1484 10124
  1485 10124
  1486 10124
  1487 10124
  1488 10124
  1489 10124
  1490 10124
  1491 10124
  1492 10124
  1493 10124
  1494 10124
  1495 10124
  1496 10124
  1497 10124
  1498 10124
  1499 10124
  1500 10124
  1501 10034
  1502 10034
  1503 10034
  1504 10034
  1505 10034
  1506 10034
  1507 10034
  1508 10034
  1509 10034
  1510 10034
  1511 10034
  1512 10034
  1513 10034
  1514 10034
  1515 10034
  1516 10034
  1517 10034
  1518 10034
  1519 10034
  1520 10034
  1521 10034
  1522 10034
  1523 10034
  1524 10034
  1525 10034
  1526 10034
  1527 10034
  1528 10034
  1529 10034
  1530 10034
  1531 10034
  1532 10034
  1533 10034
  1534 10034
  1535 10034
  1536 10034
  1537 10034
  1538 10034
  1539 10034
  1540 10034
  1541 10034
  1542 10034
  1543 10034
  1544 10034
  1545 10034
  1546 10034
  1547 10034
  1548 10034
  1549 10034
  1550 10034
  1551 10034
  1552 10034
  1553 10034
  1554 10034
  1555 10034
  1556 10034
  1557 10034
  1558 10034
  1559 10034
  1560 10034
  1561 10034
  1562 10034
  1563 10034
  1564 10034
  1565 10034
  1566 10034
  1567 10034
  1568 10034
  1569 10034
  1570 10034
  1571 10034
  1572 10034
  1573 10034
  1574 10034
  1575 10034
  1576 10034
  1577 10034
  1578 10034
  1579 10034
  1580 10034
  1581 10034
  1582 10034
  1583 10034
  1584 10034
  1585 10034
  1586 10034
  1587 10034
  1588 10034
  1589 10034
  1590 10034
  1591 10034
  1592 10034
  1593 10034
  1594 10034
  1595 10034
  1596 10034
  1597 10034
  1598 10034
  1599 10034
  1600 10034
  1601 10034
  1602 10034
  1603 10034
  1604 10034
  1605 10034
  1606 10034
  1607 10034
  1608 10034
  1609 10034
  1610 10034
  1611 10034
  1612 10034
  1613 10034
  1614 10034
  1615 10034
  1616 10034
  1617 10034
  1618 10034
  1619 10034
  1620 10034
  1621 10072
  1623 10043
  1626 10128
  1627 10128
  1628 10128
  1629 10128
  1630 10128
  1631 10128
  1632 10128
  1633 10128
  1634 10128
  1635 10128
  1636 10128
  1637 10128
  1638 10128
  1639 10128
  1640 10128
  1641 10128
  1642 10128
  1643 10128
  1644 10128
  1645 10128
  1646 10128
  1647 10128
  1648 10128
  1649 10128
  1650 10128
  1651 10128
  1652 10128
  1653 10128
  1654 10128
  1655 10128
  1656 10128
  1657 10128
  1658 10128
  1659 10128
  1660 10128
  1661 10128
  1662 10128
  1663 10128
  1664 10128
  1665 10128
  1666 10128
  1667 10128
  1668 10128
  1669 10128
  1670 10128
  1671 10128
  1672 10128
  1673 10128
  1674 10128
  1675 10128
  1676 10128
  1677 10128
  1678 10128
  1679 10128
  1680 10128
  1681 10128
  1682 10128
  1683 10128
  1684 10128
  1685 10128
  1686 10128
  1687 10128
  1688 10128
  1689 10128
  1690 10128
  1691 10128
  1692 10128
  1693 10128
  1694 10128
  1695 10128
  1696 10128
  1697 10128
  1698 10128
  1699 10128
  1700 10128
  1701 10128
  1702 10128
  1703 10128
  1704 10128
  1705 10128
  1706 10128
  1707 10128
  1708 10128
  1709 10128
  1710 10128
  1711 10128
  1712 10128
  1713 10128
  1714 10128
  1715 10128
  1716 10128
  1717 10128
  1718 10128
  1719 10128
  1720 10128
  1721 10128
  1722 10128
  1723 10128
  1724 10128
  1725 10128
  1726 10128
  1727 10128
  1728 10128
  1729 10128
  1730 10128
  1731 10128
  1732 10128
  1733 10128
  1734 10128
  1735 10128
  1736 10128
  1737 10128
  1738 10128
  1739 10128
  1740 10128
  1741 10128
  1742 10128
  1743 10128
  1744 10128
  1745 10128
  1746 10128
  1747 10128
  1748 10128
  1749 10128
  1750 10128
  1751 10128
  1752 10128
  1753 10128
  1754 10128
  1755 10128
  1756 10128
  1757 10128
  1758 10128
  1759 10128
  1760 10128
  1761 10128
  1762 10128
  1763 10128
  1764 10128
  1765 10128
  1766 10128
  1767 10128
  1768 10128
  1769 10128
  1770 10128
  1771 10128
  1772 10128
  1773 10128
  1774 10128
  1775 10128
  1776 10128
  1777 10128
  1778 10128
  1779 10128
  1780 10128
  1781 10128
  1782 10128
  1783 10128
  1784 10128
  1785 10128
  1786 10128
  1787 10128
  1788 10128
  1789 10128
  1790 10128
  1791 10128
  1792 10128
  1793 10128
  1794 10128
  1795 10128
  1796 10128
  1797 10128
  1798 10128
  1799 10128
  1800 10128
  1801 10128
  1802 10128
  1803 10128
  1804 10128
  1805 10128
  1806 10128
  1807 10128
  1808 10128
  1809 10128
  1810 10128
  1811 10128
  1812 10128
  1813 10128
  1814 10128
  1815 10128
  1816 10128
  1817 10128
  1818 10128
  1819 10128
  1820 10128
  1821 10128
  1822 10128
  1823 10128
  1824 10128
  1825 10128
  1826 10128
  1827 10128
  1828 10128
  1829 10128
  1830 10128
  1831 10128
  1832 10128
  1833 10128
  1834 10128
  1835 10128
  1836 10128
  1837 10128
  1838 10128
  1839 10128
  1840 10128
  1841 10128
  1842 10128
  1843 10128
  1844 10128
  1845 10128
  1846 10128
  1847 10128
  1848 10128
  1849 10128
  1850 10128
  1851 10128
  1852 10128
  1853 10128
  1854 10128
  1855 10128
  1856 10128
  1857 10128
  1858 10128
  1859 10128
  1860 10128
  1861 10128
  1862 10128
  1863 10128
  1864 10128
  1865 10128
  1866 10128
  1867 10128
  1868 10128
  1869 10016
  1870 10128
  1871 10128
  1872 10128
  1873 10128
  1874 10128
  1875 10128
  1876 10128
  1877 10128
  1878 10128
  1879 10128
  1880 10128
  1881 10128
  1882 10128
  1883 10128
  1884 10128
  1885 10128
  1886 10128
  1887 10128
  1888 10128
  1889 10128
  1890 10128
  1891 10128
  1892 10128
  1893 10128
  1894 10128
  1895 10128
  1896 10128
  1897 10128
  1898 10128
  1899 10128
  1900 10128
  1901 10128
  1902 10128
  1903 10128
  1904 10128
  1905 10128
  1906 10128
  1907 10128
  1908 10128
  1909 10128
  1910 10128
  1911 10128
  1912 10128
  1913 10128
  1914 10128
  1915 10128
  1916 10128
  1917 10128
  1918 10128
  1919 10128
  1920 10128
  1921 10128
  1922 10128
  1923 10128
  1924 10128
  1925 10128
  1926 10128
  1927 10128
  1928 10128
  1929 10128
  1930 10128
  1931 10128
  1932 10128
  1933 10128
  1934 10128
  1935 10128
  1936 10128
  1937 10128
  1938 10128
  1939 10128
  1940 10128
  1941 10128
  1942 10128
  1943 10128
  1944 10128
  1945 10128
  1946 10128
  1947 10128
  1948 10128
  1949 10128
  1950 10128
  1951 10128
  1952 10128
  1953 10128
  1954 10128
  1955 10128
  1956 10128
  1957 10128
  1958 10128
  1959 10128
  1960 10128
  1961 10128
  1962 10128
  1963 10128
  1964 10128
  1965 10128
  1966 10128
  1967 10128
  1968 10128
  1969 10128
  1970 10128
  1971 10128
  1972 10128
  1973 10128
  1974 10128
  1975 10128
  1976 10128
  1977 10128
  1978 10128
  1979 10128
  1980 10128
  1981 10128
  1982 10128
  1983 10128
  1984 10128
  1985 10128
  1986 10128
  1987 10128
  1988 10128
  1989 10128
  1990 10128
  1991 10128
  1992 10128
  1993 10128
  1994 10128
  1995 10128
  1996 10128
  1997 10128
  1998 10128
  1999 10128
  2000 10128
  2001 10128
  2002 10128
  2003 10128
  2004 10128
  2005 10128
  2006 10128
  2007 10128
  2008 10128
  2009 10128
  2010 10128
  2011 10128
  2012 10128
  2013 10128
  2014 10128
  2015 10128
  2016 10128
  2017 10128
  2018 10128
  2019 10128
  2020 10128
  2021 10016
  2022 10016
  2023 10016
  2024 10016
  2025 10016
  2026 10016
  2027 10016
  2028 10154
  2029 10154
  2038 10125
  2039 10125
  2040 10125
  2041 10125
  2042 10125
  2043 10125
