   690 10122
   691 10122
   692 10122
   693 10122
   694 10122
   695 10122
   696 10122
   697 10122
   698 10122
   699 10122
   700 10122
   701 10122
   702 10122
   703 10122
   704 10122
   705 10122
   706 10122
   707 10122
   708 10122
   709 10122
   710 10122
   711 10122
   712 10122
   713 10122
   714 10122
   715 10122
   716 10122
   717 10122
   718 10122
   719 10122
   720 10122
   721 10122
   722 10122
   723 10122
   724 10122
   725 10122
   726 10122
   727 10122
   728 10122
   729 10122
   730 10122
   731 10122
   732 10122
   733 10122
   734 10122
   735 10122
   736 10122
   737 10122
   738 10122
   739 10122
   740 10122
   741 10122
   742 10122
   743 10122
   744 10122
   745 10122
   746 10122
   747 10122
   748 10122
   749 10122
   750 10122
   751 10122
   752 10122
   753 10122
   754 10122
   755 10122
   756 10122
   757 10122
   758 10122
   759 10122
   760 10122
   761 10122
   762 10122
   763 10122
   764 10122
   765 10122
   766 10122
   767 10122
   768 10122
   769 10122
   770 10122
   771 10122
   772 10122
   773 10122
   774 10122
   775 10122
   776 10122
   777 10122
   778 10122
   779 10122
   780 10122
   781 10101
   782 10101
   783 10128
   784 10088
   785 10088
   786 10088
   787 10088
   788 10088
   789 10088
   790 10088
   791 10088
   792 10088
   793 10088
   794 10088
   795 10088
   796 10088
   797 10088
   798 10088
   799 10088
   800 10088
   801 10088
   802 10088
   803 10088
   804 10088
   805 10088
   806 10088
   807 10088
   808 10088
   809 10088
   810 10088
   811 10088
   812 10088
   813 10088
   814 10088
   815 10088
   816 10088
   817 10088
   818 10088
   819 10088
   820 10088
   821 10088
   822 10088
   823 10088
   824 10088
   825 10088
   826 10088
   827 10088
   828 10088
   829 10088
   830 10088
   831 10088
   832 10088
   833 10088
   834 10088
   835 10088
   836 10088
   837 10088
   838 10088
   839 10088
   840 10088
   841 10088
   842 10088
   843 10088
   844 10088
   845 10088
   846 10088
   847 10088
   848 10088
   849 10088
   850 10088
   851 10088
   852 10088
   853 10088
   854 10088
   855 10088
   856 10088
   857 10088
   858 10088
   859 10088
   860 10088
   861 10088
   862 10088
   863 10088
   864 10088
   865 10088
   866 10088
   867 10088
   868 10088
   869 10088
   870 10088
   871 10088
   872 10088
   873 10088
   874 10088
   875 10088
   876 10088
   877 10088
   878 10088
   879 10088
   880 10088
   881 10088
   882 10088
   883 10088
   884 10088
   885 10088
   886 10088
   887 10088
   888 10088
   889 10088
   890 10088
   891 10088
   892 10088
   893 10088
   894 10088
   895 10088
   896 10088
   897 10088
   898 10088
   899 10088
   900 10088
   901 10088
   902 10088
   903 10088
   904 10088
   905 10088
   906 10088
   907 10088
   908 10088
   909 10088
   910 10088
   911 10088
   912 10088
   913 10088
   914 10088
   915 10088
   916 10088
   917 10088
   918 10088
   919 10088
   920 10088
   921 10088
   922 10088
   923 10088
   924 10088
   925 10088
   926 10088
   927 10088
   928 10088
   929 10088
   930 10088
   931 10088
   932 10088
   933 10088
   934 10088
   935 10088
   936 10088
   937 10088
   938 10088
   939 10088
   940 10088
   941 10088
   942 10088
   943 10088
   944 10088
   945 10088
   946 10088
   947 10088
   948 10088
   949 10088
   950 10088
   951 10088
   952 10088
   953 10088
   954 10088
   955 10088
   956 10088
   957 10088
   958 10088
   959 10088
   960 10088
   961 10088
   962 10088
   963 10088
   964 10088
   965 10088
   966 10088
   967 10088
   968 10088
   969 10088
   970 10088
   971 10088
   972 10088
   973 10088
   974 10088
   975 10088
   976 10088
   977 10088
   978 10088
   979 10088
   980 10088
   981 10088
   982 10088
   983 10088
   984 10088
   985 10088
   986 10088
   987 10088
   988 10088
   989 10088
   990 10088
   991 10088
   992 10088
   993 10088
   994 10088
   995 10088
   996 10088
   997 10088
   998 10088
   999 10088
  1000 10088
  1001 10088
  1002 10088
  1003 10088
  1004 10088
  1005 10088
  1006 10088
  1007 10088
  1008 10088
  1009 10088
  1010 10088
  1011 10088
  1012 10088
  1013 10088
  1014 10088
  1015 10088
  1016 10088
  1017 10088
  1018 10088
  1019 10088
  1020 10088
  1022 10002
  1023 10002
  1024 10002
  1025 10002
  1026 10002
  1027 10002
  1028 10002
  1029 10002
  1030 10002
  1031 10002
  1032 10002
  1033 10002
  1034 10002
  1035 10002
  1036 10002
  1037 10002
  1038 10002
  1039 10002
  1040 10002
  1041 10002
  1042 10002
  1043 10002
  1044 10002
  1045 10002
  1046 10002
  1047 10002
  1048 10002
  1049 10002
  1050 10002
  1051 10002
  1052 10002
  1053 10002
  1054 10002
  1055 10002
  1056 10002
  1057 10002
  1058 10002
  1059 10002
  1060 10002
  1061 10002
  1062 10002
  1063 10002
  1064 10002
  1065 10002
  1066 10002
  1067 10002
  1068 10002
  1069 10002
  1070 10002
  1071 10002
  1072 10002
  1073 10002
  1074 10002
  1075 10002
  1076 10002
  1077 10002
  1078 10002
  1079 10002
  1080 10002
  1081 10002
  1082 10002
  1083 10002
  1084 10002
  1085 10002
  1086 10002
  1087 10002
  1088 10002
  1089 10002
  1090 10002
  1091 10002
  1092 10002
  1093 10002
  1094 10002
  1095 10002
  1096 10002
  1097 10002
  1098 10002
  1099 10002
  1100 10002
  1101 10002
  1102 10002
  1103 10002
  1104 10002
  1105 10002
  1106 10002
  1107 10002
  1108 10002
  1109 10002
  1110 10002
  1111 10002
  1112 10002
  1113 10002
  1114 10002
  1115 10002
  1116 10002
  1117 10002
  1118 10002
  1119 10002
  1120 10002
  1121 10002
  1122 10002
  1123 10002
  1124 10002
  1125 10002
  1126 10002
  1127 10002
  1128 10002
  1129 10002
  1130 10002
  1131 10002
  1132 10002
  1133 10002
  1134 10002
  1135 10002
  1136 10002
  1137 10002
  1138 10002
  1139 10002
  1140 10002
  1141 10002
  1142 10002
  1143 10002
  1144 10002
  1145 10002
  1146 10002
  1147 10002
  1148 10002
  1149 10002
  1150 10002
  1151 10002
  1152 10002
  1153 10002
  1154 10002
  1155 10002
  1156 10002
  1157 10002
  1158 10002
  1159 10002
  1160 10002
  1161 10002
  1162 10002
  1163 10002
  1164 10002
  1165 10002
  1166 10002
  1167 10002
  1168 10002
  1169 10002
  1170 10002
  1171 10002
  1172 10002
  1173 10002
  1174 10002
  1175 10002
  1176 10002
  1177 10002
  1178 10002
  1179 10002
  1180 10002
  1181 10002
  1182 10002
  1183 10002
  1184 10002
  1185 10002
  1186 10002
  1187 10002
  1188 10002
  1189 10002
  1190 10002
  1191 10002
  1192 10002
  1193 10002
  1194 10002
  1195 10002
  1196 10002
  1197 10002
  1198 10002
  1199 10002
  1200 10002
  1201 10002
  1202 10002
  1203 10002
  1204 10002
  1205 10002
  1206 10002
  1207 10002
  1208 10002
  1209 10002
  1210 10002
  1211 10002
  1212 10002
  1213 10002
  1214 10002
  1215 10002
  1216 10002
  1217 10002
  1218 10002
  1219 10002
  1220 10002
  1221 10002
  1222 10002
  1223 10002
  1224 10002
  1225 10002
  1226 10002
  1227 10002
  1228 10002
  1229 10002
  1230 10002
  1231 10002
  1232 10002
  1233 10002
  1234 10002
  1235 10002
  1236 10002
  1237 10002
  1238 10002
  1239 10002
  1240 10002
  1241 10002
  1242 10002
  1243 10002
  1244 10002
  1245 10002
  1246 10002
  1247 10002
  1248 10002
  1249 10002
  1250 10002
  1251 10002
  1252 10002
  1253 10002
  1254 10002
  1255 10002
  1256 10002
  1257 10002
  1258 10169
  1259 10169
  1260 10101
  1261 10101
  1266 10018
  1267 10018
  1268 10158
  1274 10010
  1275 10010
  1276 10010
  1277 10010
  1287 10010
  1291 10010
  1308 10010
  1310 10010
  1311 10010
  1313 10010
  1314 10010
  1315 10010
  1316 10010
  1317 10010
  1318 10010
  1319 10010
  1320 10010
  1321 10010
  1322 10010
  1324 10010
  1325 10010
  1326 10010
  1327 10010
  1328 10140
  1329 10055
  1330 10018
  1331 10055
  1332 10055
  1333 10055
  1334 10055
  1335 10055
  1337 10055
  1338 10055
  1339 10055
  1340 10055
  1341 10055
  1342 10055
  1343 10173
  1344 10055
  1345 10055
  1346 10055
  1347 10055
  1348 10055
  1349 10055
  1350 10055
  1351 10055
  1352 10055
  1353 10055
  1354 10055
  1355 10055
  1356 10055
  1357 10055
  1358 10055
  1359 10055
  1360 10055
  1361 10055
  1362 10055
  1363 10055
  1364 10055
  1365 10055
  1366 10055
  1367 10055
  1368 10055
  1369 10055
  1370 10055
  1371 10055
  1372 10055
  1373 10055
  1374 10055
  1375 10055
  1376 10055
  1377 10055
  1378 10055
  1379 10055
  1380 10055
  1384 10169
  1385 10101
  1386 10101
  1387 10101
  1388 10101
  1389 10101
  1390 10101
  1391 10101
  1392 10101
  1393 10101
  1394 10101
  1396 10101
  1397 10101
  1398 10101
  1399 10101
  1400 10101
  1401 10101
  1402 10101
  1403 10101
  1404 10101
  1405 10101
  1406 10101
  1407 10101
  1408 10101
  1409 10101
  1410 10101
  1411 10101
  1412 10101
  1413 10101
  1414 10101
  1415 10101
  1416 10101
  1417 10101
  1418 10101
  1419 10101
  1420 10101
  1421 10101
  1422 10101
  1423 10101
  1424 10101
  1425 10101
  1427 10101
  1428 10101
  1429 10101
  1430 10101
  1431 10101
  1432 10101
  1434 10101
  1435 10101
  1436 10101
  1437 10101
  1438 10101
  1439 10101
  1441 10101
  1442 10101
  1443 10101
  1444 10101
  1446 10101
  1447 10101
  1448 10101
  1450 10101
  1451 10101
  1452 10101
  1453 10101
  1454 10101
  1455 10101
  1456 10101
  1457 10101
  1458 10101
  1459 10101
  1460 10101
  1461 10101
  1462 10101
  1463 10101
  1464 10101
  1465 10101
  1466 10101
  1467 10101
  1468 10101
  1469 10101
  1470 10101
  1471 10101
  1472 10101
  1473 10101
  1474 10101
  1475 10101
  1476 10101
  1479 10101
  1480 10101
  1481 10101
  1482 10101
  1483 10101
  1484 10101
  1485 10101
  1487 10101
  1488 10101
  1489 10101
  1490 10101
  1491 10101
  1492 10101
  1495 10101
  1496 10101
  1497 10101
  1498 10101
  1499 10101
  1500 10101
  1501 10101
  1502 10101
  1503 10101
  1504 10101
  1505 10101
  1506 10101
  1507 10101
  1508 10101
  1509 10101
  1510 10101
  1511 10101
  1513 10101
  1514 10101
  1515 10101
  1516 10101
  1517 10101
  1518 10101
  1519 10101
  1520 10101
  1521 10101
  1522 10101
  1523 10101
  1524 10101
  1525 10101
  1526 10101
  1527 10101
  1528 10101
  1529 10101
  1530 10101
  1531 10101
  1534 10101
  1535 10101
  1537 10101
  1538 10101
  1539 10101
  1540 10101
  1541 10101
  1542 10101
  1543 10101
  1544 10101
  1545 10101
  1546 10101
  1547 10101
  1548 10101
  1549 10101
  1550 10101
  1551 10101
  1552 10101
  1553 10101
  1554 10101
  1555 10101
  1556 10101
  1559 10101
  1560 10101
  1561 10101
  1562 10101
  1563 10101
  1564 10101
  1565 10101
  1566 10101
  1567 10101
  1568 10101
  1569 10101
  1570 10101
  1572 10101
  1573 10101
  1574 10101
  1575 10101
  1576 10101
  1577 10101
  1578 10101
  1579 10101
  1581 10101
  1582 10101
  1584 10101
  1585 10101
  1586 10101
  1587 10101
  1588 10101
  1589 10101
  1590 10101
  1593 10101
  1596 10101
  1597 10101
  1598 10101
  1601 10101
  1602 10101
  1603 10101
  1604 10101
  1605 10101
  1606 10101
  1607 10101
  1608 10101
  1609 10101
  1610 10101
  1612 10101
  1614 10101
  1615 10101
  1616 10101
  1617 10101
  1618 10101
  1619 10159
  1621 10043
  1625 10066
  1626 10066
  1627 10020
  1628 10020
  1629 10020
  1630 10020
  1631 10020
  1632 10020
  1633 10020
  1634 10020
  1635 10020
  1636 10020
  1637 10020
  1638 10020
  1639 10020
  1640 10020
  1641 10020
  1642 10020
  1643 10020
  1644 10020
  1645 10020
  1646 10020
  1647 10020
  1648 10020
  1649 10020
  1650 10020
  1651 10020
  1652 10020
  1653 10020
  1654 10020
  1655 10020
  1656 10020
  1657 10020
  1658 10020
  1659 10020
  1660 10020
  1661 10020
  1662 10020
  1663 10020
  1664 10020
  1665 10020
  1666 10020
  1667 10020
  1668 10020
  1669 10020
  1670 10020
  1671 10020
  1672 10020
  1673 10020
  1674 10020
  1675 10020
  1676 10020
  1677 10020
  1678 10020
  1679 10020
  1680 10020
  1681 10020
  1682 10020
  1683 10020
  1684 10020
  1685 10020
  1686 10020
  1687 10020
  1688 10020
  1689 10020
  1690 10020
  1691 10020
  1692 10020
  1693 10020
  1694 10020
  1695 10020
  1696 10020
  1697 10020
  1698 10020
  1699 10020
  1700 10020
  1701 10020
  1702 10020
  1703 10020
  1704 10020
  1705 10020
  1706 10020
  1707 10020
  1708 10020
  1709 10020
  1710 10020
  1711 10020
  1712 10020
  1713 10020
  1714 10020
  1715 10020
  1716 10020
  1717 10020
  1718 10020
  1719 10020
  1720 10020
  1721 10020
  1722 10020
  1723 10020
  1724 10020
  1725 10020
  1726 10020
  1727 10020
  1728 10020
  1729 10020
  1730 10020
  1731 10020
  1732 10020
  1733 10020
  1734 10020
  1735 10020
  1736 10020
  1737 10020
  1738 10020
  1739 10020
  1740 10020
  1741 10020
  1742 10020
  1743 10020
  1744 10020
  1745 10020
  1746 10020
  1747 10020
  1748 10020
  1749 10020
  1750 10020
  1751 10020
  1752 10020
  1753 10020
  1754 10020
  1755 10020
  1756 10020
  1757 10020
  1758 10020
  1759 10020
  1760 10020
  1761 10020
  1762 10020
  1763 10020
  1764 10020
  1765 10020
  1766 10020
  1767 10020
  1768 10020
  1769 10020
  1770 10020
  1771 10020
  1772 10020
  1773 10020
  1774 10020
  1775 10020
  1776 10020
  1777 10020
  1778 10020
  1779 10020
  1780 10020
  1781 10020
  1782 10020
  1783 10020
  1784 10020
  1785 10020
  1786 10020
  1787 10020
  1788 10020
  1789 10020
  1790 10020
  1791 10020
  1792 10020
  1793 10020
  1794 10020
  1795 10020
  1796 10020
  1797 10020
  1798 10020
  1799 10020
  1800 10020
  1801 10020
  1802 10020
  1803 10020
  1804 10020
  1805 10020
  1806 10020
  1807 10020
  1808 10020
  1809 10020
  1810 10020
  1811 10020
  1812 10020
  1813 10020
  1814 10020
  1815 10020
  1816 10020
  1817 10020
  1818 10020
  1819 10020
  1820 10020
  1821 10020
  1822 10020
  1823 10020
  1824 10020
  1825 10020
  1826 10020
  1827 10020
  1828 10020
  1829 10020
  1830 10020
  1831 10020
  1832 10020
  1833 10020
  1834 10020
  1835 10020
  1836 10020
  1837 10020
  1838 10020
  1839 10020
  1840 10020
  1841 10020
  1842 10020
  1843 10020
  1844 10020
  1845 10020
  1846 10020
  1847 10020
  1848 10020
  1849 10020
  1850 10020
  1851 10020
  1852 10020
  1853 10020
  1854 10020
  1855 10020
  1856 10020
  1857 10066
  1858 10072
  1859 10066
  1860 10066
  1861 10066
  1869 10090
  1873 10026
  1874 10026
  1875 10026
  1876 10026
  1877 10026
  1878 10026
  1879 10026
  1880 10026
  1881 10026
  1882 10026
  1883 10026
  1884 10026
  1885 10026
  1886 10026
  1887 10026
  1888 10026
  1889 10026
  1890 10026
  1891 10026
  1892 10026
  1893 10026
  1894 10026
  1895 10026
  1896 10026
  1897 10026
  1898 10026
  1899 10026
  1900 10026
  1901 10026
  1902 10026
  1903 10026
  1904 10026
  1905 10026
  1906 10094
  1907 10094
  1908 10094
  1909 10094
  1910 10094
  1911 10064
  1912 10064
  1913 10064
