   600 10029
   601 10029
   604 10147
   618 10147
   619 10029
   620 10029
   621 10029
   622 10029
   623 10029
   624 10029
   625 10029
   626 10029
   627 10029
   628 10029
   629 10029
   638 10029
   639 10029
   640 10029
   641 10029
   642 10029
   649 10120
   650 10120
   651 10029
   652 10120
   653 10120
   657 10120
   658 10029
   659 10029
   660 10029
   661 10029
   662 10029
   663 10029
   664 10029
   670 10147
   671 10147
   672 10147
   673 10147
   674 10147
   690 10046
   691 10046
   692 10046
   693 10046
   694 10046
   695 10046
   696 10046
   697 10046
   698 10046
   699 10046
   700 10046
   701 10046
   702 10046
   703 10046
   704 10046
   705 10046
   706 10046
   707 10046
   708 10046
   709 10046
   710 10046
   711 10046
   712 10046
   713 10046
   714 10046
   715 10046
   716 10046
   717 10046
   718 10046
   719 10046
   720 10046
   721 10046
   722 10046
   723 10046
   724 10046
   725 10046
   726 10046
   727 10046
   728 10046
   729 10046
   730 10046
   731 10046
   732 10046
   733 10046
   734 10046
   735 10046
   736 10046
   737 10046
   738 10046
   739 10046
   740 10046
   741 10046
   742 10046
   743 10046
   744 10046
   745 10046
   746 10046
   747 10046
   748 10046
   749 10046
   750 10046
   751 10046
   752 10046
   753 10046
   754 10046
   755 10046
   756 10046
   757 10046
   758 10046
   759 10046
   760 10046
   761 10046
   762 10046
   763 10046
   764 10046
   765 10046
   766 10046
   767 10046
   768 10046
   769 10046
   770 10046
   771 10046
   772 10046
   773 10046
   774 10046
   775 10046
   776 10046
   777 10046
   778 10046
   779 10046
   780 10046
   784 10029
   785 10029
   786 10029
   787 10029
   788 10029
   789 10029
   790 10029
   791 10029
   792 10029
   793 10029
   794 10029
   795 10029
   796 10029
   797 10029
   798 10029
   799 10029
   800 10029
   801 10029
   802 10029
   803 10029
   804 10029
   805 10029
   806 10029
   807 10029
   808 10029
   809 10029
   810 10029
   811 10029
   812 10029
   813 10029
   814 10029
   815 10029
   816 10029
   817 10029
   818 10029
   819 10029
   820 10029
   821 10029
   822 10029
   823 10029
   824 10029
   825 10029
   826 10029
   827 10029
   828 10029
   829 10029
   830 10029
   831 10029
   832 10029
   833 10029
   834 10029
   835 10029
   836 10029
   837 10029
   838 10029
   839 10029
   840 10029
   841 10029
   842 10029
   843 10029
   844 10029
   845 10029
   846 10029
   847 10029
   848 10029
   849 10029
   850 10029
   851 10029
   852 10029
   853 10029
   854 10029
   855 10029
   856 10029
   857 10029
   858 10029
   859 10029
   860 10029
   861 10029
   862 10029
   863 10029
   864 10029
   865 10029
   866 10029
   867 10029
   868 10029
   869 10029
   870 10029
   871 10029
   872 10029
   873 10029
   874 10029
   875 10029
   876 10029
   877 10029
   878 10029
   879 10029
   880 10029
   881 10029
   882 10029
   883 10029
   884 10029
   885 10029
   886 10029
   887 10029
   888 10029
   889 10029
   890 10029
   891 10029
   892 10029
   893 10029
   894 10029
   895 10029
   896 10029
   897 10029
   898 10029
   899 10029
   900 10029
   901 10029
   902 10029
   903 10029
   904 10029
   905 10029
   906 10029
   907 10029
   908 10029
   909 10029
   910 10029
   911 10029
   912 10029
   913 10029
   914 10029
   915 10029
   916 10029
   917 10029
   918 10029
   919 10029
   920 10029
   921 10029
   922 10029
   923 10029
   924 10029
   925 10029
   926 10029
   927 10029
   928 10029
   929 10029
   930 10029
   931 10029
   932 10029
   933 10029
   934 10029
   935 10029
   936 10029
   937 10029
   938 10029
   939 10029
   940 10029
   941 10029
   942 10029
   943 10029
   944 10029
   945 10029
   946 10029
   947 10029
   948 10029
   949 10029
   950 10029
   951 10029
   952 10029
   953 10029
   954 10029
   955 10029
   956 10029
   957 10029
   958 10029
   959 10029
   960 10029
   961 10029
   962 10029
   963 10029
   964 10029
   965 10029
   966 10029
   967 10029
   968 10029
   969 10029
   970 10029
   971 10029
   972 10029
   973 10029
   974 10029
   975 10029
   976 10029
   977 10029
   978 10029
   979 10029
   980 10029
   981 10029
   982 10029
   983 10029
   984 10029
   985 10029
   986 10029
   987 10029
   988 10029
   989 10029
   990 10029
   991 10029
   992 10029
   993 10029
   994 10029
   995 10029
   996 10029
   997 10029
   998 10029
   999 10029
  1000 10029
  1001 10029
  1002 10029
  1003 10029
  1004 10029
  1005 10029
  1006 10029
  1007 10029
  1008 10029
  1009 10029
  1010 10029
  1011 10029
  1012 10029
  1013 10029
  1014 10029
  1015 10029
  1016 10029
  1017 10029
  1018 10029
  1019 10029
  1020 10029
  1022 10101
  1023 10101
  1024 10101
  1025 10101
  1026 10101
  1027 10101
  1028 10101
  1029 10101
  1030 10101
  1031 10101
  1032 10101
  1033 10101
  1034 10101
  1035 10101
  1036 10101
  1037 10101
  1038 10101
  1039 10101
  1040 10101
  1041 10101
  1042 10101
  1043 10101
  1044 10101
  1045 10101
  1046 10101
  1047 10101
  1048 10101
  1049 10101
  1050 10101
  1051 10101
  1052 10101
  1053 10101
  1054 10101
  1055 10101
  1056 10101
  1057 10101
  1058 10101
  1059 10101
  1060 10101
  1061 10101
  1062 10101
  1063 10101
  1064 10101
  1065 10101
  1066 10101
  1067 10101
  1068 10101
  1069 10101
  1070 10101
  1071 10101
  1072 10101
  1073 10101
  1074 10101
  1075 10101
  1076 10101
  1077 10101
  1078 10101
  1079 10101
  1080 10101
  1081 10101
  1082 10101
  1083 10101
  1084 10101
  1085 10101
  1086 10101
  1087 10101
  1088 10101
  1089 10101
  1090 10101
  1091 10101
  1092 10101
  1093 10101
  1094 10101
  1095 10101
  1096 10101
  1097 10101
  1098 10101
  1099 10101
  1100 10101
  1101 10101
  1102 10101
  1103 10101
  1104 10101
  1105 10101
  1106 10101
  1107 10101
  1108 10101
  1109 10101
  1110 10101
  1111 10101
  1112 10101
  1113 10101
  1114 10101
  1115 10101
  1116 10101
  1117 10101
  1118 10101
  1119 10101
  1120 10101
  1121 10101
  1122 10101
  1123 10101
  1124 10101
  1125 10101
  1126 10101
  1127 10101
  1128 10101
  1129 10101
  1130 10101
  1131 10101
  1132 10101
  1133 10101
  1134 10101
  1135 10101
  1136 10101
  1137 10101
  1138 10101
  1139 10101
  1140 10101
  1141 10101
  1142 10101
  1143 10101
  1144 10101
  1145 10101
  1146 10101
  1147 10101
  1148 10101
  1149 10101
  1150 10101
  1151 10101
  1152 10101
  1153 10101
  1154 10101
  1155 10101
  1156 10101
  1157 10101
  1158 10101
  1159 10101
  1160 10101
  1161 10101
  1162 10101
  1163 10101
  1164 10101
  1165 10101
  1166 10101
  1167 10101
  1168 10101
  1169 10101
  1170 10101
  1171 10101
  1172 10101
  1173 10101
  1174 10101
  1175 10101
  1176 10101
  1177 10101
  1178 10101
  1179 10101
  1180 10101
  1181 10101
  1182 10101
  1183 10101
  1184 10101
  1185 10101
  1186 10101
  1187 10101
  1188 10101
  1189 10101
  1190 10101
  1191 10101
  1192 10101
  1193 10101
  1194 10101
  1195 10101
  1196 10101
  1197 10101
  1198 10101
  1199 10101
  1200 10101
  1201 10101
  1202 10101
  1203 10101
  1204 10101
  1205 10101
  1206 10101
  1207 10101
  1208 10101
  1209 10101
  1210 10101
  1211 10101
  1212 10101
  1213 10101
  1214 10101
  1215 10101
  1216 10101
  1217 10101
  1218 10101
  1219 10101
  1220 10101
  1221 10101
  1222 10101
  1223 10101
  1224 10101
  1225 10101
  1226 10101
  1227 10101
  1228 10101
  1229 10101
  1230 10101
  1231 10101
  1232 10101
  1233 10101
  1234 10101
  1235 10101
  1236 10101
  1237 10101
  1238 10101
  1239 10101
  1240 10101
  1241 10101
  1242 10101
  1243 10101
  1244 10101
  1245 10101
  1246 10101
  1247 10101
  1248 10101
  1249 10101
  1250 10101
  1251 10101
  1252 10101
  1253 10101
  1254 10101
  1255 10101
  1256 10101
  1257 10101
  1260 10098
  1261 10098
  1262 10098
  1263 10040
  1264 10040
  1265 10040
  1266 10040
  1267 10040
  1268 10040
  1269 10040
  1270 10040
  1271 10040
  1272 10040
  1273 10040
  1274 10040
  1275 10040
  1276 10040
  1277 10040
  1278 10040
  1280 10040
  1286 10040
  1288 10040
  1289 10040
  1290 10040
  1291 10040
  1293 10098
  1297 10040
  1298 10040
  1299 10040
  1300 10040
  1301 10040
  1302 10040
  1303 10040
  1304 10040
  1305 10040
  1306 10040
  1307 10040
  1308 10040
  1309 10040
  1310 10040
  1311 10040
  1312 10040
  1313 10040
  1314 10040
  1315 10040
  1320 10040
  1323 10040
  1324 10040
  1325 10040
  1326 10040
  1327 10040
  1328 10018
  1329 10018
  1330 10018
  1331 10055
  1337 10043
  1338 10043
  1344 10028
  1345 10008
  1346 10008
  1347 10008
  1348 10042
  1349 10042
  1350 10008
  1351 10008
  1359 10045
  1383 10151
  1384 10151
  1385 10028
  1386 10016
  1387 10016
  1388 10016
  1389 10016
  1390 10016
  1391 10016
  1392 10016
  1393 10016
  1394 10016
  1395 10022
  1396 10022
  1397 10022
  1398 10022
  1399 10022
  1400 10022
  1401 10022
  1402 10022
  1403 10022
  1404 10022
  1405 10022
  1406 10022
  1407 10022
  1408 10022
  1409 10022
  1410 10022
  1411 10022
  1412 10022
  1413 10022
  1414 10022
  1415 10022
  1416 10022
  1417 10022
  1418 10022
  1419 10022
  1420 10022
  1421 10022
  1422 10022
  1423 10022
  1424 10022
  1425 10022
  1426 10022
  1427 10022
  1428 10022
  1429 10022
  1430 10022
  1431 10022
  1432 10022
  1433 10022
  1434 10022
  1435 10022
  1436 10022
  1437 10022
  1438 10022
  1439 10022
  1440 10022
  1441 10022
  1442 10022
  1443 10022
  1444 10022
  1445 10022
  1446 10022
  1447 10022
  1448 10022
  1449 10022
  1450 10022
  1451 10022
  1452 10022
  1453 10022
  1454 10022
  1455 10022
  1456 10022
  1457 10022
  1458 10022
  1459 10022
  1460 10022
  1461 10022
  1462 10022
  1463 10022
  1464 10022
  1465 10022
  1466 10022
  1467 10022
  1468 10022
  1469 10022
  1470 10022
  1471 10022
  1472 10022
  1473 10022
  1474 10022
  1475 10022
  1476 10022
  1477 10022
  1478 10022
  1479 10022
  1480 10022
  1481 10022
  1482 10022
  1483 10022
  1484 10022
  1485 10022
  1486 10022
  1487 10022
  1488 10022
  1489 10022
  1490 10022
  1491 10022
  1492 10022
  1493 10022
  1494 10022
  1495 10022
  1496 10022
  1497 10022
  1498 10022
  1499 10022
  1500 10022
  1501 10022
  1502 10022
  1503 10022
  1504 10022
  1505 10022
  1506 10022
  1507 10022
  1508 10022
  1509 10022
  1510 10022
  1511 10022
  1512 10022
  1513 10022
  1514 10022
  1515 10022
  1516 10022
  1517 10022
  1518 10022
  1519 10022
  1520 10022
  1521 10022
  1522 10022
  1523 10022
  1524 10022
  1525 10022
  1526 10022
  1527 10022
  1528 10022
  1529 10022
  1530 10022
  1531 10022
  1532 10022
  1533 10022
  1534 10022
  1535 10022
  1536 10022
  1537 10022
  1538 10022
  1539 10022
  1540 10022
  1541 10022
  1542 10022
  1543 10022
  1544 10022
  1545 10022
  1546 10022
  1547 10022
  1548 10022
  1549 10022
  1550 10022
  1551 10022
  1552 10022
  1553 10022
  1554 10022
  1555 10022
  1556 10022
  1557 10022
  1558 10022
  1559 10022
  1560 10022
  1561 10022
  1562 10022
  1563 10022
  1564 10022
  1565 10022
  1566 10022
  1567 10022
  1568 10022
  1569 10022
  1570 10022
  1571 10022
  1572 10022
  1573 10022
  1574 10022
  1575 10022
  1576 10022
  1577 10022
  1578 10022
  1579 10022
  1580 10022
  1581 10022
  1582 10022
  1583 10022
  1584 10022
  1585 10022
  1586 10022
  1587 10022
  1588 10022
  1589 10022
  1590 10022
  1591 10022
  1592 10022
  1593 10022
  1594 10022
  1595 10022
  1596 10022
  1597 10022
  1598 10022
  1599 10022
  1600 10022
  1601 10022
  1602 10022
  1603 10022
  1604 10022
  1605 10022
  1606 10022
  1607 10022
  1608 10022
  1609 10022
  1610 10022
  1611 10022
  1612 10022
  1613 10022
  1614 10022
  1615 10022
  1616 10022
  1617 10022
  1618 10022
  1619 10022
  1620 10022
  1621 10043
  1622 10043
  1624 10063
  1627 10065
  1628 10065
  1629 10065
  1630 10065
  1631 10065
  1632 10065
  1633 10065
  1634 10065
  1635 10065
  1636 10065
  1637 10065
  1638 10065
  1639 10065
  1640 10065
  1641 10065
  1642 10065
  1643 10065
  1644 10065
  1645 10065
  1646 10065
  1647 10065
  1648 10065
  1649 10065
  1650 10065
  1651 10065
  1652 10065
  1653 10065
  1654 10065
  1655 10065
  1656 10065
  1657 10065
  1658 10065
  1659 10065
  1660 10065
  1661 10065
  1662 10065
  1663 10065
  1664 10065
  1665 10065
  1666 10065
  1667 10065
  1668 10065
  1669 10065
  1670 10065
  1671 10065
  1672 10065
  1673 10065
  1674 10065
  1675 10065
  1676 10065
  1677 10065
  1678 10065
  1679 10065
  1680 10065
  1681 10065
  1682 10065
  1683 10065
  1684 10065
  1685 10065
  1686 10065
  1687 10065
  1688 10065
  1689 10065
  1690 10065
  1691 10065
  1692 10065
  1693 10065
  1694 10065
  1695 10065
  1696 10065
  1697 10065
  1698 10065
  1699 10065
  1700 10065
  1701 10065
  1702 10065
  1703 10065
  1704 10065
  1705 10065
  1706 10065
  1707 10065
  1708 10065
  1709 10065
  1710 10065
  1711 10065
  1712 10065
  1713 10065
  1714 10065
  1715 10065
  1716 10065
  1717 10065
  1718 10065
  1719 10065
  1720 10065
  1721 10065
  1722 10065
  1723 10065
  1724 10065
  1725 10065
  1726 10065
  1727 10065
  1728 10065
  1729 10065
  1730 10065
  1731 10065
  1732 10065
  1733 10065
  1734 10065
  1735 10065
  1736 10065
  1737 10065
  1738 10065
  1739 10065
  1740 10065
  1741 10065
  1742 10065
  1743 10065
  1744 10065
  1745 10065
  1746 10065
  1747 10065
  1748 10065
  1749 10065
  1750 10065
  1751 10065
  1752 10065
  1753 10065
  1754 10065
  1755 10065
  1756 10065
  1757 10065
  1758 10065
  1759 10065
  1760 10065
  1761 10065
  1762 10065
  1763 10065
  1764 10065
  1765 10065
  1766 10065
  1767 10065
  1768 10065
  1769 10065
  1770 10065
  1771 10065
  1772 10065
  1773 10065
  1774 10065
  1775 10065
  1776 10065
  1777 10065
  1778 10065
  1779 10065
  1780 10065
  1781 10065
  1782 10065
  1783 10065
  1784 10065
  1785 10065
  1786 10065
  1787 10065
  1788 10065
  1789 10065
  1790 10065
  1791 10065
  1792 10065
  1793 10065
  1794 10065
  1795 10065
  1796 10065
  1797 10065
  1798 10065
  1799 10065
  1800 10065
  1801 10065
  1802 10065
  1803 10065
  1804 10065
  1805 10065
  1806 10065
  1807 10065
  1808 10065
  1809 10065
  1810 10065
  1811 10065
  1812 10065
  1813 10065
  1814 10065
  1815 10065
  1816 10065
  1817 10065
  1818 10065
  1819 10065
  1820 10065
  1821 10065
  1822 10065
  1823 10065
  1824 10065
  1825 10065
  1826 10065
  1827 10065
  1828 10065
  1829 10065
  1830 10065
  1831 10065
  1832 10065
  1833 10065
  1834 10065
  1835 10065
  1836 10065
  1837 10065
  1838 10065
  1839 10065
  1840 10065
  1841 10065
  1842 10065
  1843 10065
  1844 10065
  1845 10065
  1846 10065
  1847 10065
  1848 10065
  1849 10065
  1850 10065
  1851 10065
  1852 10065
  1853 10065
  1854 10065
  1855 10065
  1860 10029
  1861 10029
  1862 10029
  1863 10029
  1864 10029
  1865 10029
  1866 10029
  1867 10029
  1868 10029
  1869 10029
  1870 10029
  1871 10029
  1872 10029
  1873 10029
  1874 10029
  1875 10029
  1876 10029
  1877 10029
  1878 10147
  1879 10029
  1880 10029
  1881 10147
  1882 10147
  1883 10147
  1884 10147
  1885 10147
  1886 10147
  1887 10147
  1888 10147
  1899 10029
  1900 10147
  1901 10029
  1902 10029
  1903 10029
  1904 10029
  1908 10029
  1909 10147
  1910 10147
  1912 10029
  1913 10029
  1914 10029
  1915 10029
  1916 10029
  1917 10029
  1918 10029
  1919 10029
  1920 10029
  1921 10029
  1922 10029
  1923 10029
  1924 10029
  1925 10029
  1926 10029
  1927 10029
  1928 10029
  1929 10029
  1930 10029
  1931 10029
  1932 10029
  1933 10029
  1934 10029
  1935 10029
  1936 10029
  1937 10029
  1938 10029
  1939 10029
  1940 10029
  1941 10029
  1942 10029
  1943 10029
  1944 10029
  1945 10029
  1946 10029
  1947 10029
  1948 10029
  1949 10029
  1950 10029
  1951 10029
  1952 10029
  1953 10029
  1954 10029
  1955 10029
  1956 10029
  1957 10029
  1958 10029
  1959 10029
  1960 10029
  1961 10029
  1962 10029
  1963 10029
  1964 10029
  1965 10147
  1966 10147
  1967 10147
  1968 10147
  1969 10147
  1970 10029
  1971 10147
  1972 10147
  1973 10147
  1974 10147
  1975 10029
  1976 10029
  1977 10029
  1978 10029
  1979 10029
  1980 10029
  1981 10029
  1982 10029
  1983 10029
  1984 10029
  1985 10029
  1986 10029
  2011 10043
  2012 10043
  2013 10043
  2014 10043
  2015 10043
  2016 10043
  2018 10043
  2020 10043
  2021 10043
  2022 10043
  2023 10043
  2024 10043
  2025 10043
