   690 10039
   691 10039
   692 10039
   693 10039
   694 10039
   695 10039
   696 10039
   697 10039
   698 10039
   699 10039
   700 10039
   701 10039
   702 10039
   703 10039
   704 10039
   705 10039
   706 10039
   707 10039
   708 10039
   709 10039
   710 10039
   711 10039
   712 10039
   713 10039
   714 10039
   715 10039
   716 10039
   717 10039
   718 10039
   719 10039
   720 10039
   721 10039
   722 10039
   723 10039
   724 10039
   725 10039
   726 10039
   727 10039
   728 10039
   729 10039
   730 10039
   731 10039
   732 10039
   733 10039
   734 10039
   735 10039
   736 10039
   737 10039
   738 10039
   739 10039
   740 10039
   741 10039
   742 10039
   743 10039
   744 10039
   745 10039
   746 10039
   747 10039
   748 10039
   749 10039
   750 10039
   751 10039
   752 10039
   753 10039
   754 10039
   755 10039
   756 10039
   757 10039
   758 10039
   759 10039
   760 10039
   761 10039
   762 10039
   763 10039
   764 10039
   765 10039
   766 10039
   767 10039
   768 10039
   769 10039
   770 10039
   771 10039
   772 10039
   773 10039
   774 10039
   775 10039
   776 10039
   777 10039
   778 10039
   779 10039
   780 10039
   781 10049
   782 10049
   783 10049
   784 10049
   785 10049
   786 10049
   787 10049
   788 10049
   789 10049
   790 10049
   791 10049
   792 10049
   793 10049
   794 10049
   795 10049
   796 10049
   797 10049
   798 10049
   799 10049
   800 10049
   801 10049
   802 10049
   803 10049
   804 10049
   805 10049
   806 10049
   807 10049
   808 10049
   809 10049
   810 10049
   811 10049
   812 10049
   813 10049
   814 10049
   815 10049
   816 10049
   817 10049
   818 10049
   819 10049
   820 10049
   821 10049
   822 10049
   823 10049
   824 10049
   825 10049
   826 10049
   827 10049
   828 10049
   829 10049
   830 10049
   831 10049
   832 10049
   833 10049
   834 10049
   835 10049
   836 10049
   837 10049
   838 10049
   839 10049
   840 10049
   841 10049
   842 10049
   843 10049
   844 10049
   845 10049
   846 10049
   847 10049
   848 10049
   849 10049
   850 10049
   851 10049
   852 10049
   853 10049
   854 10049
   855 10049
   856 10049
   857 10049
   858 10049
   859 10049
   860 10049
   861 10049
   862 10049
   863 10049
   864 10049
   865 10049
   866 10049
   867 10049
   868 10049
   869 10049
   870 10049
   871 10049
   872 10049
   873 10049
   874 10049
   875 10049
   876 10049
   877 10049
   878 10049
   879 10049
   880 10049
   881 10049
   882 10049
   883 10049
   884 10049
   885 10049
   886 10049
   887 10049
   888 10049
   889 10049
   890 10049
   891 10049
   892 10049
   893 10049
   894 10049
   895 10049
   896 10049
   897 10049
   898 10049
   899 10049
   900 10049
   901 10049
   902 10049
   903 10049
   904 10049
   905 10049
   906 10049
   907 10049
   908 10049
   909 10049
   910 10049
   911 10049
   912 10049
   913 10049
   914 10049
   915 10049
   916 10049
   917 10049
   918 10049
   919 10049
   920 10049
   921 10049
   922 10049
   923 10049
   924 10049
   925 10049
   926 10049
   927 10049
   928 10049
   929 10049
   930 10049
   931 10049
   932 10049
   933 10049
   934 10049
   935 10049
   936 10049
   937 10049
   938 10049
   939 10049
   940 10049
   941 10049
   942 10049
   943 10049
   944 10049
   945 10049
   946 10049
   947 10049
   948 10049
   949 10049
   950 10049
   951 10049
   952 10049
   953 10049
   954 10049
   955 10049
   956 10049
   957 10049
   958 10049
   959 10049
   960 10049
   961 10049
   962 10049
   963 10049
   964 10049
   965 10049
   966 10049
   967 10049
   968 10049
   969 10049
   970 10049
   971 10049
   972 10049
   973 10049
   974 10049
   975 10049
   976 10049
   977 10049
   978 10049
   979 10049
   980 10049
   981 10049
   982 10049
   983 10049
   984 10049
   985 10049
   986 10049
   987 10049
   988 10049
   989 10049
   990 10049
   991 10049
   992 10049
   993 10049
   994 10049
   995 10049
   996 10049
   997 10049
   998 10049
   999 10049
  1000 10049
  1001 10049
  1002 10049
  1003 10049
  1004 10049
  1005 10049
  1006 10049
  1007 10049
  1008 10049
  1009 10049
  1010 10049
  1011 10049
  1012 10049
  1013 10049
  1014 10049
  1015 10049
  1016 10049
  1017 10049
  1018 10049
  1019 10049
  1020 10049
  1024 10162
  1025 10162
  1026 10162
  1027 10162
  1028 10162
  1029 10162
  1030 10162
  1031 10162
  1032 10162
  1033 10162
  1034 10162
  1035 10162
  1036 10162
  1037 10162
  1038 10162
  1039 10162
  1040 10162
  1041 10162
  1042 10162
  1043 10162
  1044 10162
  1045 10162
  1046 10162
  1047 10162
  1048 10162
  1049 10162
  1050 10162
  1051 10162
  1052 10162
  1053 10162
  1054 10162
  1055 10162
  1056 10162
  1057 10162
  1058 10162
  1059 10162
  1060 10162
  1061 10162
  1062 10162
  1063 10162
  1064 10162
  1065 10162
  1066 10162
  1067 10162
  1068 10162
  1069 10162
  1070 10162
  1071 10162
  1072 10162
  1073 10162
  1074 10162
  1075 10162
  1076 10162
  1077 10162
  1078 10162
  1079 10162
  1080 10162
  1081 10162
  1082 10162
  1083 10162
  1084 10162
  1085 10162
  1086 10162
  1087 10162
  1088 10162
  1089 10162
  1090 10162
  1091 10162
  1092 10162
  1093 10162
  1094 10162
  1095 10162
  1096 10162
  1097 10162
  1098 10162
  1099 10162
  1100 10162
  1101 10162
  1102 10162
  1103 10162
  1104 10162
  1105 10162
  1106 10162
  1107 10162
  1108 10162
  1109 10162
  1110 10162
  1111 10162
  1112 10162
  1113 10162
  1114 10162
  1115 10162
  1116 10162
  1117 10162
  1118 10162
  1119 10162
  1120 10162
  1121 10162
  1122 10162
  1123 10162
  1124 10162
  1125 10162
  1126 10162
  1127 10162
  1128 10162
  1129 10162
  1130 10162
  1131 10162
  1132 10162
  1133 10162
  1134 10162
  1135 10162
  1136 10162
  1137 10162
  1138 10162
  1139 10162
  1140 10162
  1141 10162
  1142 10162
  1143 10162
  1144 10162
  1145 10162
  1146 10162
  1147 10162
  1148 10162
  1149 10162
  1150 10162
  1151 10162
  1152 10162
  1153 10162
  1154 10162
  1155 10162
  1156 10162
  1157 10162
  1158 10162
  1159 10162
  1160 10162
  1161 10162
  1162 10162
  1163 10162
  1164 10162
  1165 10162
  1166 10162
  1167 10162
  1168 10162
  1169 10162
  1170 10162
  1171 10162
  1172 10162
  1173 10162
  1174 10162
  1175 10162
  1176 10162
  1177 10162
  1178 10162
  1179 10162
  1180 10162
  1181 10162
  1182 10162
  1183 10162
  1184 10162
  1185 10162
  1186 10162
  1187 10162
  1188 10162
  1189 10162
  1190 10162
  1191 10162
  1192 10162
  1193 10162
  1194 10162
  1195 10162
  1196 10162
  1197 10162
  1198 10162
  1199 10162
  1200 10162
  1201 10162
  1202 10162
  1203 10162
  1204 10162
  1205 10162
  1206 10162
  1207 10162
  1208 10162
  1209 10162
  1210 10162
  1211 10162
  1212 10162
  1213 10162
  1214 10162
  1215 10162
  1216 10162
  1217 10162
  1218 10162
  1219 10162
  1220 10162
  1221 10162
  1222 10162
  1223 10162
  1224 10162
  1225 10162
  1226 10162
  1227 10162
  1228 10162
  1229 10162
  1230 10162
  1231 10162
  1232 10162
  1233 10162
  1234 10162
  1235 10162
  1236 10162
  1237 10162
  1238 10162
  1239 10162
  1240 10162
  1241 10162
  1242 10162
  1243 10162
  1244 10162
  1245 10162
  1246 10162
  1247 10162
  1248 10162
  1249 10162
  1250 10162
  1251 10162
  1252 10162
  1253 10162
  1254 10162
  1255 10162
  1256 10162
  1257 10162
  1258 10016
  1259 10016
  1260 10016
  1261 10018
  1263 10018
  1266 10130
  1267 10095
  1268 10095
  1269 10095
  1270 10095
  1271 10095
  1272 10095
  1273 10095
  1274 10095
  1298 10016
  1378 10055
  1381 10018
  1382 10018
  1383 10040
  1384 10018
  1385 10140
  1386 10140
  1387 10055
  1388 10055
  1389 10055
  1498 10016
  1499 10016
  1500 10016
  1501 10016
  1502 10154
  1503 10055
  1504 10055
  1505 10055
  1506 10055
  1507 10018
  1508 10018
  1509 10018
  1510 10018
  1511 10018
  1512 10018
  1513 10055
  1514 10023
  1515 10023
  1516 10023
  1517 10140
  1518 10140
  1519 10140
  1520 10140
  1521 10140
  1522 10140
  1523 10140
  1524 10018
  1525 10158
  1526 10055
  1527 10055
  1528 10055
  1529 10055
  1530 10055
  1531 10055
  1532 10055
  1533 10055
  1534 10018
  1535 10055
  1536 10140
  1537 10140
  1538 10140
  1539 10140
  1540 10018
  1541 10018
  1542 10018
  1543 10140
  1544 10140
  1545 10140
  1546 10140
  1547 10055
  1548 10140
  1549 10140
  1550 10140
  1551 10140
  1552 10140
  1553 10055
  1558 10016
  1559 10016
  1560 10016
  1561 10016
  1562 10016
  1563 10016
  1564 10016
  1565 10016
  1566 10016
  1568 10016
  1569 10016
  1570 10016
  1571 10016
  1572 10154
  1573 10014
  1574 10014
  1575 10016
  1576 10014
  1577 10014
  1578 10014
  1579 10154
  1580 10154
  1581 10014
  1582 10154
  1583 10014
  1584 10014
  1585 10014
  1586 10036
  1587 10016
  1588 10016
  1589 10154
  1590 10154
  1591 10154
  1592 10036
  1593 10036
  1594 10036
  1596 10115
  1621 10067
  1622 10067
  1623 10163
  1624 10067
  1625 10067
  1626 10067
  1627 10067
  1628 10067
  1629 10067
  1630 10067
  1631 10067
  1632 10067
  1633 10067
  1634 10067
  1635 10067
  1636 10067
  1637 10067
  1638 10067
  1639 10067
  1640 10067
  1641 10067
  1642 10067
  1643 10067
  1644 10067
  1645 10067
  1646 10067
  1647 10067
  1648 10067
  1649 10067
  1650 10067
  1651 10067
  1652 10067
  1653 10067
  1654 10067
  1655 10067
  1656 10067
  1657 10067
  1658 10067
  1659 10067
  1660 10067
  1661 10067
  1662 10067
  1663 10067
  1664 10067
  1665 10067
  1666 10067
  1667 10067
  1668 10067
  1669 10067
  1670 10067
  1671 10067
  1672 10067
  1673 10067
  1674 10067
  1675 10067
  1676 10067
  1677 10067
  1678 10067
  1679 10067
  1680 10067
  1681 10067
  1682 10067
  1683 10067
  1684 10067
  1685 10067
  1686 10067
  1687 10067
  1688 10067
  1689 10067
  1690 10067
  1691 10067
  1692 10067
  1693 10067
  1694 10067
  1695 10067
  1696 10067
  1697 10067
  1698 10067
  1699 10067
  1700 10067
  1701 10067
  1702 10067
  1703 10067
  1704 10067
  1705 10067
  1706 10067
  1707 10067
  1708 10067
  1709 10067
  1710 10067
  1711 10067
  1712 10067
  1713 10067
  1714 10067
  1715 10067
  1716 10067
  1717 10067
  1718 10067
  1719 10067
  1720 10067
  1721 10067
  1722 10067
  1723 10067
  1724 10067
  1725 10067
  1726 10067
  1727 10067
  1728 10067
  1729 10067
  1730 10067
  1731 10067
  1732 10067
  1733 10067
  1734 10067
  1735 10067
  1736 10067
  1737 10067
  1738 10067
  1739 10067
  1740 10067
  1741 10067
  1742 10067
  1743 10067
  1744 10067
  1745 10067
  1746 10067
  1747 10067
  1748 10067
  1749 10067
  1750 10067
  1751 10067
  1752 10067
  1753 10067
  1754 10067
  1755 10067
  1756 10067
  1757 10067
  1758 10067
  1759 10067
  1760 10067
  1761 10067
  1762 10067
  1763 10067
  1764 10067
  1765 10067
  1766 10067
  1767 10067
  1768 10067
  1769 10067
  1770 10067
  1771 10067
  1772 10067
  1773 10067
  1774 10067
  1775 10067
  1776 10067
  1777 10067
  1778 10067
  1779 10067
  1780 10067
  1781 10067
  1782 10067
  1783 10067
  1784 10067
  1785 10067
  1786 10067
  1787 10067
  1788 10067
  1789 10067
  1790 10067
  1791 10067
  1792 10067
  1793 10067
  1794 10067
  1795 10067
  1796 10067
  1797 10067
  1798 10067
  1799 10067
  1800 10067
  1801 10067
  1802 10067
  1803 10067
  1804 10067
  1805 10067
  1806 10067
  1807 10067
  1808 10067
  1809 10067
  1810 10067
  1811 10067
  1812 10067
  1813 10067
  1814 10067
  1815 10067
  1816 10067
  1817 10067
  1818 10067
  1819 10067
  1820 10067
  1821 10067
  1822 10067
  1823 10067
  1824 10067
  1825 10067
  1826 10067
  1827 10067
  1828 10067
  1829 10067
  1830 10067
  1831 10067
  1832 10067
  1833 10067
  1834 10067
  1835 10067
  1836 10067
  1837 10067
  1838 10067
  1839 10067
  1840 10067
  1841 10067
  1842 10067
  1843 10067
  1844 10067
  1845 10067
  1846 10067
  1847 10067
  1848 10067
  1849 10067
  1850 10067
  1851 10067
  1852 10067
  1853 10067
  1854 10067
  1855 10067
  1856 10067
  1857 10067
  1858 10067
  1859 10067
  1860 10067
  1861 10101
  1862 10101
  1863 10101
  1869 10096
  1870 10096
  1871 10096
  1872 10096
  1873 10096
  1874 10096
  1875 10096
  1876 10096
  1877 10096
  1878 10096
  1879 10096
  1880 10096
  1881 10096
  1882 10096
  1883 10096
  1884 10096
  1885 10096
  1886 10096
  1887 10096
  1888 10096
  1889 10096
  1890 10096
  1891 10096
  1892 10096
  1893 10096
  1894 10096
  1895 10096
  1896 10096
  1897 10096
  1898 10096
  1899 10096
  1900 10096
  1901 10096
  1902 10096
  1903 10096
  1904 10096
  1905 10096
  1906 10096
  1907 10096
  1908 10096
  1909 10096
  1910 10096
  1911 10096
  1912 10096
  1913 10096
  1914 10096
  1915 10096
  1916 10096
  1917 10096
  1918 10096
  1919 10096
  1920 10096
  1921 10096
  1922 10096
  1923 10096
  1924 10096
  1925 10096
  1926 10096
  1927 10096
  1928 10096
  1929 10096
  1930 10096
  1931 10096
  1932 10096
  1933 10096
  1934 10096
  1935 10096
  1936 10096
  1937 10096
  1938 10096
  1939 10096
  1940 10096
  1941 10096
  1942 10096
  1943 10096
  1944 10096
  1945 10096
  1946 10096
  1947 10096
  1948 10096
  1949 10096
  1950 10096
  1951 10096
  1952 10096
  1953 10096
  1954 10096
  1955 10096
  1956 10096
  1957 10096
  1958 10096
  1959 10096
  1960 10096
  1961 10096
  1962 10096
  1963 10096
  1964 10096
  1965 10096
  1966 10096
  1967 10096
  1968 10096
  1969 10096
  1970 10096
  1971 10096
  1972 10096
  1973 10096
  1974 10096
  1975 10096
  1976 10096
  1977 10096
  1978 10096
  1979 10096
  1980 10096
  1981 10096
  1982 10096
  1983 10096
  1984 10096
  1985 10096
  1986 10096
  1987 10096
  1988 10096
  1989 10096
  1990 10096
  1991 10096
  1992 10096
  1993 10096
  1994 10096
  1995 10096
  1996 10096
  1997 10096
  1998 10096
  1999 10096
  2000 10096
  2001 10096
  2002 10096
  2003 10096
  2004 10096
  2005 10096
  2006 10096
  2007 10096
  2008 10096
  2009 10096
  2010 10096
  2011 10096
  2012 10096
  2013 10096
  2014 10096
  2015 10096
  2016 10096
  2017 10096
  2018 10096
  2019 10096
  2020 10096
  2027 10154
  2029 10106
  2030 10106
  2034 10039
  2035 10090
  2036 10039
  2037 10039
  2038 10039
  2039 10039
  2040 10039
  2041 10039
  2042 10039
  2043 10039
  2044 10039
  2045 10090
  2046 10090
  2047 10090
  2048 10090
