   689 10162
   690 10162
   691 10162
   692 10162
   693 10162
   694 10162
   695 10162
   696 10162
   697 10162
   698 10162
   699 10162
   700 10162
   701 10162
   702 10162
   703 10162
   704 10162
   705 10162
   706 10162
   707 10162
   708 10162
   709 10162
   710 10162
   711 10162
   712 10162
   713 10162
   714 10162
   715 10162
   716 10162
   717 10162
   718 10162
   719 10162
   720 10162
   721 10162
   722 10162
   723 10162
   724 10162
   725 10162
   726 10162
   727 10162
   728 10162
   729 10162
   730 10162
   731 10162
   732 10162
   733 10162
   734 10162
   735 10162
   736 10162
   737 10162
   738 10162
   739 10162
   740 10162
   741 10162
   742 10162
   743 10162
   744 10162
   745 10162
   746 10162
   747 10162
   748 10162
   749 10162
   750 10162
   751 10162
   752 10162
   753 10162
   754 10162
   755 10162
   756 10162
   757 10162
   758 10162
   759 10162
   760 10162
   761 10162
   762 10162
   763 10162
   764 10162
   765 10162
   766 10162
   767 10162
   768 10162
   769 10162
   770 10162
   771 10162
   772 10162
   773 10162
   774 10162
   775 10162
   776 10162
   777 10162
   778 10162
   784 10165
   785 10165
   786 10165
   787 10096
   788 10096
   789 10096
   790 10096
   791 10096
   792 10096
   793 10096
   794 10096
   795 10096
   796 10096
   797 10096
   798 10096
   799 10096
   800 10096
   801 10096
   802 10096
   803 10096
   804 10096
   805 10096
   806 10096
   807 10096
   808 10096
   809 10096
   810 10096
   811 10096
   812 10096
   813 10096
   814 10096
   815 10096
   816 10096
   817 10096
   818 10096
   819 10096
   820 10096
   821 10096
   822 10096
   823 10096
   824 10096
   825 10096
   826 10096
   827 10096
   828 10096
   829 10096
   830 10096
   831 10096
   832 10096
   833 10096
   834 10096
   835 10096
   836 10096
   837 10096
   838 10096
   839 10096
   840 10096
   841 10096
   842 10096
   843 10096
   844 10096
   845 10096
   846 10096
   847 10096
   848 10096
   849 10096
   850 10096
   851 10096
   852 10096
   853 10096
   854 10096
   855 10096
   856 10096
   857 10096
   858 10096
   859 10096
   860 10096
   861 10096
   862 10096
   863 10096
   864 10096
   865 10096
   866 10096
   867 10096
   868 10096
   869 10096
   870 10096
   871 10096
   872 10096
   873 10096
   874 10096
   875 10096
   876 10096
   877 10096
   878 10096
   879 10096
   880 10096
   881 10096
   882 10096
   883 10096
   884 10096
   885 10096
   886 10096
   887 10096
   888 10096
   889 10096
   890 10096
   891 10096
   892 10096
   893 10096
   894 10096
   895 10096
   896 10096
   897 10096
   898 10096
   899 10096
   900 10096
   901 10096
   902 10096
   903 10096
   904 10096
   905 10096
   906 10096
   907 10096
   908 10096
   909 10096
   910 10096
   911 10096
   912 10096
   913 10096
   914 10096
   915 10096
   916 10096
   917 10096
   918 10096
   919 10096
   920 10096
   921 10096
   922 10096
   923 10096
   924 10096
   925 10096
   926 10096
   927 10096
   928 10096
   929 10096
   930 10096
   931 10096
   932 10096
   933 10096
   934 10096
   935 10096
   936 10096
   937 10096
   938 10096
   939 10096
   940 10096
   941 10096
   942 10096
   943 10096
   944 10096
   945 10096
   946 10096
   947 10096
   948 10096
   949 10096
   950 10096
   951 10096
   952 10096
   953 10096
   954 10096
   955 10096
   956 10096
   957 10096
   958 10096
   959 10096
   960 10096
   961 10096
   962 10096
   963 10096
   964 10096
   965 10096
   966 10096
   967 10096
   968 10096
   969 10096
   970 10096
   971 10096
   972 10096
   973 10096
   974 10096
   975 10096
   976 10096
   977 10096
   978 10096
   979 10096
   980 10096
   981 10096
   982 10096
   983 10096
   984 10096
   985 10096
   986 10096
   987 10096
   988 10096
   989 10096
   990 10096
   991 10096
   992 10096
   993 10096
   994 10096
   995 10096
   996 10096
   997 10096
   998 10096
   999 10096
  1000 10096
  1001 10096
  1002 10096
  1003 10096
  1004 10096
  1005 10096
  1006 10096
  1007 10096
  1008 10096
  1009 10096
  1010 10096
  1011 10096
  1012 10096
  1013 10096
  1014 10096
  1015 10096
  1016 10096
  1017 10096
  1018 10096
  1019 10096
  1020 10096
  1021 10136
  1022 10136
  1023 10136
  1024 10136
  1025 10136
  1026 10136
  1027 10136
  1028 10136
  1029 10136
  1030 10136
  1031 10136
  1032 10136
  1033 10136
  1034 10136
  1035 10136
  1036 10136
  1037 10136
  1038 10136
  1039 10136
  1040 10136
  1041 10136
  1042 10136
  1043 10136
  1044 10136
  1045 10136
  1046 10136
  1047 10136
  1048 10136
  1049 10136
  1050 10136
  1051 10136
  1052 10136
  1053 10136
  1054 10136
  1055 10136
  1056 10136
  1057 10136
  1058 10136
  1059 10136
  1060 10136
  1061 10136
  1062 10136
  1063 10136
  1064 10136
  1065 10136
  1066 10136
  1067 10136
  1068 10136
  1069 10136
  1070 10136
  1071 10136
  1072 10136
  1073 10136
  1074 10136
  1075 10136
  1076 10136
  1077 10136
  1078 10136
  1079 10136
  1080 10136
  1081 10136
  1082 10136
  1083 10136
  1084 10136
  1085 10136
  1086 10136
  1087 10136
  1088 10136
  1089 10136
  1090 10136
  1091 10136
  1092 10136
  1093 10136
  1094 10136
  1095 10136
  1096 10136
  1097 10136
  1098 10136
  1099 10136
  1100 10136
  1101 10136
  1102 10136
  1103 10136
  1104 10136
  1105 10136
  1106 10136
  1107 10136
  1108 10136
  1109 10136
  1110 10136
  1111 10136
  1112 10136
  1113 10136
  1114 10136
  1115 10136
  1116 10136
  1117 10136
  1118 10136
  1119 10136
  1120 10136
  1121 10136
  1122 10136
  1123 10136
  1124 10136
  1125 10136
  1126 10136
  1127 10136
  1128 10136
  1129 10136
  1130 10136
  1131 10136
  1132 10136
  1133 10096
  1134 10136
  1135 10136
  1136 10136
  1137 10136
  1138 10136
  1139 10136
  1140 10136
  1141 10136
  1142 10136
  1143 10136
  1144 10136
  1145 10136
  1146 10136
  1147 10136
  1148 10136
  1149 10136
  1150 10136
  1151 10136
  1152 10136
  1153 10136
  1154 10136
  1155 10136
  1156 10136
  1157 10136
  1158 10136
  1159 10136
  1160 10136
  1161 10136
  1162 10136
  1163 10136
  1164 10136
  1165 10136
  1166 10136
  1167 10136
  1168 10136
  1169 10136
  1170 10136
  1171 10136
  1172 10136
  1173 10136
  1174 10136
  1175 10136
  1176 10136
  1177 10136
  1178 10136
  1179 10136
  1180 10136
  1181 10136
  1182 10136
  1183 10136
  1184 10136
  1185 10136
  1186 10136
  1187 10136
  1188 10136
  1189 10136
  1190 10136
  1191 10136
  1192 10136
  1193 10136
  1194 10136
  1195 10136
  1196 10136
  1197 10136
  1198 10136
  1199 10136
  1200 10136
  1201 10136
  1202 10136
  1203 10136
  1204 10136
  1205 10096
  1206 10096
  1207 10136
  1208 10136
  1209 10136
  1210 10136
  1211 10136
  1212 10136
  1213 10136
  1214 10136
  1215 10136
  1216 10136
  1217 10136
  1218 10136
  1219 10136
  1220 10136
  1221 10136
  1222 10136
  1223 10136
  1224 10136
  1225 10136
  1226 10136
  1227 10136
  1228 10136
  1229 10136
  1230 10136
  1231 10136
  1232 10136
  1233 10136
  1234 10136
  1235 10136
  1236 10136
  1237 10136
  1238 10136
  1239 10136
  1240 10136
  1241 10136
  1242 10136
  1243 10136
  1244 10136
  1245 10136
  1246 10136
  1247 10136
  1248 10136
  1249 10136
  1250 10136
  1251 10136
  1252 10136
  1253 10136
  1254 10136
  1255 10136
  1256 10136
  1257 10136
  1258 10143
  1259 10143
  1260 10143
  1261 10143
  1264 10098
  1265 10018
  1266 10018
  1267 10018
  1268 10018
  1269 10018
  1270 10018
  1271 10018
  1272 10018
  1273 10040
  1275 10040
  1276 10040
  1277 10040
  1278 10040
  1279 10040
  1280 10040
  1284 10040
  1288 10040
  1289 10040
  1290 10040
  1291 10040
  1297 10040
  1298 10040
  1301 10040
  1302 10040
  1303 10040
  1304 10040
  1305 10040
  1306 10040
  1307 10040
  1311 10040
  1312 10040
  1313 10040
  1314 10040
  1315 10040
  1316 10040
  1317 10040
  1318 10040
  1319 10040
  1320 10040
  1321 10040
  1322 10040
  1323 10040
  1324 10106
  1325 10018
  1326 10106
  1328 10106
  1329 10143
  1330 10143
  1331 10143
  1332 10036
  1333 10036
  1334 10036
  1335 10036
  1336 10036
  1337 10036
  1338 10036
  1339 10036
  1340 10036
  1341 10036
  1342 10036
  1343 10036
  1344 10036
  1345 10036
  1346 10036
  1347 10036
  1348 10036
  1349 10036
  1350 10036
  1351 10036
  1352 10036
  1353 10036
  1354 10036
  1355 10016
  1356 10016
  1357 10016
  1358 10016
  1359 10016
  1360 10130
  1365 10101
  1366 10101
  1367 10101
  1368 10138
  1377 10101
  1378 10138
  1382 10101
  1386 10043
  1387 10043
  1388 10043
  1389 10043
  1390 10043
  1391 10043
  1392 10043
  1393 10043
  1394 10043
  1395 10043
  1396 10043
  1397 10043
  1398 10043
  1399 10043
  1400 10043
  1401 10043
  1402 10043
  1403 10043
  1404 10043
  1405 10043
  1406 10043
  1407 10043
  1408 10043
  1409 10043
  1410 10043
  1411 10043
  1412 10043
  1413 10043
  1414 10043
  1415 10043
  1416 10043
  1417 10043
  1418 10043
  1419 10043
  1420 10043
  1421 10043
  1422 10043
  1423 10043
  1424 10043
  1425 10043
  1426 10043
  1427 10043
  1428 10043
  1429 10043
  1430 10043
  1431 10043
  1432 10043
  1433 10043
  1434 10043
  1435 10043
  1436 10043
  1437 10043
  1438 10043
  1439 10043
  1440 10043
  1441 10043
  1442 10043
  1443 10043
  1444 10043
  1445 10043
  1446 10043
  1447 10043
  1448 10043
  1449 10043
  1450 10043
  1451 10043
  1452 10043
  1453 10043
  1454 10043
  1455 10043
  1456 10043
  1457 10043
  1458 10043
  1459 10043
  1460 10043
  1461 10043
  1462 10043
  1463 10043
  1464 10043
  1465 10043
  1466 10043
  1467 10043
  1468 10043
  1469 10043
  1470 10043
  1471 10043
  1472 10043
  1473 10043
  1474 10043
  1475 10043
  1476 10043
  1477 10043
  1478 10043
  1479 10043
  1480 10043
  1481 10043
  1482 10043
  1483 10043
  1484 10043
  1485 10043
  1486 10043
  1487 10043
  1488 10043
  1489 10043
  1490 10043
  1491 10043
  1492 10043
  1493 10043
  1494 10043
  1495 10043
  1496 10043
  1497 10043
  1498 10043
  1499 10043
  1500 10043
  1501 10043
  1502 10043
  1503 10043
  1504 10043
  1505 10043
  1506 10043
  1507 10043
  1508 10043
  1509 10043
  1510 10043
  1511 10043
  1512 10043
  1513 10043
  1514 10043
  1515 10043
  1516 10043
  1517 10043
  1518 10043
  1519 10043
  1520 10043
  1521 10043
  1522 10043
  1523 10043
  1524 10043
  1525 10043
  1526 10043
  1527 10043
  1528 10043
  1529 10043
  1530 10043
  1531 10043
  1532 10043
  1533 10043
  1534 10043
  1535 10043
  1536 10043
  1537 10043
  1538 10043
  1539 10043
  1540 10043
  1541 10043
  1542 10043
  1543 10043
  1544 10043
  1545 10043
  1546 10043
  1547 10043
  1548 10043
  1549 10043
  1550 10043
  1551 10043
  1552 10043
  1553 10043
  1554 10043
  1555 10043
  1556 10043
  1557 10043
  1558 10043
  1559 10043
  1560 10043
  1561 10043
  1562 10043
  1563 10043
  1564 10043
  1565 10043
  1566 10043
  1567 10043
  1568 10043
  1569 10043
  1570 10043
  1571 10043
  1572 10043
  1573 10043
  1574 10043
  1575 10043
  1576 10043
  1577 10043
  1578 10043
  1579 10043
  1580 10043
  1581 10043
  1582 10043
  1583 10043
  1584 10043
  1585 10043
  1586 10043
  1587 10043
  1588 10043
  1589 10043
  1590 10043
  1591 10043
  1592 10043
  1593 10043
  1594 10043
  1595 10043
  1596 10043
  1597 10043
  1598 10043
  1599 10043
  1600 10043
  1601 10043
  1602 10043
  1603 10043
  1604 10043
  1605 10043
  1606 10043
  1607 10043
  1608 10043
  1609 10043
  1610 10043
  1611 10043
  1612 10043
  1613 10043
  1614 10043
  1615 10043
  1616 10043
  1617 10043
  1618 10043
  1619 10043
  1620 10043
  1624 10154
  1625 10014
  1626 10143
  1627 10006
  1628 10006
  1629 10006
  1630 10006
  1631 10006
  1632 10006
  1633 10006
  1634 10006
  1635 10006
  1636 10006
  1637 10006
  1638 10006
  1639 10006
  1640 10006
  1641 10006
  1642 10006
  1643 10006
  1644 10006
  1645 10006
  1646 10006
  1647 10006
  1648 10006
  1649 10006
  1650 10006
  1651 10006
  1652 10006
  1653 10006
  1654 10006
  1655 10006
  1656 10006
  1657 10006
  1658 10006
  1659 10006
  1660 10006
  1661 10006
  1662 10006
  1663 10006
  1664 10006
  1665 10006
  1666 10006
  1667 10006
  1668 10006
  1669 10006
  1670 10006
  1671 10006
  1672 10006
  1673 10006
  1674 10006
  1675 10006
  1676 10006
  1677 10006
  1678 10006
  1679 10006
  1680 10006
  1681 10006
  1682 10006
  1683 10006
  1684 10006
  1685 10006
  1686 10006
  1687 10006
  1688 10006
  1689 10006
  1690 10006
  1691 10006
  1692 10006
  1693 10006
  1694 10006
  1695 10006
  1696 10006
  1697 10006
  1698 10006
  1699 10006
  1700 10006
  1701 10006
  1702 10006
  1703 10006
  1704 10006
  1705 10006
  1706 10006
  1707 10006
  1708 10006
  1709 10006
  1710 10006
  1711 10006
  1712 10006
  1713 10006
  1714 10006
  1715 10006
  1716 10006
  1717 10006
  1718 10006
  1719 10006
  1720 10006
  1721 10006
  1722 10006
  1723 10006
  1724 10006
  1725 10006
  1726 10006
  1727 10006
  1728 10006
  1729 10006
  1730 10006
  1731 10006
  1732 10006
  1733 10006
  1734 10006
  1735 10006
  1736 10006
  1737 10006
  1738 10006
  1739 10006
  1740 10006
  1741 10006
  1742 10006
  1743 10006
  1744 10006
  1745 10006
  1746 10006
  1747 10006
  1748 10006
  1749 10006
  1750 10006
  1751 10006
  1752 10006
  1753 10006
  1754 10006
  1755 10006
  1756 10006
  1757 10006
  1758 10006
  1759 10006
  1760 10006
  1761 10006
  1762 10006
  1763 10006
  1764 10006
  1765 10006
  1766 10006
  1767 10006
  1768 10006
  1769 10006
  1770 10006
  1771 10006
  1772 10006
  1773 10006
  1774 10006
  1775 10006
  1776 10006
  1777 10006
  1778 10006
  1779 10006
  1780 10006
  1781 10006
  1782 10006
  1783 10006
  1784 10006
  1785 10006
  1786 10006
  1787 10006
  1788 10006
  1789 10006
  1790 10006
  1791 10006
  1792 10006
  1793 10006
  1794 10006
  1795 10006
  1796 10006
  1797 10006
  1798 10006
  1799 10006
  1800 10006
  1801 10006
  1802 10006
  1803 10006
  1804 10006
  1805 10006
  1806 10006
  1807 10006
  1808 10006
  1809 10006
  1810 10006
  1811 10006
  1812 10006
  1813 10006
  1814 10006
  1815 10006
  1816 10006
  1817 10006
  1818 10006
  1819 10006
  1820 10006
  1821 10006
  1822 10006
  1823 10006
  1824 10006
  1825 10006
  1826 10006
  1827 10006
  1828 10006
  1829 10006
  1830 10006
  1831 10006
  1832 10006
  1833 10006
  1834 10006
  1835 10006
  1836 10006
  1837 10006
  1838 10006
  1839 10006
  1840 10006
  1841 10006
  1842 10006
  1843 10006
  1844 10006
  1845 10006
  1846 10006
  1847 10006
  1848 10006
  1849 10006
  1850 10006
  1851 10006
  1852 10006
  1853 10006
  1854 10006
  1855 10006
  1856 10006
  1857 10143
  1858 10143
  1859 10143
  1860 10036
  1861 10036
  1863 10062
  1864 10062
  1865 10049
  1866 10049
  1868 10049
  1869 10049
  1870 10049
  1871 10049
  1872 10049
  1873 10049
  1874 10049
  1875 10049
  1876 10049
  1877 10049
  1878 10049
  1879 10049
  1880 10049
  1881 10049
  1882 10049
  1883 10049
  1884 10049
  1885 10049
  1886 10049
  1887 10049
  1888 10049
  1889 10049
  1890 10049
  1891 10049
  1892 10049
  1893 10049
  1894 10049
  1895 10049
  1896 10049
  1897 10049
  1898 10049
  1899 10049
  1900 10049
  1901 10049
  1902 10049
  1903 10049
  1904 10049
  1905 10049
  1906 10049
  1907 10049
  1908 10049
  1909 10049
  1910 10049
  1911 10049
  1912 10049
  1913 10049
  1914 10049
  1915 10049
  1916 10049
  1917 10049
  1918 10049
  1919 10049
  1920 10049
  1921 10049
  1922 10049
  1923 10049
  1924 10049
  1925 10049
  1926 10049
  1927 10049
  1928 10049
  1929 10049
  1930 10049
  1931 10049
  1932 10049
  1933 10049
  1934 10049
  1935 10049
  1936 10049
  1937 10049
  1938 10049
  1939 10049
  1940 10049
  1941 10049
  1942 10049
  1943 10049
  1944 10049
  1945 10049
  1946 10049
  1947 10049
  1948 10049
  1949 10049
  1950 10049
  1951 10049
  1952 10049
  1953 10049
  1954 10049
  1955 10049
  1956 10049
  1957 10049
  1958 10049
  1959 10049
  1960 10049
  1961 10049
  1962 10049
  1963 10049
  1964 10049
  1965 10049
  1966 10049
  1967 10049
  1968 10049
  1969 10049
  1970 10049
  1971 10049
  1972 10049
  1973 10049
  1974 10049
  1975 10049
  1976 10049
  1977 10049
  1978 10049
  1979 10049
  1980 10049
  1981 10049
  1982 10049
  1983 10049
  1984 10049
  1985 10049
  1986 10049
  1987 10049
  1988 10049
  1989 10049
  1990 10049
  1991 10049
  1992 10049
  1993 10049
  1994 10049
  1995 10049
  1996 10049
  1997 10049
  1998 10049
  1999 10049
  2000 10049
  2001 10049
  2002 10049
  2003 10049
  2004 10049
  2005 10049
  2006 10049
  2007 10049
  2008 10049
  2009 10049
  2010 10049
  2011 10049
  2012 10049
  2013 10049
  2014 10049
  2015 10049
  2016 10049
  2017 10049
  2018 10049
  2019 10049
  2020 10049
  2021 10049
  2022 10049
  2023 10049
  2025 10070
  2028 10149
  2029 10149
  2030 10149
  2031 10149
  2034 10095
  2458 10015
  2459 10015
  2460 10006
  2461 10006
  2462 10006
  2463 10073
  2464 10006
  2466 10073
  2467 10073
  2468 10006
  2469 10073
  2470 10073
  2471 10006
  2472 10006
  2473 10006
  2474 10006
  2475 10006
  2476 10006
  2477 10006
  2478 10006
  2479 10006
  2480 10006
  2481 10006
  2482 10006
  2483 10015
  2484 10015
  2485 10015
  2486 10015
  2487 10015
  2498 10015
  2499 10015
  2500 10015
  2501 10015
  2502 10015
  2503 10015
  2504 10015
  2505 10015
  2506 10015
  2507 10015
  2508 10015
  2509 10015
  2510 10015
  2511 10015
  2520 10015
  2521 10015
  2522 10015
  2523 10015
  2524 10015
  2525 10015
  2526 10015
  2527 10015
  2528 10015
  2529 10015
  2530 10015
  2531 10015
  2532 10015
  2533 10015
  2534 10015
  2535 10015
  2536 10015
  2537 10015
  2538 10015
  2539 10015
  2540 10015
  2541 10015
  2542 10015
  2543 10015
  2544 10015
  2545 10015
  2546 10015
  2547 10015
  2548 10015
  2549 10015
  2550 10015
  2551 10015
  2552 10015
  2553 10015
  2554 10015
  2555 10015
  2556 10015
  2557 10015
  2558 10015
  2559 10015
  2560 10015
  2561 10015
  2562 10015
  2563 10015
  2571 10015
  2572 10015
  2573 10015
  2574 10015
  2575 10015
  2576 10015
  2577 10015
  2578 10015
  2579 10015
  2580 10015
  2581 10015
  2582 10015
  2583 10015
  2584 10015
  2585 10015
  2586 10015
  2587 10015
  2588 10015
  2589 10015
  2590 10015
  2591 10015
  2592 10015
  2597 10015
  2598 10015
  2599 10015
  2600 10015
  2601 10015
  2604 10015
  2605 10015
  2606 10015
  2607 10015
  2608 10015
  2609 10015
  2610 10015
  2611 10015
  2612 10015
  2630 10015
  2631 10015
  2632 10015
  2633 10015
  2634 10015
  2635 10015
  2636 10006
  2637 10006
  2638 10006
  2639 10006
  2640 10006
  2641 10006
  2642 10006
  2643 10006
  2644 10006
  2645 10006
  2646 10006
  2647 10006
  2648 10006
  2658 10015
  2659 10015
  2660 10015
  2661 10015
  2662 10015
