   761 10147
   763 10147
   764 10147
   765 10147
   766 10147
   768 10147
   769 10147
   770 10147
   772 10147
   773 10147
   774 10147
   775 10147
   776 10147
   778 10147
   779 10147
   780 10147
   781 10147
   782 10147
   783 10147
   784 10147
   785 10147
   786 10147
   787 10147
   788 10147
   789 10147
   790 10147
   791 10147
   792 10147
   793 10147
   794 10147
   795 10147
   796 10147
   797 10147
   798 10147
   799 10147
   800 10147
   801 10147
   802 10147
   804 10147
   805 10147
   807 10147
   808 10147
   809 10147
   810 10147
   811 10147
   812 10147
   813 10147
   814 10147
   815 10147
   816 10147
   817 10147
   818 10147
   820 10122
   821 10147
   823 10147
   824 10147
   825 10147
   826 10147
   827 10147
   828 10147
   829 10147
   830 10147
   831 10147
   833 10147
   835 10147
   836 10147
   837 10147
   838 10147
   839 10147
   840 10147
   841 10147
   842 10147
   843 10147
   844 10147
   845 10147
   846 10147
   847 10147
   848 10147
   849 10147
   850 10147
   851 10147
   852 10147
   853 10147
   854 10147
   855 10147
   856 10147
   857 10147
   858 10147
   859 10147
   860 10147
   861 10147
   862 10147
   863 10147
   864 10147
   865 10147
   866 10147
   867 10147
   868 10147
   869 10147
   870 10147
   871 10147
   872 10147
   873 10147
   874 10147
   875 10147
   879 10147
   881 10147
   882 10147
   888 10147
   890 10147
   891 10147
   895 10147
   896 10147
   897 10147
   898 10147
   900 10147
   901 10147
   902 10147
   904 10147
   905 10147
   907 10147
   908 10147
   910 10147
   911 10147
   913 10147
   914 10147
   915 10147
   916 10147
   917 10147
   918 10147
   919 10147
   920 10147
   921 10147
   922 10147
   923 10147
   924 10147
   925 10147
   926 10147
   927 10147
   928 10147
   929 10147
   930 10147
   931 10147
   932 10147
   933 10147
   934 10147
   936 10147
   937 10147
   938 10147
   939 10147
   940 10147
   941 10147
   942 10147
   943 10147
   944 10147
   945 10147
   946 10147
   947 10147
   948 10147
   949 10147
   950 10147
   951 10147
   952 10147
   953 10147
   954 10147
   955 10147
   956 10147
   957 10147
   961 10147
   962 10147
   964 10147
   965 10147
   966 10147
   967 10147
   968 10147
   969 10147
   970 10147
   971 10147
   972 10147
   973 10147
   974 10147
   975 10147
   976 10147
   977 10147
   978 10147
   979 10147
   980 10147
   981 10147
   982 10147
   983 10147
   984 10147
   985 10147
   986 10147
   987 10147
   988 10147
   989 10147
   990 10147
   991 10147
   992 10147
   993 10147
   994 10147
   995 10147
   996 10147
   997 10147
   998 10147
   999 10147
  1000 10147
  1001 10147
  1002 10147
  1003 10147
  1004 10147
  1005 10147
  1006 10147
  1007 10147
  1008 10147
  1009 10147
  1010 10147
  1011 10147
  1012 10147
  1013 10147
  1014 10147
  1015 10147
  1016 10147
  1017 10147
  1018 10147
  1019 10147
  1020 10147
  1021 10147
  1022 10122
  1023 10122
  1024 10147
  1025 10147
  1026 10147
  1027 10147
  1028 10147
  1029 10122
  1030 10122
  1031 10122
  1039 10147
  1040 10147
  1041 10147
  1043 10147
  1044 10147
  1045 10147
  1061 10147
  1062 10147
  1063 10147
  1064 10147
  1071 10147
  1072 10147
  1073 10147
  1090 10027
  1091 10094
  1092 10094
  1093 10094
  1094 10094
  1095 10064
  1096 10094
  1097 10064
  1099 10147
  1100 10147
  1103 10147
  1105 10147
  1107 10147
  1108 10147
  1109 10147
  1111 10147
  1112 10147
  1113 10147
  1115 10147
  1116 10147
  1118 10147
  1119 10147
  1120 10147
  1125 10147
  1134 10147
  1135 10147
  1136 10147
  1137 10147
  1139 10147
  1140 10147
  1141 10147
  1143 10147
  1145 10147
  1149 10147
  1150 10147
  1153 10147
  1160 10147
  1163 10147
  1164 10147
  1165 10147
  1169 10147
  1170 10147
  1173 10147
  1174 10147
  1175 10147
  1182 10147
  1183 10147
  1185 10147
  1189 10147
  1193 10147
  1194 10147
  1195 10147
  1198 10147
  1201 10147
  1202 10147
  1203 10147
  1204 10147
  1206 10147
  1208 10147
  1209 10147
  1210 10147
  1212 10147
  1214 10147
  1215 10147
  1216 10147
  1239 10147
  1240 10147
  1241 10147
  1248 10147
  1255 10147
  1256 10147
  1257 10147
  1258 10147
  1259 10147
  1260 10147
  1261 10147
  1262 10147
  1263 10147
  1264 10147
  1265 10147
  1266 10147
  1267 10147
  1268 10147
  1269 10122
  1271 10122
  1275 10122
  1278 10122
  1279 10147
  1280 10147
  1281 10147
  1282 10147
  1283 10147
  1284 10147
  1287 10147
  1288 10147
  1290 10147
  1291 10147
  1292 10147
  1293 10147
  1294 10147
  1295 10147
  1296 10147
  1297 10147
  1298 10147
  1299 10147
  1300 10147
  1301 10147
  1304 10018
  1305 10018
  1306 10018
  1307 10040
  1308 10040
  1309 10040
  1310 10040
  1311 10098
  1312 10098
  1313 10055
  1314 10158
  1315 10158
  1316 10158
  1317 10097
  1318 10097
  1319 10097
  1320 10097
  1321 10097
  1322 10097
  1323 10097
  1324 10097
  1325 10097
  1326 10097
  1327 10097
  1328 10097
  1329 10097
  1331 10097
  1332 10097
  1333 10097
  1334 10097
  1335 10097
  1336 10097
  1338 10097
  1339 10077
  1374 10093
  1375 10093
  1376 10093
  1377 10098
  1383 10055
  1384 10163
  1389 10147
  1390 10122
  1391 10147
  1392 10147
  1393 10122
  1394 10122
  1395 10122
  1396 10122
  1397 10122
  1398 10122
  1399 10122
  1400 10122
  1401 10122
  1402 10122
  1403 10122
  1404 10122
  1405 10122
  1406 10122
  1407 10122
  1408 10122
  1409 10147
  1410 10147
  1411 10122
  1412 10122
  1413 10122
  1414 10122
  1415 10147
  1416 10147
  1417 10147
  1418 10122
  1419 10122
  1420 10122
  1421 10147
  1422 10122
  1423 10122
  1424 10122
  1425 10122
  1426 10122
  1427 10122
  1428 10122
  1429 10122
  1430 10122
  1431 10122
  1432 10122
  1433 10147
  1434 10122
  1435 10122
  1436 10122
  1437 10122
  1438 10122
  1439 10122
  1440 10147
  1441 10122
  1442 10147
  1443 10147
  1444 10147
  1445 10147
  1446 10147
  1447 10147
  1448 10122
  1449 10147
  1450 10147
  1451 10147
  1452 10122
  1453 10147
  1454 10122
  1455 10147
  1456 10147
  1457 10147
  1458 10147
  1459 10147
  1460 10147
  1461 10147
  1462 10147
  1463 10147
  1464 10147
  1465 10147
  1466 10147
  1467 10147
  1468 10147
  1469 10147
  1470 10147
  1471 10147
  1472 10147
  1473 10147
  1482 10147
  1483 10122
  1484 10147
  1485 10147
  1486 10147
  1487 10147
  1488 10147
  1489 10147
  1490 10147
  1491 10147
  1492 10147
  1493 10147
  1494 10147
  1495 10147
  1496 10147
  1497 10147
  1498 10147
  1499 10147
  1500 10147
  1501 10147
  1502 10147
  1503 10147
  1504 10147
  1505 10147
  1506 10147
  1507 10147
  1508 10147
  1509 10147
  1510 10147
  1511 10147
  1512 10147
  1513 10147
  1514 10147
  1515 10147
  1516 10147
  1517 10147
  1518 10147
  1519 10147
  1520 10147
  1521 10147
  1522 10147
  1523 10147
  1524 10147
  1525 10147
  1526 10147
  1527 10147
  1528 10147
  1529 10147
  1530 10147
  1531 10147
  1532 10147
  1533 10147
  1534 10147
  1535 10147
  1536 10147
  1537 10147
  1538 10147
  1539 10147
  1540 10147
  1541 10147
  1542 10147
  1543 10147
  1544 10147
  1545 10147
  1546 10147
  1547 10147
  1548 10147
  1549 10147
  1550 10147
  1551 10147
  1552 10147
  1553 10147
  1554 10147
  1555 10147
  1556 10147
  1557 10147
  1558 10147
  1559 10147
  1560 10147
  1561 10147
  1562 10147
  1563 10147
  1564 10147
  1565 10147
  1566 10147
  1567 10147
  1568 10147
  1569 10147
  1570 10147
  1571 10147
  1572 10147
  1573 10147
  1574 10147
  1575 10147
  1576 10147
  1577 10147
  1578 10147
  1579 10147
  1580 10147
  1581 10147
  1582 10147
  1583 10147
  1584 10147
  1585 10147
  1586 10147
  1587 10147
  1588 10147
  1589 10147
  1590 10147
  1591 10147
  1592 10147
  1593 10147
  1594 10147
  1595 10147
  1596 10147
  1597 10147
  1598 10147
  1599 10147
  1600 10147
  1601 10147
  1602 10147
  1603 10147
  1604 10147
  1605 10147
  1606 10147
  1607 10147
  1608 10147
  1609 10147
  1610 10147
  1611 10147
  1612 10147
  1613 10147
  1614 10147
  1615 10147
  1616 10147
  1617 10147
  1618 10147
  1619 10147
  1620 10147
  1621 10147
  1622 10147
  1623 10147
  1624 10147
  1625 10147
  1626 10147
  1627 10147
  1628 10147
  1629 10122
  1651 10147
  1652 10147
  1653 10147
  1654 10147
  1657 10147
  1658 10147
  1659 10147
  1666 10147
  1674 10147
  1675 10147
  1676 10147
  1677 10147
  1678 10147
  1679 10147
  1694 10147
  1695 10147
  1696 10147
  1698 10147
  1718 10147
  1719 10147
  1720 10147
  1721 10147
  1722 10147
  1723 10147
  1724 10147
  1725 10147
  1726 10147
  1735 10054
  1736 10054
  1737 10054
  1738 10069
  1739 10069
  1740 10069
  1741 10069
  1742 10069
  1743 10069
  1744 10069
  1748 10147
  1749 10147
  1751 10147
  1753 10147
  1759 10147
  1772 10147
  1774 10147
  1777 10147
  1786 10147
  1787 10147
  1789 10147
  1790 10147
  1791 10147
  1794 10147
  1795 10147
  1796 10147
  1800 10147
  1801 10147
  1802 10147
  1803 10147
  1804 10147
  1806 10147
  1807 10147
  1808 10147
  1809 10147
  1810 10147
  1811 10147
  1812 10147
  1813 10147
  1814 10147
  1815 10147
  1843 10147
  1844 10147
  1845 10147
  1856 10122
  1857 10122
  1858 10147
  1859 10122
  1860 10122
  1861 10122
  1862 10122
  1863 10122
  1864 10122
  1865 10122
  1866 10122
  1867 10122
  1868 10122
  1869 10147
  1873 10147
  1874 10147
  1875 10147
  1876 10147
  1877 10147
  1878 10147
  1879 10147
  1880 10147
  1881 10147
  1882 10147
  1883 10147
  1884 10147
  1885 10147
  1886 10147
  1889 10147
  1897 10147
  1898 10147
  1899 10147
  1900 10147
  1901 10147
  1902 10147
  1903 10147
  1904 10147
  1905 10147
  1906 10147
  1907 10147
  1909 10147
  1912 10147
  1913 10147
  1914 10147
  1915 10147
  1916 10147
  1918 10147
  1919 10147
  1920 10147
  1921 10147
  1926 10147
  1927 10147
  1928 10147
  1929 10147
  1931 10147
  1932 10147
  1933 10147
  1938 10147
  1939 10147
  1940 10147
  1941 10147
  1942 10147
  1943 10147
  1944 10147
  1948 10147
  1949 10147
  1950 10147
  1951 10147
  1952 10147
  1953 10147
  1954 10147
  1955 10147
  1958 10147
  1959 10147
  1960 10147
  1961 10147
  1962 10147
  1963 10147
  1971 10147
  1974 10147
  1975 10147
  1976 10147
  1977 10147
  1978 10147
  1979 10147
  1980 10147
  1981 10147
  1985 10147
  1986 10147
  1987 10147
  1988 10147
  1989 10147
  1990 10147
  1991 10147
  1992 10147
  1993 10147
  1994 10147
  1995 10147
  1996 10147
  1997 10147
  1998 10147
  2000 10147
  2001 10147
  2002 10147
  2006 10147
  2007 10147
  2015 10147
  2016 10147
  2017 10147
  2018 10147
  2019 10147
  2020 10147
  2021 10147
  2022 10147
  2023 10147
  2024 10147
  2025 10147
  2026 10147
  2027 10147
  2028 10147
  2029 10147
  2030 10147
  2031 10147
  2032 10147
  2033 10147
  2034 10147
  2035 10147
  2036 10147
  2037 10147
  2038 10147
  2039 10147
  2040 10147
