   690 10006
   691 10006
   692 10006
   693 10006
   694 10006
   695 10006
   696 10006
   697 10006
   698 10006
   699 10006
   700 10006
   701 10006
   702 10006
   703 10006
   704 10006
   705 10006
   706 10006
   707 10006
   708 10006
   709 10006
   710 10006
   711 10006
   712 10006
   713 10006
   714 10006
   715 10006
   716 10006
   717 10006
   718 10006
   719 10006
   720 10006
   721 10006
   722 10006
   723 10006
   724 10006
   725 10006
   726 10006
   727 10006
   728 10006
   729 10006
   730 10006
   731 10006
   732 10006
   733 10006
   734 10006
   735 10006
   736 10006
   737 10006
   738 10006
   739 10006
   740 10006
   741 10006
   742 10006
   743 10006
   744 10006
   745 10006
   746 10006
   747 10006
   748 10006
   749 10006
   750 10006
   751 10006
   752 10006
   753 10006
   754 10006
   755 10006
   756 10006
   757 10006
   758 10006
   759 10006
   760 10006
   761 10006
   762 10006
   763 10006
   764 10006
   765 10006
   766 10006
   767 10006
   768 10006
   769 10006
   770 10006
   771 10006
   772 10006
   773 10006
   774 10006
   775 10006
   776 10006
   777 10006
   778 10006
   779 10006
   780 10006
   781 10143
   782 10134
   784 10101
   785 10101
   786 10164
   787 10164
   788 10164
   789 10164
   790 10164
   791 10164
   792 10164
   793 10164
   794 10164
   795 10164
   796 10164
   797 10164
   798 10164
   799 10164
   800 10164
   801 10164
   802 10164
   803 10164
   804 10164
   805 10164
   806 10164
   807 10164
   808 10164
   809 10164
   810 10164
   811 10164
   812 10164
   813 10164
   814 10164
   815 10164
   816 10164
   817 10164
   818 10164
   819 10164
   820 10164
   821 10164
   822 10164
   823 10164
   824 10164
   825 10164
   826 10164
   827 10164
   828 10164
   829 10164
   830 10164
   831 10164
   832 10164
   833 10164
   834 10164
   835 10164
   836 10164
   837 10164
   838 10164
   839 10164
   840 10164
   841 10164
   842 10164
   843 10164
   844 10164
   845 10164
   846 10164
   847 10164
   848 10164
   849 10164
   850 10164
   851 10164
   852 10164
   853 10164
   854 10164
   855 10164
   856 10164
   857 10164
   858 10164
   859 10164
   860 10164
   861 10164
   862 10164
   863 10164
   864 10164
   865 10164
   866 10164
   867 10164
   868 10164
   869 10164
   870 10164
   871 10164
   872 10164
   873 10164
   874 10164
   875 10164
   876 10164
   877 10164
   878 10164
   879 10164
   880 10164
   881 10164
   882 10164
   883 10164
   884 10164
   885 10164
   886 10164
   887 10164
   888 10164
   889 10164
   890 10164
   891 10164
   892 10164
   893 10164
   894 10164
   895 10164
   896 10164
   897 10164
   898 10164
   899 10164
   900 10164
   901 10164
   902 10164
   903 10164
   904 10164
   905 10164
   906 10164
   907 10164
   908 10164
   909 10164
   910 10164
   911 10164
   912 10164
   913 10164
   914 10164
   915 10164
   916 10164
   917 10164
   918 10164
   919 10164
   920 10164
   921 10164
   922 10164
   923 10164
   924 10164
   925 10164
   926 10164
   927 10164
   928 10164
   929 10164
   930 10164
   931 10164
   932 10164
   933 10164
   934 10164
   935 10164
   936 10164
   937 10164
   938 10164
   939 10164
   940 10164
   941 10164
   942 10164
   943 10164
   944 10164
   945 10164
   946 10164
   947 10164
   948 10164
   949 10164
   950 10164
   951 10164
   952 10164
   953 10164
   954 10164
   955 10164
   956 10164
   957 10164
   958 10164
   959 10164
   960 10164
   961 10164
   962 10164
   963 10164
   964 10164
   965 10164
   966 10164
   967 10164
   968 10164
   969 10164
   970 10164
   971 10164
   972 10164
   973 10164
   974 10164
   975 10164
   976 10164
   977 10164
   978 10164
   979 10164
   980 10164
   981 10164
   982 10164
   983 10164
   984 10164
   985 10164
   986 10164
   987 10164
   988 10164
   989 10164
   990 10164
   991 10164
   992 10164
   993 10164
   994 10164
   995 10164
   996 10164
   997 10164
   998 10164
   999 10164
  1000 10164
  1001 10164
  1002 10164
  1003 10164
  1004 10164
  1005 10164
  1006 10164
  1007 10164
  1008 10164
  1009 10164
  1010 10164
  1011 10164
  1012 10164
  1013 10164
  1014 10164
  1015 10164
  1016 10164
  1017 10164
  1018 10164
  1019 10164
  1020 10164
  1024 10136
  1025 10136
  1026 10136
  1027 10136
  1028 10136
  1029 10136
  1030 10136
  1031 10136
  1032 10136
  1033 10136
  1034 10136
  1035 10136
  1036 10136
  1037 10136
  1038 10136
  1039 10136
  1040 10136
  1041 10136
  1042 10136
  1043 10136
  1044 10136
  1045 10136
  1046 10136
  1047 10136
  1048 10136
  1049 10136
  1050 10136
  1051 10136
  1052 10136
  1053 10136
  1054 10136
  1055 10136
  1056 10136
  1057 10136
  1058 10136
  1059 10136
  1060 10136
  1061 10136
  1062 10136
  1063 10136
  1064 10136
  1065 10136
  1066 10136
  1067 10136
  1068 10136
  1069 10136
  1070 10136
  1071 10136
  1072 10136
  1073 10136
  1074 10136
  1075 10136
  1076 10136
  1077 10136
  1078 10136
  1079 10136
  1080 10136
  1081 10136
  1082 10136
  1083 10136
  1084 10136
  1085 10136
  1086 10136
  1087 10136
  1088 10136
  1089 10136
  1090 10136
  1091 10136
  1092 10136
  1093 10136
  1094 10136
  1095 10136
  1096 10136
  1097 10136
  1098 10136
  1099 10136
  1100 10136
  1101 10136
  1102 10136
  1103 10136
  1104 10136
  1105 10136
  1106 10136
  1107 10136
  1108 10136
  1109 10136
  1110 10136
  1111 10136
  1112 10136
  1113 10136
  1114 10136
  1115 10136
  1116 10136
  1117 10136
  1118 10136
  1119 10136
  1120 10136
  1121 10136
  1122 10136
  1123 10136
  1124 10136
  1125 10136
  1126 10136
  1127 10136
  1128 10136
  1129 10136
  1130 10136
  1131 10136
  1132 10136
  1133 10136
  1134 10136
  1135 10136
  1136 10136
  1137 10136
  1138 10136
  1139 10136
  1140 10136
  1141 10136
  1142 10136
  1143 10136
  1144 10136
  1145 10136
  1146 10136
  1147 10136
  1148 10136
  1149 10136
  1150 10136
  1151 10136
  1152 10136
  1153 10136
  1154 10136
  1155 10136
  1156 10136
  1157 10136
  1158 10136
  1159 10136
  1160 10136
  1161 10136
  1162 10136
  1163 10136
  1164 10136
  1165 10136
  1166 10136
  1167 10136
  1168 10136
  1169 10136
  1170 10136
  1171 10136
  1172 10136
  1173 10136
  1174 10136
  1175 10136
  1176 10136
  1177 10136
  1178 10136
  1179 10136
  1180 10136
  1181 10136
  1182 10136
  1183 10136
  1184 10136
  1185 10136
  1186 10136
  1187 10136
  1188 10136
  1189 10136
  1190 10136
  1191 10136
  1192 10136
  1193 10136
  1194 10136
  1195 10136
  1196 10136
  1197 10136
  1198 10136
  1199 10136
  1200 10136
  1201 10136
  1202 10136
  1203 10136
  1204 10136
  1205 10136
  1206 10136
  1207 10136
  1208 10136
  1209 10136
  1210 10136
  1211 10136
  1212 10136
  1213 10136
  1214 10136
  1215 10136
  1216 10136
  1217 10136
  1218 10136
  1219 10136
  1220 10136
  1221 10136
  1222 10136
  1223 10136
  1224 10136
  1225 10136
  1226 10136
  1227 10136
  1228 10136
  1229 10136
  1230 10136
  1231 10136
  1232 10136
  1233 10136
  1234 10136
  1235 10136
  1236 10136
  1237 10136
  1238 10136
  1239 10136
  1240 10136
  1241 10136
  1242 10136
  1243 10136
  1244 10136
  1245 10136
  1246 10136
  1247 10136
  1248 10136
  1249 10136
  1250 10136
  1251 10136
  1252 10136
  1253 10136
  1254 10136
  1255 10136
  1256 10136
  1257 10136
  1258 10136
  1259 10136
  1260 10143
  1261 10143
  1263 10016
  1264 10143
  1265 10143
  1266 10095
  1267 10095
  1268 10095
  1269 10095
  1270 10095
  1271 10095
  1272 10095
  1273 10095
  1274 10095
  1275 10095
  1276 10095
  1277 10095
  1278 10095
  1279 10095
  1280 10095
  1281 10095
  1282 10095
  1283 10095
  1284 10095
  1285 10095
  1286 10095
  1287 10095
  1288 10095
  1289 10095
  1290 10095
  1291 10095
  1292 10095
  1293 10095
  1294 10095
  1295 10095
  1296 10095
  1297 10095
  1298 10095
  1299 10095
  1300 10095
  1301 10095
  1302 10095
  1303 10095
  1304 10095
  1305 10095
  1306 10095
  1307 10095
  1308 10095
  1309 10095
  1310 10095
  1311 10095
  1312 10095
  1313 10095
  1314 10095
  1315 10095
  1316 10095
  1317 10095
  1318 10095
  1319 10095
  1320 10095
  1321 10095
  1322 10095
  1323 10095
  1324 10095
  1325 10095
  1326 10095
  1327 10095
  1328 10095
  1329 10095
  1330 10095
  1331 10095
  1332 10095
  1333 10095
  1334 10095
  1335 10095
  1336 10095
  1337 10095
  1338 10095
  1339 10095
  1340 10095
  1341 10095
  1342 10095
  1343 10095
  1344 10095
  1345 10095
  1346 10095
  1347 10095
  1348 10095
  1349 10095
  1350 10095
  1351 10095
  1352 10095
  1353 10095
  1354 10095
  1355 10095
  1356 10095
  1357 10095
  1358 10095
  1359 10095
  1360 10095
  1361 10095
  1362 10095
  1363 10095
  1364 10095
  1365 10095
  1366 10095
  1367 10095
  1368 10095
  1369 10095
  1370 10095
  1371 10095
  1372 10095
  1373 10095
  1374 10095
  1375 10095
  1376 10095
  1377 10095
  1378 10095
  1379 10095
  1380 10095
  1381 10095
  1382 10095
  1383 10095
  1384 10095
  1385 10095
  1386 10095
  1387 10095
  1388 10095
  1389 10095
  1390 10095
  1391 10095
  1392 10095
  1393 10095
  1394 10095
  1395 10095
  1396 10095
  1397 10095
  1398 10095
  1399 10095
  1400 10095
  1401 10095
  1402 10095
  1403 10095
  1404 10095
  1405 10095
  1406 10095
  1407 10095
  1408 10095
  1409 10095
  1410 10095
  1411 10095
  1412 10095
  1413 10095
  1414 10095
  1415 10095
  1416 10095
  1417 10095
  1418 10095
  1419 10095
  1420 10095
  1421 10095
  1422 10095
  1423 10095
  1424 10095
  1425 10095
  1426 10095
  1427 10095
  1428 10095
  1429 10095
  1430 10095
  1431 10095
  1432 10095
  1433 10095
  1434 10095
  1435 10095
  1436 10095
  1437 10095
  1438 10095
  1439 10095
  1440 10095
  1441 10095
  1442 10095
  1443 10095
  1444 10095
  1445 10095
  1446 10095
  1447 10095
  1448 10095
  1449 10095
  1450 10095
  1451 10095
  1452 10095
  1453 10095
  1454 10095
  1455 10095
  1456 10095
  1457 10095
  1458 10095
  1459 10095
  1460 10095
  1461 10095
  1462 10095
  1463 10095
  1464 10095
  1465 10095
  1466 10095
  1467 10095
  1468 10095
  1469 10095
  1470 10095
  1471 10095
  1472 10095
  1473 10095
  1474 10095
  1475 10095
  1476 10095
  1477 10095
  1478 10095
  1479 10095
  1480 10095
  1481 10095
  1482 10095
  1483 10095
  1484 10095
  1485 10095
  1486 10095
  1487 10095
  1488 10095
  1489 10095
  1490 10095
  1491 10095
  1492 10095
  1493 10095
  1494 10095
  1495 10095
  1496 10095
  1497 10095
  1498 10095
  1499 10095
  1500 10095
  1501 10049
  1502 10049
  1503 10049
  1504 10049
  1505 10049
  1506 10049
  1507 10049
  1508 10049
  1509 10049
  1510 10049
  1511 10049
  1512 10049
  1513 10049
  1514 10049
  1515 10049
  1516 10049
  1517 10049
  1518 10049
  1519 10049
  1520 10049
  1521 10049
  1522 10049
  1523 10049
  1524 10049
  1525 10049
  1526 10049
  1527 10049
  1528 10049
  1529 10049
  1530 10049
  1531 10049
  1532 10049
  1533 10049
  1534 10049
  1535 10049
  1536 10049
  1537 10049
  1538 10049
  1539 10049
  1540 10049
  1541 10049
  1542 10049
  1543 10049
  1544 10049
  1545 10049
  1546 10049
  1547 10049
  1548 10049
  1549 10049
  1550 10049
  1551 10049
  1552 10049
  1553 10049
  1554 10049
  1555 10049
  1556 10049
  1557 10049
  1558 10049
  1559 10049
  1560 10049
  1561 10049
  1562 10049
  1563 10049
  1564 10049
  1565 10049
  1566 10049
  1567 10049
  1568 10049
  1569 10049
  1570 10049
  1571 10049
  1572 10049
  1573 10049
  1574 10049
  1575 10049
  1576 10049
  1577 10049
  1578 10049
  1579 10049
  1580 10049
  1581 10049
  1582 10049
  1583 10049
  1584 10049
  1585 10049
  1586 10049
  1587 10049
  1588 10049
  1589 10049
  1590 10049
  1591 10049
  1592 10049
  1593 10049
  1594 10049
  1595 10049
  1596 10049
  1597 10049
  1598 10049
  1599 10049
  1600 10049
  1601 10049
  1602 10049
  1603 10049
  1604 10049
  1605 10049
  1606 10049
  1607 10049
  1608 10049
  1609 10049
  1610 10049
  1611 10049
  1612 10049
  1613 10049
  1614 10049
  1615 10049
  1616 10049
  1617 10049
  1618 10049
  1619 10049
  1620 10049
  1621 10172
  1622 10172
  1623 10172
  1624 10172
  1625 10172
  1626 10172
  1627 10003
  1628 10047
  1629 10047
  1630 10047
  1631 10047
  1632 10047
  1633 10047
  1634 10047
  1635 10047
  1636 10047
  1637 10047
  1638 10047
  1639 10047
  1640 10047
  1641 10047
  1642 10047
  1643 10047
  1644 10047
  1645 10047
  1646 10047
  1647 10047
  1648 10047
  1649 10047
  1650 10047
  1651 10047
  1652 10047
  1653 10047
  1654 10047
  1655 10047
  1656 10047
  1657 10047
  1658 10047
  1659 10047
  1660 10047
  1661 10047
  1662 10047
  1663 10047
  1664 10047
  1665 10047
  1666 10047
  1667 10047
  1668 10047
  1669 10047
  1670 10047
  1671 10047
  1672 10047
  1673 10047
  1674 10047
  1675 10047
  1676 10047
  1677 10047
  1678 10047
  1679 10047
  1680 10047
  1681 10047
  1682 10047
  1683 10047
  1684 10047
  1685 10047
  1686 10047
  1687 10047
  1688 10047
  1689 10047
  1690 10047
  1691 10047
  1692 10047
  1693 10047
  1694 10047
  1695 10047
  1696 10047
  1697 10047
  1698 10047
  1699 10047
  1700 10047
  1701 10047
  1702 10047
  1703 10047
  1704 10047
  1705 10047
  1706 10047
  1707 10047
  1708 10047
  1709 10047
  1710 10047
  1711 10047
  1712 10047
  1713 10047
  1714 10047
  1715 10047
  1716 10047
  1717 10047
  1718 10047
  1719 10047
  1720 10047
  1721 10047
  1722 10047
  1723 10047
  1724 10047
  1725 10047
  1726 10047
  1727 10047
  1728 10047
  1729 10047
  1730 10047
  1731 10047
  1732 10047
  1733 10047
  1734 10047
  1735 10047
  1736 10047
  1737 10047
  1738 10047
  1739 10047
  1740 10047
  1741 10047
  1742 10047
  1743 10047
  1744 10047
  1745 10047
  1746 10047
  1747 10047
  1748 10047
  1749 10047
  1750 10047
  1751 10047
  1752 10047
  1753 10047
  1754 10047
  1755 10047
  1756 10047
  1757 10047
  1758 10047
  1759 10047
  1760 10047
  1761 10047
  1762 10047
  1763 10047
  1764 10047
  1765 10047
  1766 10047
  1767 10047
  1768 10047
  1769 10047
  1770 10047
  1771 10047
  1772 10047
  1773 10047
  1774 10047
  1775 10047
  1776 10047
  1777 10047
  1778 10047
  1779 10047
  1780 10047
  1781 10047
  1782 10047
  1783 10047
  1784 10047
  1785 10047
  1786 10047
  1787 10047
  1788 10047
  1789 10047
  1790 10047
  1791 10047
  1792 10047
  1793 10047
  1794 10047
  1795 10047
  1796 10047
  1797 10047
  1798 10047
  1799 10047
  1800 10047
  1801 10047
  1802 10047
  1803 10047
  1804 10047
  1805 10047
  1806 10047
  1807 10047
  1808 10047
  1809 10047
  1810 10047
  1811 10047
  1812 10047
  1813 10047
  1814 10047
  1815 10047
  1816 10047
  1817 10047
  1818 10047
  1819 10047
  1820 10047
  1821 10047
  1822 10047
  1823 10047
  1824 10047
  1825 10047
  1826 10047
  1827 10047
  1828 10047
  1829 10047
  1830 10047
  1831 10047
  1832 10047
  1833 10047
  1834 10047
  1835 10047
  1836 10047
  1837 10047
  1838 10047
  1839 10047
  1840 10047
  1841 10047
  1842 10047
  1843 10047
  1844 10047
  1845 10047
  1846 10047
  1847 10047
  1848 10047
  1849 10047
  1850 10047
  1851 10047
  1852 10047
  1853 10047
  1854 10047
  1855 10047
  1856 10047
  1857 10047
  1858 10047
  1859 10047
  1860 10101
  1861 10101
  1862 10101
  1863 10101
  1864 10065
  1865 10050
  1866 10050
  1867 10050
  1868 10050
  1869 10050
  1870 10050
  1871 10050
  1872 10050
  1873 10050
  1874 10050
  1875 10050
  1876 10050
  1877 10050
  1878 10050
  1879 10050
  1880 10050
  1881 10050
  1882 10050
  1883 10050
  1884 10050
  1885 10050
  1886 10050
  1887 10050
  1888 10050
  1889 10050
  1890 10050
  1891 10050
  1892 10050
  1893 10050
  1894 10050
  1895 10050
  1896 10050
  1897 10050
  1898 10050
  1899 10050
  1900 10050
  1901 10050
  1902 10050
  1903 10050
  1904 10050
  1905 10050
  1906 10050
  1907 10050
  1908 10050
  1909 10050
  1910 10050
  1911 10050
  1912 10050
  1913 10050
  1914 10050
  1915 10050
  1916 10050
  1917 10050
  1918 10050
  1919 10050
  1920 10050
  1921 10050
  1922 10050
  1923 10050
  1924 10050
  1925 10050
  1926 10050
  1927 10050
  1928 10050
  1929 10050
  1930 10050
  1931 10050
  1932 10050
  1933 10050
  1934 10050
  1935 10050
  1936 10050
  1937 10050
  1938 10050
  1939 10050
  1940 10050
  1941 10050
  1942 10050
  1943 10050
  1944 10050
  1945 10050
  1946 10050
  1947 10050
  1948 10050
  1949 10050
  1950 10050
  1951 10050
  1952 10050
  1953 10050
  1954 10050
  1955 10050
  1956 10050
  1957 10050
  1958 10050
  1959 10050
  1960 10050
  1961 10050
  1962 10050
  1963 10050
  1964 10050
  1965 10050
  1966 10050
  1967 10050
  1968 10050
  1969 10050
  1970 10050
  1971 10050
  1972 10050
  1973 10050
  1974 10050
  1975 10050
  1976 10050
  1977 10050
  1978 10050
  1979 10050
  1980 10050
  1981 10050
  1982 10050
  1983 10050
  1984 10050
  1985 10050
  1986 10050
  1987 10050
  1988 10050
  1989 10050
  1990 10050
  1991 10050
  1992 10050
  1993 10050
  1994 10050
  1995 10050
  1996 10050
  1997 10050
  1998 10050
  1999 10050
  2000 10050
  2001 10050
  2002 10050
  2003 10050
  2004 10050
  2005 10050
  2006 10050
  2007 10050
  2008 10050
  2009 10050
  2010 10050
  2011 10050
  2012 10050
  2013 10050
  2014 10050
  2015 10050
  2016 10050
  2017 10050
  2018 10050
  2019 10050
  2020 10050
  2021 10050
  2022 10061
  2023 10061
  2024 10061
  2026 10062
