   690 10044
   691 10044
   692 10044
   693 10044
   694 10044
   695 10044
   696 10044
   697 10044
   698 10044
   699 10044
   700 10044
   701 10044
   702 10044
   703 10044
   704 10044
   705 10044
   706 10044
   707 10044
   708 10044
   709 10044
   710 10044
   711 10044
   712 10044
   713 10044
   714 10044
   715 10044
   716 10044
   717 10044
   718 10044
   719 10044
   720 10044
   721 10044
   722 10044
   723 10044
   724 10044
   725 10044
   726 10044
   727 10044
   728 10044
   729 10044
   730 10044
   731 10044
   732 10044
   733 10044
   734 10044
   735 10044
   736 10044
   737 10044
   738 10044
   739 10044
   740 10044
   741 10044
   742 10044
   743 10044
   744 10044
   745 10044
   746 10044
   747 10044
   748 10044
   749 10044
   750 10044
   751 10044
   752 10044
   753 10044
   754 10044
   755 10044
   756 10044
   757 10044
   758 10044
   759 10044
   760 10044
   761 10044
   762 10044
   763 10044
   764 10044
   765 10044
   766 10044
   767 10044
   768 10044
   769 10044
   770 10044
   771 10044
   772 10044
   773 10044
   774 10044
   775 10044
   776 10044
   777 10044
   778 10044
   779 10044
   780 10044
   781 10044
   782 10044
   783 10044
   784 10044
   785 10044
   786 10044
   787 10044
   788 10044
   789 10044
   790 10044
   791 10044
   792 10044
   793 10044
   794 10044
   795 10044
   796 10044
   797 10044
   798 10044
   799 10044
   800 10044
   801 10044
   802 10044
   803 10044
   804 10044
   805 10044
   806 10044
   807 10044
   808 10044
   809 10044
   810 10044
   811 10044
   812 10044
   813 10044
   814 10044
   815 10044
   816 10044
   817 10044
   818 10044
   819 10044
   820 10044
   821 10044
   822 10044
   823 10044
   824 10044
   825 10044
   826 10044
   827 10044
   828 10044
   829 10044
   830 10044
   831 10044
   832 10044
   833 10044
   834 10044
   835 10044
   836 10044
   837 10044
   838 10044
   839 10044
   840 10044
   841 10044
   842 10044
   843 10044
   844 10044
   845 10044
   846 10044
   847 10044
   848 10044
   849 10044
   850 10044
   851 10044
   852 10044
   853 10044
   854 10044
   855 10044
   856 10044
   857 10044
   858 10044
   859 10044
   860 10044
   861 10044
   862 10044
   863 10044
   864 10044
   865 10044
   866 10044
   867 10044
   868 10044
   869 10044
   870 10044
   871 10044
   872 10044
   873 10044
   874 10044
   875 10044
   876 10044
   877 10044
   878 10044
   879 10044
   880 10044
   881 10044
   882 10044
   883 10044
   884 10044
   885 10044
   886 10044
   887 10044
   888 10044
   889 10044
   890 10044
   891 10044
   892 10044
   893 10044
   894 10044
   895 10044
   896 10044
   897 10044
   898 10044
   899 10044
   900 10044
   901 10044
   902 10044
   903 10044
   904 10044
   905 10044
   906 10044
   907 10044
   908 10044
   909 10044
   910 10044
   911 10044
   912 10044
   913 10044
   914 10044
   915 10044
   916 10044
   917 10044
   918 10044
   919 10044
   920 10044
   921 10044
   922 10044
   923 10044
   924 10044
   925 10044
   926 10044
   927 10044
   928 10044
   929 10044
   930 10044
   931 10044
   932 10044
   933 10044
   934 10044
   935 10044
   936 10044
   937 10044
   938 10044
   939 10044
   940 10044
   941 10044
   942 10044
   943 10044
   944 10044
   945 10044
   946 10044
   947 10044
   948 10044
   949 10044
   950 10044
   951 10044
   952 10044
   953 10044
   954 10044
   955 10044
   956 10044
   957 10044
   958 10044
   959 10044
   960 10044
   961 10044
   962 10044
   963 10044
   964 10044
   965 10044
   966 10044
   967 10044
   968 10044
   969 10044
   970 10044
   971 10044
   972 10044
   973 10044
   974 10044
   975 10044
   976 10044
   977 10044
   978 10044
   979 10044
   980 10044
   981 10044
   982 10044
   983 10044
   984 10044
   985 10044
   986 10044
   987 10044
   988 10044
   989 10044
   990 10044
   991 10044
   992 10044
   993 10044
   994 10044
   995 10044
   996 10044
   997 10044
   998 10044
   999 10044
  1000 10044
  1001 10044
  1002 10044
  1003 10044
  1004 10044
  1005 10044
  1006 10044
  1007 10044
  1008 10044
  1009 10044
  1010 10044
  1011 10044
  1012 10044
  1013 10044
  1014 10044
  1015 10044
  1016 10044
  1017 10044
  1018 10044
  1019 10044
  1020 10044
  1021 10025
  1022 10025
  1023 10044
  1024 10044
  1025 10044
  1026 10037
  1027 10037
  1029 10025
  1030 10025
  1031 10044
  1032 10044
  1033 10044
  1034 10044
  1035 10044
  1036 10044
  1037 10044
  1167 10044
  1168 10044
  1169 10044
  1170 10044
  1171 10044
  1172 10044
  1173 10044
  1174 10044
  1175 10044
  1176 10044
  1177 10044
  1178 10044
  1179 10044
  1180 10044
  1181 10044
  1182 10044
  1183 10044
  1184 10044
  1185 10044
  1186 10044
  1187 10044
  1188 10044
  1189 10044
  1190 10044
  1191 10044
  1192 10044
  1193 10044
  1194 10044
  1195 10044
  1196 10044
  1197 10044
  1198 10044
  1199 10044
  1200 10044
  1201 10044
  1202 10044
  1203 10044
  1204 10044
  1205 10044
  1206 10044
  1208 10094
  1209 10094
  1210 10094
  1214 10080
  1215 10080
  1216 10080
  1217 10080
  1218 10080
  1219 10080
  1232 10044
  1233 10044
  1234 10044
  1235 10044
  1236 10044
  1237 10044
  1238 10044
  1239 10044
  1240 10044
  1241 10044
  1242 10044
  1243 10044
  1244 10044
  1245 10044
  1246 10044
  1247 10044
  1248 10044
  1253 10173
  1254 10173
  1255 10173
  1256 10173
  1257 10173
  1258 10173
  1259 10018
  1260 10018
  1261 10018
  1262 10018
  1263 10018
  1264 10018
  1265 10018
  1266 10018
  1267 10158
  1268 10158
  1272 10097
  1273 10097
  1274 10097
  1275 10097
  1276 10097
  1312 10077
  1313 10077
  1314 10077
  1316 10097
  1317 10097
  1318 10097
  1319 10097
  1320 10097
  1321 10097
  1322 10097
  1323 10097
  1324 10097
  1325 10097
  1326 10097
  1327 10097
  1328 10097
  1329 10097
  1331 10097
  1332 10097
  1333 10097
  1334 10097
  1335 10097
  1336 10097
  1338 10158
  1339 10158
  1374 10093
  1375 10173
  1376 10093
  1377 10098
  1378 10098
  1383 10055
  1385 10025
  1386 10025
  1387 10025
  1388 10025
  1389 10025
  1390 10025
  1391 10025
  1392 10025
  1395 10044
  1396 10044
  1397 10044
  1398 10044
  1399 10044
  1400 10044
  1401 10044
  1402 10044
  1403 10044
  1404 10044
  1405 10044
  1406 10044
  1407 10044
  1408 10044
  1409 10044
  1410 10044
  1411 10044
  1412 10044
  1413 10044
  1414 10044
  1415 10044
  1416 10044
  1417 10044
  1418 10044
  1419 10044
  1420 10044
  1421 10044
  1422 10044
  1423 10044
  1424 10044
  1425 10044
  1426 10044
  1427 10044
  1428 10044
  1429 10044
  1430 10044
  1431 10044
  1432 10044
  1433 10044
  1434 10044
  1435 10044
  1436 10044
  1437 10044
  1438 10044
  1439 10044
  1440 10044
  1441 10044
  1442 10044
  1443 10044
  1444 10044
  1445 10044
  1446 10044
  1447 10044
  1448 10044
  1449 10044
  1450 10044
  1451 10044
  1452 10044
  1453 10044
  1454 10044
  1455 10044
  1456 10044
  1457 10044
  1458 10044
  1459 10044
  1460 10044
  1461 10044
  1462 10044
  1463 10044
  1464 10044
  1465 10044
  1466 10044
  1467 10044
  1468 10044
  1469 10044
  1470 10044
  1471 10044
  1472 10044
  1473 10044
  1474 10044
  1475 10044
  1476 10044
  1477 10044
  1478 10044
  1479 10044
  1480 10044
  1481 10044
  1482 10044
  1483 10044
  1484 10044
  1485 10044
  1486 10044
  1487 10044
  1488 10044
  1489 10044
  1490 10044
  1491 10044
  1492 10044
  1493 10044
  1494 10044
  1495 10044
  1496 10044
  1497 10044
  1498 10044
  1499 10044
  1500 10044
  1501 10044
  1502 10044
  1503 10044
  1504 10044
  1505 10044
  1506 10044
  1507 10044
  1508 10044
  1509 10044
  1510 10044
  1511 10044
  1512 10044
  1513 10044
  1514 10044
  1515 10044
  1516 10044
  1517 10044
  1518 10044
  1519 10044
  1520 10044
  1521 10044
  1522 10044
  1523 10044
  1524 10044
  1525 10044
  1526 10044
  1527 10044
  1528 10044
  1529 10044
  1530 10044
  1531 10044
  1532 10044
  1533 10044
  1534 10044
  1535 10044
  1536 10044
  1537 10044
  1538 10044
  1539 10044
  1540 10044
  1541 10044
  1542 10044
  1543 10044
  1544 10044
  1545 10044
  1546 10044
  1547 10044
  1548 10044
  1549 10044
  1550 10044
  1551 10044
  1552 10044
  1553 10044
  1554 10044
  1555 10044
  1556 10044
  1557 10044
  1558 10044
  1559 10044
  1560 10044
  1561 10044
  1562 10044
  1563 10044
  1564 10044
  1565 10044
  1566 10044
  1567 10044
  1568 10044
  1569 10044
  1570 10044
  1571 10044
  1572 10044
  1573 10044
  1574 10044
  1575 10044
  1576 10044
  1577 10044
  1578 10044
  1579 10044
  1580 10044
  1581 10044
  1582 10044
  1583 10044
  1584 10044
  1585 10044
  1586 10044
  1587 10044
  1588 10044
  1589 10044
  1590 10044
  1591 10044
  1592 10044
  1593 10044
  1594 10044
  1595 10044
  1596 10044
  1597 10044
  1598 10044
  1599 10044
  1600 10044
  1601 10044
  1602 10044
  1603 10044
  1604 10044
  1605 10044
  1606 10044
  1607 10044
  1608 10044
  1609 10044
  1610 10044
  1611 10044
  1612 10044
  1613 10044
  1614 10044
  1615 10044
  1616 10044
  1617 10044
  1618 10044
  1619 10044
  1620 10044
  1622 10025
  1623 10025
  1624 10025
  1625 10025
  1626 10025
  1627 10025
  1628 10044
  1629 10044
  1630 10044
  1631 10044
  1632 10044
  1633 10044
  1634 10044
  1635 10044
  1636 10044
  1637 10044
  1638 10044
  1639 10044
  1640 10025
  1641 10025
  1642 10025
  1643 10025
  1644 10044
  1645 10044
  1646 10044
  1647 10025
  1648 10025
  1649 10025
  1650 10025
  1651 10154
  1652 10154
  1653 10129
  1654 10129
  1655 10116
  1656 10116
  1657 10116
  1658 10116
  1659 10116
  1660 10116
  1661 10107
  1662 10154
