   688 10138
   689 10138
   690 10138
   691 10138
   692 10138
   693 10138
   694 10138
   695 10138
   696 10138
   697 10138
   698 10138
   699 10138
   700 10138
   701 10138
   702 10138
   703 10138
   704 10138
   705 10138
   706 10138
   707 10138
   708 10138
   709 10138
   710 10138
   711 10138
   712 10138
   713 10138
   714 10138
   715 10138
   716 10138
   717 10138
   718 10138
   719 10138
   720 10138
   721 10138
   722 10138
   723 10138
   724 10138
   725 10138
   726 10138
   727 10138
   728 10138
   729 10138
   730 10138
   731 10138
   732 10138
   733 10138
   734 10138
   735 10138
   736 10138
   737 10138
   738 10138
   739 10138
   740 10138
   741 10138
   742 10138
   743 10138
   744 10138
   745 10138
   746 10138
   747 10138
   748 10138
   749 10138
   750 10138
   751 10138
   752 10138
   753 10138
   754 10138
   755 10138
   756 10138
   757 10138
   758 10138
   759 10138
   760 10138
   761 10138
   762 10138
   763 10138
   764 10138
   765 10138
   766 10138
   767 10138
   768 10138
   769 10138
   770 10138
   771 10138
   772 10138
   773 10138
   774 10138
   775 10138
   776 10138
   777 10138
   778 10138
   779 10138
   780 10138
   781 10138
   782 10138
   783 10138
   784 10101
   785 10138
   786 10138
   787 10138
   789 10049
   790 10049
   791 10049
   792 10049
   793 10049
   794 10049
   795 10049
   796 10049
   797 10049
   798 10049
   799 10049
   800 10049
   801 10049
   802 10049
   803 10049
   804 10049
   805 10049
   806 10049
   807 10049
   808 10049
   809 10049
   810 10049
   811 10049
   812 10049
   813 10049
   814 10049
   815 10049
   816 10049
   817 10049
   818 10049
   819 10049
   820 10049
   821 10049
   822 10049
   823 10049
   824 10049
   825 10049
   826 10049
   827 10049
   828 10049
   829 10049
   830 10049
   831 10049
   832 10049
   833 10049
   834 10049
   835 10049
   836 10049
   837 10049
   838 10049
   839 10049
   840 10049
   841 10049
   842 10049
   843 10049
   844 10049
   845 10049
   846 10049
   847 10049
   848 10049
   849 10049
   850 10049
   851 10049
   852 10049
   853 10049
   854 10049
   855 10049
   856 10049
   857 10049
   858 10049
   859 10049
   860 10049
   861 10049
   862 10049
   863 10049
   864 10049
   865 10049
   866 10049
   867 10049
   868 10049
   869 10049
   870 10049
   871 10049
   872 10049
   873 10049
   874 10049
   875 10049
   876 10049
   877 10049
   878 10049
   879 10049
   880 10049
   881 10049
   882 10049
   883 10049
   884 10049
   885 10049
   886 10049
   887 10049
   888 10049
   889 10049
   890 10049
   891 10049
   892 10049
   893 10049
   894 10049
   895 10049
   896 10049
   897 10049
   898 10049
   899 10049
   900 10049
   901 10049
   902 10049
   903 10049
   904 10049
   905 10049
   906 10049
   907 10049
   908 10049
   909 10049
   910 10049
   911 10049
   912 10049
   913 10049
   914 10049
   915 10049
   916 10049
   917 10049
   918 10049
   919 10049
   920 10049
   921 10049
   922 10049
   923 10049
   924 10049
   925 10049
   926 10049
   927 10049
   928 10049
   929 10049
   930 10049
   931 10049
   932 10049
   933 10049
   934 10049
   935 10049
   936 10049
   937 10049
   938 10049
   939 10049
   940 10049
   941 10049
   942 10049
   943 10049
   944 10049
   945 10049
   946 10049
   947 10049
   948 10049
   949 10049
   950 10049
   951 10049
   952 10049
   953 10049
   954 10049
   955 10049
   956 10049
   957 10049
   958 10049
   959 10049
   960 10049
   961 10049
   962 10049
   963 10049
   964 10049
   965 10049
   966 10049
   967 10049
   968 10049
   969 10049
   970 10049
   971 10049
   972 10049
   973 10049
   974 10049
   975 10049
   976 10049
   977 10049
   978 10049
   979 10049
   980 10049
   981 10049
   982 10049
   983 10049
   984 10049
   985 10049
   986 10049
   987 10049
   988 10049
   989 10049
   990 10049
   991 10049
   992 10049
   993 10049
   994 10049
   995 10049
   996 10049
   997 10049
   998 10049
   999 10049
  1000 10049
  1001 10049
  1002 10049
  1003 10049
  1004 10049
  1005 10049
  1006 10049
  1007 10049
  1008 10049
  1009 10049
  1010 10049
  1011 10049
  1012 10049
  1013 10049
  1014 10049
  1015 10049
  1016 10049
  1017 10049
  1018 10049
  1019 10049
  1020 10049
  1021 10143
  1022 10143
  1023 10143
  1024 10143
  1027 10088
  1028 10088
  1029 10088
  1030 10088
  1031 10088
  1032 10088
  1033 10088
  1034 10088
  1035 10088
  1036 10088
  1037 10088
  1038 10088
  1039 10088
  1040 10088
  1041 10088
  1042 10088
  1043 10088
  1044 10088
  1045 10088
  1046 10088
  1047 10088
  1048 10088
  1049 10088
  1050 10088
  1051 10088
  1052 10088
  1053 10088
  1054 10088
  1055 10088
  1056 10088
  1057 10088
  1058 10088
  1059 10088
  1060 10088
  1061 10088
  1062 10088
  1063 10088
  1064 10088
  1065 10088
  1066 10088
  1067 10088
  1068 10088
  1069 10088
  1070 10088
  1071 10088
  1072 10088
  1073 10088
  1074 10088
  1075 10088
  1076 10088
  1077 10088
  1078 10088
  1079 10088
  1080 10088
  1081 10088
  1082 10088
  1083 10088
  1084 10088
  1085 10088
  1086 10088
  1087 10088
  1088 10088
  1089 10088
  1090 10088
  1091 10088
  1092 10088
  1093 10088
  1094 10088
  1095 10088
  1096 10088
  1097 10088
  1098 10088
  1099 10088
  1100 10088
  1101 10088
  1102 10088
  1103 10088
  1104 10088
  1105 10088
  1106 10088
  1107 10088
  1108 10088
  1109 10088
  1110 10088
  1111 10088
  1112 10088
  1113 10088
  1114 10088
  1115 10088
  1116 10088
  1117 10088
  1118 10088
  1119 10088
  1120 10088
  1121 10088
  1122 10088
  1123 10088
  1124 10088
  1125 10088
  1126 10088
  1127 10088
  1128 10088
  1129 10088
  1130 10088
  1131 10088
  1132 10088
  1133 10088
  1134 10088
  1135 10088
  1136 10088
  1137 10088
  1138 10088
  1139 10088
  1140 10088
  1141 10088
  1142 10088
  1143 10088
  1144 10088
  1145 10088
  1146 10088
  1147 10088
  1148 10088
  1149 10088
  1150 10088
  1151 10088
  1152 10088
  1153 10088
  1154 10088
  1155 10088
  1156 10088
  1157 10088
  1158 10088
  1159 10088
  1160 10088
  1161 10088
  1162 10088
  1163 10088
  1164 10088
  1165 10088
  1166 10088
  1167 10088
  1168 10088
  1169 10088
  1170 10088
  1171 10088
  1172 10088
  1173 10088
  1174 10088
  1175 10088
  1176 10088
  1177 10088
  1178 10088
  1179 10088
  1180 10088
  1181 10088
  1182 10088
  1183 10088
  1184 10088
  1185 10088
  1186 10088
  1187 10088
  1188 10088
  1189 10088
  1190 10088
  1191 10088
  1192 10088
  1193 10088
  1194 10088
  1195 10088
  1196 10088
  1197 10088
  1198 10088
  1199 10088
  1200 10088
  1201 10088
  1202 10088
  1203 10088
  1204 10088
  1205 10088
  1206 10088
  1207 10088
  1208 10088
  1209 10088
  1210 10088
  1211 10088
  1212 10088
  1213 10088
  1214 10088
  1215 10088
  1216 10088
  1217 10088
  1218 10088
  1219 10088
  1220 10088
  1221 10088
  1222 10088
  1223 10088
  1224 10088
  1225 10088
  1226 10088
  1227 10088
  1228 10088
  1229 10088
  1230 10088
  1231 10088
  1232 10088
  1233 10088
  1234 10088
  1235 10088
  1236 10088
  1237 10088
  1238 10088
  1239 10088
  1240 10088
  1241 10088
  1242 10088
  1243 10088
  1244 10088
  1245 10088
  1246 10088
  1247 10088
  1248 10088
  1249 10088
  1250 10088
  1251 10088
  1252 10088
  1253 10088
  1254 10088
  1255 10088
  1256 10088
  1257 10088
  1258 10098
  1259 10098
  1260 10106
  1264 10137
  1265 10137
  1266 10137
  1267 10137
  1268 10137
  1269 10137
  1270 10137
  1271 10137
  1272 10137
  1273 10137
  1274 10137
  1275 10137
  1276 10137
  1277 10137
  1278 10137
  1279 10137
  1280 10137
  1281 10137
  1282 10137
  1283 10137
  1284 10137
  1285 10137
  1286 10137
  1287 10137
  1288 10137
  1289 10137
  1290 10137
  1291 10137
  1292 10137
  1293 10137
  1294 10137
  1295 10137
  1296 10137
  1297 10137
  1298 10137
  1299 10137
  1300 10137
  1301 10137
  1302 10137
  1303 10137
  1304 10137
  1305 10137
  1306 10137
  1307 10137
  1308 10137
  1309 10137
  1310 10137
  1311 10137
  1312 10137
  1313 10137
  1314 10137
  1315 10137
  1316 10137
  1317 10137
  1318 10137
  1319 10137
  1320 10137
  1321 10137
  1322 10137
  1323 10137
  1324 10137
  1325 10137
  1326 10137
  1327 10137
  1328 10137
  1329 10137
  1330 10137
  1331 10137
  1332 10137
  1333 10137
  1334 10137
  1335 10137
  1336 10137
  1337 10137
  1338 10137
  1339 10137
  1340 10137
  1341 10137
  1342 10137
  1343 10137
  1344 10137
  1345 10137
  1346 10137
  1347 10137
  1348 10137
  1349 10137
  1350 10137
  1351 10137
  1352 10137
  1353 10137
  1354 10137
  1355 10137
  1356 10137
  1357 10137
  1358 10137
  1359 10137
  1360 10137
  1361 10137
  1362 10137
  1363 10137
  1364 10137
  1365 10137
  1366 10137
  1367 10137
  1368 10137
  1369 10137
  1370 10137
  1371 10137
  1372 10137
  1373 10137
  1374 10137
  1375 10137
  1376 10137
  1377 10137
  1378 10137
  1379 10137
  1380 10137
  1381 10137
  1382 10137
  1383 10137
  1384 10137
  1385 10137
  1386 10137
  1387 10137
  1388 10137
  1389 10137
  1390 10137
  1391 10137
  1392 10137
  1393 10137
  1394 10137
  1395 10137
  1396 10137
  1397 10137
  1398 10137
  1399 10137
  1400 10137
  1401 10137
  1402 10137
  1403 10137
  1404 10137
  1405 10137
  1406 10137
  1407 10137
  1408 10137
  1409 10137
  1410 10137
  1411 10137
  1412 10137
  1413 10137
  1414 10137
  1415 10137
  1416 10137
  1417 10137
  1418 10137
  1419 10137
  1420 10137
  1421 10137
  1422 10137
  1423 10137
  1424 10137
  1425 10137
  1426 10137
  1427 10137
  1428 10137
  1429 10137
  1430 10137
  1431 10137
  1432 10137
  1433 10137
  1434 10137
  1435 10137
  1436 10137
  1437 10137
  1438 10137
  1439 10137
  1440 10137
  1441 10137
  1442 10137
  1443 10137
  1444 10137
  1445 10137
  1446 10137
  1447 10137
  1448 10137
  1449 10137
  1450 10137
  1451 10137
  1452 10137
  1453 10137
  1454 10137
  1455 10137
  1456 10137
  1457 10137
  1458 10137
  1459 10137
  1460 10137
  1461 10137
  1462 10137
  1463 10137
  1464 10137
  1465 10137
  1466 10137
  1467 10137
  1468 10137
  1469 10137
  1470 10137
  1471 10137
  1472 10137
  1473 10137
  1474 10137
  1475 10137
  1476 10137
  1477 10137
  1478 10137
  1479 10137
  1480 10137
  1481 10137
  1482 10137
  1483 10137
  1484 10137
  1485 10137
  1486 10137
  1487 10137
  1488 10137
  1489 10137
  1490 10137
  1491 10137
  1492 10137
  1493 10137
  1494 10137
  1495 10137
  1496 10137
  1497 10137
  1498 10137
  1499 10137
  1500 10137
  1501 10154
  1502 10014
  1503 10036
  1504 10036
  1505 10014
  1506 10055
  1507 10055
  1509 10018
  1510 10018
  1511 10018
  1512 10018
  1513 10018
  1514 10018
  1515 10055
  1520 10055
  1559 10055
  1560 10055
  1561 10055
  1562 10055
  1563 10055
  1564 10055
  1565 10055
  1566 10055
  1567 10055
  1568 10055
  1569 10154
  1570 10154
  1571 10154
  1572 10154
  1573 10016
  1574 10016
  1575 10016
  1576 10154
  1577 10154
  1578 10154
  1584 10014
  1585 10016
  1586 10154
  1587 10115
  1597 10101
  1598 10101
  1599 10101
  1609 10016
  1610 10154
  1611 10016
  1612 10016
  1613 10016
  1614 10016
  1615 10016
  1616 10016
  1617 10016
  1618 10016
  1619 10016
  1620 10016
  1621 10016
  1622 10016
  1623 10016
  1624 10016
  1625 10014
  1626 10014
  1627 10014
  1628 10115
  1631 10154
  1632 10143
  1633 10143
  1634 10143
  1635 10143
  1636 10143
  1637 10143
  1638 10143
  1639 10016
  1640 10143
  1641 10143
  1642 10143
  1643 10143
  1644 10143
  1645 10143
  1646 10143
  1647 10143
  1648 10143
  1649 10143
  1650 10143
  1651 10143
  1652 10143
  1653 10143
  1654 10143
  1655 10143
  1656 10143
  1657 10143
  1658 10143
  1659 10016
  1660 10016
  1661 10016
  1662 10098
  1663 10098
  1664 10018
  1665 10018
  1667 10016
  1669 10016
  1670 10016
  1671 10143
  1672 10143
  1673 10143
  1674 10143
  1675 10143
  1676 10143
  1677 10143
  1678 10143
  1679 10143
  1680 10143
  1681 10143
  1682 10143
  1683 10143
  1684 10143
  1685 10143
  1686 10143
  1687 10143
  1688 10143
  1689 10143
  1690 10143
  1691 10143
  1692 10143
  1693 10143
  1694 10143
  1695 10143
  1696 10143
  1697 10143
  1698 10143
  1699 10143
  1700 10143
  1701 10143
  1702 10143
  1703 10143
  1704 10143
  1705 10143
  1706 10143
  1707 10143
  1708 10143
  1709 10143
  1710 10143
  1711 10143
  1712 10143
  1713 10143
  1714 10143
  1715 10143
  1716 10143
  1717 10143
  1718 10143
  1719 10143
  1720 10143
  1721 10143
  1722 10143
  1726 10141
  1759 10066
  1760 10066
  1761 10066
  1858 10036
  1860 10036
  1861 10016
  1862 10167
  1863 10167
  1864 10167
  1865 10167
  1866 10167
  1867 10167
  1868 10167
  1869 10167
  1870 10167
  1871 10167
  1872 10167
  1873 10167
  1874 10167
  1875 10167
  1876 10167
  1877 10167
  1878 10167
  1879 10167
  1880 10167
  1881 10167
  1882 10167
  1883 10167
  1884 10167
  1885 10167
  1886 10167
  1887 10167
  1888 10167
  1889 10167
  1890 10167
  1891 10167
  1892 10167
  1893 10167
  1894 10167
  1895 10167
  1896 10167
  1897 10167
  1898 10167
  1899 10167
  1900 10167
  1901 10167
  1902 10167
  1903 10167
  1904 10167
  1905 10167
  1906 10167
  1907 10167
  1908 10167
  1909 10167
  1910 10167
  1911 10167
  1912 10167
  1913 10167
  1914 10167
  1915 10167
  1916 10167
  1917 10167
  1918 10167
  1919 10167
  1920 10167
  1921 10167
  1922 10167
  1923 10167
  1924 10167
  1925 10167
  1926 10167
  1927 10167
  1928 10167
  1929 10167
  1930 10167
  1931 10167
  1932 10167
  1933 10167
  1934 10167
  1935 10167
  1936 10167
  1937 10167
  1938 10167
  1939 10167
  1940 10167
  1941 10167
  1942 10167
  1943 10167
  1944 10167
  1945 10167
  1946 10167
  1947 10167
  1948 10167
  1949 10167
  1950 10167
  1951 10167
  1952 10167
  1953 10167
  1954 10167
  1955 10167
  1956 10167
  1957 10167
  1958 10167
  1959 10167
  1960 10167
  1961 10167
  1962 10167
  1963 10167
  1964 10167
  1965 10167
  1966 10167
  1967 10167
  1968 10167
  1969 10167
  1970 10167
  1971 10167
  1972 10167
  1973 10167
  1974 10167
  1975 10167
  1976 10167
  1977 10167
  1978 10167
  1979 10167
  1980 10167
  1981 10167
  1982 10167
  1983 10167
  1984 10167
  1985 10167
  1986 10167
  1987 10167
  1988 10167
  1989 10167
  1990 10167
  1991 10167
  1992 10167
  1993 10167
  1994 10167
  1995 10167
  1996 10167
  1997 10167
  1998 10167
  1999 10167
  2000 10167
  2001 10167
  2002 10167
  2003 10167
  2004 10167
  2005 10167
  2006 10167
  2007 10167
  2008 10167
  2009 10167
  2010 10167
  2011 10167
  2012 10167
  2013 10167
  2014 10167
  2015 10167
  2016 10167
  2017 10167
  2018 10167
  2019 10167
  2020 10167
  2021 10167
  2022 10167
  2023 10167
  2024 10143
  2025 10143
  2026 10143
  2027 10143
  2028 10143
  2029 10154
  2030 10143
  2031 10143
  2032 10143
  2033 10143
  2034 10143
  2035 10143
  2036 10143
  2037 10130
  2038 10143
  2040 10088
  2041 10088
  2042 10088
  2043 10088
  2044 10088
  2045 10101
  2046 10101
  2047 10101
