   795 10004
   796 10004
   797 10004
   798 10004
   799 10004
   800 10004
   801 10004
   802 10004
   803 10004
   804 10004
   805 10004
   806 10004
   807 10004
   808 10004
   809 10004
   810 10004
   811 10004
   812 10004
   813 10004
   814 10004
   815 10004
   816 10004
   817 10004
   941 10140
   942 10140
   943 10004
   944 10004
   945 10004
   946 10004
   947 10004
   948 10004
   949 10004
   950 10004
   951 10004
   952 10004
   953 10004
   954 10004
   955 10004
   956 10004
   957 10004
   958 10004
   959 10004
   960 10004
   961 10004
   962 10004
   963 10004
   964 10004
   965 10004
   966 10004
   967 10004
   968 10004
   969 10004
   970 10004
   971 10004
   972 10004
   973 10004
   974 10004
   975 10004
   976 10004
   977 10004
   978 10004
   979 10004
   980 10004
   981 10004
   982 10004
   983 10004
   984 10004
   985 10004
   986 10004
   987 10004
   988 10004
   989 10004
   990 10004
   991 10004
   992 10004
   993 10004
   994 10004
   995 10004
   998 10004
   999 10004
  1000 10004
  1001 10004
  1002 10004
  1003 10004
  1004 10004
  1005 10004
  1006 10004
  1007 10004
  1008 10004
  1009 10004
  1010 10004
  1011 10004
  1012 10004
  1013 10004
  1014 10004
  1015 10031
  1016 10004
  1017 10004
  1018 10154
  1032 10080
  1033 10080
  1034 10080
  1035 10080
  1036 10071
  1037 10071
  1038 10094
  1039 10094
  1040 10094
  1041 10094
  1049 10085
  1050 10085
  1051 10085
  1052 10085
  1053 10093
  1054 10085
  1055 10004
  1056 10004
  1057 10004
  1058 10004
  1059 10004
  1060 10004
  1061 10004
  1062 10004
  1063 10004
  1065 10004
  1066 10004
  1067 10004
  1068 10004
  1069 10004
  1070 10004
  1071 10004
  1072 10031
  1073 10004
  1074 10004
  1075 10004
  1076 10004
  1077 10004
  1078 10004
  1079 10004
  1080 10004
  1081 10004
  1082 10004
  1083 10004
  1084 10004
  1085 10004
  1087 10004
  1088 10004
  1089 10004
  1090 10004
  1091 10004
  1092 10004
  1093 10004
  1094 10004
  1095 10004
  1096 10004
  1097 10004
  1098 10004
  1099 10004
  1100 10004
  1101 10004
  1102 10004
  1103 10004
  1104 10004
  1105 10004
  1106 10004
  1107 10004
  1108 10004
  1109 10004
  1110 10004
  1111 10004
  1112 10004
  1113 10004
  1114 10004
  1115 10004
  1116 10004
  1117 10004
  1118 10004
  1119 10004
  1120 10004
  1121 10004
  1122 10004
  1123 10004
  1124 10004
  1125 10004
  1129 10004
  1130 10004
  1131 10004
  1132 10004
  1133 10004
  1134 10004
  1135 10004
  1136 10004
  1137 10004
  1138 10004
  1139 10004
  1140 10004
  1141 10004
  1142 10004
  1143 10004
  1144 10004
  1145 10004
  1146 10004
  1147 10004
  1148 10004
  1149 10004
  1150 10004
  1151 10004
  1152 10004
  1153 10004
  1154 10004
  1155 10004
  1156 10004
  1157 10004
  1158 10004
  1159 10004
  1160 10004
  1161 10004
  1162 10004
  1163 10004
  1164 10004
  1165 10004
  1166 10004
  1167 10004
  1168 10004
  1169 10004
  1170 10004
  1171 10004
  1172 10004
  1173 10004
  1174 10004
  1175 10004
  1176 10004
  1177 10004
  1178 10004
  1179 10004
  1180 10004
  1181 10004
  1182 10004
  1183 10004
  1184 10004
  1185 10004
  1186 10004
  1187 10004
  1188 10004
  1189 10004
  1190 10004
  1191 10004
  1192 10004
  1193 10004
  1194 10004
  1195 10004
  1196 10004
  1197 10004
  1198 10004
  1199 10004
  1200 10004
  1201 10004
  1202 10004
  1203 10004
  1204 10004
  1205 10004
  1206 10004
  1207 10004
  1208 10004
  1209 10004
  1210 10004
  1211 10004
  1212 10004
  1213 10004
  1214 10004
  1215 10004
  1216 10004
  1217 10004
  1218 10004
  1219 10004
  1220 10004
  1221 10004
  1222 10004
  1223 10004
  1224 10004
  1225 10004
  1226 10004
  1227 10004
  1228 10004
  1241 10004
  1242 10031
  1243 10031
  1244 10031
  1245 10004
  1246 10004
  1247 10004
  1248 10004
  1249 10004
  1250 10004
  1251 10004
  1252 10004
  1253 10004
  1254 10004
  1255 10004
  1256 10004
  1257 10004
  1258 10004
  1259 10004
  1260 10004
  1261 10004
  1262 10004
  1263 10004
  1264 10004
  1265 10004
  1266 10004
  1267 10004
  1269 10004
  1270 10004
  1271 10004
  1272 10004
  1273 10004
  1274 10004
  1275 10004
  1276 10004
  1277 10004
  1278 10004
  1279 10004
  1280 10004
  1281 10004
  1282 10004
  1283 10004
  1284 10004
  1285 10004
  1286 10004
  1287 10004
  1288 10004
  1289 10004
  1290 10004
  1291 10004
  1292 10004
  1293 10004
  1294 10004
  1295 10004
  1296 10004
  1297 10004
  1298 10004
  1299 10004
  1300 10004
  1301 10004
  1302 10004
  1303 10004
  1304 10004
  1305 10004
  1306 10004
  1307 10004
  1308 10055
  1309 10055
  1310 10055
  1311 10055
  1312 10055
  1313 10134
  1322 10158
  1323 10158
  1324 10158
  1325 10158
  1326 10004
  1327 10055
  1328 10004
  1329 10004
  1330 10004
  1331 10004
  1332 10004
  1333 10004
  1334 10004
  1335 10004
  1336 10004
  1337 10004
  1338 10004
  1339 10004
  1340 10004
  1341 10004
  1342 10004
  1343 10004
  1344 10004
  1345 10004
  1346 10004
  1347 10004
  1348 10004
  1349 10004
  1350 10004
  1351 10004
  1352 10004
  1353 10004
  1354 10004
  1355 10004
  1356 10004
  1357 10004
  1358 10004
  1359 10004
  1360 10004
  1361 10093
  1362 10093
  1363 10093
  1364 10093
  1365 10093
  1366 10093
  1367 10004
  1368 10004
  1369 10004
  1370 10004
  1371 10004
  1372 10055
  1373 10055
  1374 10055
  1375 10055
  1376 10055
  1487 10018
  1489 10106
  1490 10081
  1491 10004
  1492 10004
  1493 10004
  1494 10004
  1495 10004
  1496 10004
  1497 10004
  1498 10004
  1499 10004
  1500 10055
  1501 10004
  1502 10004
  1503 10004
  1504 10004
  1505 10004
  1506 10004
  1507 10004
  1508 10004
  1509 10004
  1510 10004
  1511 10004
  1512 10004
  1513 10004
  1514 10004
  1515 10004
  1516 10004
  1517 10004
  1518 10004
  1519 10004
  1520 10004
  1521 10055
  1522 10055
  1523 10004
  1524 10004
  1525 10004
  1526 10004
  1527 10031
  1528 10031
  1529 10031
  1530 10031
  1531 10004
  1532 10004
  1533 10004
  1534 10031
  1535 10031
  1536 10004
  1537 10004
  1538 10031
  1539 10031
  1540 10031
  1541 10004
  1542 10004
  1543 10031
  1544 10173
  1545 10173
  1546 10106
  1547 10106
  1552 10031
  1553 10031
  1554 10031
  1555 10031
  1556 10031
  1557 10031
  1558 10031
  1559 10031
  1560 10031
  1561 10055
  1562 10055
  1563 10055
  1564 10055
  1565 10055
  1566 10004
  1567 10004
  1568 10004
  1569 10004
  1570 10004
  1571 10004
  1572 10004
  1573 10055
  1574 10004
  1575 10004
  1576 10004
  1577 10004
  1578 10004
  1579 10004
  1580 10004
  1581 10004
  1582 10004
  1583 10031
  1584 10004
  1585 10031
  1586 10004
  1587 10004
  1588 10004
  1589 10004
  1590 10004
  1591 10004
  1592 10004
  1593 10004
  1594 10004
  1595 10004
  1596 10004
  1597 10004
  1598 10004
  1599 10004
  1600 10004
  1601 10004
  1602 10004
  1603 10004
  1604 10004
  1605 10004
  1606 10004
  1607 10004
  1608 10004
  1609 10004
  1610 10004
  1611 10004
  1612 10004
  1613 10004
  1614 10004
  1615 10004
  1616 10004
  1617 10004
  1618 10004
  1619 10004
  1620 10031
  1621 10004
  1622 10004
  1623 10004
  1624 10031
  1625 10004
  1626 10004
  1627 10004
  1628 10004
  1629 10004
  1630 10004
  1631 10004
  1632 10004
  1633 10004
  1634 10004
  1635 10004
  1636 10004
  1637 10004
  1638 10004
  1639 10004
  1640 10004
  1641 10004
  1642 10004
  1643 10004
  1644 10004
  1645 10004
  1646 10004
  1647 10004
  1648 10004
  1649 10004
  1650 10004
  1651 10004
  1652 10004
  1653 10004
  1654 10004
  1655 10004
  1656 10004
  1657 10004
  1658 10004
  1659 10004
  1660 10004
  1661 10004
  1662 10004
  1663 10004
  1664 10004
  1665 10004
  1666 10004
  1667 10004
  1668 10004
  1669 10004
  1670 10004
  1671 10004
  1672 10004
  1673 10004
  1674 10004
  1675 10004
  1676 10004
  1677 10004
  1678 10004
  1679 10004
  1680 10004
  1681 10004
  1682 10004
  1683 10004
  1684 10004
  1685 10004
  1686 10004
  1687 10004
  1688 10004
  1689 10004
  1690 10004
  1691 10004
  1692 10040
  1693 10055
  1694 10055
  1695 10055
  1696 10004
  1697 10004
  1698 10004
  1699 10004
  1700 10004
  1701 10004
  1702 10004
  1703 10004
  1704 10004
  1705 10004
  1706 10004
  1707 10004
  1708 10004
  1709 10004
  1710 10004
  1711 10004
  1712 10004
  1713 10004
  1714 10004
  1715 10004
  1716 10004
  1717 10004
  1718 10004
  1719 10004
  1720 10004
  1721 10004
  1722 10004
  1723 10004
  1724 10004
  1725 10004
  1726 10004
  1727 10004
  1728 10004
  1729 10004
  1730 10004
  1731 10004
  1732 10004
  1733 10004
  1734 10004
  1735 10004
  1736 10004
  1737 10004
  1738 10004
  1739 10004
  1740 10004
  1741 10004
  1742 10004
  1743 10004
  1744 10004
  1745 10004
  1746 10004
  1747 10004
  1748 10004
  1749 10004
  1750 10004
  1751 10004
  1752 10004
  1753 10004
  1754 10004
  1755 10004
  1756 10004
  1757 10004
  1758 10004
  1759 10004
  1760 10004
  1761 10004
  1762 10004
  1763 10004
  1764 10004
  1765 10004
  1766 10004
  1767 10004
  1768 10004
  1769 10004
  1770 10004
  1771 10004
  1772 10004
  1773 10004
  1774 10004
  1775 10004
  1776 10004
  1777 10004
  1778 10004
  1779 10004
  1780 10004
  1781 10004
  1782 10004
  1783 10004
  1784 10004
  1785 10004
  1786 10004
  1787 10004
  1788 10004
  1789 10004
  1790 10004
  1791 10004
  1792 10004
  1793 10004
  1794 10004
  1795 10004
  1796 10004
  1797 10004
  1798 10004
  1799 10004
  1800 10004
  1801 10004
  1802 10004
  1803 10004
  1804 10004
  1805 10004
  1806 10004
  1807 10004
  1808 10004
  1809 10004
  1810 10004
  1811 10004
  1812 10004
  1813 10004
  1814 10004
  1815 10004
  1816 10004
  1817 10004
  1818 10004
  1819 10004
  1820 10004
  1821 10004
  1822 10004
  1823 10004
  1824 10004
  1825 10004
  1826 10004
  1827 10004
  1828 10004
  1829 10004
  1830 10004
  1831 10004
  1832 10004
  1833 10004
  1834 10004
  1835 10004
  1836 10004
  1837 10004
  1838 10004
  1839 10004
  1840 10004
  1841 10004
  1842 10004
  1843 10004
  1844 10004
  1845 10004
  1846 10004
  1847 10004
  1848 10004
  1849 10004
  1850 10004
  1851 10004
  1852 10004
  1853 10004
  1854 10004
  1855 10004
  1856 10004
  1857 10004
  1858 10004
  1859 10004
  1860 10004
  1861 10004
  1862 10004
  1863 10004
  1864 10004
  1865 10004
  1866 10004
  1867 10004
  1868 10004
  1869 10004
  1870 10004
  1871 10004
  1872 10004
  1873 10004
  1874 10004
  1875 10004
  1876 10004
  1877 10004
  1878 10004
  1879 10004
  1880 10004
  1881 10004
  1882 10004
  1883 10004
  1884 10004
  1885 10004
  1886 10004
  1887 10004
  1888 10004
  1889 10004
  1890 10004
  1891 10004
  1892 10004
  1893 10004
  1894 10004
  1895 10004
  1896 10004
  1897 10004
  1898 10004
  1899 10004
  1900 10004
  1901 10004
  1902 10004
  1903 10004
  1904 10004
  1905 10004
  1906 10004
  1907 10004
  1908 10004
  1909 10004
  1910 10004
  1911 10004
  1912 10004
  1913 10004
  1914 10004
  1915 10004
  1916 10004
  1917 10004
  1918 10004
  1919 10004
  1920 10004
  1921 10004
  1922 10004
  1923 10004
  1924 10004
  1925 10004
  1926 10004
  1927 10004
  1928 10004
  1929 10004
  1930 10004
  1931 10004
  1932 10004
  1933 10004
  1934 10004
  1935 10004
  1936 10004
  1937 10004
  1938 10004
  1939 10004
  1940 10004
  1941 10004
  1942 10004
  1943 10004
  1944 10004
  1945 10004
  1946 10004
  1947 10004
  1948 10004
  1949 10004
  1950 10004
  1951 10004
  1952 10004
  1953 10004
  1954 10004
  1955 10173
  1956 10173
  1957 10173
  1958 10055
  1959 10055
  1960 10055
  1961 10055
  1962 10055
  1963 10004
  1964 10004
  1965 10004
  1966 10004
  1967 10004
  1968 10004
  1969 10004
  1970 10004
  1971 10004
  1972 10004
  1973 10004
  1974 10004
  1975 10004
  1976 10004
  1977 10004
  1978 10004
  1979 10004
  1980 10004
  1981 10004
  1982 10004
  1983 10004
  1984 10004
  1985 10004
  1986 10004
  1987 10004
  1988 10004
  1989 10004
  1990 10004
  1991 10004
  1992 10004
  1993 10004
  1994 10004
  1995 10004
  1996 10004
  1997 10004
  1998 10004
  1999 10004
  2000 10004
  2001 10004
  2002 10004
  2003 10004
  2004 10004
  2005 10004
  2006 10004
  2007 10004
  2008 10004
  2009 10004
  2010 10004
  2011 10004
  2012 10004
  2013 10004
  2014 10004
  2015 10004
  2016 10004
  2017 10004
  2018 10004
  2019 10004
  2020 10004
  2021 10004
  2022 10004
  2023 10004
  2024 10004
  2026 10004
