   690 10022
   691 10022
   692 10022
   693 10022
   694 10022
   695 10022
   696 10022
   697 10022
   698 10022
   699 10022
   700 10022
   701 10022
   702 10022
   703 10022
   704 10022
   705 10022
   706 10022
   707 10022
   708 10022
   709 10022
   710 10022
   711 10022
   712 10022
   713 10022
   714 10022
   715 10022
   716 10022
   717 10022
   718 10022
   719 10022
   720 10022
   721 10022
   722 10022
   723 10022
   724 10022
   725 10022
   726 10022
   727 10022
   728 10022
   729 10022
   730 10022
   731 10022
   732 10022
   733 10022
   734 10022
   735 10022
   736 10022
   737 10022
   738 10022
   739 10022
   740 10022
   741 10022
   742 10022
   743 10022
   744 10022
   745 10022
   746 10022
   747 10022
   748 10022
   749 10022
   750 10022
   751 10022
   752 10022
   753 10022
   754 10022
   755 10022
   756 10022
   757 10022
   758 10022
   759 10022
   760 10022
   761 10022
   762 10022
   763 10022
   764 10022
   765 10022
   766 10022
   767 10022
   768 10022
   769 10022
   770 10022
   771 10022
   772 10022
   773 10022
   774 10022
   775 10022
   776 10022
   777 10022
   778 10022
   779 10022
   780 10022
   781 10020
   785 10108
   786 10108
   787 10108
   788 10108
   789 10108
   790 10108
   791 10101
   792 10101
   793 10101
   794 10101
   795 10101
   796 10101
   797 10101
   798 10101
   799 10101
   800 10101
   801 10101
   802 10101
   803 10101
   804 10101
   805 10101
   806 10101
   807 10101
   808 10101
   809 10101
   810 10101
   811 10101
   812 10101
   813 10101
   814 10101
   815 10101
   816 10101
   817 10101
   818 10101
   819 10101
   820 10101
   821 10101
   822 10101
   823 10101
   824 10101
   825 10101
   826 10101
   827 10101
   828 10101
   829 10101
   830 10101
   831 10101
   832 10101
   833 10101
   834 10101
   835 10101
   836 10101
   837 10101
   838 10101
   839 10101
   840 10101
   841 10101
   842 10101
   843 10101
   844 10101
   845 10101
   846 10101
   847 10101
   848 10101
   849 10101
   850 10101
   851 10101
   852 10101
   853 10101
   854 10101
   855 10101
   856 10101
   857 10101
   858 10101
   859 10101
   860 10101
   861 10101
   862 10101
   863 10101
   864 10101
   865 10101
   866 10101
   867 10101
   868 10101
   869 10101
   870 10101
   871 10101
   872 10101
   873 10101
   874 10101
   875 10101
   876 10101
   877 10101
   878 10101
   879 10101
   880 10101
   881 10101
   882 10101
   883 10101
   884 10101
   885 10101
   886 10101
   887 10101
   888 10101
   889 10101
   890 10101
   891 10101
   892 10101
   893 10101
   894 10101
   895 10101
   896 10101
   897 10101
   898 10101
   899 10101
   900 10101
   901 10101
   902 10101
   903 10101
   904 10101
   905 10101
   906 10101
   907 10101
   908 10101
   909 10101
   910 10105
   911 10105
   912 10101
   913 10105
   914 10105
   915 10105
   916 10105
   917 10105
   918 10105
   919 10105
   920 10101
   921 10101
   922 10101
   923 10101
   924 10101
   925 10101
   926 10101
   927 10101
   928 10101
   929 10101
   930 10101
   931 10101
   932 10101
   933 10101
   934 10105
   935 10101
   936 10101
   937 10101
   938 10105
   939 10101
   940 10101
   941 10101
   942 10101
   943 10101
   944 10101
   945 10101
   946 10101
   947 10101
   948 10101
   949 10101
   950 10101
   951 10101
   952 10101
   953 10105
   954 10105
   955 10101
   956 10101
   957 10101
   958 10101
   959 10101
   960 10101
   961 10101
   962 10101
   963 10101
   964 10101
   965 10101
   966 10101
   967 10101
   968 10101
   969 10101
   970 10101
   971 10101
   972 10101
   973 10101
   974 10101
   975 10101
   976 10101
   977 10101
   978 10101
   979 10101
   980 10101
   981 10105
   982 10105
   983 10105
   984 10105
   985 10105
   986 10105
   987 10105
   988 10105
   989 10105
   990 10105
   991 10125
   992 10125
   993 10125
   994 10125
   995 10125
   996 10125
   997 10125
   998 10105
   999 10105
  1000 10125
  1001 10125
  1002 10125
  1003 10125
  1004 10125
  1005 10125
  1006 10125
  1007 10125
  1008 10125
  1009 10125
  1010 10125
  1011 10125
  1012 10125
  1013 10125
  1014 10125
  1015 10125
  1016 10125
  1017 10125
  1018 10125
  1019 10005
  1020 10005
  1026 10021
  1031 10082
  1032 10082
  1033 10082
  1034 10082
  1035 10082
  1036 10082
  1037 10082
  1038 10082
  1039 10082
  1040 10082
  1041 10082
  1042 10082
  1043 10082
  1044 10082
  1045 10082
  1046 10082
  1047 10082
  1048 10082
  1049 10082
  1050 10082
  1051 10082
  1052 10082
  1053 10082
  1054 10082
  1055 10082
  1056 10082
  1057 10082
  1058 10082
  1059 10082
  1060 10082
  1061 10082
  1062 10082
  1063 10082
  1064 10082
  1065 10082
  1066 10082
  1067 10082
  1068 10082
  1069 10082
  1070 10082
  1071 10082
  1072 10082
  1073 10082
  1074 10082
  1075 10082
  1076 10082
  1077 10082
  1078 10082
  1079 10082
  1080 10082
  1081 10082
  1082 10082
  1083 10082
  1084 10082
  1085 10082
  1086 10082
  1087 10082
  1088 10082
  1089 10082
  1090 10082
  1091 10082
  1092 10082
  1093 10082
  1094 10082
  1095 10082
  1096 10082
  1097 10082
  1098 10082
  1099 10082
  1100 10082
  1101 10082
  1102 10082
  1103 10082
  1104 10082
  1105 10082
  1106 10082
  1107 10082
  1108 10082
  1109 10082
  1110 10082
  1111 10082
  1112 10082
  1113 10082
  1114 10082
  1115 10082
  1116 10082
  1117 10082
  1118 10082
  1119 10082
  1120 10082
  1121 10082
  1122 10082
  1123 10082
  1124 10082
  1125 10082
  1126 10082
  1127 10082
  1128 10082
  1129 10082
  1130 10082
  1131 10082
  1132 10082
  1133 10082
  1134 10082
  1135 10082
  1136 10082
  1137 10082
  1138 10082
  1139 10082
  1140 10082
  1141 10082
  1142 10082
  1143 10082
  1144 10082
  1145 10082
  1146 10082
  1147 10082
  1148 10082
  1149 10082
  1150 10082
  1151 10082
  1152 10082
  1153 10082
  1154 10082
  1155 10082
  1156 10082
  1157 10082
  1158 10082
  1159 10082
  1160 10082
  1161 10082
  1162 10082
  1163 10082
  1164 10082
  1165 10082
  1166 10082
  1167 10082
  1168 10082
  1169 10082
  1170 10082
  1171 10082
  1172 10082
  1173 10082
  1174 10082
  1175 10082
  1176 10082
  1177 10082
  1178 10082
  1179 10082
  1180 10082
  1181 10082
  1182 10082
  1183 10082
  1184 10082
  1185 10082
  1186 10082
  1187 10082
  1188 10082
  1189 10082
  1190 10082
  1191 10082
  1192 10082
  1193 10082
  1194 10082
  1195 10082
  1196 10082
  1197 10082
  1198 10082
  1199 10082
  1200 10082
  1201 10082
  1202 10082
  1203 10082
  1204 10082
  1205 10082
  1206 10082
  1207 10082
  1208 10082
  1209 10082
  1210 10082
  1211 10082
  1212 10082
  1213 10082
  1214 10082
  1215 10082
  1216 10082
  1217 10082
  1218 10082
  1219 10082
  1220 10082
  1221 10082
  1222 10082
  1223 10082
  1224 10082
  1225 10082
  1226 10082
  1227 10082
  1228 10082
  1229 10082
  1230 10082
  1231 10082
  1232 10082
  1233 10082
  1234 10082
  1235 10082
  1236 10082
  1237 10082
  1238 10082
  1239 10082
  1240 10082
  1241 10082
  1242 10082
  1243 10082
  1244 10082
  1245 10082
  1246 10082
  1247 10082
  1248 10082
  1249 10082
  1250 10082
  1251 10082
  1252 10082
  1253 10082
  1254 10082
  1255 10082
  1256 10082
  1257 10082
  1258 10082
  1259 10072
  1263 10101
  1264 10101
  1265 10101
  1266 10101
  1267 10101
  1268 10009
  1274 10018
  1275 10018
  1276 10018
  1277 10158
  1278 10158
  1279 10158
  1280 10158
  1281 10158
  1282 10158
  1283 10158
  1284 10040
  1285 10055
  1286 10055
  1287 10055
  1288 10055
  1289 10106
  1304 10031
  1316 10055
  1317 10055
  1318 10055
  1319 10055
  1320 10106
  1326 10055
  1327 10101
  1328 10101
  1329 10101
  1332 10086
  1333 10071
  1334 10071
  1335 10149
  1336 10149
  1337 10149
  1338 10149
  1339 10149
  1340 10149
  1341 10149
  1342 10149
  1343 10071
  1352 10097
  1353 10097
  1354 10097
  1355 10097
  1356 10097
  1357 10097
  1358 10097
  1359 10097
  1362 10097
  1363 10097
  1364 10097
  1365 10097
  1366 10097
  1367 10097
  1368 10097
  1369 10097
  1370 10097
  1371 10097
  1372 10162
  1373 10162
  1374 10162
  1375 10162
  1376 10162
  1377 10142
  1378 10142
  1379 10142
  1380 10142
  1381 10142
  1382 10142
  1383 10142
  1384 10162
  1385 10162
  1386 10162
  1387 10162
  1388 10162
  1389 10162
  1390 10162
  1391 10162
  1392 10162
  1393 10162
  1394 10162
  1395 10162
  1396 10162
  1397 10162
  1398 10162
  1399 10162
  1400 10162
  1401 10162
  1402 10162
  1403 10162
  1404 10162
  1405 10162
  1406 10162
  1407 10162
  1408 10162
  1409 10162
  1410 10162
  1411 10162
  1412 10162
  1413 10162
  1414 10162
  1415 10162
  1416 10162
  1417 10162
  1418 10162
  1419 10162
  1420 10162
  1421 10162
  1422 10162
  1423 10162
  1424 10162
  1425 10162
  1426 10162
  1427 10162
  1428 10162
  1429 10162
  1430 10162
  1431 10162
  1432 10162
  1433 10162
  1434 10162
  1435 10162
  1436 10162
  1437 10162
  1438 10162
  1439 10162
  1440 10162
  1441 10162
  1442 10162
  1443 10162
  1444 10162
  1445 10162
  1446 10162
  1447 10162
  1448 10162
  1449 10162
  1450 10162
  1451 10162
  1452 10162
  1453 10162
  1454 10162
  1455 10162
  1456 10162
  1457 10162
  1458 10162
  1459 10162
  1460 10162
  1461 10162
  1462 10162
  1463 10162
  1464 10162
  1465 10162
  1466 10162
  1467 10162
  1468 10162
  1469 10162
  1470 10162
  1471 10162
  1472 10162
  1473 10162
  1474 10162
  1475 10162
  1476 10162
  1477 10162
  1478 10162
  1479 10162
  1480 10162
  1481 10162
  1482 10162
  1483 10162
  1484 10162
  1485 10162
  1486 10162
  1487 10162
  1488 10162
  1489 10162
  1490 10162
  1491 10162
  1492 10162
  1493 10162
  1494 10162
  1495 10162
  1496 10162
  1497 10162
  1498 10162
  1499 10162
  1500 10162
  1501 10162
  1502 10162
  1503 10162
  1504 10162
  1505 10162
  1506 10162
  1507 10162
  1508 10162
  1509 10162
  1510 10162
  1511 10162
  1512 10162
  1513 10162
  1514 10162
  1515 10162
  1516 10162
  1517 10162
  1518 10162
  1519 10162
  1520 10162
  1521 10162
  1522 10162
  1523 10162
  1524 10162
  1525 10162
  1526 10162
  1527 10162
  1528 10162
  1529 10162
  1530 10162
  1531 10162
  1532 10162
  1533 10162
  1534 10162
  1535 10162
  1536 10162
  1537 10162
  1538 10162
  1539 10162
  1540 10162
  1541 10162
  1542 10162
  1543 10162
  1544 10162
  1545 10162
  1546 10162
  1547 10162
  1548 10162
  1549 10162
  1550 10162
  1551 10162
  1552 10162
  1553 10162
  1554 10162
  1555 10162
  1556 10162
  1557 10162
  1558 10162
  1559 10162
  1560 10162
  1561 10162
  1562 10162
  1563 10162
  1564 10162
  1565 10162
  1566 10162
  1567 10162
  1568 10162
  1569 10162
  1570 10162
  1571 10162
  1572 10162
  1573 10162
  1574 10162
  1575 10162
  1576 10162
  1577 10162
  1578 10162
  1579 10162
  1580 10162
  1581 10162
  1582 10162
  1583 10162
  1584 10162
  1585 10162
  1586 10162
  1587 10162
  1588 10162
  1589 10162
  1590 10162
  1591 10162
  1592 10162
  1593 10162
  1594 10162
  1595 10162
  1596 10162
  1597 10162
  1598 10162
  1599 10162
  1600 10162
  1601 10162
  1602 10162
  1603 10162
  1604 10162
  1605 10162
  1606 10162
  1607 10162
  1608 10162
  1609 10162
  1610 10162
  1611 10162
  1612 10162
  1613 10162
  1614 10162
  1615 10162
  1616 10162
  1617 10162
  1618 10162
  1619 10162
  1620 10162
  1621 10162
  1622 10162
  1623 10123
  1624 10143
  1625 10143
  1626 10145
  1627 10145
  1628 10145
  1629 10145
  1630 10145
  1631 10145
  1632 10145
  1633 10145
  1634 10145
  1635 10145
  1636 10145
  1637 10145
  1638 10145
  1639 10145
  1640 10145
  1641 10145
  1642 10145
  1643 10145
  1644 10145
  1645 10145
  1646 10145
  1647 10145
  1648 10145
  1649 10145
  1650 10145
  1651 10145
  1652 10145
  1653 10145
  1654 10145
  1655 10145
  1656 10145
  1657 10145
  1658 10145
  1659 10145
  1660 10145
  1661 10145
  1662 10145
  1663 10145
  1664 10145
  1665 10145
  1666 10145
  1667 10145
  1668 10145
  1669 10145
  1670 10145
  1671 10145
  1672 10145
  1673 10145
  1674 10145
  1675 10145
  1676 10145
  1677 10145
  1678 10145
  1679 10145
  1680 10145
  1681 10145
  1682 10145
  1683 10145
  1684 10145
  1685 10145
  1686 10145
  1687 10145
  1688 10145
  1689 10145
  1690 10145
  1691 10145
  1692 10145
  1693 10145
  1694 10145
  1695 10145
  1696 10145
  1697 10145
  1698 10145
  1699 10145
  1700 10145
  1701 10145
  1702 10145
  1703 10145
  1704 10145
  1705 10145
  1706 10145
  1707 10145
  1708 10145
  1709 10145
  1710 10145
  1711 10145
  1712 10145
  1713 10145
  1714 10145
  1715 10145
  1716 10145
  1717 10145
  1718 10145
  1719 10145
  1720 10145
  1721 10145
  1722 10145
  1723 10145
  1724 10145
  1725 10145
  1726 10145
  1727 10145
  1728 10145
  1729 10145
  1730 10145
  1731 10145
  1732 10145
  1733 10145
  1734 10145
  1735 10145
  1736 10145
  1737 10145
  1738 10145
  1739 10145
  1740 10145
  1741 10145
  1742 10145
  1743 10145
  1744 10145
  1745 10145
  1746 10145
  1747 10145
  1748 10145
  1749 10145
  1750 10145
  1751 10145
  1752 10145
  1753 10145
  1754 10145
  1755 10145
  1756 10145
  1757 10145
  1758 10145
  1759 10145
  1760 10145
  1761 10145
  1762 10145
  1763 10145
  1764 10145
  1765 10145
  1766 10145
  1767 10145
  1768 10145
  1769 10145
  1770 10145
  1771 10145
  1772 10145
  1773 10145
  1774 10145
  1775 10145
  1776 10145
  1777 10145
  1778 10145
  1779 10145
  1780 10145
  1781 10145
  1782 10145
  1783 10145
  1784 10145
  1785 10145
  1786 10145
  1787 10145
  1788 10145
  1789 10145
  1790 10145
  1791 10145
  1792 10145
  1793 10145
  1794 10145
  1795 10145
  1796 10145
  1797 10145
  1798 10145
  1799 10145
  1800 10145
  1801 10145
  1802 10145
  1803 10145
  1804 10145
  1805 10145
  1806 10145
  1807 10145
  1808 10145
  1809 10145
  1810 10145
  1811 10145
  1812 10145
  1813 10145
  1814 10145
  1815 10145
  1816 10145
  1817 10145
  1818 10145
  1819 10145
  1820 10145
  1821 10145
  1822 10145
  1823 10145
  1824 10145
  1825 10145
  1826 10145
  1827 10145
  1828 10145
  1829 10145
  1830 10145
  1831 10145
  1832 10145
  1833 10145
  1834 10145
  1835 10145
  1836 10145
  1837 10145
  1838 10145
  1839 10145
  1840 10145
  1841 10145
  1842 10145
  1843 10145
  1844 10145
  1845 10145
  1846 10145
  1847 10145
  1848 10145
  1849 10145
  1850 10145
  1851 10145
  1852 10145
  1853 10145
  1854 10145
  1855 10145
  1856 10145
  1857 10145
  1858 10016
  1859 10016
  1862 10138
  1864 10138
  1865 10138
  1866 10138
  1867 10123
  1868 10123
  1869 10123
  1870 10123
  1871 10123
  1872 10123
  1873 10123
  1874 10123
  1875 10123
  1876 10123
  1877 10123
  1878 10123
  1879 10123
  1880 10123
  1881 10123
  1882 10123
  1883 10123
  1884 10123
  1885 10123
  1886 10123
  1887 10123
  1888 10123
  1889 10123
  1890 10123
  1891 10123
  1892 10123
  1893 10123
  1894 10123
  1895 10123
  1896 10123
  1897 10123
  1898 10123
  1899 10123
  1900 10123
  1901 10123
  1902 10123
  1903 10123
  1904 10123
  1905 10123
  1906 10123
  1907 10123
  1908 10123
  1909 10123
  1910 10123
  1911 10123
  1912 10123
  1913 10123
  1914 10123
  1915 10123
  1916 10123
  1917 10123
  1918 10123
  1919 10123
  1920 10123
  1921 10123
  1922 10123
  1923 10123
  1924 10123
  1925 10123
  1926 10123
  1927 10123
  1928 10123
  1929 10123
  1930 10123
  1931 10123
  1932 10123
  1933 10123
  1934 10123
  1935 10123
  1936 10123
  1937 10123
  1938 10123
  1939 10123
  1940 10123
  1941 10123
  1942 10123
  1943 10123
  1944 10123
  1945 10123
  1946 10123
  1947 10123
  1948 10123
  1949 10123
  1950 10123
  1951 10123
  1952 10123
  1953 10123
  1954 10123
  1955 10123
  1956 10123
  1957 10123
  1958 10123
  1959 10123
  1960 10123
  1961 10123
  1962 10123
  1963 10123
  1964 10123
  1965 10123
  1966 10123
  1967 10123
  1968 10123
  1969 10123
  1970 10123
  1971 10123
  1972 10123
  1973 10123
  1974 10123
  1975 10123
  1976 10123
  1977 10123
  1978 10123
  1979 10123
  1980 10123
  1981 10123
  1982 10123
  1983 10123
  1984 10123
  1985 10123
  1986 10123
  1987 10123
  1988 10123
  1989 10123
  1990 10123
  1991 10123
  1992 10123
  1993 10123
  1994 10123
  1995 10123
  1996 10123
  1997 10123
  1998 10123
  1999 10123
  2000 10123
  2001 10123
  2002 10123
  2003 10123
  2004 10123
  2005 10123
  2006 10123
  2007 10123
  2008 10123
  2009 10123
  2010 10123
  2011 10123
  2012 10123
  2013 10123
  2014 10123
  2015 10123
  2016 10123
  2017 10123
  2018 10123
  2019 10123
  2020 10123
  2021 10050
  2022 10061
  2023 10061
  2024 10061
  2025 10061
  2026 10043
  2030 10066
  2031 10021
