   690 10113
   691 10113
   692 10113
   693 10113
   694 10113
   695 10113
   696 10113
   697 10113
   698 10113
   699 10113
   700 10113
   701 10113
   702 10113
   703 10113
   704 10113
   705 10113
   706 10113
   707 10113
   708 10113
   709 10113
   710 10113
   711 10113
   712 10113
   713 10113
   714 10113
   715 10113
   716 10113
   717 10113
   718 10113
   719 10113
   720 10113
   721 10113
   722 10113
   723 10113
   724 10113
   725 10113
   726 10113
   727 10113
   728 10113
   729 10113
   730 10113
   731 10113
   732 10113
   733 10113
   734 10113
   735 10113
   736 10113
   737 10113
   738 10113
   739 10113
   740 10113
   741 10113
   742 10113
   743 10113
   744 10113
   745 10113
   746 10113
   747 10113
   748 10113
   749 10113
   750 10113
   751 10113
   752 10113
   753 10113
   754 10113
   755 10113
   756 10113
   757 10113
   758 10113
   759 10113
   760 10113
   761 10113
   762 10113
   763 10113
   764 10113
   765 10113
   766 10113
   767 10113
   768 10113
   769 10113
   770 10113
   771 10113
   772 10113
   773 10113
   774 10113
   775 10113
   776 10113
   777 10113
   778 10113
   779 10113
   780 10113
   781 10118
   782 10118
   783 10148
   784 10118
   785 10118
   786 10118
   787 10118
   788 10112
   789 10112
   790 10112
   791 10089
   792 10089
   793 10089
   794 10089
   795 10118
   796 10118
   797 10118
   798 10118
   799 10118
   800 10118
   801 10118
   802 10118
   803 10118
   804 10118
   805 10118
   806 10118
   807 10118
   808 10118
   809 10118
   810 10118
   811 10118
   812 10118
   813 10118
   814 10118
   815 10118
   816 10118
   817 10118
   818 10118
   819 10118
   820 10118
   821 10118
   822 10118
   823 10118
   824 10118
   825 10118
   826 10118
   827 10118
   828 10118
   829 10118
   830 10118
   831 10118
   832 10118
   833 10118
   834 10118
   835 10118
   836 10118
   837 10118
   838 10118
   839 10118
   840 10118
   841 10118
   842 10118
   843 10118
   844 10118
   845 10118
   846 10118
   847 10118
   848 10118
   849 10118
   850 10118
   851 10118
   852 10118
   853 10118
   854 10118
   855 10118
   856 10118
   857 10118
   858 10118
   859 10118
   860 10118
   861 10118
   862 10118
   863 10118
   864 10118
   865 10118
   866 10118
   867 10118
   868 10118
   869 10118
   870 10118
   871 10118
   872 10118
   873 10118
   874 10118
   875 10118
   876 10118
   877 10118
   878 10118
   879 10118
   880 10118
   881 10118
   882 10118
   883 10118
   884 10118
   885 10118
   886 10118
   887 10118
   888 10118
   889 10118
   890 10118
   891 10118
   892 10118
   893 10118
   894 10118
   895 10118
   896 10118
   897 10118
   898 10118
   899 10118
   900 10118
   901 10118
   902 10118
   903 10118
   904 10118
   905 10118
   906 10118
   907 10118
   908 10118
   909 10118
   910 10118
   911 10118
   912 10118
   913 10118
   914 10118
   915 10118
   916 10118
   917 10118
   918 10118
   919 10118
   920 10118
   921 10118
   922 10118
   923 10118
   924 10118
   925 10118
   926 10118
   927 10118
   928 10118
   929 10118
   930 10118
   931 10118
   932 10118
   933 10118
   934 10118
   935 10118
   936 10118
   937 10118
   938 10118
   939 10118
   940 10118
   941 10118
   942 10118
   943 10118
   944 10118
   945 10118
   946 10118
   947 10118
   948 10118
   949 10118
   950 10118
   951 10118
   952 10118
   953 10118
   954 10118
   955 10118
   956 10118
   957 10118
   958 10118
   959 10118
   960 10118
   961 10118
   962 10118
   963 10118
   964 10118
   965 10118
   966 10118
   967 10118
   968 10118
   969 10118
   970 10118
   971 10118
   972 10118
   973 10118
   974 10118
   975 10118
   976 10118
   977 10118
   978 10118
   979 10118
   980 10118
   981 10118
   982 10118
   983 10118
   984 10118
   985 10118
   986 10118
   987 10118
   988 10118
   989 10118
   990 10118
   991 10118
   992 10118
   993 10118
   994 10118
   995 10118
   996 10118
   997 10118
   998 10118
   999 10118
  1000 10118
  1001 10118
  1002 10118
  1003 10118
  1004 10118
  1005 10118
  1006 10118
  1007 10118
  1008 10118
  1009 10118
  1010 10118
  1011 10118
  1012 10118
  1013 10118
  1014 10118
  1015 10118
  1016 10118
  1017 10118
  1018 10118
  1019 10118
  1020 10118
  1021 10143
  1022 10143
  1023 10143
  1024 10145
  1025 10145
  1026 10145
  1027 10145
  1028 10145
  1029 10145
  1030 10145
  1031 10145
  1032 10145
  1033 10145
  1034 10145
  1035 10145
  1036 10145
  1037 10145
  1038 10145
  1039 10145
  1040 10145
  1041 10145
  1042 10145
  1043 10145
  1044 10145
  1045 10145
  1046 10145
  1047 10145
  1048 10145
  1049 10145
  1050 10145
  1051 10145
  1052 10145
  1053 10145
  1054 10145
  1055 10145
  1056 10145
  1057 10145
  1058 10145
  1059 10145
  1060 10145
  1061 10145
  1062 10145
  1063 10145
  1064 10145
  1065 10145
  1066 10145
  1067 10145
  1068 10145
  1069 10145
  1070 10145
  1071 10145
  1072 10145
  1073 10145
  1074 10145
  1075 10145
  1076 10145
  1077 10145
  1078 10145
  1079 10145
  1080 10145
  1081 10145
  1082 10145
  1083 10145
  1084 10145
  1085 10145
  1086 10145
  1087 10145
  1088 10145
  1089 10145
  1090 10145
  1091 10145
  1092 10145
  1093 10145
  1094 10145
  1095 10145
  1096 10145
  1097 10145
  1098 10145
  1099 10145
  1100 10145
  1101 10145
  1102 10145
  1103 10145
  1104 10145
  1105 10145
  1106 10145
  1107 10145
  1108 10145
  1109 10145
  1110 10145
  1111 10145
  1112 10145
  1113 10145
  1114 10145
  1115 10145
  1116 10145
  1117 10145
  1118 10145
  1119 10145
  1120 10145
  1121 10145
  1122 10145
  1123 10145
  1124 10145
  1125 10145
  1126 10145
  1127 10145
  1128 10145
  1129 10145
  1130 10145
  1131 10145
  1132 10145
  1133 10145
  1134 10145
  1135 10145
  1136 10145
  1137 10145
  1138 10145
  1139 10145
  1140 10145
  1141 10145
  1142 10145
  1143 10145
  1144 10145
  1145 10145
  1146 10145
  1147 10145
  1148 10145
  1149 10145
  1150 10145
  1151 10145
  1152 10145
  1153 10145
  1154 10145
  1155 10145
  1156 10145
  1157 10145
  1158 10145
  1159 10145
  1160 10145
  1161 10145
  1162 10145
  1163 10145
  1164 10145
  1165 10145
  1166 10145
  1167 10145
  1168 10145
  1169 10145
  1170 10145
  1171 10145
  1172 10145
  1173 10145
  1174 10145
  1175 10145
  1176 10145
  1177 10145
  1178 10145
  1179 10145
  1180 10145
  1181 10145
  1182 10145
  1183 10145
  1184 10145
  1185 10145
  1186 10145
  1187 10145
  1188 10145
  1189 10145
  1190 10145
  1191 10145
  1192 10145
  1193 10145
  1194 10145
  1195 10145
  1196 10145
  1197 10145
  1198 10145
  1199 10145
  1200 10145
  1201 10145
  1202 10145
  1203 10145
  1204 10145
  1205 10145
  1206 10145
  1207 10145
  1208 10145
  1209 10145
  1210 10145
  1211 10145
  1212 10145
  1213 10145
  1214 10145
  1215 10145
  1216 10145
  1217 10145
  1218 10145
  1219 10145
  1220 10145
  1221 10145
  1222 10145
  1223 10145
  1224 10145
  1225 10145
  1226 10145
  1227 10145
  1228 10145
  1229 10145
  1230 10145
  1231 10145
  1232 10145
  1233 10145
  1234 10145
  1235 10145
  1236 10145
  1237 10145
  1238 10145
  1239 10145
  1240 10145
  1241 10145
  1242 10145
  1243 10145
  1244 10145
  1245 10145
  1246 10145
  1247 10145
  1248 10145
  1249 10145
  1250 10145
  1251 10145
  1252 10145
  1253 10145
  1254 10145
  1255 10145
  1256 10145
  1257 10145
  1258 10014
  1261 10101
  1262 10101
  1263 10101
  1264 10101
  1266 10090
  1267 10090
  1268 10090
  1269 10090
  1270 10090
  1271 10090
  1272 10090
  1273 10090
  1274 10090
  1275 10090
  1276 10090
  1277 10090
  1278 10090
  1279 10090
  1280 10090
  1281 10090
  1282 10090
  1283 10090
  1284 10090
  1285 10090
  1286 10090
  1287 10090
  1288 10090
  1289 10090
  1290 10090
  1291 10090
  1292 10090
  1293 10090
  1294 10090
  1295 10090
  1296 10090
  1297 10090
  1298 10090
  1299 10090
  1300 10090
  1301 10090
  1302 10090
  1303 10090
  1304 10090
  1305 10090
  1306 10090
  1307 10090
  1308 10090
  1309 10090
  1310 10090
  1311 10090
  1312 10090
  1313 10090
  1314 10090
  1315 10090
  1316 10090
  1317 10090
  1318 10090
  1319 10090
  1320 10090
  1321 10090
  1322 10090
  1323 10090
  1324 10090
  1325 10090
  1326 10090
  1327 10090
  1328 10090
  1329 10090
  1330 10090
  1331 10090
  1332 10090
  1333 10090
  1334 10090
  1335 10090
  1336 10090
  1337 10090
  1338 10090
  1339 10090
  1340 10090
  1341 10090
  1342 10090
  1343 10090
  1344 10090
  1345 10090
  1346 10090
  1347 10090
  1348 10090
  1349 10090
  1350 10090
  1351 10090
  1352 10090
  1353 10090
  1354 10090
  1355 10090
  1356 10090
  1357 10090
  1358 10090
  1359 10090
  1360 10090
  1361 10090
  1362 10090
  1363 10090
  1364 10090
  1365 10090
  1366 10090
  1367 10090
  1368 10090
  1369 10090
  1370 10090
  1371 10090
  1372 10090
  1373 10090
  1374 10090
  1375 10090
  1376 10090
  1377 10090
  1378 10090
  1379 10090
  1380 10090
  1381 10090
  1382 10090
  1383 10090
  1384 10090
  1385 10090
  1386 10090
  1387 10090
  1388 10090
  1389 10090
  1390 10090
  1391 10090
  1392 10090
  1393 10090
  1394 10090
  1395 10090
  1396 10090
  1397 10090
  1398 10090
  1399 10090
  1400 10090
  1401 10090
  1402 10090
  1403 10090
  1404 10090
  1405 10090
  1406 10090
  1407 10090
  1408 10090
  1409 10090
  1410 10090
  1411 10090
  1412 10090
  1413 10090
  1414 10090
  1415 10090
  1416 10090
  1417 10090
  1418 10090
  1419 10090
  1420 10090
  1421 10090
  1422 10090
  1423 10090
  1424 10090
  1425 10090
  1426 10090
  1427 10090
  1428 10090
  1429 10090
  1430 10090
  1431 10090
  1432 10090
  1433 10090
  1434 10090
  1435 10090
  1436 10090
  1437 10090
  1438 10090
  1439 10090
  1440 10090
  1441 10090
  1442 10090
  1443 10090
  1444 10090
  1445 10090
  1446 10090
  1447 10090
  1448 10090
  1449 10090
  1450 10090
  1451 10090
  1452 10090
  1453 10090
  1454 10090
  1455 10090
  1456 10090
  1457 10090
  1458 10090
  1459 10090
  1460 10090
  1461 10090
  1462 10090
  1463 10090
  1464 10090
  1465 10090
  1466 10090
  1467 10090
  1468 10090
  1469 10090
  1470 10090
  1471 10090
  1472 10090
  1473 10090
  1474 10090
  1475 10090
  1476 10090
  1477 10090
  1478 10090
  1479 10090
  1480 10090
  1481 10090
  1482 10090
  1483 10090
  1484 10090
  1485 10090
  1486 10090
  1487 10090
  1488 10090
  1489 10090
  1490 10090
  1491 10090
  1492 10090
  1493 10090
  1494 10090
  1495 10090
  1496 10090
  1497 10090
  1498 10090
  1499 10090
  1500 10090
  1502 10101
  1503 10101
  1504 10101
  1505 10055
  1506 10158
  1507 10018
  1508 10018
  1509 10018
  1510 10018
  1511 10040
  1512 10040
  1518 10023
  1523 10040
  1527 10040
  1528 10040
  1529 10040
  1530 10040
  1531 10040
  1532 10018
  1533 10018
  1534 10018
  1535 10055
  1536 10055
  1537 10040
  1547 10040
  1548 10040
  1549 10040
  1550 10040
  1555 10040
  1556 10040
  1557 10040
  1558 10040
  1559 10040
  1560 10040
  1561 10040
  1562 10040
  1568 10040
  1584 10040
  1585 10040
  1590 10040
  1591 10040
  1592 10040
  1593 10040
  1594 10040
  1595 10040
  1596 10040
  1597 10040
  1599 10055
  1600 10055
  1601 10055
  1604 10085
  1605 10085
