   690 10013
   691 10013
   692 10013
   693 10013
   694 10013
   695 10013
   696 10013
   697 10013
   698 10013
   699 10013
   700 10013
   701 10013
   702 10013
   703 10013
   704 10013
   705 10013
   706 10013
   707 10013
   708 10013
   709 10013
   710 10013
   711 10013
   712 10013
   713 10013
   714 10013
   715 10013
   716 10013
   717 10013
   718 10013
   719 10013
   720 10013
   721 10013
   722 10013
   723 10013
   724 10013
   725 10013
   726 10013
   727 10013
   728 10013
   729 10013
   730 10013
   731 10013
   732 10013
   733 10013
   734 10013
   735 10013
   736 10013
   737 10013
   738 10013
   739 10013
   740 10013
   741 10013
   742 10013
   743 10013
   744 10013
   745 10013
   746 10013
   747 10013
   748 10013
   749 10013
   750 10013
   751 10013
   752 10013
   753 10013
   754 10013
   755 10013
   756 10013
   757 10013
   758 10013
   759 10013
   760 10013
   761 10013
   762 10013
   763 10013
   764 10013
   765 10013
   766 10013
   767 10013
   768 10013
   769 10013
   770 10013
   771 10013
   772 10013
   773 10013
   774 10013
   775 10013
   776 10013
   777 10013
   778 10013
   779 10013
   780 10013
   781 10143
   782 10154
   783 10154
   784 10154
   787 10088
   788 10043
   789 10043
   790 10043
   791 10043
   792 10043
   793 10043
   794 10043
   795 10043
   796 10043
   797 10043
   798 10043
   799 10043
   800 10043
   801 10043
   802 10043
   803 10043
   804 10043
   805 10043
   806 10043
   807 10043
   808 10043
   809 10043
   810 10043
   811 10043
   812 10043
   813 10043
   814 10043
   815 10043
   816 10043
   817 10043
   818 10043
   819 10043
   820 10043
   821 10043
   822 10043
   823 10043
   824 10043
   825 10043
   826 10043
   827 10043
   828 10043
   829 10043
   830 10043
   831 10043
   832 10043
   833 10043
   834 10043
   835 10043
   836 10043
   837 10043
   838 10043
   839 10043
   840 10043
   841 10043
   842 10043
   843 10043
   844 10043
   845 10043
   846 10043
   847 10043
   848 10043
   849 10043
   850 10043
   851 10043
   852 10043
   853 10043
   854 10043
   855 10043
   856 10043
   857 10043
   858 10043
   859 10043
   860 10043
   861 10043
   862 10043
   863 10043
   864 10043
   865 10043
   866 10043
   867 10043
   868 10043
   869 10043
   870 10043
   871 10043
   872 10043
   873 10043
   874 10043
   875 10043
   876 10043
   877 10043
   878 10043
   879 10043
   880 10043
   881 10043
   882 10043
   883 10043
   884 10043
   885 10043
   886 10043
   887 10043
   888 10043
   889 10043
   890 10043
   891 10043
   892 10043
   893 10043
   894 10043
   895 10043
   896 10043
   897 10043
   898 10043
   899 10043
   900 10043
   901 10043
   902 10043
   903 10043
   904 10043
   905 10043
   906 10043
   907 10043
   908 10043
   909 10043
   910 10043
   911 10043
   912 10043
   913 10043
   914 10043
   915 10043
   916 10043
   917 10043
   918 10043
   919 10043
   920 10043
   921 10043
   922 10043
   923 10043
   924 10043
   925 10043
   926 10043
   927 10043
   928 10043
   929 10043
   930 10043
   931 10043
   932 10043
   933 10043
   934 10043
   935 10043
   936 10043
   937 10043
   938 10043
   939 10043
   940 10043
   941 10043
   942 10043
   943 10043
   944 10043
   945 10043
   946 10043
   947 10043
   948 10043
   949 10043
   950 10043
   951 10043
   952 10043
   953 10043
   954 10043
   955 10043
   956 10043
   957 10043
   958 10043
   959 10043
   960 10043
   961 10043
   962 10043
   963 10043
   964 10043
   965 10043
   966 10043
   967 10043
   968 10043
   969 10043
   970 10043
   971 10043
   972 10043
   973 10043
   974 10043
   975 10043
   976 10043
   977 10043
   978 10043
   979 10043
   980 10043
   981 10043
   982 10043
   983 10043
   984 10043
   985 10043
   986 10043
   987 10043
   988 10043
   989 10043
   990 10043
   991 10043
   992 10043
   993 10043
   994 10043
   995 10043
   996 10043
   997 10043
   998 10043
   999 10043
  1000 10043
  1001 10043
  1002 10043
  1003 10043
  1004 10043
  1005 10043
  1006 10043
  1007 10043
  1008 10043
  1009 10043
  1010 10043
  1011 10043
  1012 10043
  1013 10043
  1014 10043
  1015 10043
  1016 10043
  1017 10043
  1018 10043
  1019 10043
  1020 10043
  1023 10162
  1024 10162
  1025 10162
  1026 10162
  1027 10162
  1028 10162
  1029 10162
  1030 10162
  1031 10162
  1032 10162
  1033 10162
  1034 10162
  1035 10162
  1036 10162
  1037 10162
  1038 10162
  1039 10162
  1040 10162
  1041 10162
  1042 10162
  1043 10162
  1044 10162
  1045 10162
  1046 10162
  1047 10162
  1048 10162
  1049 10162
  1050 10162
  1051 10162
  1052 10162
  1053 10162
  1054 10162
  1055 10162
  1056 10162
  1057 10162
  1058 10162
  1059 10162
  1060 10162
  1061 10162
  1062 10162
  1063 10162
  1064 10162
  1065 10162
  1066 10162
  1067 10162
  1068 10162
  1069 10162
  1070 10162
  1071 10162
  1072 10162
  1073 10162
  1074 10162
  1075 10162
  1076 10162
  1077 10162
  1078 10162
  1079 10162
  1080 10162
  1081 10162
  1082 10162
  1083 10162
  1084 10162
  1085 10162
  1086 10162
  1087 10162
  1088 10162
  1089 10162
  1090 10162
  1091 10162
  1092 10162
  1093 10162
  1094 10162
  1095 10162
  1096 10162
  1097 10162
  1098 10162
  1099 10162
  1100 10162
  1101 10162
  1102 10162
  1103 10162
  1104 10162
  1105 10162
  1106 10162
  1107 10162
  1108 10162
  1109 10162
  1110 10162
  1111 10162
  1112 10162
  1113 10162
  1114 10162
  1115 10162
  1116 10162
  1117 10162
  1118 10162
  1119 10162
  1120 10162
  1121 10162
  1122 10162
  1123 10162
  1124 10162
  1125 10162
  1126 10162
  1127 10162
  1128 10162
  1129 10162
  1130 10162
  1131 10162
  1132 10162
  1133 10162
  1134 10162
  1135 10162
  1136 10162
  1137 10162
  1138 10162
  1139 10162
  1140 10162
  1141 10162
  1142 10162
  1143 10162
  1144 10162
  1145 10162
  1146 10162
  1147 10162
  1148 10162
  1149 10162
  1150 10162
  1151 10162
  1152 10162
  1153 10162
  1154 10162
  1155 10162
  1156 10162
  1157 10162
  1158 10162
  1159 10162
  1160 10162
  1161 10162
  1162 10162
  1163 10162
  1164 10162
  1165 10162
  1166 10162
  1167 10162
  1168 10162
  1169 10162
  1170 10162
  1171 10162
  1172 10162
  1173 10162
  1174 10162
  1175 10162
  1176 10162
  1177 10162
  1178 10162
  1179 10162
  1180 10162
  1181 10162
  1182 10162
  1183 10162
  1184 10162
  1185 10162
  1186 10162
  1187 10162
  1188 10162
  1189 10162
  1190 10162
  1191 10162
  1192 10162
  1193 10162
  1194 10162
  1195 10162
  1196 10162
  1197 10162
  1198 10162
  1199 10162
  1200 10162
  1201 10162
  1202 10162
  1203 10162
  1204 10162
  1205 10162
  1206 10162
  1207 10162
  1208 10162
  1209 10162
  1210 10162
  1211 10162
  1212 10162
  1213 10162
  1214 10162
  1215 10162
  1216 10162
  1217 10162
  1218 10162
  1219 10162
  1220 10162
  1221 10162
  1222 10162
  1223 10162
  1224 10162
  1225 10162
  1226 10162
  1227 10162
  1228 10162
  1229 10162
  1230 10162
  1231 10162
  1232 10162
  1233 10162
  1234 10162
  1235 10162
  1236 10162
  1237 10162
  1238 10162
  1239 10162
  1240 10162
  1241 10162
  1242 10162
  1243 10162
  1244 10162
  1245 10162
  1246 10162
  1247 10162
  1248 10162
  1249 10162
  1250 10162
  1251 10162
  1252 10162
  1253 10162
  1254 10162
  1255 10162
  1256 10162
  1257 10162
  1260 10098
  1261 10098
  1262 10018
  1263 10018
  1264 10018
  1265 10018
  1266 10018
  1267 10018
  1268 10018
  1269 10018
  1270 10158
  1271 10140
  1272 10140
  1273 10140
  1274 10140
  1275 10158
  1276 10140
  1277 10140
  1278 10140
  1279 10140
  1280 10140
  1281 10140
  1282 10140
  1283 10140
  1284 10140
  1285 10140
  1286 10140
  1287 10140
  1288 10140
  1289 10140
  1290 10140
  1291 10140
  1292 10140
  1293 10140
  1294 10018
  1295 10018
  1296 10018
  1297 10140
  1298 10140
  1299 10140
  1300 10140
  1301 10140
  1302 10140
  1303 10140
  1304 10140
  1305 10140
  1306 10140
  1308 10018
  1309 10098
  1310 10055
  1311 10055
  1312 10055
  1313 10055
  1315 10014
  1316 10014
  1317 10014
  1318 10014
  1319 10014
  1320 10014
  1321 10014
  1322 10014
  1323 10014
  1324 10014
  1325 10014
  1326 10014
  1327 10016
  1328 10016
  1329 10016
  1330 10154
  1331 10016
  1332 10016
  1333 10016
  1334 10016
  1335 10016
  1336 10016
  1337 10016
  1338 10014
  1339 10016
  1340 10016
  1341 10016
  1342 10016
  1343 10016
  1344 10016
  1345 10016
  1346 10016
  1347 10016
  1348 10016
  1349 10014
  1350 10130
  1351 10130
  1352 10130
  1360 10008
  1362 10008
  1367 10066
  1395 10083
  1396 10083
  1397 10083
  1398 10083
  1399 10083
  1400 10083
  1401 10083
  1402 10083
  1403 10083
  1404 10083
  1405 10083
  1406 10083
  1407 10083
  1408 10083
  1409 10083
  1410 10083
  1411 10083
  1412 10083
  1413 10083
  1414 10083
  1415 10083
  1416 10083
  1417 10083
  1418 10083
  1419 10083
  1420 10083
  1421 10083
  1422 10083
  1423 10083
  1424 10083
  1425 10083
  1426 10083
  1427 10083
  1428 10083
  1429 10083
  1430 10083
  1431 10083
  1432 10083
  1433 10083
  1434 10083
  1435 10083
  1436 10083
  1437 10083
  1438 10083
  1439 10083
  1440 10083
  1441 10083
  1442 10083
  1443 10083
  1444 10083
  1445 10083
  1446 10083
  1447 10083
  1448 10083
  1449 10083
  1450 10083
  1451 10083
  1452 10083
  1453 10083
  1454 10083
  1455 10083
  1456 10083
  1457 10083
  1458 10083
  1459 10083
  1460 10083
  1461 10083
  1462 10083
  1463 10083
  1464 10083
  1465 10083
  1466 10083
  1467 10083
  1468 10083
  1469 10083
  1470 10083
  1471 10083
  1472 10083
  1473 10083
  1474 10083
  1475 10083
  1476 10083
  1477 10083
  1478 10083
  1479 10083
  1480 10083
  1481 10083
  1482 10083
  1483 10083
  1484 10083
  1485 10083
  1486 10083
  1487 10083
  1488 10083
  1489 10083
  1490 10083
  1491 10083
  1492 10083
  1493 10083
  1494 10083
  1495 10083
  1496 10083
  1497 10083
  1498 10083
  1499 10083
  1500 10083
  1501 10083
  1502 10083
  1503 10083
  1504 10083
  1505 10083
  1506 10083
  1507 10083
  1508 10083
  1509 10083
  1510 10083
  1511 10083
  1512 10083
  1513 10083
  1514 10083
  1515 10083
  1516 10083
  1517 10083
  1518 10083
  1519 10083
  1520 10083
  1521 10083
  1522 10083
  1523 10083
  1524 10083
  1525 10083
  1526 10083
  1527 10083
  1528 10083
  1529 10083
  1530 10083
  1531 10083
  1532 10083
  1533 10083
  1534 10083
  1535 10083
  1536 10083
  1537 10083
  1538 10083
  1539 10083
  1540 10083
  1541 10083
  1542 10083
  1543 10083
  1544 10083
  1545 10083
  1546 10083
  1547 10083
  1548 10083
  1549 10083
  1550 10083
  1551 10083
  1552 10083
  1553 10083
  1554 10083
  1555 10083
  1556 10083
  1557 10083
  1558 10083
  1559 10083
  1560 10083
  1561 10083
  1562 10083
  1563 10083
  1564 10083
  1565 10083
  1566 10083
  1567 10083
  1568 10083
  1569 10083
  1570 10083
  1571 10083
  1572 10083
  1573 10083
  1574 10083
  1575 10083
  1576 10083
  1577 10083
  1578 10083
  1579 10083
  1580 10083
  1581 10083
  1582 10083
  1583 10083
  1584 10083
  1585 10083
  1586 10083
  1587 10083
  1588 10083
  1589 10083
  1590 10083
  1591 10083
  1592 10083
  1593 10083
  1594 10083
  1595 10083
  1596 10083
  1597 10083
  1598 10083
  1599 10083
  1600 10083
  1601 10083
  1602 10083
  1603 10083
  1604 10083
  1605 10083
  1606 10083
  1607 10083
  1608 10083
  1609 10083
  1610 10083
  1611 10083
  1612 10083
  1613 10083
  1614 10083
  1615 10083
  1616 10083
  1623 10086
  1624 10086
  1625 10086
  1626 10086
  1627 10086
  1628 10094
  1631 10097
  1632 10097
  1855 10097
  1856 10097
  1857 10097
  1858 10081
  1859 10154
  1860 10081
  1861 10155
  1862 10155
  1863 10155
  1864 10155
  1865 10155
  1866 10155
  1867 10155
  1868 10155
  1869 10155
  1870 10155
  1871 10155
  1872 10155
  1873 10155
  1874 10155
  1875 10155
  1876 10155
  1877 10155
  1878 10155
  1879 10155
  1880 10155
  1881 10155
  1882 10155
  1883 10155
  1884 10155
  1885 10155
  1886 10155
  1887 10155
  1888 10155
  1889 10155
  1890 10155
  1891 10155
  1892 10155
  1893 10155
  1894 10155
  1895 10155
  1896 10155
  1897 10155
  1898 10155
  1899 10155
  1900 10155
  1901 10155
  1902 10155
  1903 10155
  1904 10155
  1905 10155
  1906 10155
  1907 10155
  1908 10155
  1909 10155
  1910 10155
  1911 10155
  1912 10155
  1913 10155
  1914 10155
  1915 10155
  1916 10155
  1917 10155
  1918 10155
  1919 10155
  1920 10155
  1921 10155
  1922 10155
  1923 10155
  1924 10155
  1925 10155
  1926 10155
  1927 10155
  1928 10155
  1929 10155
  1930 10155
  1931 10155
  1932 10155
  1933 10155
  1934 10155
  1935 10155
  1936 10155
  1937 10155
  1938 10155
  1939 10155
  1940 10155
  1941 10155
  1942 10155
  1943 10155
  1944 10155
  1945 10155
  1946 10155
  1947 10155
  1948 10155
  1949 10155
  1950 10155
  1951 10155
  1952 10155
  1953 10155
  1954 10155
  1955 10155
  1956 10155
  1957 10155
  1958 10155
  1959 10155
  1960 10155
  1961 10155
  1962 10155
  1963 10155
  1964 10155
  1965 10155
  1966 10155
  1967 10155
  1968 10155
  1969 10155
  1970 10155
  1971 10155
  1972 10155
  1973 10155
  1974 10155
  1975 10155
  1976 10155
  1977 10155
  1978 10155
  1979 10155
  1980 10155
  1981 10155
  1982 10155
  1983 10155
  1984 10155
  1985 10155
  1986 10155
  1987 10155
  1988 10155
  1989 10155
  1990 10155
  1991 10155
  1992 10155
  1993 10155
  1994 10155
  1995 10155
  1996 10155
  1997 10155
  1998 10155
  1999 10155
  2000 10155
  2001 10155
  2002 10155
  2003 10155
  2004 10155
  2005 10155
  2006 10155
  2007 10155
  2008 10155
  2009 10155
  2010 10155
  2011 10155
  2012 10155
  2013 10155
  2014 10155
  2015 10155
  2016 10155
  2017 10155
  2018 10155
  2019 10155
  2020 10155
  2021 10155
  2022 10155
  2023 10155
  2024 10155
  2025 10155
  2026 10143
  2027 10143
  2028 10143
  2029 10143
  2030 10143
  2031 10145
