   690 10112
   691 10112
   692 10112
   693 10112
   694 10112
   695 10112
   696 10112
   697 10112
   698 10112
   699 10112
   700 10112
   701 10112
   702 10112
   703 10112
   704 10112
   705 10112
   706 10112
   707 10112
   708 10112
   709 10112
   710 10112
   711 10112
   712 10112
   713 10112
   714 10112
   715 10112
   716 10112
   717 10112
   718 10112
   719 10112
   720 10112
   721 10112
   722 10112
   723 10112
   724 10112
   725 10112
   726 10112
   727 10112
   728 10112
   729 10112
   730 10112
   731 10112
   732 10112
   733 10112
   734 10112
   735 10112
   736 10112
   737 10112
   738 10112
   739 10112
   740 10112
   741 10112
   742 10112
   743 10112
   744 10112
   745 10112
   746 10112
   747 10112
   748 10112
   749 10112
   750 10112
   751 10112
   752 10112
   753 10112
   754 10112
   755 10112
   756 10112
   757 10112
   758 10112
   759 10112
   760 10112
   761 10112
   762 10112
   763 10112
   764 10112
   765 10112
   766 10112
   767 10112
   768 10112
   769 10112
   770 10112
   771 10112
   772 10112
   773 10112
   774 10112
   775 10112
   776 10112
   777 10112
   778 10112
   779 10112
   780 10112
   781 10143
   782 10143
   783 10075
   784 10075
   785 10075
   786 10075
   787 10075
   788 10075
   789 10075
   790 10075
   791 10075
   792 10075
   793 10075
   794 10075
   795 10075
   796 10075
   797 10075
   798 10075
   799 10075
   800 10075
   801 10075
   802 10075
   803 10075
   804 10075
   805 10075
   806 10075
   807 10075
   808 10075
   809 10075
   810 10075
   811 10075
   812 10075
   813 10075
   814 10075
   815 10075
   816 10075
   817 10075
   818 10075
   819 10075
   820 10075
   821 10075
   822 10075
   823 10075
   824 10075
   825 10075
   826 10075
   827 10075
   828 10075
   829 10075
   830 10075
   831 10075
   832 10075
   833 10075
   834 10075
   835 10075
   836 10075
   837 10075
   838 10075
   839 10075
   840 10075
   841 10075
   842 10075
   843 10075
   844 10075
   845 10075
   846 10075
   847 10075
   848 10075
   849 10075
   850 10075
   851 10075
   852 10075
   853 10075
   854 10075
   855 10075
   856 10075
   857 10075
   858 10075
   859 10075
   860 10075
   861 10075
   862 10075
   863 10075
   864 10075
   865 10075
   866 10075
   867 10075
   868 10075
   869 10075
   870 10075
   871 10075
   872 10075
   873 10075
   874 10075
   875 10075
   876 10075
   877 10075
   878 10075
   879 10075
   880 10075
   881 10075
   882 10075
   883 10075
   884 10075
   885 10075
   886 10075
   887 10075
   888 10075
   889 10075
   890 10075
   891 10075
   892 10075
   893 10075
   894 10075
   895 10075
   896 10075
   897 10075
   898 10075
   899 10075
   900 10075
   901 10075
   902 10075
   903 10075
   904 10075
   905 10075
   906 10075
   907 10075
   908 10075
   909 10075
   910 10075
   911 10075
   912 10075
   913 10075
   914 10075
   915 10075
   916 10075
   917 10075
   918 10075
   919 10075
   920 10075
   921 10075
   922 10075
   923 10075
   924 10075
   925 10075
   926 10075
   927 10075
   928 10075
   929 10075
   930 10075
   931 10075
   932 10075
   933 10075
   934 10075
   935 10075
   936 10075
   937 10075
   938 10075
   939 10075
   940 10075
   941 10075
   942 10075
   943 10075
   944 10075
   945 10075
   946 10075
   947 10075
   948 10075
   949 10075
   950 10075
   951 10075
   952 10075
   953 10075
   954 10075
   955 10075
   956 10075
   957 10075
   958 10075
   959 10075
   960 10075
   961 10075
   962 10075
   963 10075
   964 10075
   965 10075
   966 10075
   967 10075
   968 10075
   969 10075
   970 10075
   971 10075
   972 10075
   973 10075
   974 10075
   975 10075
   976 10075
   977 10075
   978 10075
   979 10075
   980 10075
   981 10075
   982 10075
   983 10075
   984 10075
   985 10075
   986 10075
   987 10075
   988 10075
   989 10075
   990 10075
   991 10075
   992 10075
   993 10075
   994 10075
   995 10075
   996 10075
   997 10075
   998 10075
   999 10075
  1000 10075
  1001 10075
  1002 10075
  1003 10075
  1004 10075
  1005 10075
  1006 10075
  1007 10075
  1008 10075
  1009 10075
  1010 10075
  1011 10075
  1012 10075
  1013 10075
  1014 10075
  1015 10075
  1016 10075
  1017 10075
  1018 10075
  1019 10075
  1020 10075
  1021 10143
  1022 10143
  1023 10143
  1024 10143
  1025 10143
  1026 10145
  1027 10145
  1028 10145
  1029 10145
  1030 10145
  1031 10145
  1032 10145
  1033 10145
  1034 10145
  1035 10145
  1036 10145
  1037 10145
  1038 10145
  1039 10145
  1040 10145
  1041 10145
  1042 10145
  1043 10145
  1044 10145
  1045 10145
  1046 10145
  1047 10145
  1048 10145
  1049 10145
  1050 10145
  1051 10145
  1052 10145
  1053 10145
  1054 10145
  1055 10145
  1056 10145
  1057 10145
  1058 10145
  1059 10145
  1060 10145
  1061 10145
  1062 10145
  1063 10145
  1064 10145
  1065 10145
  1066 10145
  1067 10145
  1068 10145
  1069 10145
  1070 10145
  1071 10145
  1072 10145
  1073 10145
  1074 10145
  1075 10145
  1076 10145
  1077 10145
  1078 10145
  1079 10145
  1080 10145
  1081 10145
  1082 10145
  1083 10145
  1084 10145
  1085 10145
  1086 10145
  1087 10145
  1088 10145
  1089 10145
  1090 10145
  1091 10145
  1092 10145
  1093 10145
  1094 10145
  1095 10145
  1096 10145
  1097 10145
  1098 10145
  1099 10145
  1100 10145
  1101 10145
  1102 10145
  1103 10145
  1104 10145
  1105 10145
  1106 10145
  1107 10145
  1108 10145
  1109 10145
  1110 10145
  1111 10145
  1112 10145
  1113 10145
  1114 10145
  1115 10145
  1116 10145
  1117 10145
  1118 10145
  1119 10145
  1120 10145
  1121 10145
  1122 10145
  1123 10145
  1124 10145
  1125 10145
  1126 10145
  1127 10145
  1128 10145
  1129 10145
  1130 10145
  1131 10145
  1132 10145
  1133 10145
  1134 10145
  1135 10145
  1136 10145
  1137 10145
  1138 10145
  1139 10145
  1140 10145
  1141 10145
  1142 10145
  1143 10145
  1144 10145
  1145 10145
  1146 10145
  1147 10145
  1148 10145
  1149 10145
  1150 10145
  1151 10145
  1152 10145
  1153 10145
  1154 10145
  1155 10145
  1156 10145
  1157 10145
  1158 10145
  1159 10145
  1160 10145
  1161 10145
  1162 10145
  1163 10145
  1164 10145
  1165 10145
  1166 10145
  1167 10145
  1168 10145
  1169 10145
  1170 10145
  1171 10145
  1172 10145
  1173 10145
  1174 10145
  1175 10145
  1176 10145
  1177 10145
  1178 10145
  1179 10145
  1180 10145
  1181 10145
  1182 10145
  1183 10145
  1184 10145
  1185 10145
  1186 10145
  1187 10145
  1188 10145
  1189 10145
  1190 10145
  1191 10145
  1192 10145
  1193 10145
  1194 10145
  1195 10145
  1196 10145
  1197 10145
  1198 10145
  1199 10145
  1200 10145
  1201 10145
  1202 10145
  1203 10145
  1204 10145
  1205 10145
  1206 10145
  1207 10145
  1208 10145
  1209 10145
  1210 10145
  1211 10145
  1212 10145
  1213 10145
  1214 10145
  1215 10145
  1216 10145
  1217 10145
  1218 10145
  1219 10145
  1220 10145
  1221 10145
  1222 10145
  1223 10145
  1224 10145
  1225 10145
  1226 10145
  1227 10145
  1228 10145
  1229 10145
  1230 10145
  1231 10145
  1232 10145
  1233 10145
  1234 10145
  1235 10145
  1236 10145
  1237 10145
  1238 10145
  1239 10145
  1240 10145
  1241 10145
  1242 10145
  1243 10145
  1244 10145
  1245 10145
  1246 10145
  1247 10145
  1248 10145
  1249 10145
  1250 10145
  1251 10145
  1252 10145
  1253 10145
  1254 10145
  1255 10145
  1256 10145
  1257 10145
  1258 10143
  1259 10143
  1260 10143
  1261 10154
  1262 10154
  1263 10154
  1264 10154
  1274 10018
  1275 10018
  1276 10018
  1277 10018
  1278 10018
  1279 10018
  1280 10018
  1304 10031
  1308 10055
  1309 10055
  1310 10055
  1335 10055
  1341 10173
  1342 10173
  1343 10173
  1345 10055
  1346 10055
  1347 10055
  1348 10055
  1349 10097
  1350 10097
  1351 10097
  1352 10097
  1353 10097
  1354 10097
  1355 10097
  1356 10097
  1357 10097
  1358 10097
  1374 10082
  1375 10151
  1376 10151
  1377 10151
  1378 10151
  1379 10151
  1380 10151
  1381 10151
  1382 10151
  1383 10151
  1384 10034
  1385 10034
  1386 10034
  1387 10034
  1388 10034
  1389 10034
  1390 10034
  1391 10034
  1392 10034
  1393 10034
  1394 10034
  1395 10034
  1396 10034
  1397 10034
  1398 10034
  1399 10034
  1400 10034
  1401 10034
  1402 10034
  1403 10034
  1404 10034
  1405 10034
  1406 10034
  1407 10034
  1408 10034
  1409 10034
  1410 10034
  1411 10034
  1412 10034
  1413 10034
  1414 10034
  1415 10034
  1416 10034
  1417 10034
  1418 10034
  1419 10034
  1420 10034
  1421 10034
  1422 10034
  1423 10034
  1424 10034
  1425 10034
  1426 10034
  1427 10034
  1428 10034
  1429 10034
  1430 10034
  1431 10034
  1432 10034
  1433 10034
  1434 10034
  1435 10034
  1436 10034
  1437 10034
  1438 10034
  1439 10034
  1440 10034
  1441 10034
  1442 10034
  1443 10034
  1444 10034
  1445 10034
  1446 10034
  1447 10034
  1448 10034
  1449 10034
  1450 10034
  1451 10034
  1452 10034
  1453 10034
  1454 10034
  1455 10034
  1456 10034
  1457 10034
  1458 10034
  1459 10034
  1460 10034
  1461 10034
  1462 10034
  1463 10034
  1464 10034
  1465 10034
  1466 10034
  1467 10034
  1468 10034
  1469 10034
  1470 10034
  1471 10034
  1472 10034
  1473 10034
  1474 10034
  1475 10034
  1476 10034
  1477 10034
  1478 10034
  1479 10034
  1480 10034
  1481 10034
  1482 10034
  1483 10034
  1484 10034
  1485 10034
  1486 10034
  1487 10034
  1488 10034
  1489 10034
  1490 10034
  1491 10034
  1492 10034
  1493 10034
  1494 10034
  1495 10034
  1496 10034
  1497 10034
  1498 10034
  1499 10034
  1500 10034
  1501 10034
  1502 10034
  1503 10034
  1504 10034
  1505 10034
  1506 10034
  1507 10034
  1508 10034
  1509 10034
  1510 10034
  1511 10034
  1512 10034
  1513 10034
  1514 10034
  1515 10034
  1516 10034
  1517 10034
  1518 10034
  1519 10034
  1520 10034
  1521 10034
  1522 10034
  1523 10034
  1524 10034
  1525 10034
  1526 10034
  1527 10034
  1528 10034
  1529 10034
  1530 10034
  1531 10034
  1532 10034
  1533 10034
  1534 10034
  1535 10034
  1536 10034
  1537 10034
  1538 10034
  1539 10034
  1540 10034
  1541 10034
  1542 10034
  1543 10034
  1544 10034
  1545 10034
  1546 10034
  1547 10034
  1548 10034
  1549 10034
  1550 10034
  1551 10034
  1552 10034
  1553 10034
  1554 10034
  1555 10034
  1556 10034
  1557 10034
  1558 10034
  1559 10034
  1560 10034
  1561 10034
  1562 10034
  1563 10034
  1564 10034
  1565 10034
  1566 10034
  1567 10034
  1568 10034
  1569 10034
  1570 10034
  1571 10034
  1572 10034
  1573 10034
  1574 10034
  1575 10034
  1576 10034
  1577 10034
  1578 10034
  1579 10034
  1580 10034
  1581 10034
  1582 10034
  1583 10034
  1584 10034
  1585 10034
  1586 10034
  1587 10034
  1588 10034
  1589 10034
  1590 10034
  1591 10034
  1592 10034
  1593 10034
  1594 10034
  1595 10034
  1596 10034
  1597 10034
  1598 10034
  1599 10034
  1600 10034
  1601 10034
  1602 10034
  1603 10034
  1604 10034
  1605 10034
  1606 10034
  1607 10034
  1608 10034
  1609 10034
  1610 10034
  1611 10034
  1612 10034
  1613 10034
  1614 10034
  1615 10034
  1616 10034
  1617 10034
  1618 10034
  1619 10034
  1620 10034
  1625 10097
  1627 10097
  1856 10097
  1858 10097
  1861 10167
  1866 10007
  1867 10007
  1868 10007
  1869 10007
  1870 10007
  1871 10007
  1872 10007
  1873 10007
  1874 10007
  1875 10007
  1876 10007
  1877 10007
  1878 10007
  1879 10007
  1880 10007
  1881 10007
  1882 10007
  1883 10007
  1884 10007
  1885 10007
  1886 10007
  1887 10007
  1888 10007
  1889 10007
  1890 10007
  1891 10007
  1892 10007
  1893 10007
  1894 10007
  1895 10007
  1896 10007
  1897 10007
  1898 10007
  1899 10007
  1900 10007
  1901 10007
  1902 10007
  1903 10007
  1904 10007
  1905 10007
  1906 10007
  1907 10007
  1908 10007
  1909 10007
  1910 10007
  1911 10007
  1912 10007
  1913 10007
  1914 10007
  1915 10007
  1916 10007
  1917 10007
  1918 10007
  1919 10007
  1920 10007
  1921 10007
  1922 10007
  1923 10007
  1924 10007
  1925 10007
  1926 10007
  1927 10007
  1928 10007
  1929 10007
  1930 10007
  1931 10007
  1932 10007
  1933 10007
  1934 10007
  1935 10007
  1936 10007
  1937 10007
  1938 10007
  1939 10007
  1940 10007
  1941 10007
  1942 10007
  1943 10007
  1944 10007
  1945 10007
  1946 10007
  1947 10007
  1948 10007
  1949 10007
  1950 10007
  1951 10007
  1952 10007
  1953 10007
  1954 10007
  1955 10007
  1956 10007
  1957 10007
  1958 10007
  1959 10007
  1960 10007
  1961 10007
  1962 10007
  1963 10007
  1964 10007
  1965 10007
  1966 10007
  1967 10007
  1968 10007
  1969 10007
  1970 10007
  1971 10007
  1972 10007
  1973 10007
  1974 10007
  1975 10007
  1976 10007
  1977 10007
  1978 10007
  1979 10007
  1980 10007
  1981 10007
  1982 10007
  1983 10007
  1984 10007
  1985 10007
  1986 10007
  1987 10007
  1988 10007
  1989 10007
  1990 10007
  1991 10007
  1992 10007
  1993 10007
  1994 10007
  1995 10007
  1996 10007
  1997 10007
  1998 10007
  1999 10007
  2000 10007
  2001 10007
  2002 10007
  2003 10007
  2004 10007
  2005 10007
  2006 10007
  2007 10007
  2008 10007
  2009 10007
  2010 10007
  2011 10007
  2012 10007
  2013 10007
  2014 10007
  2015 10007
  2016 10007
  2017 10007
  2018 10007
  2019 10007
  2020 10007
  2021 10007
  2022 10007
  2023 10007
  2024 10007
  2025 10007
  2026 10112
