  1854 10088
  1857 10101
  1892 10018
  1893 10018
  1894 10018
  1895 10055
  1896 10055
  1897 10055
  1898 10055
  1972 10110
  1973 10110
  1974 10110
  1975 10110
  1978 10110
  1979 10110
  1980 10110
  2010 10110
  2011 10110
  2012 10110
  2013 10110
  2014 10110
  2044 10133
  2045 10133
  2046 10133
  2047 10133
  2048 10133
  2091 10114
  2092 10114
  2093 10114
  2094 10114
  2099 10114
  2100 10114
  2101 10114
  2102 10114
  2116 10148
  2117 10148
  2118 10148
  2119 10148
  2178 10117
  2179 10117
  2186 10117
  2187 10117
  2188 10117
  2200 10117
  2201 10117
  2202 10117
  2307 10139
  2308 10139
  2309 10139
  2310 10139
  2311 10139
  2312 10102
  2313 10102
  2314 10102
  2315 10102
  2316 10102
  2317 10102
  2318 10102
  2319 10102
  2320 10102
  2321 10102
  2322 10102
  2323 10102
  2324 10102
  2325 10102
  2326 10102
  2327 10102
  2328 10102
  2329 10102
  2330 10102
  2331 10102
  2332 10102
  2333 10102
  2334 10102
  2335 10102
  2336 10102
  2337 10102
  2338 10102
  2339 10102
  2340 10102
  2341 10102
  2342 10102
  2343 10102
  2344 10102
  2345 10102
  2346 10102
  2347 10103
  2348 10103
  2349 10103
  2350 10103
  2351 10103
  2352 10103
  2353 10103
  2354 10103
  2355 10103
  2356 10103
  2357 10103
  2358 10103
  2359 10103
  2360 10103
  2361 10103
  2362 10103
  2363 10102
  2364 10102
  2365 10102
  2366 10103
  2367 10103
  2368 10103
  2369 10103
  2370 10103
  2371 10139
  2372 10139
  2373 10005
  2374 10005
  2375 10005
  2376 10005
  2379 10102
  2380 10102
  2381 10102
  2382 10102
  2383 10005
  2384 10005
  2385 10005
  2386 10005
  2387 10005
  2388 10005
  2389 10005
  2390 10005
  2391 10005
  2392 10005
  2393 10005
  2394 10005
  2395 10122
  2396 10122
  2397 10122
  2398 10122
  2399 10122
  2400 10122
  2401 10122
  2402 10122
  2403 10122
  2404 10122
  2405 10122
  2406 10122
  2407 10122
  2408 10122
  2409 10122
  2410 10122
  2411 10005
  2412 10005
  2413 10005
  2414 10005
  2415 10005
  2416 10005
  2417 10005
  2418 10005
  2419 10005
  2420 10005
  2421 10005
  2422 10005
  2423 10005
  2424 10005
  2425 10005
  2426 10005
  2427 10122
  2428 10122
  2429 10122
  2430 10122
  2431 10122
  2432 10122
  2433 10122
  2434 10122
  2435 10122
  2436 10122
  2437 10122
  2438 10122
  2439 10122
  2440 10122
  2441 10122
  2442 10122
  2443 10122
  2444 10122
  2445 10122
  2446 10122
  2447 10102
  2448 10102
  2449 10102
  2450 10122
  2451 10122
  2452 10122
  2453 10122
  2454 10122
  2455 10122
  2457 10117
  2458 10117
  2459 10117
  2460 10117
  2461 10117
  2462 10117
  2463 10117
  2468 10173
  2470 10098
  2471 10018
  2472 10018
  2473 10018
  2474 10018
  2475 10018
  2476 10018
  2477 10018
  2478 10018
  2479 10098
  2480 10098
  2481 10098
  2482 10098
  2483 10098
  2484 10018
  2485 10018
  2486 10018
  2489 10018
  2490 10018
  2491 10018
  2492 10018
  2493 10018
  2494 10018
  2495 10018
  2496 10018
  2497 10055
  2498 10018
  2499 10018
  2500 10018
  2595 10122
  2596 10122
  2597 10122
  2598 10122
  2599 10122
  2600 10122
  2601 10122
  2602 10122
  2603 10122
  2604 10122
  2605 10122
  2606 10122
  2607 10122
  2608 10122
  2609 10122
  2610 10122
  2611 10122
  2612 10122
  2613 10122
  2614 10122
  2615 10122
  2616 10122
  2617 10122
  2618 10122
  2619 10122
  2620 10122
  2621 10122
  2622 10122
  2623 10122
  2624 10122
  2666 10029
  2667 10029
  2668 10029
  2669 10029
  2670 10029
  2671 10029
  2672 10120
  2673 10120
  2674 10120
  2675 10120
  2676 10029
  2677 10029
  2678 10029
  2679 10029
  2680 10120
  2681 10120
  2682 10120
  2683 10120
