   614 10127
   615 10127
   617 10131
   619 10131
   620 10131
   621 10131
   622 10131
   628 10131
   629 10131
   630 10131
   631 10131
   632 10127
   633 10127
   635 10131
   637 10127
   638 10127
   640 10127
   641 10131
   642 10131
   643 10131
   644 10131
   645 10131
   646 10131
   647 10131
   648 10131
   651 10127
   652 10127
   653 10127
   654 10127
   655 10127
   656 10131
   657 10131
   659 10127
   660 10127
   661 10127
   690 10127
   691 10127
   692 10127
   693 10127
   694 10127
   695 10127
   696 10127
   697 10127
   698 10127
   699 10127
   700 10127
   701 10127
   702 10127
   703 10127
   704 10127
   705 10127
   706 10127
   707 10127
   708 10127
   709 10127
   710 10127
   711 10127
   712 10127
   713 10127
   714 10127
   715 10127
   716 10127
   717 10127
   718 10127
   719 10127
   720 10127
   721 10127
   722 10127
   723 10127
   724 10127
   725 10127
   726 10127
   727 10127
   728 10127
   729 10127
   730 10127
   731 10127
   732 10127
   733 10127
   734 10127
   735 10127
   736 10127
   737 10127
   738 10127
   739 10127
   740 10127
   741 10127
   742 10127
   743 10127
   744 10127
   745 10127
   746 10127
   747 10127
   748 10127
   749 10127
   750 10127
   751 10127
   752 10127
   753 10127
   754 10127
   755 10127
   756 10127
   757 10127
   758 10127
   759 10127
   760 10127
   761 10127
   762 10127
   763 10127
   764 10127
   765 10127
   766 10127
   767 10127
   768 10127
   769 10127
   770 10127
   771 10127
   772 10127
   773 10127
   774 10127
   775 10127
   776 10127
   777 10127
   778 10127
   779 10127
   780 10127
   781 10131
   782 10131
   783 10131
   784 10131
   785 10137
   786 10137
   787 10131
   788 10131
   789 10131
   790 10131
   791 10131
   792 10131
   793 10131
   794 10131
   795 10127
   796 10127
   797 10127
   798 10127
   799 10127
   800 10127
   801 10127
   802 10127
   803 10127
   804 10127
   805 10127
   806 10127
   807 10127
   808 10127
   809 10127
   810 10127
   811 10127
   812 10127
   813 10127
   814 10127
   815 10127
   816 10127
   817 10127
   818 10127
   819 10127
   820 10127
   821 10127
   822 10127
   823 10127
   824 10127
   825 10127
   826 10127
   827 10127
   828 10127
   829 10127
   830 10127
   831 10127
   832 10127
   833 10127
   834 10127
   835 10127
   836 10127
   837 10127
   838 10127
   839 10127
   840 10127
   841 10127
   842 10127
   843 10127
   844 10127
   845 10127
   846 10127
   847 10127
   848 10127
   849 10127
   850 10127
   851 10127
   852 10127
   853 10127
   854 10127
   855 10127
   856 10127
   857 10127
   858 10127
   859 10127
   860 10127
   861 10127
   862 10127
   863 10127
   864 10127
   865 10127
   866 10127
   867 10127
   868 10127
   869 10127
   870 10127
   871 10127
   872 10127
   873 10127
   874 10127
   875 10127
   876 10127
   877 10127
   878 10127
   879 10127
   880 10127
   881 10127
   882 10127
   883 10127
   884 10127
   885 10127
   886 10127
   887 10127
   888 10127
   889 10127
   890 10127
   891 10127
   892 10127
   893 10127
   894 10127
   895 10127
   896 10127
   897 10127
   898 10127
   899 10127
   900 10127
   901 10127
   902 10127
   903 10127
   904 10127
   905 10127
   906 10127
   907 10127
   908 10127
   909 10127
   910 10127
   911 10127
   912 10127
   913 10127
   914 10127
   915 10127
   916 10127
   917 10127
   918 10127
   919 10127
   920 10127
   921 10127
   922 10127
   923 10127
   924 10127
   925 10127
   926 10127
   927 10127
   928 10127
   929 10127
   930 10127
   931 10127
   932 10127
   933 10127
   934 10127
   935 10127
   936 10127
   937 10127
   938 10127
   939 10127
   940 10127
   941 10127
   942 10127
   943 10127
   944 10127
   945 10127
   946 10127
   947 10127
   948 10127
   949 10127
   950 10127
   951 10127
   952 10127
   953 10127
   954 10127
   955 10127
   956 10127
   957 10127
   958 10127
   959 10127
   960 10127
   961 10127
   962 10127
   963 10127
   964 10127
   965 10127
   966 10127
   967 10127
   968 10127
   969 10127
   970 10127
   971 10127
   972 10127
   973 10127
   974 10127
   975 10127
   976 10127
   977 10127
   978 10127
   979 10127
   980 10127
   981 10127
   982 10127
   983 10127
   984 10127
   985 10127
   986 10127
   987 10127
   988 10127
   989 10127
   990 10127
   991 10127
   992 10127
   993 10127
   994 10127
   995 10127
   996 10127
   997 10127
   998 10127
   999 10127
  1000 10127
  1001 10127
  1002 10127
  1003 10127
  1004 10127
  1005 10127
  1006 10127
  1007 10127
  1008 10127
  1009 10127
  1010 10127
  1011 10127
  1012 10127
  1013 10127
  1014 10127
  1015 10127
  1016 10127
  1017 10127
  1018 10127
  1019 10127
  1020 10127
  1021 10137
  1022 10137
  1023 10137
  1024 10137
  1025 10137
  1026 10137
  1027 10137
  1028 10137
  1029 10137
  1030 10137
  1031 10131
  1032 10127
  1033 10127
  1034 10127
  1035 10127
  1036 10127
  1037 10127
  1038 10127
  1039 10127
  1040 10127
  1041 10127
  1042 10127
  1043 10127
  1044 10127
  1045 10127
  1046 10127
  1047 10127
  1048 10127
  1049 10127
  1050 10127
  1051 10127
  1052 10127
  1053 10127
  1054 10127
  1055 10127
  1056 10127
  1057 10127
  1058 10127
  1059 10127
  1060 10127
  1061 10127
  1062 10127
  1063 10127
  1064 10127
  1065 10127
  1066 10127
  1067 10127
  1068 10127
  1069 10127
  1070 10127
  1071 10127
  1072 10127
  1073 10127
  1074 10127
  1075 10127
  1076 10127
  1077 10127
  1078 10127
  1079 10127
  1080 10127
  1081 10127
  1082 10127
  1083 10127
  1084 10127
  1085 10127
  1086 10127
  1087 10127
  1088 10127
  1089 10127
  1090 10127
  1091 10127
  1092 10127
  1093 10127
  1094 10127
  1095 10127
  1096 10127
  1097 10127
  1098 10127
  1099 10127
  1100 10127
  1101 10127
  1102 10127
  1103 10127
  1104 10127
  1105 10127
  1106 10127
  1107 10127
  1108 10127
  1109 10127
  1110 10127
  1111 10127
  1112 10127
  1113 10127
  1114 10127
  1115 10127
  1116 10127
  1117 10127
  1118 10127
  1119 10127
  1120 10127
  1121 10127
  1122 10127
  1123 10127
  1124 10127
  1125 10127
  1126 10127
  1127 10127
  1128 10127
  1129 10127
  1130 10127
  1131 10127
  1132 10127
  1133 10127
  1134 10127
  1135 10127
  1136 10127
  1137 10127
  1138 10127
  1139 10127
  1140 10127
  1141 10127
  1142 10127
  1143 10127
  1144 10127
  1145 10127
  1146 10127
  1147 10127
  1148 10127
  1149 10127
  1150 10127
  1151 10127
  1152 10127
  1153 10127
  1154 10127
  1155 10127
  1156 10127
  1157 10127
  1158 10127
  1159 10127
  1160 10127
  1161 10127
  1162 10127
  1163 10127
  1164 10127
  1165 10127
  1166 10127
  1167 10127
  1168 10127
  1169 10127
  1170 10127
  1171 10127
  1172 10127
  1173 10127
  1174 10127
  1175 10127
  1176 10127
  1177 10127
  1178 10127
  1179 10127
  1180 10127
  1181 10127
  1182 10127
  1183 10127
  1184 10127
  1185 10127
  1186 10127
  1187 10127
  1188 10127
  1189 10127
  1190 10127
  1191 10127
  1192 10127
  1193 10127
  1194 10127
  1195 10127
  1196 10127
  1197 10127
  1198 10127
  1199 10127
  1200 10127
  1201 10127
  1202 10127
  1203 10127
  1204 10127
  1205 10127
  1206 10127
  1207 10127
  1208 10127
  1209 10127
  1210 10127
  1211 10127
  1212 10127
  1213 10127
  1214 10127
  1215 10127
  1216 10127
  1217 10127
  1218 10127
  1219 10127
  1220 10127
  1221 10127
  1222 10127
  1223 10127
  1224 10127
  1225 10127
  1226 10127
  1227 10127
  1228 10127
  1229 10127
  1230 10127
  1231 10127
  1232 10127
  1233 10127
  1234 10127
  1235 10127
  1236 10127
  1237 10127
  1238 10127
  1239 10127
  1240 10127
  1241 10127
  1242 10127
  1243 10127
  1244 10127
  1245 10127
  1246 10127
  1247 10127
  1248 10127
  1249 10127
  1250 10127
  1251 10127
  1252 10127
  1253 10127
  1254 10127
  1255 10127
  1256 10127
  1257 10127
  1258 10148
  1259 10148
  1260 10148
  1261 10148
  1262 10148
  1263 10114
  1264 10114
  1265 10104
  1266 10104
  1267 10137
  1268 10137
  1269 10137
  1270 10137
  1271 10137
  1272 10137
  1273 10137
  1274 10137
  1275 10127
  1276 10127
  1277 10127
  1278 10127
  1279 10127
  1280 10127
  1281 10127
  1282 10127
  1283 10127
  1284 10127
  1285 10127
  1286 10127
  1287 10127
  1288 10127
  1289 10127
  1290 10127
  1291 10127
  1292 10127
  1293 10127
  1294 10127
  1295 10127
  1296 10127
  1297 10127
  1298 10127
  1299 10127
  1300 10127
  1301 10127
  1302 10127
  1303 10127
  1304 10127
  1305 10127
  1306 10127
  1307 10127
  1308 10127
  1309 10127
  1310 10127
  1311 10127
  1312 10127
  1313 10127
  1314 10127
  1315 10127
  1316 10127
  1317 10127
  1318 10127
  1319 10127
  1320 10127
  1321 10127
  1322 10127
  1323 10127
  1324 10127
  1325 10127
  1326 10127
  1327 10127
  1328 10127
  1329 10127
  1330 10127
  1331 10127
  1332 10127
  1333 10127
  1334 10127
  1335 10127
  1336 10127
  1337 10127
  1338 10127
  1339 10127
  1340 10127
  1341 10127
  1342 10127
  1343 10127
  1344 10127
  1345 10127
  1346 10127
  1347 10127
  1348 10127
  1349 10127
  1350 10127
  1351 10127
  1352 10127
  1353 10127
  1354 10127
  1355 10127
  1356 10127
  1357 10127
  1358 10127
  1359 10127
  1360 10127
  1361 10127
  1362 10127
  1363 10127
  1364 10127
  1365 10127
  1366 10127
  1367 10127
  1368 10127
  1369 10127
  1370 10127
  1371 10127
  1372 10127
  1373 10127
  1374 10127
  1375 10127
  1376 10127
  1377 10127
  1378 10127
  1379 10127
  1380 10127
  1381 10127
  1382 10127
  1383 10127
  1384 10127
  1385 10127
  1386 10127
  1387 10127
  1388 10127
  1389 10127
  1390 10127
  1391 10127
  1392 10127
  1393 10127
  1394 10127
  1395 10127
  1396 10127
  1397 10127
  1398 10127
  1399 10127
  1400 10127
  1401 10127
  1402 10127
  1403 10127
  1404 10127
  1405 10127
  1406 10127
  1407 10127
  1408 10127
  1409 10127
  1410 10127
  1411 10127
  1412 10127
  1413 10127
  1414 10127
  1415 10127
  1416 10127
  1417 10127
  1418 10127
  1419 10127
  1420 10127
  1421 10127
  1422 10127
  1423 10127
  1424 10127
  1425 10127
  1426 10127
  1427 10127
  1428 10127
  1429 10127
  1430 10127
  1431 10127
  1432 10127
  1433 10127
  1434 10127
  1435 10127
  1436 10127
  1437 10127
  1438 10127
  1439 10127
  1440 10127
  1441 10127
  1442 10127
  1443 10127
  1444 10127
  1445 10127
  1446 10127
  1447 10127
  1448 10127
  1449 10127
  1450 10127
  1451 10127
  1452 10127
  1453 10127
  1454 10127
  1455 10127
  1456 10127
  1457 10127
  1458 10127
  1459 10127
  1460 10127
  1461 10127
  1462 10127
  1463 10127
  1464 10127
  1465 10127
  1466 10127
  1467 10127
  1468 10127
  1469 10127
  1470 10127
  1471 10127
  1472 10127
  1473 10127
  1474 10127
  1475 10127
  1476 10127
  1477 10127
  1478 10127
  1479 10127
  1480 10127
  1481 10127
  1482 10127
  1483 10127
  1484 10127
  1485 10127
  1486 10127
  1487 10127
  1488 10127
  1489 10127
  1490 10127
  1491 10127
  1492 10127
  1493 10127
  1494 10127
  1495 10127
  1496 10127
  1497 10127
  1498 10127
  1499 10127
  1500 10127
  1501 10131
  1502 10127
  1503 10127
  1504 10131
  1505 10137
  1506 10137
  1507 10137
  1508 10137
  1509 10137
  1510 10137
  1511 10137
  1512 10137
  1513 10137
  1514 10137
  1515 10137
  1516 10104
  1517 10108
  1518 10125
  1519 10108
  1520 10108
  1521 10108
  1522 10108
  1523 10108
  1524 10108
  1525 10108
  1526 10108
  1527 10108
  1528 10131
  1529 10125
  1530 10125
  1531 10125
  1532 10125
  1542 10018
  1543 10106
  1544 10106
  1545 10040
  1546 10040
  1547 10040
  1548 10040
  1549 10098
  1550 10098
  1551 10018
  1552 10018
  1553 10018
  1554 10018
  1555 10158
  1556 10055
  1607 10031
  1610 10158
  1611 10098
  1613 10098
  1614 10055
  1615 10055
  1616 10055
  1617 10158
  1618 10055
  1620 10093
  1621 10031
  1622 10097
  1623 10093
  1625 10085
  1626 10014
  1627 10143
  1628 10085
  1632 10137
  1633 10137
  1634 10137
  1635 10137
  1636 10137
  1637 10137
  1638 10137
  1639 10137
  1640 10137
  1641 10137
  1642 10137
  1643 10137
  1644 10137
  1645 10137
  1646 10137
  1647 10125
  1648 10125
  1649 10125
  1650 10125
  1651 10125
  1666 10096
  1667 10147
  1668 10147
  1669 10147
  1670 10147
  1671 10147
  1676 10173
  1683 10106
  1865 10153
  1867 10112
  1868 10112
  1869 10112
  1870 10137
  1871 10137
  1872 10137
  1873 10137
  1874 10137
  1875 10137
  1876 10137
  1877 10137
  1878 10127
  1879 10137
  1880 10137
  1882 10137
  1885 10137
  1886 10137
  1887 10137
  1888 10137
  1889 10137
  1890 10137
  1891 10137
  1892 10137
  1893 10137
  1894 10137
  1895 10137
  1896 10137
  1897 10137
  1898 10137
  1899 10137
  1900 10137
  1901 10137
  1902 10137
  1903 10137
  1904 10137
  1908 10137
  1909 10137
  1910 10137
  1911 10137
  1912 10137
  1913 10137
  1914 10137
  1915 10137
  1916 10137
  1917 10137
  1918 10137
  1919 10137
  1920 10137
  1921 10137
  1922 10137
  1923 10137
  1924 10137
  1953 10137
  1960 10127
  1961 10127
  1985 10137
  1990 10137
  1991 10137
  1992 10137
  1993 10137
  1994 10137
  1995 10137
  1996 10137
  1997 10137
  1998 10137
  1999 10137
  2000 10137
  2001 10137
  2002 10137
  2003 10137
  2004 10137
  2005 10137
  2006 10137
  2007 10137
  2008 10137
  2009 10137
  2010 10137
  2011 10137
  2012 10137
  2013 10137
  2014 10137
  2015 10137
  2016 10137
  2017 10137
  2018 10137
  2019 10137
  2020 10137
  2021 10137
  2022 10131
  2023 10131
  2024 10137
  2025 10137
  2026 10137
  2027 10137
  2028 10137
  2029 10137
  2030 10137
  2031 10137
  2032 10127
  2033 10137
  2034 10127
  2035 10127
  2036 10137
  2037 10137
  2038 10137
  2039 10137
  2040 10137
  2041 10137
  2042 10137
  2043 10137
  2044 10137
  2045 10137
  2046 10137
  2047 10137
  2048 10137
  2049 10137
  2050 10137
  2051 10137
  2052 10131
  2053 10131
  2054 10131
  2055 10131
  2056 10137
  2057 10137
  2058 10131
  2059 10131
  2060 10131
  2061 10131
  2062 10131
  2063 10137
  2064 10137
  2065 10137
  2066 10137
  2067 10137
  2068 10137
  2069 10137
  2070 10137
  2071 10137
  2072 10137
  2073 10137
  2074 10137
  2075 10137
  2076 10137
  2077 10137
  2078 10137
  2079 10137
  2080 10137
  2081 10137
  2082 10137
  2083 10137
  2084 10137
  2085 10137
  2086 10137
  2087 10137
  2088 10137
  2089 10137
  2090 10137
  2091 10137
  2092 10137
  2093 10137
  2094 10137
  2095 10137
  2098 10137
  2099 10137
  2100 10137
  2101 10137
  2102 10137
  2103 10137
  2104 10137
  2105 10137
  2106 10137
  2107 10137
  2113 10137
  2114 10137
  2115 10137
  2116 10137
  2117 10137
  2118 10137
  2119 10137
  2120 10137
  2121 10137
  2122 10137
  2123 10137
  2124 10137
  2125 10137
  2126 10137
  2127 10137
  2128 10137
  2129 10137
  2130 10137
  2131 10137
  2132 10137
  2133 10137
  2134 10137
  2135 10137
  2136 10137
  2137 10137
  2138 10137
  2139 10137
  2140 10137
  2141 10137
  2142 10137
  2143 10137
  2144 10137
  2145 10137
  2146 10137
  2147 10137
  2148 10137
  2149 10137
  2150 10137
  2151 10137
  2152 10127
  2153 10127
  2154 10127
  2155 10127
  2156 10127
  2157 10127
