   690 10028
   691 10028
   692 10028
   693 10028
   694 10028
   695 10028
   696 10028
   697 10028
   698 10028
   699 10028
   700 10028
   701 10028
   702 10028
   703 10028
   704 10028
   705 10028
   706 10028
   707 10028
   708 10028
   709 10028
   710 10028
   711 10028
   712 10028
   713 10028
   714 10028
   715 10028
   716 10028
   717 10028
   718 10028
   719 10028
   720 10028
   721 10028
   722 10028
   723 10028
   724 10028
   725 10028
   726 10028
   727 10028
   728 10028
   729 10028
   730 10028
   731 10028
   732 10028
   733 10028
   734 10028
   735 10028
   736 10028
   737 10028
   738 10028
   739 10028
   740 10028
   741 10028
   742 10028
   743 10028
   744 10028
   745 10028
   746 10028
   747 10028
   748 10028
   749 10028
   750 10028
   751 10028
   752 10028
   753 10028
   754 10028
   755 10028
   756 10028
   757 10028
   758 10028
   759 10028
   760 10028
   761 10028
   762 10028
   763 10028
   764 10028
   765 10028
   766 10028
   767 10028
   768 10028
   769 10028
   770 10028
   771 10028
   772 10028
   773 10028
   774 10028
   775 10028
   776 10028
   777 10028
   778 10028
   779 10028
   780 10028
   781 10028
   782 10028
   783 10138
   784 10138
   785 10138
   786 10138
   787 10138
   788 10138
   789 10138
   790 10138
   791 10138
   792 10138
   793 10138
   794 10138
   795 10138
   796 10138
   797 10138
   798 10138
   799 10138
   800 10138
   801 10138
   802 10138
   803 10138
   804 10138
   805 10138
   806 10138
   807 10138
   808 10138
   809 10138
   810 10138
   811 10138
   812 10138
   813 10138
   814 10138
   815 10138
   816 10138
   817 10138
   818 10138
   819 10138
   820 10138
   821 10138
   822 10138
   823 10138
   824 10138
   825 10138
   826 10138
   827 10138
   828 10138
   829 10138
   830 10138
   831 10138
   832 10138
   833 10138
   834 10138
   835 10138
   836 10138
   837 10138
   838 10138
   839 10138
   840 10138
   841 10138
   842 10138
   843 10138
   844 10138
   845 10138
   846 10138
   847 10138
   848 10138
   849 10138
   850 10138
   851 10138
   852 10138
   853 10138
   854 10138
   855 10138
   856 10138
   857 10138
   858 10138
   859 10138
   860 10138
   861 10138
   862 10138
   863 10138
   864 10138
   865 10138
   866 10138
   867 10138
   868 10138
   869 10138
   870 10138
   871 10138
   872 10138
   873 10138
   874 10138
   875 10138
   876 10138
   877 10138
   878 10138
   879 10138
   880 10138
   881 10138
   882 10138
   883 10138
   884 10138
   885 10138
   886 10138
   887 10138
   888 10138
   889 10138
   890 10138
   891 10138
   892 10138
   893 10138
   894 10138
   895 10138
   896 10138
   897 10138
   898 10138
   899 10138
   900 10138
   901 10138
   902 10138
   903 10138
   904 10138
   905 10138
   906 10138
   907 10138
   908 10138
   909 10138
   910 10138
   911 10138
   912 10138
   913 10138
   914 10138
   915 10138
   916 10138
   917 10138
   918 10138
   919 10138
   920 10138
   921 10138
   922 10138
   923 10138
   924 10138
   925 10138
   926 10138
   927 10138
   928 10138
   929 10138
   930 10138
   931 10138
   932 10138
   933 10138
   934 10138
   935 10138
   936 10138
   937 10138
   938 10138
   939 10138
   940 10138
   941 10138
   942 10138
   943 10138
   944 10138
   945 10138
   946 10138
   947 10138
   948 10138
   949 10138
   950 10138
   951 10138
   952 10138
   953 10138
   954 10138
   955 10138
   956 10138
   957 10138
   958 10138
   959 10138
   960 10138
   961 10138
   962 10138
   963 10138
   964 10138
   965 10138
   966 10138
   967 10138
   968 10138
   969 10138
   970 10138
   971 10138
   972 10138
   973 10138
   974 10138
   975 10138
   976 10138
   977 10138
   978 10138
   979 10138
   980 10138
   981 10138
   982 10138
   983 10138
   984 10138
   985 10138
   986 10138
   987 10138
   988 10138
   989 10138
   990 10138
   991 10138
   992 10138
   993 10138
   994 10138
   995 10138
   996 10138
   997 10138
   998 10138
   999 10138
  1000 10138
  1001 10138
  1002 10138
  1003 10138
  1004 10138
  1005 10138
  1006 10138
  1007 10138
  1008 10138
  1009 10138
  1010 10138
  1011 10138
  1012 10138
  1013 10138
  1014 10138
  1015 10138
  1016 10138
  1017 10138
  1018 10138
  1019 10138
  1020 10138
  1021 10101
  1022 10138
  1023 10138
  1024 10138
  1025 10138
  1026 10101
  1027 10128
  1028 10128
  1029 10101
  1030 10068
  1031 10141
  1032 10128
  1033 10128
  1034 10128
  1035 10128
  1036 10128
  1037 10128
  1038 10128
  1039 10128
  1040 10128
  1041 10128
  1042 10128
  1043 10128
  1044 10128
  1045 10128
  1046 10128
  1047 10128
  1048 10128
  1049 10128
  1050 10128
  1051 10128
  1052 10128
  1053 10128
  1054 10128
  1055 10128
  1056 10128
  1057 10128
  1058 10128
  1059 10128
  1060 10128
  1061 10128
  1062 10128
  1063 10128
  1064 10128
  1065 10128
  1066 10128
  1067 10128
  1068 10128
  1069 10128
  1070 10128
  1071 10128
  1072 10128
  1073 10128
  1074 10128
  1075 10128
  1076 10128
  1077 10128
  1078 10128
  1079 10128
  1080 10128
  1081 10128
  1082 10128
  1083 10128
  1084 10128
  1085 10128
  1086 10128
  1087 10128
  1088 10128
  1089 10128
  1090 10128
  1091 10128
  1092 10128
  1093 10128
  1094 10128
  1095 10128
  1096 10128
  1097 10128
  1098 10128
  1099 10128
  1100 10128
  1101 10128
  1102 10128
  1103 10128
  1104 10128
  1105 10128
  1106 10128
  1107 10128
  1108 10128
  1109 10128
  1110 10128
  1111 10128
  1112 10128
  1113 10128
  1114 10128
  1115 10128
  1116 10128
  1117 10128
  1118 10128
  1119 10128
  1120 10128
  1121 10128
  1122 10128
  1123 10128
  1124 10128
  1125 10128
  1126 10128
  1127 10128
  1128 10128
  1129 10128
  1130 10128
  1131 10128
  1132 10128
  1133 10128
  1134 10128
  1135 10128
  1136 10128
  1137 10128
  1138 10128
  1139 10128
  1140 10128
  1141 10128
  1142 10128
  1143 10128
  1144 10128
  1145 10128
  1146 10128
  1147 10128
  1148 10128
  1149 10128
  1150 10128
  1151 10128
  1152 10128
  1153 10128
  1154 10128
  1155 10128
  1156 10128
  1157 10128
  1158 10128
  1159 10128
  1160 10128
  1161 10128
  1162 10128
  1163 10128
  1164 10128
  1165 10128
  1166 10128
  1167 10128
  1168 10128
  1169 10128
  1170 10128
  1171 10128
  1172 10128
  1173 10128
  1174 10128
  1175 10128
  1176 10128
  1177 10128
  1178 10128
  1179 10128
  1180 10128
  1181 10128
  1182 10128
  1183 10128
  1184 10128
  1185 10128
  1186 10128
  1187 10128
  1188 10128
  1189 10128
  1190 10128
  1191 10128
  1192 10128
  1193 10128
  1194 10128
  1195 10128
  1196 10128
  1197 10128
  1198 10128
  1199 10128
  1200 10128
  1201 10128
  1202 10128
  1203 10128
  1204 10128
  1205 10128
  1206 10128
  1207 10128
  1208 10128
  1209 10128
  1210 10128
  1211 10128
  1212 10128
  1213 10128
  1214 10128
  1215 10128
  1216 10128
  1217 10128
  1218 10128
  1219 10128
  1220 10128
  1221 10128
  1222 10128
  1223 10128
  1224 10128
  1225 10128
  1226 10128
  1227 10128
  1228 10128
  1229 10128
  1230 10128
  1231 10128
  1232 10128
  1233 10128
  1234 10128
  1235 10128
  1236 10128
  1237 10128
  1238 10128
  1239 10128
  1240 10128
  1241 10128
  1242 10128
  1243 10128
  1244 10128
  1245 10128
  1246 10128
  1247 10128
  1248 10128
  1249 10128
  1250 10128
  1251 10128
  1252 10128
  1253 10128
  1254 10128
  1255 10128
  1256 10128
  1257 10128
  1260 10010
  1261 10010
  1262 10010
  1274 10010
  1275 10010
  1276 10010
  1277 10010
  1278 10010
  1289 10010
  1291 10010
  1294 10010
  1310 10010
  1311 10010
  1313 10010
  1314 10010
  1315 10010
  1316 10010
  1317 10010
  1318 10010
  1319 10010
  1320 10010
  1321 10010
  1322 10010
  1323 10010
  1324 10010
  1325 10010
  1326 10018
  1327 10018
  1328 10018
  1329 10018
  1330 10010
  1331 10010
  1332 10010
  1334 10010
  1337 10010
  1338 10010
  1341 10010
  1344 10010
  1345 10010
  1418 10010
  1419 10010
  1420 10010
  1421 10010
  1422 10010
  1423 10010
  1424 10010
  1425 10010
  1426 10010
  1427 10010
  1428 10010
  1429 10010
  1430 10010
  1437 10010
  1438 10010
  1439 10010
  1440 10010
  1441 10010
  1442 10010
  1443 10010
  1444 10010
  1445 10010
  1446 10010
  1447 10010
  1448 10010
  1449 10010
  1450 10010
  1451 10010
  1452 10010
  1453 10010
  1458 10010
  1459 10010
  1460 10010
  1461 10010
  1462 10010
  1463 10010
  1464 10010
  1465 10010
  1466 10010
  1480 10010
  1481 10010
  1482 10010
  1483 10010
  1484 10010
  1485 10010
  1486 10010
  1487 10010
  1500 10158
  1552 10010
  1562 10010
  1563 10010
  1564 10010
  1565 10010
  1566 10010
  1567 10010
  1568 10010
  1569 10010
  1570 10010
  1571 10010
  1572 10010
  1573 10010
  1574 10010
  1578 10010
  1581 10010
  1594 10010
  1596 10055
  1598 10106
  1604 10072
  1605 10072
  1607 10066
  1608 10066
  1609 10066
  1614 10072
  1615 10072
  1616 10066
  1617 10066
  1618 10066
  1619 10066
  1620 10066
  1621 10066
  1622 10066
  1623 10066
  1624 10066
  1625 10066
  1626 10066
  1627 10020
  1628 10020
  1629 10020
  1630 10020
  1631 10020
  1632 10020
  1633 10020
  1634 10020
  1635 10020
  1636 10020
  1637 10020
  1638 10020
  1639 10020
  1640 10020
  1641 10020
  1642 10020
  1643 10020
  1644 10020
  1645 10020
  1646 10020
  1647 10020
  1648 10020
  1649 10020
  1650 10020
  1651 10020
  1652 10020
  1653 10020
  1654 10020
  1655 10020
  1656 10020
  1657 10020
  1658 10020
  1659 10020
  1660 10020
  1661 10020
  1662 10020
  1663 10020
  1664 10020
  1665 10020
  1666 10020
  1667 10020
  1668 10020
  1669 10020
  1670 10020
  1671 10020
  1672 10020
  1673 10020
  1674 10020
  1675 10020
  1676 10020
  1677 10020
  1678 10020
  1679 10020
  1680 10020
  1681 10020
  1682 10020
  1683 10020
  1684 10020
  1685 10020
  1686 10020
  1687 10020
  1688 10020
  1689 10020
  1690 10020
  1691 10020
  1692 10020
  1693 10020
  1694 10020
  1695 10020
  1696 10020
  1697 10020
  1698 10020
  1699 10020
  1700 10020
  1701 10020
  1702 10020
  1703 10020
  1704 10020
  1705 10020
  1706 10020
  1707 10020
  1708 10020
  1709 10020
  1710 10020
  1711 10020
  1712 10020
  1713 10020
  1714 10020
  1715 10020
  1716 10020
  1717 10020
  1718 10020
  1719 10020
  1720 10020
  1721 10020
  1722 10020
  1723 10020
  1724 10020
  1725 10020
  1726 10020
  1727 10020
  1728 10020
  1729 10020
  1730 10020
  1731 10020
  1732 10020
  1733 10020
  1734 10020
  1735 10020
  1736 10020
  1737 10020
  1738 10020
  1739 10020
  1740 10020
  1741 10020
  1742 10020
  1743 10020
  1744 10020
  1745 10020
  1746 10020
  1747 10020
  1748 10020
  1749 10020
  1750 10020
  1751 10020
  1752 10020
  1753 10020
  1754 10020
  1755 10020
  1756 10020
  1757 10020
  1758 10020
  1759 10020
  1760 10020
  1761 10020
  1762 10020
  1763 10020
  1764 10020
  1765 10020
  1766 10020
  1767 10020
  1768 10020
  1769 10020
  1770 10020
  1771 10020
  1772 10020
  1773 10020
  1774 10020
  1775 10020
  1776 10020
  1777 10020
  1778 10020
  1779 10020
  1780 10020
  1781 10020
  1782 10020
  1783 10020
  1784 10020
  1785 10020
  1786 10020
  1787 10020
  1788 10020
  1789 10020
  1790 10020
  1791 10020
  1792 10020
  1793 10020
  1794 10020
  1795 10020
  1796 10020
  1797 10020
  1798 10020
  1799 10020
  1800 10020
  1801 10020
  1802 10020
  1803 10020
  1804 10020
  1805 10020
  1806 10020
  1807 10020
  1808 10020
  1809 10020
  1810 10020
  1811 10020
  1812 10020
  1813 10020
  1814 10020
  1815 10020
  1816 10020
  1817 10020
  1818 10020
  1819 10020
  1820 10020
  1821 10020
  1822 10020
  1823 10020
  1824 10020
  1825 10020
  1826 10020
  1827 10020
  1828 10020
  1829 10020
  1830 10020
  1831 10020
  1832 10020
  1833 10020
  1834 10020
  1835 10020
  1836 10020
  1837 10020
  1838 10020
  1839 10020
  1840 10020
  1841 10020
  1842 10020
  1843 10020
  1844 10020
  1845 10020
  1846 10020
  1847 10020
  1848 10020
  1849 10020
  1850 10020
  1851 10020
  1852 10020
  1853 10020
  1854 10020
  1855 10020
  1856 10020
  1857 10066
  1858 10020
  1859 10066
  1860 10003
  1861 10047
  1862 10047
  1863 10047
  1865 10047
  1869 10047
  1870 10047
  1871 10047
  1872 10047
  1873 10047
  1874 10047
  1875 10047
  1876 10047
  1877 10047
  1878 10047
  1879 10047
  1880 10047
  1881 10047
  1882 10047
  1883 10047
  1884 10047
  1885 10047
  1886 10047
  1887 10047
  1888 10047
  1889 10047
  1890 10047
  1891 10047
  1892 10047
  1893 10047
  1894 10047
  1895 10047
  1896 10047
  1897 10047
  1898 10047
  1899 10047
  1900 10047
  1901 10047
  1902 10047
  1903 10047
  1904 10047
  1905 10047
  1906 10047
  1907 10047
  1908 10047
  1909 10047
  1910 10047
  1911 10047
  1912 10047
  1913 10047
  1914 10047
  1915 10047
  1916 10047
  1917 10047
  1918 10047
  1919 10047
  1920 10047
  1921 10047
  1922 10047
  1923 10047
  1924 10047
  1925 10047
  1926 10047
  1927 10047
  1928 10047
  1929 10047
  1930 10047
  1931 10047
  1932 10047
  1933 10047
  1934 10047
  1935 10047
  1936 10047
  1937 10047
  1938 10047
  1939 10047
  1940 10047
  1941 10047
  1942 10047
  1943 10047
  1944 10047
  1945 10047
  1946 10047
  1947 10047
  1948 10047
  1949 10047
  1950 10047
  1951 10047
  1952 10047
  1953 10047
  1954 10047
  1955 10047
  1956 10047
  1957 10047
  1958 10047
  1959 10047
  1960 10047
  1961 10047
  1962 10047
  1963 10047
  1964 10047
  1965 10047
  1966 10047
  1967 10047
  1968 10047
  1969 10047
  1970 10047
  1971 10047
  1972 10047
  1973 10047
  1974 10047
  1975 10047
  1976 10047
  1977 10047
  1978 10047
  1979 10047
  1980 10047
  1981 10047
  1982 10047
  1983 10047
  1984 10047
  1985 10047
  1986 10047
  1987 10047
  1988 10047
  1989 10047
  1990 10047
  1991 10047
  1992 10047
  1993 10047
  1994 10047
  1995 10047
  1996 10047
  1997 10047
  1998 10047
  1999 10047
  2000 10047
  2001 10047
  2002 10047
  2003 10047
  2004 10047
  2005 10047
  2006 10047
  2007 10047
  2008 10047
  2009 10047
  2010 10047
  2011 10047
  2012 10047
  2013 10047
  2014 10047
  2015 10047
  2016 10047
  2017 10047
  2018 10047
  2019 10047
  2020 10047
  2021 10047
  2022 10047
