   690 10124
   691 10124
   692 10124
   693 10124
   694 10124
   695 10124
   696 10124
   697 10124
   698 10124
   699 10124
   700 10124
   701 10124
   702 10124
   703 10124
   704 10124
   705 10124
   706 10124
   707 10124
   708 10124
   709 10124
   710 10124
   711 10124
   712 10124
   713 10124
   714 10124
   715 10124
   716 10124
   717 10124
   718 10124
   719 10124
   720 10124
   721 10124
   722 10124
   723 10124
   724 10124
   725 10124
   726 10124
   727 10124
   728 10124
   729 10124
   730 10124
   731 10124
   732 10124
   733 10124
   734 10124
   735 10124
   736 10124
   737 10124
   738 10124
   739 10124
   740 10124
   741 10124
   742 10124
   743 10124
   744 10124
   745 10124
   746 10124
   747 10124
   748 10124
   749 10124
   750 10124
   751 10124
   752 10124
   753 10124
   754 10124
   755 10124
   756 10124
   757 10124
   758 10124
   759 10124
   760 10124
   761 10124
   762 10124
   763 10124
   764 10124
   765 10124
   766 10124
   767 10124
   768 10124
   769 10124
   770 10124
   771 10124
   772 10124
   773 10124
   774 10124
   775 10124
   776 10124
   777 10124
   778 10124
   779 10124
   780 10124
   781 10154
   782 10154
   783 10154
   785 10101
   786 10065
   787 10065
   788 10065
   789 10065
   790 10065
   791 10065
   792 10065
   793 10065
   794 10065
   795 10065
   796 10065
   797 10065
   798 10065
   799 10065
   800 10065
   801 10065
   802 10065
   803 10065
   804 10065
   805 10065
   806 10065
   807 10065
   808 10065
   809 10065
   810 10065
   811 10065
   812 10065
   813 10065
   814 10065
   815 10065
   816 10065
   817 10065
   818 10065
   819 10065
   820 10065
   821 10065
   822 10065
   823 10065
   824 10065
   825 10065
   826 10065
   827 10065
   828 10065
   829 10065
   830 10065
   831 10065
   832 10065
   833 10065
   834 10065
   835 10065
   836 10065
   837 10065
   838 10065
   839 10065
   840 10065
   841 10065
   842 10065
   843 10065
   844 10065
   845 10065
   846 10065
   847 10065
   848 10065
   849 10065
   850 10065
   851 10065
   852 10065
   853 10065
   854 10065
   855 10065
   856 10065
   857 10065
   858 10065
   859 10065
   860 10065
   861 10065
   862 10065
   863 10065
   864 10065
   865 10065
   866 10065
   867 10065
   868 10065
   869 10065
   870 10065
   871 10065
   872 10065
   873 10065
   874 10065
   875 10065
   876 10065
   877 10065
   878 10065
   879 10065
   880 10065
   881 10065
   882 10065
   883 10065
   884 10065
   885 10065
   886 10065
   887 10065
   888 10065
   889 10065
   890 10065
   891 10065
   892 10065
   893 10065
   894 10065
   895 10065
   896 10065
   897 10065
   898 10065
   899 10065
   900 10065
   901 10065
   902 10065
   903 10065
   904 10065
   905 10065
   906 10065
   907 10065
   908 10065
   909 10065
   910 10065
   911 10065
   912 10065
   913 10065
   914 10065
   915 10065
   916 10065
   917 10065
   918 10065
   919 10065
   920 10065
   921 10065
   922 10065
   923 10065
   924 10065
   925 10065
   926 10065
   927 10065
   928 10065
   929 10065
   930 10065
   931 10065
   932 10065
   933 10065
   934 10065
   935 10065
   936 10065
   937 10065
   938 10065
   939 10065
   940 10065
   941 10065
   942 10065
   943 10065
   944 10065
   945 10065
   946 10065
   947 10065
   948 10065
   949 10065
   950 10065
   951 10065
   952 10065
   953 10065
   954 10065
   955 10065
   956 10065
   957 10065
   958 10065
   959 10065
   960 10065
   961 10065
   962 10065
   963 10065
   964 10065
   965 10065
   966 10065
   967 10065
   968 10065
   969 10065
   970 10065
   971 10065
   972 10065
   973 10065
   974 10065
   975 10065
   976 10065
   977 10065
   978 10065
   979 10065
   980 10065
   981 10065
   982 10065
   983 10065
   984 10065
   985 10065
   986 10065
   987 10065
   988 10065
   989 10065
   990 10065
   991 10065
   992 10065
   993 10065
   994 10065
   995 10065
   996 10065
   997 10065
   998 10065
   999 10065
  1000 10065
  1001 10065
  1002 10065
  1003 10065
  1004 10065
  1005 10065
  1006 10065
  1007 10065
  1008 10065
  1009 10065
  1010 10065
  1011 10065
  1012 10065
  1013 10065
  1014 10065
  1015 10065
  1016 10065
  1017 10065
  1018 10065
  1019 10065
  1020 10065
  1021 10061
  1022 10138
  1023 10138
  1024 10138
  1025 10138
  1026 10138
  1027 10138
  1028 10138
  1029 10138
  1030 10138
  1031 10138
  1032 10138
  1033 10138
  1034 10138
  1035 10138
  1036 10138
  1037 10138
  1038 10138
  1039 10138
  1040 10138
  1041 10138
  1042 10138
  1043 10138
  1044 10138
  1045 10138
  1046 10138
  1047 10138
  1048 10138
  1049 10138
  1050 10138
  1051 10138
  1052 10138
  1053 10138
  1054 10138
  1055 10138
  1056 10138
  1057 10138
  1058 10138
  1059 10138
  1060 10138
  1061 10138
  1062 10138
  1063 10138
  1064 10138
  1065 10138
  1066 10138
  1067 10138
  1068 10138
  1069 10138
  1070 10138
  1071 10138
  1072 10138
  1073 10138
  1074 10138
  1075 10138
  1076 10138
  1077 10138
  1078 10138
  1079 10138
  1080 10138
  1081 10138
  1082 10138
  1083 10138
  1084 10138
  1085 10138
  1086 10138
  1087 10138
  1088 10138
  1089 10138
  1090 10138
  1091 10138
  1092 10138
  1093 10138
  1094 10138
  1095 10138
  1096 10138
  1097 10138
  1098 10138
  1099 10138
  1100 10138
  1101 10138
  1102 10138
  1103 10138
  1104 10138
  1105 10138
  1106 10138
  1107 10138
  1108 10138
  1109 10138
  1110 10138
  1111 10138
  1112 10138
  1113 10138
  1114 10138
  1115 10138
  1116 10138
  1117 10138
  1118 10138
  1119 10138
  1120 10138
  1121 10138
  1122 10138
  1123 10138
  1124 10138
  1125 10138
  1126 10138
  1127 10138
  1128 10138
  1129 10138
  1130 10138
  1131 10138
  1132 10138
  1133 10138
  1134 10138
  1135 10138
  1136 10138
  1137 10138
  1138 10138
  1139 10138
  1140 10138
  1141 10138
  1142 10138
  1143 10138
  1144 10138
  1145 10138
  1146 10138
  1147 10138
  1148 10138
  1149 10138
  1150 10138
  1151 10138
  1152 10138
  1153 10138
  1154 10138
  1155 10138
  1156 10138
  1157 10138
  1158 10138
  1159 10138
  1160 10138
  1161 10138
  1162 10138
  1163 10138
  1164 10138
  1165 10138
  1166 10138
  1167 10138
  1168 10138
  1169 10138
  1170 10138
  1171 10138
  1172 10138
  1173 10138
  1174 10138
  1175 10138
  1176 10138
  1177 10138
  1178 10138
  1179 10138
  1180 10138
  1181 10138
  1182 10138
  1183 10138
  1184 10138
  1185 10138
  1186 10138
  1187 10138
  1188 10138
  1189 10138
  1190 10138
  1191 10138
  1192 10138
  1193 10138
  1194 10138
  1195 10138
  1196 10138
  1197 10138
  1198 10138
  1199 10138
  1200 10138
  1201 10138
  1202 10138
  1203 10138
  1204 10138
  1205 10138
  1206 10138
  1207 10138
  1208 10138
  1209 10138
  1210 10138
  1211 10138
  1212 10138
  1213 10138
  1214 10138
  1215 10138
  1216 10138
  1217 10138
  1218 10138
  1219 10138
  1220 10138
  1221 10138
  1222 10138
  1223 10138
  1224 10138
  1225 10138
  1226 10138
  1227 10138
  1228 10138
  1229 10138
  1230 10138
  1231 10138
  1232 10138
  1233 10138
  1234 10138
  1235 10138
  1236 10138
  1237 10138
  1238 10138
  1239 10138
  1240 10138
  1241 10138
  1242 10138
  1243 10138
  1244 10138
  1245 10138
  1246 10138
  1247 10138
  1248 10138
  1249 10138
  1250 10138
  1251 10138
  1252 10138
  1253 10138
  1254 10138
  1255 10138
  1256 10138
  1257 10138
  1258 10138
  1259 10138
  1260 10138
  1261 10101
  1262 10138
  1264 10009
  1266 10154
  1267 10081
  1268 10081
  1269 10081
  1270 10081
  1271 10081
  1272 10081
  1273 10081
  1274 10081
  1275 10081
  1276 10081
  1277 10081
  1278 10081
  1279 10081
  1280 10081
  1281 10081
  1282 10081
  1283 10081
  1284 10081
  1285 10081
  1286 10081
  1287 10081
  1288 10081
  1289 10081
  1290 10081
  1291 10081
  1292 10081
  1293 10081
  1294 10081
  1295 10081
  1296 10081
  1297 10081
  1298 10081
  1299 10081
  1300 10081
  1301 10081
  1302 10081
  1303 10081
  1304 10081
  1305 10081
  1306 10081
  1307 10081
  1308 10081
  1309 10081
  1310 10081
  1311 10081
  1312 10081
  1313 10081
  1314 10081
  1315 10081
  1316 10081
  1317 10081
  1318 10081
  1319 10081
  1320 10081
  1321 10081
  1322 10081
  1323 10081
  1324 10081
  1325 10081
  1326 10081
  1327 10081
  1328 10081
  1329 10081
  1330 10081
  1331 10081
  1332 10081
  1333 10081
  1334 10081
  1335 10081
  1336 10081
  1337 10081
  1338 10081
  1339 10081
  1340 10081
  1341 10081
  1342 10081
  1343 10081
  1344 10081
  1345 10081
  1346 10081
  1347 10081
  1348 10081
  1349 10081
  1350 10081
  1351 10081
  1352 10081
  1353 10081
  1354 10081
  1355 10081
  1356 10081
  1357 10081
  1358 10081
  1359 10081
  1360 10081
  1361 10081
  1362 10081
  1363 10081
  1364 10081
  1365 10081
  1366 10081
  1367 10081
  1368 10081
  1369 10081
  1370 10081
  1371 10081
  1372 10081
  1373 10081
  1374 10081
  1375 10081
  1376 10081
  1377 10081
  1378 10081
  1379 10081
  1380 10081
  1381 10081
  1382 10081
  1383 10081
  1384 10081
  1385 10081
  1386 10081
  1387 10081
  1388 10081
  1389 10081
  1390 10081
  1391 10081
  1392 10081
  1393 10081
  1394 10081
  1395 10081
  1396 10081
  1397 10081
  1398 10081
  1399 10081
  1400 10081
  1401 10081
  1402 10081
  1403 10081
  1404 10081
  1405 10081
  1406 10081
  1407 10081
  1408 10081
  1409 10081
  1410 10081
  1411 10081
  1412 10081
  1413 10081
  1414 10081
  1415 10081
  1416 10081
  1417 10081
  1418 10081
  1419 10081
  1420 10081
  1421 10081
  1422 10081
  1423 10081
  1424 10081
  1425 10081
  1426 10081
  1427 10081
  1428 10081
  1429 10081
  1430 10081
  1431 10081
  1432 10081
  1433 10081
  1434 10081
  1435 10081
  1436 10081
  1437 10081
  1438 10081
  1439 10081
  1440 10081
  1441 10081
  1442 10081
  1443 10081
  1444 10081
  1445 10081
  1446 10081
  1447 10081
  1448 10081
  1449 10081
  1450 10081
  1451 10081
  1452 10081
  1453 10081
  1454 10081
  1455 10081
  1456 10081
  1457 10081
  1458 10081
  1459 10081
  1460 10081
  1461 10081
  1462 10081
  1463 10081
  1464 10081
  1465 10081
  1466 10081
  1467 10081
  1468 10081
  1469 10081
  1470 10081
  1471 10081
  1472 10081
  1473 10081
  1474 10081
  1475 10081
  1476 10081
  1477 10081
  1478 10081
  1479 10081
  1480 10081
  1481 10081
  1482 10081
  1483 10081
  1484 10081
  1485 10081
  1486 10081
  1487 10081
  1488 10081
  1489 10081
  1490 10081
  1491 10081
  1492 10081
  1493 10081
  1494 10081
  1495 10081
  1496 10081
  1497 10081
  1498 10081
  1499 10081
  1500 10081
  1501 10081
  1502 10081
  1503 10081
  1504 10167
  1505 10167
  1506 10167
  1507 10167
  1508 10074
  1509 10081
  1510 10081
  1511 10167
  1512 10167
  1513 10167
  1514 10167
  1515 10167
  1516 10016
  1517 10014
  1518 10055
  1519 10055
  1520 10055
  1521 10055
  1522 10158
  1523 10158
  1524 10158
  1525 10158
  1526 10158
  1527 10158
  1528 10018
  1529 10018
  1530 10018
  1531 10018
  1532 10055
  1533 10055
  1534 10055
  1535 10055
  1536 10018
  1537 10055
  1538 10055
  1539 10018
  1540 10055
  1541 10055
  1542 10055
  1543 10018
  1544 10018
  1545 10055
  1546 10055
  1547 10018
  1548 10018
  1549 10018
  1550 10055
  1551 10018
  1552 10018
  1553 10040
  1554 10040
  1555 10040
  1556 10040
  1557 10040
  1558 10040
  1559 10055
  1560 10055
  1561 10018
  1565 10132
  1570 10003
  1571 10003
  1572 10003
  1573 10003
  1574 10003
  1575 10003
  1579 10003
  1580 10003
  1581 10003
  1582 10003
  1583 10003
  1584 10003
  1585 10003
  1586 10003
  1587 10003
  1588 10003
  1589 10003
  1590 10003
  1591 10003
  1592 10003
  1593 10003
  1594 10003
  1595 10003
  1596 10003
  1597 10003
  1598 10003
  1599 10003
  1600 10003
  1601 10003
  1602 10003
  1603 10003
  1604 10003
  1605 10003
  1606 10003
  1607 10003
  1608 10003
  1609 10003
  1610 10003
  1611 10003
  1612 10003
  1613 10003
  1614 10003
  1615 10003
  1616 10048
  1617 10048
  1618 10003
  1619 10003
  1620 10172
  1621 10003
  1622 10172
  1623 10003
  1624 10003
  1625 10003
  1626 10003
  1627 10003
  1628 10047
  1629 10047
  1630 10047
  1631 10047
  1632 10047
  1633 10047
  1634 10047
  1635 10047
  1636 10047
  1637 10047
  1638 10047
  1639 10047
  1640 10047
  1641 10047
  1642 10047
  1643 10047
  1644 10047
  1645 10047
  1646 10047
  1647 10047
  1648 10047
  1649 10047
  1650 10047
  1651 10047
  1652 10047
  1653 10047
  1654 10047
  1655 10047
  1656 10047
  1657 10047
  1658 10047
  1659 10047
  1660 10047
  1661 10047
  1662 10047
  1663 10047
  1664 10047
  1665 10047
  1666 10047
  1667 10047
  1668 10047
  1669 10047
  1670 10047
  1671 10047
  1672 10047
  1673 10047
  1674 10047
  1675 10047
  1676 10047
  1677 10047
  1678 10047
  1679 10047
  1680 10047
  1681 10047
  1682 10047
  1683 10047
  1684 10047
  1685 10047
  1686 10047
  1687 10047
  1688 10047
  1689 10047
  1690 10047
  1691 10047
  1692 10047
  1693 10047
  1694 10047
  1695 10047
  1696 10047
  1697 10047
  1698 10047
  1699 10047
  1700 10047
  1701 10047
  1702 10047
  1703 10047
  1704 10047
  1705 10047
  1706 10047
  1707 10047
  1708 10047
  1709 10047
  1710 10047
  1711 10047
  1712 10047
  1713 10047
  1714 10047
  1715 10047
  1716 10047
  1717 10047
  1718 10047
  1719 10047
  1720 10047
  1721 10047
  1722 10047
  1723 10047
  1724 10047
  1725 10047
  1726 10047
  1727 10047
  1728 10047
  1729 10047
  1730 10047
  1731 10047
  1732 10047
  1733 10047
  1734 10047
  1735 10047
  1736 10047
  1737 10047
  1738 10047
  1739 10047
  1740 10047
  1741 10047
  1742 10047
  1743 10047
  1744 10047
  1745 10047
  1746 10047
  1747 10047
  1748 10047
  1749 10047
  1750 10047
  1751 10047
  1752 10047
  1753 10047
  1754 10047
  1755 10047
  1756 10047
  1757 10047
  1758 10047
  1759 10047
  1760 10047
  1761 10047
  1762 10047
  1763 10047
  1764 10047
  1765 10047
  1766 10047
  1767 10047
  1768 10047
  1769 10047
  1770 10047
  1771 10047
  1772 10047
  1773 10047
  1774 10047
  1775 10047
  1776 10047
  1777 10047
  1778 10047
  1779 10047
  1780 10047
  1781 10047
  1782 10047
  1783 10047
  1784 10047
  1785 10047
  1786 10047
  1787 10047
  1788 10047
  1789 10047
  1790 10047
  1791 10047
  1792 10047
  1793 10047
  1794 10047
  1795 10047
  1796 10047
  1797 10047
  1798 10047
  1799 10047
  1800 10047
  1801 10047
  1802 10047
  1803 10047
  1804 10047
  1805 10047
  1806 10047
  1807 10047
  1808 10047
  1809 10047
  1810 10047
  1811 10047
  1812 10047
  1813 10047
  1814 10047
  1815 10047
  1816 10047
  1817 10047
  1818 10047
  1819 10047
  1820 10047
  1821 10047
  1822 10047
  1823 10047
  1824 10047
  1825 10047
  1826 10047
  1827 10047
  1828 10047
  1829 10047
  1830 10047
  1831 10047
  1832 10047
  1833 10047
  1834 10047
  1835 10047
  1836 10047
  1837 10047
  1838 10047
  1839 10047
  1840 10047
  1841 10047
  1842 10047
  1843 10047
  1844 10047
  1845 10047
  1846 10047
  1847 10047
  1848 10047
  1849 10047
  1850 10047
  1851 10047
  1852 10047
  1853 10047
  1854 10047
  1855 10047
  1856 10047
  1857 10047
  1861 10071
  1862 10071
  1863 10071
  1864 10071
  1865 10071
  1866 10071
  1867 10071
  1868 10071
  1869 10071
  1870 10071
  1871 10071
  1872 10071
  1873 10071
  1874 10071
  1875 10071
  1876 10071
  1877 10071
  1878 10071
  1879 10071
  1880 10071
  1881 10071
  1882 10071
  1883 10071
  1884 10071
  1885 10071
  1886 10071
  1887 10071
  1888 10071
  1889 10071
  1890 10071
  1891 10071
  1892 10071
  1893 10071
  1894 10071
  1895 10071
  1896 10071
  1897 10071
  1898 10071
  1899 10071
  1900 10071
  1901 10071
  1902 10071
  1903 10071
  1904 10071
  1905 10071
  1906 10071
  1907 10071
  1908 10071
  1909 10071
  1910 10071
  1911 10071
  1912 10071
  1913 10071
  1914 10071
  1915 10071
  1916 10071
  1917 10071
  1918 10071
  1919 10071
  1920 10071
  1921 10071
  1922 10071
  1923 10071
  1924 10071
  1925 10071
  1926 10149
  1927 10071
  1928 10071
  1929 10071
  1930 10071
  1931 10071
  1932 10071
  1933 10071
  1934 10149
  1935 10071
  1936 10071
  1937 10071
  1938 10071
  1939 10071
  1940 10149
  1941 10149
  1942 10071
  1943 10149
  1944 10071
  1945 10071
  1946 10071
  1947 10071
  1948 10071
  1949 10071
  1950 10149
  1951 10071
  1952 10149
  1953 10071
  1954 10071
  1955 10071
  1956 10071
  1957 10071
  1958 10071
  1959 10071
  1960 10071
  1961 10071
  1962 10071
  1963 10071
  1964 10071
  1965 10071
  1966 10071
  1967 10071
  1968 10071
  1969 10071
  1970 10071
  1971 10071
  1975 10071
  1976 10071
  1977 10149
  1978 10071
  1979 10071
  1980 10071
  1981 10071
  1982 10071
  1983 10071
  1984 10071
  1985 10071
  1986 10071
  1987 10071
  1988 10071
  1989 10071
  1990 10071
  1991 10071
  1992 10071
  1993 10071
  1994 10071
  1995 10071
  1996 10071
  1997 10071
  1998 10071
  1999 10071
  2000 10071
  2001 10071
  2002 10071
  2003 10071
  2004 10071
  2005 10071
  2006 10071
  2007 10071
  2008 10071
  2009 10071
  2010 10080
  2011 10080
  2012 10071
  2013 10071
  2014 10071
  2015 10149
  2016 10149
  2017 10149
  2018 10071
  2019 10071
  2020 10071
  2021 10154
  2022 10154
  2023 10154
  2024 10154
  2025 10154
  2026 10154
  2027 10156
  2028 10074
  2029 10156
  2030 10095
