   683 10043
   684 10043
   685 10043
   686 10043
   687 10043
   688 10043
   689 10043
   690 10043
   691 10043
   692 10043
   693 10043
   694 10043
   695 10043
   696 10043
   697 10043
   698 10043
   699 10043
   700 10043
   701 10043
   702 10043
   703 10043
   704 10043
   705 10043
   706 10043
   707 10043
   708 10043
   709 10043
   710 10043
   711 10043
   712 10043
   713 10043
   714 10043
   715 10043
   716 10043
   717 10043
   718 10043
   719 10043
   720 10043
   721 10043
   722 10043
   723 10043
   724 10043
   725 10043
   726 10043
   727 10043
   728 10043
   729 10043
   730 10043
   731 10043
   732 10043
   733 10043
   734 10043
   735 10043
   736 10043
   737 10043
   738 10043
   739 10043
   740 10043
   741 10043
   742 10043
   743 10043
   744 10043
   745 10043
   746 10043
   747 10043
   748 10043
   749 10043
   750 10043
   751 10043
   752 10043
   753 10043
   754 10043
   755 10043
   756 10043
   757 10043
   758 10043
   759 10043
   760 10043
   761 10043
   762 10043
   763 10043
   764 10043
   765 10043
   766 10043
   767 10043
   768 10043
   769 10043
   770 10043
   771 10043
   772 10043
   773 10043
   774 10043
   775 10043
   776 10043
   777 10043
   778 10043
   779 10043
   780 10043
   781 10043
   782 10043
   783 10043
   784 10043
   786 10002
   787 10002
   788 10002
   789 10002
   790 10002
   791 10002
   792 10002
   793 10002
   794 10002
   795 10043
   796 10043
   797 10043
   798 10043
   799 10043
   800 10043
   801 10043
   802 10043
   803 10043
   804 10043
   805 10043
   806 10043
   807 10043
   808 10043
   809 10043
   810 10043
   811 10043
   812 10043
   813 10043
   814 10043
   815 10043
   816 10043
   817 10043
   818 10043
   819 10043
   820 10043
   821 10043
   822 10043
   823 10043
   824 10043
   825 10043
   826 10043
   827 10043
   828 10043
   829 10043
   830 10043
   831 10043
   832 10043
   833 10043
   834 10043
   835 10043
   836 10043
   837 10043
   838 10043
   839 10043
   840 10043
   841 10043
   842 10043
   843 10043
   844 10043
   845 10043
   846 10043
   847 10043
   848 10043
   849 10043
   850 10043
   851 10043
   852 10043
   853 10043
   854 10043
   855 10043
   856 10043
   857 10043
   858 10043
   859 10043
   860 10043
   861 10043
   862 10043
   863 10043
   864 10043
   865 10043
   866 10043
   867 10043
   868 10043
   869 10043
   870 10043
   871 10043
   872 10043
   873 10043
   874 10043
   875 10043
   876 10043
   877 10043
   878 10043
   879 10043
   880 10043
   881 10043
   882 10043
   883 10043
   884 10043
   885 10043
   886 10043
   887 10043
   888 10043
   889 10043
   890 10043
   891 10043
   892 10043
   893 10043
   894 10043
   895 10043
   896 10043
   897 10043
   898 10043
   899 10043
   900 10043
   901 10043
   902 10043
   903 10043
   904 10043
   905 10043
   906 10043
   907 10043
   908 10043
   909 10043
   910 10043
   911 10043
   912 10043
   913 10043
   914 10043
   915 10043
   916 10043
   917 10043
   918 10043
   919 10043
   920 10043
   921 10043
   922 10043
   923 10043
   924 10043
   925 10043
   926 10043
   927 10043
   928 10043
   929 10043
   930 10043
   931 10043
   932 10043
   933 10043
   934 10043
   935 10043
   936 10043
   937 10043
   938 10043
   939 10043
   940 10043
   941 10043
   942 10043
   943 10043
   944 10043
   945 10043
   946 10043
   947 10043
   948 10043
   949 10043
   950 10043
   951 10043
   952 10043
   953 10043
   954 10043
   955 10043
   956 10043
   957 10043
   958 10043
   959 10043
   960 10043
   961 10043
   962 10043
   963 10043
   964 10043
   965 10043
   966 10043
   967 10043
   968 10043
   969 10043
   970 10043
   971 10043
   972 10043
   973 10043
   974 10043
   975 10043
   976 10043
   977 10043
   978 10043
   979 10043
   980 10043
   981 10043
   982 10043
   983 10043
   984 10043
   985 10043
   986 10043
   987 10043
   988 10043
   989 10043
   990 10043
   991 10043
   992 10043
   993 10043
   994 10043
   995 10043
   996 10043
   997 10043
   998 10043
   999 10043
  1000 10043
  1001 10043
  1002 10043
  1003 10043
  1004 10043
  1005 10043
  1006 10043
  1007 10043
  1008 10043
  1009 10043
  1010 10043
  1011 10043
  1012 10043
  1013 10043
  1014 10043
  1015 10043
  1016 10043
  1017 10043
  1018 10043
  1019 10043
  1020 10043
  1021 10033
  1022 10033
  1023 10033
  1025 10033
  1026 10033
  1027 10033
  1028 10033
  1029 10033
  1030 10033
  1031 10033
  1032 10033
  1033 10033
  1034 10033
  1035 10033
  1036 10033
  1037 10033
  1038 10033
  1039 10033
  1040 10033
  1041 10033
  1042 10033
  1043 10033
  1044 10033
  1045 10033
  1046 10033
  1047 10033
  1048 10033
  1049 10033
  1050 10033
  1051 10033
  1052 10033
  1053 10033
  1054 10033
  1055 10033
  1056 10033
  1057 10033
  1058 10033
  1059 10033
  1060 10033
  1061 10033
  1062 10033
  1063 10033
  1064 10033
  1065 10033
  1066 10033
  1067 10033
  1068 10033
  1069 10033
  1070 10033
  1071 10033
  1072 10033
  1073 10033
  1074 10033
  1075 10033
  1076 10033
  1077 10033
  1078 10033
  1079 10033
  1080 10033
  1081 10033
  1082 10033
  1083 10033
  1084 10033
  1085 10033
  1086 10033
  1087 10033
  1088 10033
  1089 10033
  1090 10033
  1091 10033
  1092 10033
  1093 10033
  1094 10033
  1095 10033
  1096 10033
  1097 10033
  1098 10033
  1099 10033
  1100 10033
  1101 10033
  1102 10033
  1103 10033
  1104 10033
  1105 10033
  1106 10033
  1107 10033
  1108 10033
  1109 10033
  1110 10033
  1111 10033
  1112 10033
  1113 10033
  1114 10033
  1115 10033
  1116 10033
  1117 10033
  1118 10033
  1119 10033
  1120 10033
  1121 10033
  1122 10033
  1123 10033
  1124 10033
  1125 10033
  1126 10033
  1127 10033
  1128 10033
  1129 10033
  1130 10033
  1131 10033
  1132 10033
  1133 10033
  1134 10033
  1135 10033
  1136 10033
  1137 10033
  1138 10033
  1139 10033
  1140 10033
  1141 10033
  1142 10033
  1143 10033
  1144 10033
  1145 10033
  1146 10033
  1147 10033
  1148 10033
  1149 10033
  1150 10033
  1151 10033
  1152 10033
  1153 10033
  1154 10033
  1155 10033
  1156 10033
  1157 10033
  1158 10033
  1159 10033
  1160 10033
  1161 10033
  1162 10033
  1163 10033
  1164 10033
  1165 10033
  1166 10033
  1167 10033
  1168 10033
  1169 10033
  1170 10033
  1171 10033
  1172 10033
  1173 10033
  1174 10033
  1175 10033
  1176 10033
  1177 10033
  1178 10033
  1179 10033
  1180 10033
  1181 10033
  1182 10033
  1183 10033
  1184 10033
  1185 10033
  1186 10033
  1187 10033
  1188 10033
  1189 10033
  1190 10033
  1191 10033
  1192 10033
  1193 10033
  1194 10033
  1195 10033
  1196 10033
  1197 10033
  1198 10033
  1199 10033
  1200 10033
  1201 10033
  1202 10033
  1203 10033
  1204 10033
  1205 10033
  1206 10033
  1207 10033
  1208 10033
  1209 10033
  1210 10033
  1211 10033
  1212 10033
  1213 10033
  1214 10033
  1215 10033
  1216 10033
  1217 10033
  1218 10033
  1219 10033
  1220 10033
  1221 10033
  1222 10033
  1223 10033
  1224 10033
  1225 10033
  1226 10033
  1227 10033
  1228 10033
  1229 10033
  1230 10033
  1231 10033
  1232 10033
  1233 10033
  1234 10033
  1235 10033
  1236 10033
  1237 10033
  1238 10033
  1239 10033
  1240 10033
  1241 10033
  1242 10033
  1243 10033
  1244 10033
  1245 10033
  1246 10033
  1247 10033
  1248 10033
  1249 10033
  1250 10033
  1251 10033
  1252 10033
  1253 10033
  1254 10033
  1255 10033
  1256 10033
  1257 10033
  1264 10043
  1270 10123
  1271 10123
  1272 10123
  1273 10123
  1274 10123
  1275 10123
  1276 10123
  1277 10123
  1278 10123
  1279 10123
  1280 10123
  1281 10123
  1282 10123
  1283 10123
  1284 10123
  1285 10123
  1286 10123
  1287 10123
  1288 10123
  1289 10123
  1290 10123
  1291 10123
  1292 10123
  1293 10123
  1294 10123
  1295 10123
  1296 10123
  1297 10123
  1298 10123
  1299 10123
  1300 10123
  1301 10123
  1302 10123
  1303 10123
  1304 10123
  1305 10123
  1306 10123
  1307 10123
  1308 10123
  1309 10123
  1310 10123
  1311 10123
  1312 10123
  1313 10123
  1314 10123
  1315 10123
  1316 10123
  1317 10123
  1318 10123
  1319 10123
  1320 10123
  1321 10123
  1322 10123
  1323 10123
  1324 10123
  1325 10123
  1326 10123
  1327 10123
  1328 10123
  1329 10123
  1330 10123
  1331 10123
  1332 10123
  1333 10123
  1334 10123
  1335 10123
  1336 10123
  1337 10123
  1338 10123
  1339 10123
  1340 10123
  1341 10123
  1342 10123
  1343 10123
  1344 10123
  1345 10123
  1346 10123
  1347 10123
  1348 10123
  1349 10123
  1350 10123
  1351 10123
  1352 10123
  1353 10123
  1354 10123
  1355 10123
  1356 10123
  1357 10123
  1358 10123
  1359 10123
  1360 10123
  1361 10123
  1362 10123
  1363 10123
  1364 10123
  1365 10123
  1366 10123
  1367 10123
  1368 10123
  1369 10123
  1370 10123
  1371 10123
  1372 10123
  1373 10123
  1374 10123
  1375 10123
  1376 10123
  1377 10123
  1378 10123
  1379 10123
  1380 10123
  1381 10123
  1382 10123
  1383 10123
  1384 10123
  1385 10123
  1386 10123
  1387 10123
  1388 10123
  1389 10123
  1390 10123
  1391 10123
  1392 10123
  1393 10123
  1394 10123
  1395 10123
  1396 10123
  1397 10123
  1398 10123
  1399 10123
  1400 10123
  1401 10123
  1402 10123
  1403 10123
  1404 10123
  1405 10123
  1406 10123
  1407 10123
  1408 10123
  1409 10123
  1410 10123
  1411 10123
  1412 10123
  1413 10123
  1414 10123
  1415 10123
  1416 10123
  1417 10123
  1418 10123
  1419 10123
  1420 10123
  1421 10123
  1422 10123
  1423 10123
  1424 10123
  1425 10123
  1426 10123
  1427 10123
  1428 10123
  1429 10123
  1430 10123
  1431 10123
  1432 10123
  1433 10123
  1434 10123
  1435 10123
  1436 10123
  1437 10123
  1438 10123
  1439 10123
  1440 10123
  1441 10123
  1442 10123
  1443 10123
  1444 10123
  1445 10123
  1446 10123
  1447 10123
  1448 10123
  1449 10123
  1450 10123
  1451 10123
  1452 10123
  1453 10123
  1454 10123
  1455 10123
  1456 10123
  1457 10123
  1458 10123
  1459 10123
  1460 10123
  1461 10123
  1462 10123
  1463 10123
  1464 10123
  1465 10123
  1466 10123
  1467 10123
  1468 10123
  1469 10123
  1470 10123
  1471 10123
  1472 10123
  1473 10123
  1474 10123
  1475 10123
  1476 10123
  1477 10123
  1478 10123
  1479 10123
  1480 10123
  1481 10123
  1482 10123
  1483 10123
  1484 10123
  1485 10123
  1486 10123
  1487 10123
  1488 10123
  1489 10123
  1490 10123
  1491 10123
  1492 10123
  1493 10123
  1494 10123
  1495 10123
  1496 10123
  1497 10123
  1498 10123
  1499 10123
  1500 10123
  1501 10138
  1502 10101
  1503 10101
  1504 10101
  1505 10018
  1507 10018
  1508 10018
  1509 10018
  1510 10018
  1511 10018
  1512 10018
  1513 10018
  1514 10018
  1515 10098
  1516 10140
  1517 10158
  1518 10140
  1519 10140
  1520 10140
  1521 10140
  1522 10140
  1523 10140
  1524 10140
  1525 10140
  1526 10140
  1527 10140
  1528 10140
  1529 10140
  1530 10140
  1531 10140
  1532 10140
  1533 10140
  1534 10140
  1535 10140
  1536 10140
  1537 10140
  1538 10140
  1539 10140
  1540 10140
  1541 10140
  1542 10140
  1543 10140
  1544 10055
  1546 10055
  1547 10018
  1548 10140
  1549 10140
  1550 10140
  1551 10158
  1552 10140
  1553 10018
  1554 10055
  1555 10055
  1564 10026
  1565 10026
  1567 10026
  1627 10122
  1629 10122
  1630 10122
  1631 10122
  1632 10122
  1633 10122
  1634 10122
  1635 10122
  1636 10122
  1637 10122
  1638 10122
  1639 10122
  1640 10122
  1641 10122
  1642 10122
  1643 10122
  1644 10122
  1645 10122
  1646 10122
  1647 10122
  1648 10122
  1649 10122
  1650 10122
  1651 10122
  1652 10122
  1653 10122
  1654 10122
  1655 10122
  1656 10122
  1657 10122
  1658 10122
  1659 10122
  1660 10122
  1661 10122
  1662 10122
  1663 10122
  1664 10122
  1665 10122
  1666 10122
  1667 10122
  1668 10122
  1669 10122
  1670 10122
  1671 10122
  1672 10122
  1673 10122
  1674 10122
  1675 10122
  1676 10122
  1677 10122
  1678 10122
  1679 10122
  1680 10122
  1681 10122
  1682 10122
  1683 10122
  1684 10122
  1685 10122
  1686 10122
  1687 10122
  1688 10122
  1689 10122
  1690 10122
  1691 10122
  1692 10122
  1693 10122
  1694 10122
  1695 10122
  1696 10122
  1697 10122
  1698 10122
  1699 10122
  1700 10122
  1701 10122
  1702 10122
  1703 10122
  1704 10122
  1705 10122
  1706 10122
  1707 10122
  1708 10122
  1709 10122
  1710 10122
  1711 10122
  1712 10122
  1713 10122
  1714 10122
  1715 10122
  1716 10122
  1717 10122
  1718 10122
  1719 10122
  1720 10122
  1721 10122
  1722 10122
  1723 10122
  1724 10122
  1725 10122
  1726 10122
  1727 10122
  1728 10122
  1729 10122
  1730 10122
  1731 10122
  1732 10122
  1733 10122
  1734 10122
  1735 10122
  1736 10122
  1737 10122
  1738 10122
  1739 10122
  1740 10122
  1741 10122
  1742 10122
  1743 10122
  1744 10122
  1745 10122
  1746 10122
  1747 10122
  1748 10122
  1749 10122
  1750 10122
  1751 10122
  1752 10122
  1753 10122
  1754 10122
  1755 10122
  1756 10122
  1757 10122
  1758 10122
  1759 10122
  1760 10122
  1761 10122
  1762 10122
  1763 10122
  1764 10122
  1765 10122
  1766 10122
  1767 10122
  1768 10122
  1769 10122
  1770 10122
  1771 10122
  1772 10122
  1773 10122
  1774 10122
  1775 10122
  1776 10122
  1777 10122
  1778 10122
  1779 10122
  1780 10122
  1781 10122
  1782 10122
  1783 10122
  1784 10122
  1785 10122
  1786 10122
  1787 10122
  1788 10122
  1789 10122
  1790 10122
  1791 10122
  1792 10122
  1793 10122
  1794 10122
  1795 10122
  1796 10122
  1797 10122
  1798 10122
  1799 10122
  1800 10122
  1801 10122
  1802 10122
  1803 10122
  1804 10122
  1805 10122
  1806 10122
  1807 10122
  1808 10122
  1809 10122
  1810 10122
  1811 10122
  1812 10122
  1813 10122
  1814 10122
  1815 10122
  1816 10122
  1817 10122
  1818 10122
  1819 10122
  1820 10122
  1821 10122
  1822 10122
  1823 10122
  1824 10122
  1825 10122
  1826 10122
  1827 10122
  1828 10122
  1829 10122
  1830 10122
  1831 10122
  1832 10122
  1833 10122
  1834 10122
  1835 10122
  1836 10122
  1837 10122
  1838 10122
  1839 10122
  1840 10122
  1841 10122
  1842 10122
  1843 10122
  1844 10122
  1845 10122
  1846 10122
  1847 10122
  1848 10122
  1849 10122
  1850 10122
  1851 10122
  1852 10122
  1853 10122
  1854 10122
  1855 10122
  1856 10122
  1857 10122
  1858 10122
  1859 10122
  1860 10122
  1861 10122
  1862 10122
  1863 10122
  1870 10122
  1871 10122
  1872 10122
  1873 10122
  1874 10122
  1875 10122
  1876 10122
  1877 10122
  1878 10122
  1879 10122
  1880 10122
  1881 10122
  1882 10122
  1883 10122
  1884 10122
  1885 10122
  1886 10122
  1887 10122
  1888 10122
  1889 10122
  1890 10122
  1891 10122
  1892 10122
  1893 10122
  1894 10122
  1895 10122
  1896 10122
  1897 10122
  1898 10122
  1899 10122
  1900 10122
  1901 10122
  1902 10122
  1903 10122
  1904 10122
  1905 10122
  1906 10122
  1907 10122
  1908 10122
  1909 10122
  1910 10122
  1911 10122
  1912 10122
  1913 10122
  1914 10122
  1915 10122
  1916 10122
  1917 10122
  1918 10122
  1919 10122
  1920 10122
  1921 10122
  1922 10122
  1923 10122
  1924 10122
  1925 10122
  1926 10122
  1927 10122
  1928 10122
  1929 10122
  1930 10122
  1931 10122
  1932 10122
  1933 10122
  1934 10122
  1935 10122
  1936 10122
  1937 10122
  1938 10122
  1939 10122
  1940 10122
  1941 10122
  1942 10122
  1943 10122
  1944 10122
  1945 10122
  1946 10122
  1947 10122
  1948 10122
  1949 10122
  1950 10122
  1951 10122
  1952 10122
  1953 10122
  1954 10122
  1955 10122
  1956 10122
  1957 10122
  1958 10122
  1959 10122
  1960 10122
  1961 10122
  1962 10122
  1963 10122
  1964 10122
  1965 10122
  1966 10122
  1967 10122
  1968 10122
  1969 10122
  1970 10122
  1971 10122
  1972 10122
  1973 10122
  1974 10122
  1975 10122
  1976 10122
  1977 10122
  1978 10122
  1979 10122
  1980 10122
  1981 10122
  1982 10122
  1983 10122
  1984 10122
  1985 10122
  1986 10122
  1987 10122
  1988 10122
  1989 10122
  1990 10122
  1991 10122
  1992 10122
  1993 10122
  1994 10122
  1995 10122
  1996 10122
  1997 10122
  1998 10122
  1999 10122
  2000 10122
  2001 10122
  2002 10122
  2003 10122
  2004 10122
  2005 10122
  2006 10122
  2007 10122
  2008 10122
  2009 10122
  2010 10122
  2011 10122
  2012 10122
  2013 10122
  2014 10122
  2015 10122
  2016 10122
  2017 10122
  2018 10122
  2019 10122
  2020 10122
  2021 10071
  2022 10064
  2023 10071
  2024 10071
