   671 10055
   672 10055
   673 10055
   674 10055
   675 10055
   676 10055
   677 10055
   678 10055
   679 10055
   680 10055
   681 10055
   682 10018
   683 10018
   684 10018
   685 10018
   686 10018
   687 10018
   688 10018
   689 10018
   690 10055
   691 10055
   692 10055
   693 10055
   694 10055
   695 10055
   696 10055
   697 10055
   698 10055
   699 10055
   700 10055
   701 10055
   702 10055
   703 10055
   704 10055
   705 10055
   706 10055
   707 10055
   708 10055
   709 10055
   710 10055
   711 10055
   712 10055
   713 10055
   714 10055
   715 10055
   716 10055
   717 10055
   718 10055
   719 10055
   720 10055
   721 10055
   722 10055
   723 10055
   724 10055
   725 10055
   726 10055
   727 10055
   728 10055
   729 10055
   730 10055
   731 10055
   732 10055
   733 10055
   734 10055
   735 10055
   736 10055
   737 10055
   738 10055
   739 10055
   740 10055
   741 10055
   742 10055
   743 10055
   744 10055
   745 10055
   746 10055
   747 10055
   748 10055
   749 10055
   750 10055
   751 10055
   752 10055
   753 10055
   754 10055
   755 10055
   756 10055
   757 10055
   758 10055
   759 10055
   760 10055
   761 10055
   762 10055
   763 10055
   764 10055
   765 10055
   766 10055
   767 10055
   768 10055
   769 10055
   770 10055
   771 10055
   772 10055
   773 10055
   774 10055
   775 10055
   776 10055
   777 10055
   778 10055
   779 10055
   780 10055
   781 10049
   782 10049
   783 10028
   785 10049
   786 10151
   787 10151
   788 10151
   789 10151
   790 10049
   791 10082
   792 10082
   793 10082
   794 10082
   795 10082
   796 10082
   797 10082
   798 10082
   799 10082
   800 10082
   801 10082
   802 10082
   803 10082
   804 10082
   805 10082
   806 10082
   807 10082
   808 10082
   809 10082
   810 10082
   811 10082
   812 10082
   813 10082
   814 10082
   815 10082
   816 10082
   817 10082
   818 10082
   819 10082
   820 10082
   821 10082
   822 10082
   823 10082
   824 10082
   825 10082
   826 10082
   827 10082
   828 10082
   829 10082
   830 10082
   831 10082
   832 10082
   833 10082
   834 10082
   835 10082
   836 10082
   837 10082
   838 10082
   839 10082
   840 10082
   841 10082
   842 10082
   843 10082
   844 10082
   845 10082
   846 10082
   847 10082
   848 10082
   849 10082
   850 10082
   851 10082
   852 10082
   853 10082
   854 10082
   855 10082
   856 10082
   857 10082
   858 10082
   859 10082
   860 10082
   861 10082
   862 10082
   863 10082
   864 10082
   865 10082
   866 10082
   867 10082
   868 10082
   869 10082
   870 10082
   871 10082
   872 10082
   873 10082
   874 10082
   875 10082
   876 10082
   877 10082
   878 10082
   879 10082
   880 10082
   881 10082
   882 10082
   883 10082
   884 10082
   885 10082
   886 10082
   887 10082
   888 10082
   889 10082
   890 10082
   891 10082
   892 10082
   893 10082
   894 10082
   895 10082
   896 10082
   897 10082
   898 10082
   899 10082
   900 10082
   901 10082
   902 10082
   903 10082
   904 10082
   905 10082
   906 10082
   907 10082
   908 10082
   909 10082
   910 10082
   911 10082
   912 10082
   913 10082
   914 10082
   915 10082
   916 10082
   917 10082
   918 10082
   919 10082
   920 10082
   921 10082
   922 10082
   923 10082
   924 10082
   925 10082
   926 10082
   927 10082
   928 10082
   929 10082
   930 10082
   931 10082
   932 10082
   933 10082
   934 10082
   935 10082
   936 10082
   937 10082
   938 10082
   939 10082
   940 10082
   941 10082
   942 10082
   943 10082
   944 10082
   945 10082
   946 10082
   947 10082
   948 10082
   949 10082
   950 10082
   951 10082
   952 10082
   953 10082
   954 10082
   955 10082
   956 10082
   957 10082
   958 10082
   959 10082
   960 10082
   961 10082
   962 10082
   963 10082
   964 10082
   965 10082
   966 10082
   967 10082
   968 10082
   969 10082
   970 10082
   971 10082
   972 10082
   973 10082
   974 10082
   975 10082
   976 10082
   977 10082
   978 10082
   979 10082
   980 10082
   981 10082
   982 10082
   983 10082
   984 10082
   985 10082
   986 10082
   987 10082
   988 10082
   989 10082
   990 10082
   991 10082
   992 10082
   993 10082
   994 10082
   995 10082
   996 10082
   997 10082
   998 10082
   999 10082
  1000 10082
  1001 10082
  1002 10082
  1003 10082
  1004 10082
  1005 10082
  1006 10082
  1007 10082
  1008 10082
  1009 10082
  1010 10082
  1011 10082
  1012 10082
  1013 10082
  1014 10082
  1015 10082
  1016 10082
  1017 10082
  1018 10082
  1019 10082
  1020 10082
  1028 10120
  1029 10120
  1030 10120
  1031 10120
  1032 10120
  1033 10120
  1034 10120
  1035 10120
  1036 10120
  1037 10120
  1038 10120
  1039 10120
  1040 10120
  1041 10120
  1042 10120
  1043 10120
  1044 10120
  1045 10120
  1046 10120
  1047 10120
  1048 10120
  1049 10120
  1050 10120
  1051 10120
  1052 10120
  1053 10120
  1054 10120
  1055 10120
  1056 10120
  1057 10120
  1058 10120
  1059 10120
  1060 10120
  1061 10120
  1062 10120
  1063 10120
  1064 10120
  1065 10120
  1066 10120
  1067 10120
  1068 10120
  1069 10120
  1070 10120
  1071 10120
  1072 10120
  1073 10120
  1074 10120
  1075 10120
  1076 10120
  1077 10120
  1078 10120
  1079 10120
  1080 10120
  1081 10120
  1082 10120
  1083 10120
  1084 10120
  1085 10120
  1086 10120
  1087 10120
  1088 10120
  1089 10120
  1090 10120
  1091 10120
  1092 10120
  1093 10120
  1094 10120
  1095 10120
  1096 10120
  1097 10120
  1098 10120
  1099 10120
  1100 10120
  1101 10120
  1102 10120
  1103 10120
  1104 10120
  1105 10120
  1106 10120
  1107 10120
  1108 10120
  1109 10120
  1110 10120
  1111 10120
  1112 10120
  1113 10120
  1114 10120
  1115 10120
  1116 10120
  1117 10120
  1118 10120
  1119 10120
  1120 10120
  1121 10120
  1122 10120
  1123 10120
  1124 10120
  1125 10120
  1126 10120
  1127 10120
  1128 10120
  1129 10120
  1130 10120
  1131 10120
  1132 10120
  1133 10120
  1134 10120
  1135 10120
  1136 10120
  1137 10120
  1138 10120
  1139 10120
  1140 10120
  1141 10120
  1142 10120
  1143 10120
  1144 10120
  1145 10120
  1146 10120
  1147 10120
  1148 10120
  1149 10120
  1150 10120
  1151 10120
  1152 10120
  1153 10120
  1154 10120
  1155 10120
  1156 10120
  1157 10120
  1158 10120
  1159 10120
  1160 10120
  1161 10120
  1162 10120
  1163 10120
  1164 10120
  1165 10120
  1166 10120
  1167 10120
  1168 10120
  1169 10120
  1170 10120
  1171 10120
  1172 10120
  1173 10120
  1174 10120
  1175 10120
  1176 10120
  1177 10120
  1178 10120
  1179 10120
  1180 10120
  1181 10120
  1182 10120
  1183 10120
  1184 10120
  1185 10120
  1186 10120
  1187 10120
  1188 10120
  1189 10120
  1190 10120
  1191 10120
  1192 10120
  1193 10120
  1194 10120
  1195 10120
  1196 10120
  1197 10120
  1198 10120
  1199 10120
  1200 10120
  1201 10120
  1202 10120
  1203 10120
  1204 10120
  1205 10120
  1206 10120
  1207 10120
  1208 10120
  1209 10120
  1210 10120
  1211 10120
  1212 10120
  1213 10120
  1214 10120
  1215 10120
  1216 10120
  1217 10120
  1218 10120
  1219 10120
  1220 10120
  1221 10120
  1222 10120
  1223 10120
  1224 10120
  1225 10120
  1226 10120
  1227 10120
  1228 10120
  1229 10120
  1230 10120
  1231 10120
  1232 10120
  1233 10120
  1234 10120
  1235 10120
  1236 10120
  1237 10120
  1238 10120
  1239 10120
  1240 10120
  1241 10120
  1242 10120
  1243 10120
  1244 10120
  1245 10120
  1246 10120
  1247 10120
  1248 10120
  1249 10120
  1250 10120
  1251 10120
  1252 10120
  1253 10120
  1254 10120
  1255 10120
  1256 10120
  1257 10120
  1258 10120
  1259 10106
  1260 10018
  1261 10018
  1262 10018
  1263 10018
  1264 10018
  1265 10040
  1266 10040
  1267 10040
  1268 10040
  1269 10040
  1270 10040
  1271 10040
  1272 10040
  1273 10040
  1274 10040
  1275 10040
  1276 10040
  1277 10018
  1278 10018
  1279 10040
  1280 10040
  1281 10040
  1282 10040
  1283 10040
  1284 10040
  1285 10040
  1286 10040
  1287 10040
  1288 10040
  1289 10040
  1290 10040
  1291 10040
  1292 10040
  1293 10040
  1294 10040
  1295 10040
  1296 10018
  1297 10040
  1298 10040
  1299 10040
  1300 10040
  1301 10040
  1302 10040
  1303 10040
  1304 10040
  1305 10040
  1306 10040
  1307 10040
  1308 10040
  1309 10040
  1310 10040
  1311 10040
  1312 10040
  1313 10040
  1314 10040
  1315 10040
  1316 10040
  1317 10040
  1318 10040
  1319 10040
  1320 10040
  1321 10040
  1322 10040
  1323 10040
  1324 10040
  1325 10040
  1326 10040
  1327 10040
  1328 10040
  1329 10040
  1330 10040
  1331 10040
  1332 10040
  1333 10040
  1334 10040
  1335 10040
  1336 10040
  1337 10040
  1338 10040
  1339 10040
  1340 10040
  1341 10055
  1342 10055
  1343 10106
  1345 10069
  1346 10149
  1347 10071
  1348 10071
  1349 10149
  1350 10071
  1351 10149
  1352 10149
  1353 10149
  1360 10149
  1361 10149
  1362 10149
  1363 10149
  1364 10149
  1365 10149
  1366 10149
  1367 10071
  1368 10149
  1369 10149
  1370 10149
  1371 10149
  1372 10149
  1373 10149
  1374 10149
  1375 10149
  1376 10149
  1377 10149
  1378 10149
  1379 10149
  1380 10149
  1381 10149
  1382 10149
  1383 10149
  1384 10149
  1385 10149
  1386 10086
  1388 10086
  1389 10086
  1390 10086
  1391 10086
  1392 10086
  1395 10086
  1396 10086
  1397 10086
  1398 10086
  1399 10086
  1400 10086
  1401 10086
  1402 10086
  1403 10086
  1404 10086
  1405 10086
  1406 10086
  1407 10086
  1408 10086
  1409 10086
  1410 10086
  1411 10086
  1412 10086
  1413 10086
  1414 10086
  1415 10086
  1416 10086
  1417 10086
  1418 10086
  1419 10086
  1420 10086
  1421 10086
  1422 10086
  1423 10086
  1424 10086
  1425 10086
  1426 10086
  1427 10086
  1428 10086
  1429 10086
  1430 10086
  1431 10086
  1432 10086
  1433 10086
  1434 10086
  1435 10086
  1436 10086
  1437 10086
  1438 10086
  1439 10086
  1440 10086
  1441 10086
  1442 10086
  1443 10086
  1444 10086
  1445 10086
  1446 10086
  1447 10086
  1448 10086
  1449 10086
  1450 10086
  1451 10086
  1452 10086
  1453 10086
  1454 10086
  1455 10086
  1456 10086
  1457 10086
  1458 10086
  1459 10086
  1460 10086
  1461 10086
  1462 10086
  1463 10086
  1464 10086
  1465 10086
  1466 10086
  1467 10086
  1468 10086
  1469 10086
  1470 10086
  1471 10086
  1472 10086
  1473 10086
  1474 10086
  1475 10086
  1476 10086
  1477 10086
  1478 10086
  1479 10086
  1480 10086
  1481 10086
  1482 10086
  1483 10086
  1484 10086
  1485 10086
  1486 10086
  1487 10086
  1488 10086
  1489 10086
  1490 10086
  1491 10086
  1492 10086
  1493 10086
  1494 10086
  1495 10086
  1496 10086
  1497 10086
  1498 10086
  1499 10086
  1500 10086
  1501 10086
  1502 10086
  1503 10086
  1504 10086
  1505 10086
  1506 10086
  1507 10086
  1508 10086
  1509 10086
  1510 10086
  1511 10086
  1512 10086
  1513 10086
  1514 10086
  1515 10086
  1516 10086
  1517 10086
  1518 10086
  1519 10086
  1520 10086
  1521 10086
  1522 10086
  1523 10086
  1524 10086
  1525 10086
  1526 10086
  1527 10086
  1528 10086
  1529 10086
  1530 10086
  1531 10086
  1532 10086
  1533 10086
  1534 10086
  1535 10086
  1536 10086
  1537 10086
  1538 10086
  1539 10086
  1540 10086
  1541 10086
  1542 10086
  1543 10086
  1544 10086
  1545 10086
  1546 10086
  1547 10086
  1548 10086
  1549 10086
  1550 10086
  1551 10086
  1552 10086
  1553 10086
  1554 10086
  1555 10086
  1556 10086
  1557 10086
  1558 10086
  1559 10086
  1560 10086
  1561 10086
  1562 10086
  1563 10086
  1564 10086
  1565 10086
  1566 10086
  1567 10086
  1568 10086
  1569 10086
  1570 10086
  1571 10086
  1572 10086
  1573 10086
  1574 10086
  1575 10086
  1576 10086
  1577 10086
  1578 10086
  1579 10086
  1580 10086
  1581 10086
  1582 10086
  1583 10086
  1584 10086
  1585 10086
  1586 10086
  1587 10086
  1588 10086
  1589 10086
  1590 10086
  1591 10086
  1592 10086
  1593 10086
  1594 10086
  1595 10086
  1596 10086
  1597 10086
  1598 10086
  1599 10086
  1600 10086
  1601 10086
  1602 10086
  1603 10086
  1604 10086
  1605 10086
  1606 10086
  1607 10086
  1608 10086
  1609 10086
  1610 10086
  1611 10086
  1612 10086
  1613 10086
  1614 10086
  1615 10086
  1616 10086
  1617 10086
  1618 10086
  1619 10086
  1620 10086
  1621 10067
  1622 10067
  1623 10067
  1630 10123
  1631 10123
  1632 10123
  1633 10123
  1634 10123
  1635 10123
  1636 10123
  1637 10123
  1638 10123
  1639 10123
  1640 10123
  1641 10123
  1642 10123
  1643 10123
  1644 10123
  1645 10123
  1646 10123
  1647 10123
  1648 10123
  1649 10123
  1650 10123
  1651 10123
  1652 10123
  1653 10123
  1654 10123
  1655 10123
  1656 10123
  1657 10123
  1658 10123
  1659 10123
  1660 10123
  1661 10123
  1662 10123
  1663 10123
  1664 10123
  1665 10123
  1666 10123
  1667 10123
  1668 10123
  1669 10123
  1670 10123
  1671 10123
  1672 10123
  1673 10123
  1674 10123
  1675 10123
  1676 10123
  1677 10123
  1678 10123
  1679 10123
  1680 10123
  1681 10123
  1682 10123
  1683 10123
  1684 10123
  1685 10123
  1686 10123
  1687 10123
  1688 10123
  1689 10123
  1690 10123
  1691 10123
  1692 10123
  1693 10123
  1694 10123
  1695 10123
  1696 10123
  1697 10123
  1698 10123
  1699 10123
  1700 10123
  1701 10123
  1702 10123
  1703 10123
  1704 10123
  1705 10123
  1706 10123
  1707 10123
  1708 10123
  1709 10123
  1710 10123
  1711 10123
  1712 10123
  1713 10123
  1714 10123
  1715 10123
  1716 10123
  1717 10123
  1718 10123
  1719 10123
  1720 10123
  1721 10123
  1722 10123
  1723 10123
  1724 10123
  1725 10123
  1726 10123
  1727 10123
  1728 10123
  1729 10123
  1730 10123
  1731 10123
  1732 10123
  1733 10123
  1734 10123
  1735 10123
  1736 10123
  1737 10123
  1738 10123
  1739 10123
  1740 10123
  1741 10123
  1742 10123
  1743 10123
  1744 10123
  1745 10123
  1746 10123
  1747 10123
  1748 10123
  1749 10123
  1750 10123
  1751 10123
  1752 10123
  1753 10123
  1754 10123
  1755 10123
  1756 10123
  1757 10123
  1758 10123
  1759 10123
  1760 10123
  1761 10123
  1762 10123
  1763 10123
  1764 10123
  1765 10123
  1766 10123
  1767 10123
  1768 10123
  1769 10123
  1770 10123
  1771 10123
  1772 10123
  1773 10123
  1774 10123
  1775 10123
  1776 10123
  1777 10123
  1778 10123
  1779 10123
  1780 10123
  1781 10123
  1782 10123
  1783 10123
  1784 10123
  1785 10123
  1786 10123
  1787 10123
  1788 10123
  1789 10123
  1790 10123
  1791 10123
  1792 10123
  1793 10123
  1794 10123
  1795 10123
  1796 10123
  1797 10123
  1798 10123
  1799 10123
  1800 10123
  1801 10123
  1802 10123
  1803 10123
  1804 10123
  1805 10123
  1806 10123
  1807 10123
  1808 10123
  1809 10123
  1810 10123
  1811 10123
  1812 10123
  1813 10123
  1814 10123
  1815 10123
  1816 10123
  1817 10123
  1818 10123
  1819 10123
  1820 10123
  1821 10123
  1822 10123
  1823 10123
  1824 10123
  1825 10123
  1826 10123
  1827 10123
  1828 10123
  1829 10123
  1830 10123
  1831 10123
  1832 10123
  1833 10123
  1834 10123
  1835 10123
  1836 10123
  1837 10123
  1838 10123
  1839 10123
  1840 10123
  1841 10123
  1842 10123
  1843 10123
  1844 10123
  1845 10123
  1846 10123
  1847 10123
  1848 10123
  1849 10123
  1850 10123
  1851 10123
  1852 10123
  1853 10123
  1854 10123
  1855 10123
  1856 10123
  1857 10123
  1858 10123
  1859 10123
  1860 10123
  1861 10123
  1862 10123
  1863 10071
  1864 10071
  1865 10071
  1866 10071
  1867 10071
  1868 10071
  1870 10123
  1871 10123
  1872 10123
  1873 10123
  1874 10123
  1875 10123
  1876 10123
  1877 10123
  1878 10123
  1879 10123
  1880 10123
  1881 10123
  1882 10123
  1883 10123
  1884 10123
  1885 10123
  1886 10123
  1887 10123
  1888 10123
  1889 10123
  1890 10123
  1891 10123
  1892 10123
  1893 10123
  1894 10123
  1895 10123
  1896 10123
  1897 10123
  1898 10123
  1899 10123
  1900 10123
  1901 10123
  1902 10123
  1903 10123
  1904 10123
  1905 10123
  1906 10123
  1907 10123
  1908 10123
  1909 10123
  1910 10123
  1911 10123
  1912 10123
  1913 10123
  1914 10123
  1915 10123
  1916 10123
  1917 10123
  1918 10123
  1919 10123
  1920 10123
  1921 10123
  1922 10123
  1923 10123
  1924 10123
  1925 10123
  1926 10123
  1927 10123
  1928 10123
  1929 10123
  1930 10123
  1931 10123
  1932 10123
  1933 10123
  1934 10123
  1935 10123
  1936 10123
  1937 10123
  1938 10123
  1939 10123
  1940 10123
  1941 10123
  1942 10123
  1943 10123
  1944 10123
  1945 10123
  1946 10123
  1947 10123
  1948 10123
  1949 10123
  1950 10123
  1951 10123
  1952 10123
  1953 10123
  1954 10123
  1955 10123
  1956 10123
  1957 10123
  1958 10123
  1959 10123
  1960 10123
  1961 10123
  1962 10123
  1963 10123
  1964 10123
  1965 10123
  1966 10123
  1967 10123
  1968 10123
  1969 10123
  1970 10123
  1971 10123
  1972 10123
  1973 10123
  1974 10123
  1975 10123
  1976 10123
  1977 10123
  1978 10123
  1979 10123
  1980 10123
  1981 10123
  1982 10123
  1983 10123
  1984 10123
  1985 10123
  1986 10123
  1987 10123
  1988 10123
  1989 10123
  1990 10123
  1991 10123
  1992 10123
  1993 10123
  1994 10123
  1995 10123
  1996 10123
  1997 10123
  1998 10123
  1999 10123
  2000 10123
  2001 10123
  2002 10123
  2003 10123
  2004 10123
  2005 10123
  2006 10123
  2007 10123
  2008 10123
  2009 10123
  2010 10123
  2011 10123
  2012 10123
  2013 10123
  2014 10123
  2015 10123
  2016 10123
  2017 10123
  2018 10123
  2019 10123
  2020 10123
