   690 10067
   691 10067
   692 10067
   693 10067
   694 10067
   695 10067
   696 10067
   697 10067
   698 10067
   699 10067
   700 10067
   701 10067
   702 10067
   703 10067
   704 10067
   705 10067
   706 10067
   707 10067
   708 10067
   709 10067
   710 10067
   711 10067
   712 10067
   713 10067
   714 10067
   715 10067
   716 10067
   717 10067
   718 10067
   719 10067
   720 10067
   721 10067
   722 10067
   723 10067
   724 10067
   725 10067
   726 10067
   727 10067
   728 10067
   729 10067
   730 10067
   731 10067
   732 10067
   733 10067
   734 10067
   735 10067
   736 10067
   737 10067
   738 10067
   739 10067
   740 10067
   741 10067
   742 10067
   743 10067
   744 10067
   745 10067
   746 10067
   747 10067
   748 10067
   749 10067
   750 10067
   751 10067
   752 10067
   753 10067
   754 10067
   755 10067
   756 10067
   757 10067
   758 10067
   759 10067
   760 10067
   761 10067
   762 10067
   763 10067
   764 10067
   765 10067
   766 10067
   767 10067
   768 10067
   769 10067
   770 10067
   771 10067
   772 10067
   773 10067
   774 10067
   775 10067
   776 10067
   777 10067
   778 10067
   779 10067
   780 10067
   781 10067
   782 10067
   783 10067
   784 10067
   785 10067
   786 10067
   787 10100
   788 10067
   789 10067
   790 10067
   791 10067
   792 10067
   793 10067
   794 10067
   795 10067
   796 10123
   797 10067
   798 10067
   799 10067
   800 10067
   801 10067
   802 10067
   803 10067
   804 10067
   805 10067
   806 10067
   807 10067
   808 10067
   809 10067
   810 10067
   811 10067
   812 10046
   813 10046
   814 10046
   815 10094
   816 10094
   817 10094
   818 10094
   819 10067
   820 10067
   821 10067
   822 10067
   823 10067
   824 10067
   825 10163
   826 10163
   827 10067
   828 10067
   829 10067
   830 10067
   831 10067
   832 10067
   833 10067
   834 10067
   835 10067
   836 10067
   837 10067
   838 10067
   839 10067
   840 10067
   841 10067
   842 10067
   843 10067
   844 10067
   845 10067
   846 10067
   847 10067
   848 10067
   849 10067
   850 10067
   851 10067
   852 10067
   853 10067
   854 10067
   855 10067
   856 10067
   857 10067
   858 10067
   859 10067
   860 10067
   861 10067
   862 10067
   863 10067
   864 10067
   865 10067
   866 10067
   867 10067
   868 10067
   869 10067
   870 10067
   871 10067
   872 10067
   873 10067
   874 10067
   875 10067
   876 10067
   877 10067
   878 10067
   879 10067
   880 10067
   881 10067
   882 10067
   883 10067
   884 10067
   885 10067
   886 10067
   887 10067
   888 10067
   889 10067
   890 10067
   891 10067
   892 10067
   893 10067
   894 10067
   895 10067
   896 10067
   897 10067
   898 10067
   899 10067
   900 10067
   901 10067
   902 10067
   903 10067
   904 10067
   905 10067
   906 10067
   907 10067
   908 10067
   909 10067
   910 10067
   911 10067
   912 10067
   913 10067
   914 10067
   915 10067
   916 10067
   917 10067
   918 10067
   919 10067
   920 10067
   921 10067
   922 10067
   923 10067
   924 10067
   925 10067
   926 10067
   927 10067
   928 10067
   929 10067
   930 10067
   931 10067
   932 10067
   933 10067
   934 10067
   935 10067
   936 10067
   937 10067
   938 10067
   939 10067
   940 10067
   941 10067
   942 10067
   943 10067
   944 10067
   945 10067
   946 10067
   947 10067
   948 10067
   949 10067
   950 10067
   951 10067
   952 10067
   953 10067
   954 10067
   955 10067
   956 10067
   957 10067
   958 10067
   959 10067
   960 10067
   961 10067
   962 10067
   963 10067
   964 10067
   965 10067
   966 10067
   967 10067
   968 10067
   969 10067
   970 10067
   971 10067
   972 10067
   973 10067
   974 10067
   975 10067
   976 10067
   977 10067
   978 10067
   979 10067
   980 10067
   981 10067
   982 10067
   983 10067
   984 10067
   985 10067
   986 10067
   987 10067
   988 10067
   989 10067
   990 10067
   991 10067
   992 10067
   993 10067
   994 10067
   995 10067
   996 10067
   997 10067
   998 10067
   999 10067
  1000 10067
  1001 10067
  1002 10067
  1003 10067
  1004 10067
  1005 10067
  1006 10067
  1007 10067
  1008 10067
  1009 10067
  1010 10067
  1011 10067
  1012 10067
  1013 10067
  1014 10067
  1015 10067
  1016 10067
  1017 10067
  1018 10067
  1019 10067
  1020 10067
  1021 10067
  1022 10067
  1023 10033
  1024 10067
  1025 10067
  1026 10067
  1027 10067
  1028 10067
  1029 10067
  1030 10067
  1031 10067
  1032 10067
  1033 10067
  1034 10067
  1035 10067
  1036 10067
  1037 10067
  1038 10067
  1039 10067
  1040 10067
  1041 10067
  1042 10067
  1043 10067
  1044 10067
  1045 10067
  1046 10067
  1047 10067
  1048 10067
  1049 10067
  1050 10067
  1051 10067
  1052 10067
  1053 10067
  1054 10067
  1055 10067
  1056 10067
  1057 10067
  1058 10067
  1059 10067
  1060 10067
  1061 10067
  1062 10067
  1063 10067
  1064 10067
  1065 10067
  1066 10067
  1067 10067
  1068 10067
  1069 10067
  1070 10067
  1071 10067
  1072 10067
  1073 10067
  1074 10067
  1075 10067
  1076 10067
  1077 10067
  1078 10067
  1079 10067
  1080 10067
  1081 10067
  1082 10067
  1083 10067
  1084 10067
  1085 10067
  1086 10067
  1087 10067
  1088 10067
  1089 10067
  1090 10067
  1091 10067
  1092 10067
  1093 10067
  1094 10067
  1095 10067
  1096 10067
  1097 10067
  1098 10067
  1099 10067
  1100 10067
  1101 10067
  1102 10067
  1103 10067
  1104 10067
  1105 10067
  1106 10067
  1107 10067
  1108 10067
  1109 10067
  1110 10067
  1111 10067
  1112 10067
  1113 10067
  1114 10067
  1115 10067
  1116 10067
  1117 10067
  1118 10067
  1119 10067
  1120 10067
  1121 10067
  1122 10067
  1123 10067
  1124 10067
  1125 10067
  1126 10067
  1127 10067
  1128 10067
  1129 10067
  1130 10067
  1131 10067
  1132 10067
  1133 10067
  1134 10067
  1135 10067
  1136 10067
  1137 10067
  1138 10067
  1139 10067
  1140 10067
  1141 10067
  1142 10067
  1143 10067
  1144 10067
  1145 10067
  1146 10067
  1147 10067
  1148 10067
  1149 10067
  1150 10067
  1151 10067
  1152 10067
  1153 10067
  1154 10067
  1155 10067
  1156 10067
  1157 10067
  1158 10067
  1159 10067
  1160 10067
  1161 10067
  1162 10067
  1163 10067
  1164 10067
  1165 10067
  1166 10067
  1167 10067
  1168 10067
  1169 10067
  1170 10067
  1171 10067
  1172 10067
  1173 10067
  1174 10067
  1175 10067
  1176 10067
  1177 10067
  1178 10067
  1179 10067
  1180 10067
  1181 10067
  1182 10067
  1183 10067
  1184 10067
  1185 10067
  1186 10067
  1187 10067
  1188 10067
  1189 10067
  1190 10067
  1191 10067
  1192 10067
  1193 10067
  1194 10067
  1195 10067
  1196 10067
  1197 10067
  1198 10067
  1199 10067
  1200 10067
  1201 10067
  1202 10067
  1203 10067
  1204 10067
  1205 10067
  1206 10067
  1207 10067
  1208 10067
  1209 10067
  1210 10067
  1211 10067
  1212 10067
  1213 10067
  1214 10067
  1215 10067
  1216 10067
  1217 10067
  1218 10067
  1219 10067
  1220 10067
  1221 10067
  1222 10067
  1223 10067
  1224 10067
  1225 10067
  1226 10067
  1227 10067
  1228 10067
  1229 10067
  1230 10067
  1231 10067
  1232 10067
  1233 10067
  1234 10067
  1235 10067
  1236 10067
  1237 10067
  1238 10067
  1239 10067
  1240 10067
  1241 10067
  1242 10067
  1243 10067
  1244 10067
  1245 10067
  1246 10067
  1247 10067
  1248 10067
  1249 10067
  1250 10163
  1251 10067
  1252 10067
  1253 10067
  1254 10067
  1256 10067
  1257 10067
  1263 10004
  1264 10004
  1265 10004
  1295 10093
  1296 10093
  1297 10093
  1358 10004
  1359 10004
  1360 10004
  1361 10055
  1362 10055
  1363 10055
  1364 10055
  1365 10055
  1367 10050
  1368 10141
  1369 10061
  1370 10169
  1371 10169
  1372 10169
  1373 10169
  1375 10067
  1376 10067
  1377 10067
  1378 10071
  1379 10080
  1387 10067
  1388 10067
  1389 10067
  1390 10067
  1391 10067
  1395 10067
  1396 10067
  1397 10067
  1398 10067
  1399 10067
  1400 10067
  1401 10067
  1402 10067
  1403 10067
  1404 10067
  1405 10067
  1406 10067
  1407 10067
  1408 10067
  1409 10067
  1410 10067
  1411 10067
  1412 10067
  1413 10067
  1414 10067
  1415 10067
  1416 10067
  1417 10067
  1418 10067
  1419 10067
  1420 10067
  1421 10067
  1422 10067
  1423 10067
  1424 10067
  1425 10067
  1426 10067
  1427 10067
  1428 10067
  1429 10067
  1430 10067
  1431 10067
  1432 10067
  1433 10067
  1434 10067
  1435 10067
  1436 10067
  1437 10067
  1438 10067
  1439 10067
  1440 10067
  1441 10067
  1442 10067
  1443 10067
  1444 10067
  1445 10067
  1446 10067
  1447 10067
  1448 10067
  1449 10067
  1450 10067
  1451 10067
  1452 10067
  1453 10067
  1454 10067
  1455 10067
  1456 10067
  1457 10067
  1458 10067
  1459 10067
  1460 10067
  1461 10067
  1462 10067
  1463 10067
  1464 10067
  1465 10067
  1466 10067
  1467 10067
  1468 10067
  1469 10067
  1470 10067
  1471 10067
  1472 10067
  1473 10067
  1474 10067
  1475 10067
  1476 10067
  1477 10067
  1478 10067
  1479 10067
  1480 10067
  1481 10067
  1482 10067
  1483 10067
  1484 10067
  1485 10067
  1486 10067
  1487 10067
  1488 10067
  1489 10067
  1490 10067
  1491 10067
  1492 10067
  1493 10067
  1494 10067
  1495 10067
  1496 10067
  1497 10067
  1498 10067
  1499 10067
  1500 10067
  1501 10067
  1502 10067
  1503 10067
  1504 10067
  1505 10067
  1506 10067
  1507 10067
  1508 10067
  1509 10067
  1510 10067
  1511 10067
  1512 10067
  1513 10067
  1514 10067
  1515 10067
  1516 10067
  1517 10067
  1518 10067
  1519 10067
  1520 10067
  1521 10067
  1522 10067
  1523 10067
  1524 10067
  1525 10067
  1526 10067
  1527 10067
  1528 10067
  1529 10067
  1530 10067
  1531 10067
  1532 10067
  1533 10067
  1534 10067
  1535 10067
  1536 10067
  1537 10067
  1538 10067
  1539 10067
  1540 10067
  1541 10067
  1542 10067
  1543 10067
  1544 10067
  1545 10067
  1546 10067
  1547 10067
  1548 10067
  1549 10067
  1550 10067
  1551 10067
  1552 10067
  1553 10067
  1554 10067
  1555 10067
  1556 10067
  1557 10067
  1558 10067
  1559 10067
  1560 10067
  1561 10067
  1562 10067
  1563 10067
  1564 10067
  1565 10067
  1566 10067
  1567 10067
  1568 10067
  1569 10067
  1570 10067
  1571 10067
  1572 10067
  1573 10067
  1574 10067
  1575 10067
  1576 10067
  1577 10067
  1578 10067
  1579 10067
  1580 10067
  1581 10067
  1582 10067
  1583 10067
  1584 10067
  1585 10067
  1586 10067
  1587 10067
  1588 10067
  1589 10067
  1590 10067
  1591 10067
  1592 10067
  1593 10067
  1594 10067
  1595 10067
  1596 10067
  1597 10067
  1598 10067
  1599 10067
  1600 10067
  1601 10067
  1602 10067
  1603 10067
  1604 10067
  1605 10067
  1606 10067
  1607 10067
  1608 10067
  1609 10067
  1610 10067
  1611 10067
  1612 10067
  1613 10067
  1614 10067
  1615 10067
  1616 10067
  1617 10067
  1618 10067
  1619 10067
  1620 10067
  1621 10163
  1622 10163
  1623 10163
  1624 10163
  1626 10067
  1629 10067
  1630 10067
  1631 10067
  1632 10067
  1633 10067
  1634 10067
  1635 10067
  1636 10067
  1637 10067
  1638 10067
  1639 10067
  1640 10067
  1641 10067
  1642 10067
  1643 10067
  1644 10067
  1645 10067
  1646 10067
  1647 10067
  1648 10067
  1649 10067
  1650 10067
  1651 10067
  1652 10067
  1653 10067
  1654 10067
  1655 10067
  1656 10067
  1657 10067
  1658 10067
  1659 10067
  1660 10067
  1661 10067
  1662 10067
  1663 10067
  1664 10067
  1665 10067
  1666 10067
  1667 10067
  1668 10067
  1669 10067
  1670 10067
  1671 10067
  1672 10067
  1673 10067
  1674 10067
  1675 10067
  1676 10067
  1677 10067
  1678 10067
  1679 10067
  1680 10067
  1681 10067
  1682 10067
  1683 10067
  1684 10067
  1685 10067
  1686 10067
  1687 10067
  1688 10067
  1689 10067
  1690 10067
  1691 10067
  1692 10067
  1693 10067
  1694 10067
  1695 10067
  1696 10067
  1697 10067
  1698 10067
  1699 10067
  1700 10067
  1701 10067
  1702 10067
  1703 10067
  1704 10067
  1705 10067
  1706 10067
  1707 10067
  1708 10067
  1709 10067
  1710 10067
  1711 10067
  1712 10067
  1713 10067
  1714 10067
  1715 10067
  1716 10067
  1717 10067
  1718 10067
  1719 10067
  1720 10067
  1721 10067
  1722 10067
  1723 10067
  1724 10067
  1725 10067
  1726 10067
  1727 10067
  1728 10067
  1729 10067
  1730 10067
  1731 10067
  1732 10067
  1733 10067
  1734 10067
  1735 10067
  1736 10067
  1737 10067
  1738 10067
  1739 10067
  1740 10067
  1741 10067
  1742 10067
  1743 10067
  1744 10067
  1745 10067
  1746 10067
  1747 10067
  1748 10067
  1749 10067
  1750 10067
  1751 10067
  1752 10067
  1753 10067
  1754 10067
  1755 10067
  1756 10067
  1757 10067
  1758 10067
  1759 10067
  1760 10067
  1761 10067
  1762 10067
  1763 10067
  1764 10067
  1765 10067
  1766 10067
  1767 10067
  1768 10067
  1769 10067
  1770 10067
  1771 10067
  1772 10067
  1773 10067
  1774 10067
  1775 10067
  1776 10067
  1777 10067
  1778 10067
  1779 10067
  1780 10067
  1781 10067
  1782 10067
  1783 10067
  1784 10067
  1785 10067
  1786 10067
  1787 10067
  1788 10067
  1789 10067
  1790 10067
  1791 10067
  1792 10067
  1793 10067
  1794 10067
  1795 10067
  1796 10067
  1797 10067
  1798 10067
  1799 10067
  1800 10067
  1801 10067
  1802 10067
  1803 10067
  1804 10067
  1805 10067
  1806 10067
  1807 10067
  1808 10067
  1809 10067
  1810 10067
  1811 10067
  1812 10067
  1813 10067
  1814 10067
  1815 10067
  1816 10067
  1817 10067
  1818 10067
  1819 10067
  1820 10067
  1821 10067
  1822 10067
  1823 10067
  1824 10067
  1825 10067
  1826 10067
  1827 10067
  1828 10067
  1829 10067
  1830 10067
  1831 10067
  1832 10067
  1833 10067
  1834 10067
  1835 10067
  1836 10067
  1837 10067
  1838 10067
  1839 10067
  1840 10067
  1841 10067
  1842 10067
  1843 10067
  1844 10067
  1845 10067
  1846 10067
  1847 10067
  1848 10067
  1849 10067
  1850 10067
  1851 10067
  1852 10067
  1853 10067
  1854 10067
  1855 10067
  1856 10067
  1857 10067
  1858 10067
  1859 10067
  1860 10067
  1861 10067
  1862 10067
  1863 10067
  1864 10067
  1865 10067
  1866 10067
  1867 10067
  1868 10067
  1869 10067
  1870 10067
  1871 10067
  1872 10067
  1873 10067
  1874 10067
  1875 10067
  1876 10067
  1877 10067
  1878 10067
  1879 10067
  1880 10067
  1881 10067
  1882 10067
  1883 10067
  1884 10067
  1885 10067
  1886 10067
  1887 10067
  1888 10067
  1889 10067
  1890 10067
  1891 10067
  1892 10067
  1893 10067
  1894 10067
  1895 10067
  1896 10067
  1897 10067
  1898 10067
  1899 10067
  1900 10067
  1901 10067
  1902 10067
  1903 10067
  1904 10067
  1905 10067
  1906 10067
  1907 10067
  1908 10067
  1909 10067
  1910 10067
  1911 10067
  1912 10067
  1913 10067
  1914 10067
  1915 10067
  1916 10067
  1917 10067
  1918 10067
  1919 10067
  1920 10067
  1921 10067
  1922 10067
  1923 10067
  1924 10067
  1925 10067
  1926 10067
  1927 10067
  1928 10067
  1929 10067
  1930 10067
  1931 10067
  1932 10067
  1933 10067
  1934 10067
  1935 10067
  1936 10067
  1937 10067
  1938 10067
  1939 10067
  1940 10067
  1941 10067
  1942 10067
  1943 10067
  1944 10067
  1945 10067
  1946 10067
  1947 10067
  1948 10067
  1949 10067
  1950 10067
  1951 10067
  1952 10067
  1953 10067
  1954 10067
  1955 10067
  1956 10067
  1957 10067
  1958 10067
  1959 10067
  1960 10067
  1961 10067
  1962 10067
  1963 10067
  1964 10067
  1965 10067
  1966 10067
  1967 10067
  1968 10067
  1969 10067
  1970 10067
  1971 10067
  1972 10067
  1973 10067
  1974 10067
  1975 10067
  1976 10067
  1977 10067
  1978 10067
  1979 10067
  1980 10067
  1981 10067
  1982 10067
  1983 10067
  1984 10067
  1985 10067
  1986 10067
  1987 10067
  1988 10067
  1989 10067
  1990 10067
  1991 10067
  1992 10067
  1993 10067
  1994 10067
  1995 10067
  1996 10067
  1997 10067
  1998 10067
  1999 10067
  2000 10067
  2001 10067
  2002 10067
  2003 10067
  2004 10067
  2005 10067
  2006 10067
  2007 10067
  2008 10067
  2009 10067
  2010 10067
  2011 10067
  2012 10067
  2013 10067
  2014 10067
  2015 10067
  2016 10067
  2017 10067
  2018 10067
  2019 10067
  2020 10067
  2033 10130
  2034 10154
  2035 10154
  2036 10154
  2037 10154
  2038 10154
  2039 10153
  2040 10153
  2041 10153
  2042 10153
  2043 10153
  2044 10153
  2045 10153
  2046 10153
  2047 10153
  2048 10153
  2049 10153
  2050 10153
  2051 10153
  2052 10153
  2053 10153
  2054 10016
  2055 10143
  2056 10143
  2057 10143
  2058 10143
  2059 10143
  2060 10143
  2061 10143
  2062 10143
  2063 10143
  2064 10143
  2065 10143
  2066 10143
  2067 10143
  2068 10143
  2069 10143
  2070 10143
  2071 10016
  2072 10016
  2073 10016
  2074 10016
  2075 10143
  2076 10143
  2077 10143
  2078 10143
  2079 10143
  2080 10143
  2081 10143
  2082 10143
  2083 10143
  2084 10143
  2085 10143
  2086 10016
  2087 10016
  2088 10016
  2089 10016
  2090 10016
  2091 10016
  2092 10016
  2093 10016
  2094 10016
  2095 10016
  2096 10016
  2097 10016
  2098 10016
  2099 10016
  2100 10016
  2101 10143
  2102 10143
  2103 10143
  2104 10143
  2105 10143
  2106 10016
  2107 10016
  2108 10016
  2109 10154
  2110 10154
  2111 10154
  2112 10154
  2113 10154
  2114 10154
  2115 10016
  2116 10016
  2117 10016
  2118 10016
  2119 10016
  2120 10016
  2121 10143
  2122 10143
  2123 10016
  2124 10016
  2125 10016
  2126 10016
  2127 10016
  2128 10016
  2129 10016
  2130 10143
  2131 10143
  2132 10143
  2133 10143
  2134 10143
  2135 10143
  2136 10143
  2137 10016
  2138 10016
  2139 10016
  2140 10016
  2141 10016
  2142 10016
  2143 10016
  2144 10016
  2145 10016
  2146 10016
  2147 10016
  2148 10154
  2149 10154
  2150 10154
  2151 10154
  2152 10016
  2153 10081
  2154 10143
  2155 10143
  2156 10143
  2157 10143
  2158 10143
  2159 10143
  2160 10143
  2161 10143
  2162 10143
  2163 10143
  2164 10143
  2165 10143
  2166 10143
  2167 10143
  2168 10143
  2169 10143
  2170 10143
  2171 10143
  2172 10143
  2173 10143
  2174 10143
  2175 10143
  2176 10143
  2177 10157
  2178 10157
  2179 10157
  2180 10157
  2181 10157
  2182 10157
  2183 10157
  2184 10157
  2185 10157
  2186 10157
  2187 10157
  2188 10157
  2189 10157
  2190 10157
  2191 10157
  2192 10157
  2193 10157
  2194 10081
  2195 10153
  2196 10153
  2197 10153
  2198 10081
  2199 10081
  2200 10081
  2201 10153
  2202 10153
  2203 10153
  2204 10157
  2205 10157
  2206 10157
  2207 10081
  2208 10081
  2209 10153
  2210 10153
  2211 10153
  2212 10081
  2213 10081
  2214 10081
  2215 10081
  2216 10081
  2217 10081
  2218 10081
  2219 10081
  2220 10157
  2221 10157
  2222 10157
  2223 10157
  2224 10157
  2225 10153
  2226 10153
  2227 10157
  2228 10157
  2229 10153
  2230 10153
  2231 10153
  2232 10153
  2233 10153
  2234 10153
  2235 10153
  2236 10153
  2237 10153
  2238 10153
  2239 10153
  2240 10153
  2241 10153
  2242 10153
  2243 10153
  2244 10153
  2245 10153
  2246 10153
  2247 10153
  2248 10153
  2249 10153
  2250 10153
  2251 10153
  2252 10153
  2253 10153
  2254 10153
  2255 10153
  2256 10153
  2257 10153
  2258 10153
  2259 10153
  2260 10153
  2261 10153
  2262 10153
  2263 10153
  2264 10153
  2265 10153
  2266 10153
  2267 10153
  2268 10153
  2269 10153
  2270 10153
  2271 10153
  2272 10153
  2273 10153
  2274 10153
  2275 10153
  2276 10153
  2277 10153
  2278 10153
  2279 10153
  2280 10153
  2281 10153
  2282 10153
  2283 10153
  2284 10153
  2285 10153
  2286 10153
  2287 10153
  2288 10153
  2289 10153
  2290 10153
  2291 10153
  2292 10153
  2293 10153
  2294 10153
  2295 10081
  2296 10081
  2297 10081
  2298 10153
  2299 10153
  2300 10153
  2301 10153
  2302 10153
  2303 10153
  2304 10153
  2305 10153
  2306 10153
  2307 10153
  2308 10153
  2309 10081
  2310 10081
  2311 10157
  2312 10153
  2313 10153
  2314 10153
  2315 10153
  2316 10153
  2317 10153
  2318 10153
  2319 10153
  2320 10153
  2321 10153
  2322 10153
  2323 10153
  2324 10153
  2325 10153
  2326 10153
  2327 10153
  2328 10016
  2329 10016
  2330 10016
  2331 10016
  2332 10154
  2340 10130
  2341 10130
  2342 10130
  2343 10130
  2344 10130
  2345 10130
  2346 10130
  2347 10130
  2348 10130
  2349 10130
  2350 10130
  2351 10130
