   690 10049
   691 10049
   692 10049
   693 10049
   694 10049
   695 10049
   696 10049
   697 10049
   698 10049
   699 10049
   700 10049
   701 10049
   702 10049
   703 10049
   704 10049
   705 10049
   706 10049
   707 10049
   708 10049
   709 10049
   710 10049
   711 10049
   712 10049
   713 10049
   714 10049
   715 10049
   716 10049
   717 10049
   718 10049
   719 10049
   720 10049
   721 10049
   722 10049
   723 10049
   724 10049
   725 10049
   726 10049
   727 10049
   728 10049
   729 10049
   730 10049
   731 10049
   732 10049
   733 10049
   734 10049
   735 10049
   736 10049
   737 10049
   738 10049
   739 10049
   740 10049
   741 10049
   742 10049
   743 10049
   744 10049
   745 10049
   746 10049
   747 10049
   748 10049
   749 10049
   750 10049
   751 10049
   752 10049
   753 10049
   754 10049
   755 10049
   756 10049
   757 10049
   758 10049
   759 10049
   760 10049
   761 10049
   762 10049
   763 10049
   764 10049
   765 10049
   766 10049
   767 10049
   768 10049
   769 10049
   770 10049
   771 10049
   772 10049
   773 10049
   774 10049
   775 10049
   776 10049
   777 10049
   778 10049
   779 10049
   780 10049
   795 10049
   796 10049
   797 10049
   798 10049
   799 10049
   800 10049
   801 10049
   802 10049
   803 10049
   804 10049
   805 10049
   806 10049
   807 10049
   808 10049
   809 10049
   810 10049
   811 10049
   812 10049
   813 10049
   814 10049
   815 10049
   816 10049
   817 10049
   818 10049
   819 10049
   820 10049
   821 10049
   822 10049
   823 10049
   824 10049
   825 10049
   826 10049
   827 10049
   828 10049
   829 10049
   830 10049
   831 10049
   832 10049
   833 10049
   834 10049
   835 10049
   836 10049
   837 10049
   838 10049
   839 10049
   840 10049
   841 10049
   842 10049
   843 10049
   844 10049
   845 10049
   846 10049
   847 10049
   848 10049
   849 10049
   850 10049
   851 10049
   852 10049
   853 10049
   854 10049
   855 10049
   856 10049
   857 10049
   858 10049
   859 10049
   860 10049
   861 10049
   862 10049
   863 10049
   864 10049
   865 10049
   866 10049
   867 10049
   868 10049
   869 10049
   870 10049
   871 10049
   872 10049
   873 10049
   874 10049
   875 10049
   876 10049
   877 10049
   878 10049
   879 10049
   880 10049
   881 10049
   882 10049
   883 10049
   884 10049
   885 10049
   886 10049
   887 10049
   888 10049
   889 10049
   890 10049
   891 10049
   892 10049
   893 10049
   894 10049
   895 10049
   896 10049
   897 10049
   898 10049
   899 10049
   900 10049
   901 10049
   902 10049
   903 10049
   904 10049
   905 10049
   906 10049
   907 10049
   908 10049
   909 10049
   910 10049
   911 10049
   912 10049
   913 10049
   914 10049
   915 10049
   916 10049
   917 10049
   918 10049
   919 10049
   920 10049
   921 10049
   922 10049
   923 10049
   924 10049
   925 10049
   926 10049
   927 10049
   928 10049
   929 10049
   930 10049
   931 10049
   932 10049
   933 10049
   934 10049
   935 10049
   936 10049
   937 10049
   938 10049
   939 10049
   940 10049
   941 10049
   942 10049
   943 10049
   944 10049
   945 10049
   946 10049
   947 10049
   948 10049
   949 10049
   950 10049
   951 10049
   952 10049
   953 10049
   954 10049
   955 10049
   956 10049
   957 10049
   958 10049
   959 10049
   960 10049
   961 10049
   962 10049
   963 10049
   964 10049
   965 10049
   966 10049
   967 10049
   968 10049
   969 10049
   970 10049
   971 10049
   972 10049
   973 10049
   974 10049
   975 10049
   976 10049
   977 10049
   978 10049
   979 10049
   980 10049
   981 10049
   982 10049
   983 10049
   984 10049
   985 10049
   986 10049
   987 10049
   988 10049
   989 10049
   990 10049
   991 10049
   992 10049
   993 10049
   994 10049
   995 10049
   996 10049
   997 10049
   998 10049
   999 10049
  1000 10049
  1001 10049
  1002 10049
  1003 10049
  1004 10049
  1005 10049
  1006 10049
  1007 10049
  1008 10049
  1009 10049
  1010 10049
  1011 10049
  1012 10049
  1013 10049
  1014 10049
  1015 10049
  1016 10049
  1017 10049
  1018 10049
  1019 10049
  1020 10049
  1170 10049
  1171 10049
  1175 10049
  1176 10049
  1177 10049
  1178 10049
  1179 10049
  1180 10049
  1181 10049
  1182 10049
  1183 10049
  1193 10049
  1194 10049
  1195 10049
  1196 10049
  1197 10049
  1198 10049
  1200 10049
  1201 10049
  1202 10049
  1205 10049
  1209 10049
  1213 10049
  1214 10049
  1215 10049
  1220 10049
  1221 10049
  1222 10049
  1223 10049
  1225 10049
  1226 10049
  1227 10049
  1228 10049
  1229 10049
  1230 10049
  1231 10049
  1232 10049
  1233 10049
  1234 10049
  1237 10049
  1240 10049
  1241 10049
  1242 10049
  1243 10049
  1244 10049
  1245 10049
  1246 10049
  1249 10049
  1250 10049
  1252 10049
  1253 10049
  1254 10049
  1255 10049
  1256 10049
  1257 10049
  1258 10049
  1259 10049
  1260 10049
  1261 10049
  1262 10049
  1263 10049
  1264 10049
  1265 10049
  1266 10049
  1267 10049
  1268 10049
  1269 10049
  1270 10049
  1271 10049
  1272 10049
  1273 10049
  1274 10049
  1275 10049
  1276 10049
  1277 10049
  1278 10049
  1279 10049
  1280 10049
  1281 10049
  1282 10049
  1283 10049
  1284 10049
  1285 10049
  1286 10049
  1287 10049
  1288 10049
  1289 10049
  1290 10049
  1291 10049
  1292 10049
  1293 10049
  1294 10049
  1295 10049
  1296 10049
  1297 10049
  1298 10049
  1299 10049
  1300 10049
  1301 10049
  1302 10049
  1303 10049
  1304 10049
  1305 10049
  1306 10049
  1307 10049
  1308 10049
  1309 10049
  1310 10049
  1311 10049
  1312 10049
  1313 10049
  1314 10049
  1315 10049
  1316 10049
  1317 10049
  1318 10049
  1319 10049
  1320 10049
  1321 10049
  1322 10049
  1323 10106
  1324 10049
  1325 10049
  1326 10049
  1327 10049
  1328 10028
  1329 10028
  1330 10028
  1331 10028
  1332 10045
  1333 10045
  1334 10045
  1335 10045
  1337 10049
  1338 10049
  1339 10049
  1340 10049
  1341 10049
  1342 10049
  1343 10049
  1344 10049
  1345 10049
  1346 10045
  1347 10045
  1348 10045
  1349 10045
  1350 10045
  1351 10045
  1352 10045
  1353 10045
  1354 10045
  1355 10045
  1356 10045
  1357 10045
  1358 10045
  1359 10045
  1360 10045
  1361 10045
  1362 10045
  1363 10045
  1364 10045
  1365 10045
  1366 10045
  1367 10045
  1368 10045
  1369 10045
  1370 10045
  1371 10045
  1372 10045
  1373 10045
  1374 10045
  1375 10045
  1376 10045
  1377 10049
  1378 10049
  1379 10049
  1380 10049
  1381 10049
  1382 10049
  1383 10049
  1384 10049
  1385 10049
  1386 10049
  1387 10049
  1388 10049
  1389 10049
  1390 10049
  1391 10049
  1392 10049
  1393 10049
  1394 10049
  1395 10049
  1396 10049
  1397 10049
  1398 10049
  1399 10049
  1400 10049
  1401 10049
  1402 10049
  1403 10049
  1404 10049
  1405 10049
  1406 10049
  1407 10049
  1408 10049
  1409 10049
  1410 10049
  1411 10049
  1412 10049
  1413 10049
  1414 10049
  1415 10049
  1416 10049
  1417 10049
  1418 10049
  1419 10049
  1420 10049
  1421 10049
  1422 10049
  1423 10049
  1424 10049
  1425 10049
  1426 10049
  1427 10049
  1428 10049
  1429 10049
  1430 10049
  1431 10049
  1432 10049
  1433 10049
  1434 10049
  1435 10049
  1436 10049
  1437 10049
  1438 10049
  1439 10049
  1440 10049
  1441 10049
  1442 10049
  1443 10049
  1444 10049
  1445 10049
  1446 10049
  1447 10049
  1448 10049
  1449 10049
  1450 10049
  1451 10049
  1452 10049
  1453 10049
  1454 10049
  1455 10049
  1456 10049
  1457 10049
  1458 10049
  1459 10049
  1460 10049
  1461 10049
  1462 10049
  1463 10049
  1464 10049
  1465 10049
  1466 10049
  1467 10049
  1468 10049
  1469 10049
  1470 10049
  1471 10049
  1472 10049
  1473 10049
  1474 10049
  1475 10049
  1476 10049
  1477 10049
  1478 10049
  1479 10049
  1480 10049
  1481 10049
  1482 10049
  1483 10049
  1484 10049
  1485 10049
  1486 10049
  1487 10049
  1488 10049
  1489 10049
  1490 10049
  1491 10049
  1492 10049
  1493 10049
  1494 10049
  1495 10049
  1496 10049
  1497 10049
  1498 10049
  1499 10049
  1500 10049
  1501 10049
  1502 10049
  1503 10049
  1504 10049
  1505 10049
  1506 10049
  1507 10049
  1508 10049
  1509 10049
  1510 10049
  1511 10049
  1512 10049
  1513 10049
  1514 10049
  1515 10049
  1516 10049
  1517 10049
  1518 10049
  1519 10049
  1520 10049
  1521 10049
  1522 10049
  1523 10049
  1524 10049
  1525 10049
  1526 10049
  1527 10049
  1528 10049
  1529 10049
  1530 10049
  1531 10049
  1532 10049
  1533 10049
  1534 10049
  1535 10049
  1536 10049
  1537 10049
  1538 10049
  1539 10049
  1540 10049
  1541 10049
  1542 10049
  1543 10049
  1544 10049
  1545 10049
  1546 10049
  1547 10049
  1548 10049
  1549 10049
  1550 10049
  1551 10049
  1552 10049
  1553 10049
  1554 10049
  1555 10049
  1556 10049
  1557 10049
  1558 10049
  1559 10049
  1560 10049
  1561 10049
  1562 10049
  1563 10049
  1564 10049
  1565 10049
  1566 10049
  1567 10049
  1568 10049
  1569 10049
  1570 10049
  1571 10049
  1572 10049
  1573 10049
  1574 10049
  1575 10049
  1576 10049
  1577 10049
  1578 10049
  1579 10049
  1580 10049
  1581 10049
  1582 10049
  1583 10049
  1584 10049
  1585 10049
  1586 10049
  1587 10049
  1588 10049
  1589 10049
  1590 10049
  1591 10049
  1592 10049
  1593 10049
  1594 10049
  1595 10049
  1596 10049
  1597 10049
  1598 10049
  1599 10049
  1600 10049
  1601 10049
  1602 10049
  1603 10049
  1604 10049
  1605 10049
  1606 10049
  1607 10049
  1608 10049
  1609 10049
  1610 10049
  1611 10049
  1612 10049
  1613 10049
  1614 10049
  1615 10049
  1616 10049
  1617 10049
  1618 10049
  1619 10049
  1620 10049
  1621 10049
  1622 10049
  1624 10049
  1625 10049
  1626 10049
  1627 10049
  1628 10021
  1629 10049
  1630 10049
  1631 10049
  1632 10049
  1633 10049
  1634 10049
  1635 10049
  1636 10049
  1637 10049
  1638 10049
  1639 10049
  1640 10049
  1641 10049
  1642 10049
  1643 10049
  1644 10049
  1645 10049
  1646 10049
  1647 10049
  1648 10049
  1649 10049
  1650 10049
  1651 10049
  1652 10049
  1653 10049
  1654 10049
  1655 10049
  1656 10049
  1657 10049
  1658 10049
  1659 10049
  1660 10049
  1661 10049
  1662 10049
  1663 10049
  1664 10049
  1665 10049
  1666 10049
  1667 10049
  1668 10049
  1669 10049
  1670 10049
  1671 10049
  1672 10049
  1673 10049
  1674 10049
  1675 10049
  1676 10049
  1677 10049
  1678 10049
  1679 10049
  1680 10049
  1681 10049
  1682 10049
  1683 10049
  1684 10049
  1685 10049
  1686 10049
  1687 10049
  1688 10049
  1689 10049
  1690 10049
  1691 10049
  1692 10049
  1693 10049
  1694 10049
  1695 10049
  1696 10049
  1697 10049
  1698 10049
  1699 10049
  1700 10049
  1701 10049
  1702 10049
  1703 10049
  1704 10049
  1705 10049
  1706 10049
  1707 10049
  1708 10049
  1709 10049
  1710 10049
  1711 10049
  1712 10049
  1713 10049
  1714 10049
  1715 10049
  1716 10049
  1717 10049
  1718 10049
  1719 10049
  1720 10049
  1721 10049
  1722 10049
  1723 10049
  1724 10049
  1725 10049
  1726 10049
  1727 10049
  1728 10049
  1729 10049
  1730 10049
  1731 10049
  1732 10049
  1733 10049
  1734 10049
  1735 10049
  1736 10049
  1737 10049
  1738 10049
  1739 10049
  1740 10049
  1741 10049
  1742 10049
  1743 10049
  1744 10049
  1745 10049
  1746 10049
  1747 10049
  1748 10049
  1749 10049
  1750 10049
  1751 10049
  1752 10049
  1753 10049
  1754 10049
  1755 10049
  1756 10049
  1757 10049
  1758 10049
  1759 10049
  1760 10049
  1761 10049
  1762 10049
  1763 10049
  1764 10049
  1765 10049
  1766 10049
  1767 10049
  1768 10049
  1769 10049
  1770 10049
  1771 10049
  1772 10049
  1773 10049
  1774 10049
  1775 10049
  1776 10049
  1777 10049
  1778 10049
  1779 10049
  1780 10049
  1781 10049
  1782 10049
  1783 10049
  1784 10049
  1785 10049
  1786 10049
  1787 10049
  1788 10049
  1789 10049
  1790 10049
  1791 10049
  1792 10049
  1793 10049
  1794 10049
  1795 10049
  1796 10049
  1797 10049
  1798 10049
  1799 10049
  1800 10049
  1801 10049
  1802 10049
  1803 10049
  1804 10049
  1805 10049
  1806 10049
  1807 10049
  1808 10049
  1809 10049
  1810 10049
  1811 10049
  1812 10049
  1813 10049
  1814 10049
  1815 10049
  1816 10049
  1817 10049
  1818 10049
  1819 10049
  1820 10049
  1821 10049
  1822 10049
  1823 10049
  1824 10049
  1825 10049
  1826 10049
  1827 10049
  1828 10049
  1829 10049
  1830 10049
  1831 10049
  1832 10049
  1833 10049
  1834 10049
  1835 10049
  1836 10049
  1837 10049
  1838 10049
  1839 10049
  1840 10049
  1841 10049
  1842 10049
  1843 10049
  1844 10049
  1845 10049
  1846 10049
  1847 10049
  1848 10049
  1849 10049
  1850 10049
  1851 10049
  1852 10049
  1853 10049
  1854 10049
  1855 10049
  1856 10049
  1857 10049
  1858 10049
  1859 10049
  1860 10034
  1861 10049
  1862 10049
  1863 10049
  1864 10049
  1865 10049
  1866 10049
  1867 10049
  1868 10049
  1869 10049
  1870 10049
  1871 10049
  1872 10049
  1873 10049
  1874 10049
  1875 10049
  1876 10049
  1877 10049
  1878 10049
  1879 10049
  1880 10049
  1881 10049
  1882 10049
  1883 10049
  1884 10049
  1885 10049
  1886 10049
  1887 10049
  1888 10049
  1889 10049
  1890 10049
  1891 10049
  1892 10049
  1893 10049
  1894 10049
  1895 10049
  1896 10049
  1897 10049
  1898 10049
  1899 10049
  1900 10049
  1901 10049
  1902 10049
  1903 10049
  1904 10049
  1905 10049
  1906 10049
  1907 10049
  1908 10049
  1909 10049
  1910 10049
  1911 10049
  1912 10049
  1913 10049
  1914 10049
  1915 10049
  1916 10049
  1917 10049
  1918 10049
  1919 10049
  1920 10049
  1921 10049
  1922 10049
  1923 10049
  1924 10049
  1925 10049
  1926 10049
  1927 10049
  1928 10049
  1929 10049
  1930 10049
  1931 10049
  1932 10049
  1933 10049
  1934 10049
  1935 10049
  1936 10049
  1937 10049
  1938 10049
  1939 10049
  1940 10049
  1941 10049
  1942 10049
  1943 10049
  1944 10049
  1945 10049
  1946 10049
  1947 10049
  1948 10049
  1949 10049
  1950 10049
  1951 10049
  1952 10049
  1953 10049
  1954 10049
  1955 10049
  1956 10049
  1957 10049
  1958 10049
  1959 10049
  1960 10049
  1961 10049
  1962 10049
  1963 10049
  1964 10049
  1965 10049
  1966 10049
  1967 10049
  1968 10049
  1969 10049
  1970 10049
  1971 10049
  1972 10049
  1973 10049
  1974 10049
  1975 10049
  1976 10049
  1977 10049
  1978 10049
  1979 10049
  1980 10049
  1981 10049
  1982 10049
  1983 10049
  1984 10049
  1985 10049
  1986 10049
  1987 10049
  1988 10049
  1989 10049
  1990 10049
  1991 10049
  1992 10049
  1993 10049
  1994 10049
  1995 10049
  1996 10049
  1997 10049
  1998 10049
  1999 10049
  2000 10049
  2001 10049
  2002 10049
  2003 10049
  2004 10049
  2005 10049
  2006 10049
  2007 10049
  2008 10049
  2009 10049
  2010 10049
  2011 10049
  2012 10049
  2013 10049
  2014 10049
  2015 10049
  2016 10049
  2017 10049
  2018 10049
  2019 10049
  2020 10049
  2021 10049
  2022 10049
  2023 10049
  2024 10049
  2025 10049
