   690 10153
   691 10153
   692 10153
   693 10153
   694 10153
   695 10153
   696 10153
   697 10153
   698 10153
   699 10153
   700 10153
   701 10153
   702 10153
   703 10153
   704 10153
   705 10153
   706 10153
   707 10153
   708 10153
   709 10153
   710 10153
   711 10153
   712 10153
   713 10153
   714 10153
   715 10153
   716 10153
   717 10153
   718 10153
   719 10153
   720 10153
   721 10153
   722 10153
   723 10153
   724 10153
   725 10153
   726 10153
   727 10153
   728 10153
   729 10153
   730 10153
   731 10153
   732 10153
   733 10153
   734 10153
   735 10153
   736 10153
   737 10153
   738 10153
   739 10153
   740 10153
   741 10153
   742 10153
   743 10153
   744 10153
   745 10153
   746 10153
   747 10153
   748 10153
   749 10153
   750 10153
   751 10153
   752 10153
   753 10153
   754 10153
   755 10153
   756 10153
   757 10153
   758 10153
   759 10153
   760 10153
   761 10153
   762 10153
   763 10153
   764 10153
   765 10153
   766 10153
   767 10153
   768 10153
   769 10153
   770 10153
   771 10153
   772 10153
   773 10153
   774 10153
   775 10153
   776 10153
   777 10153
   778 10153
   779 10153
   780 10153
   781 10154
   782 10153
   785 10146
   786 10146
   787 10146
   788 10146
   789 10146
   790 10146
   791 10146
   792 10146
   793 10146
   794 10146
   795 10146
   796 10146
   797 10146
   798 10146
   799 10146
   800 10146
   801 10146
   802 10146
   803 10146
   804 10146
   805 10146
   806 10146
   807 10146
   808 10146
   809 10146
   810 10146
   811 10146
   812 10146
   813 10146
   814 10146
   815 10146
   816 10146
   817 10146
   818 10146
   819 10146
   820 10146
   821 10146
   822 10146
   823 10146
   824 10146
   825 10146
   826 10146
   827 10146
   828 10146
   829 10146
   830 10146
   831 10146
   832 10146
   833 10146
   834 10146
   835 10146
   836 10146
   837 10146
   838 10146
   839 10146
   840 10146
   841 10146
   842 10146
   843 10146
   844 10146
   845 10146
   846 10146
   847 10146
   848 10146
   849 10146
   850 10146
   851 10146
   852 10146
   853 10146
   854 10146
   855 10146
   856 10146
   857 10146
   858 10146
   859 10146
   860 10146
   861 10146
   862 10146
   863 10146
   864 10146
   865 10146
   866 10146
   867 10146
   868 10146
   869 10146
   870 10146
   871 10146
   872 10146
   873 10146
   874 10146
   875 10146
   876 10146
   877 10146
   878 10146
   879 10146
   880 10146
   881 10146
   882 10146
   883 10146
   884 10146
   885 10146
   886 10146
   887 10146
   888 10146
   889 10146
   890 10146
   891 10146
   892 10146
   893 10146
   894 10146
   895 10146
   896 10146
   897 10146
   898 10146
   899 10146
   900 10146
   901 10146
   902 10146
   903 10146
   904 10146
   905 10146
   906 10146
   907 10146
   908 10146
   909 10146
   910 10146
   911 10146
   912 10146
   913 10146
   914 10146
   915 10146
   916 10146
   917 10146
   918 10146
   919 10146
   920 10146
   921 10146
   922 10146
   923 10146
   924 10146
   925 10146
   926 10146
   927 10146
   928 10146
   929 10146
   930 10146
   931 10146
   932 10146
   933 10146
   934 10146
   935 10146
   936 10146
   937 10146
   938 10146
   939 10146
   940 10146
   941 10146
   942 10146
   943 10146
   944 10146
   945 10146
   946 10146
   947 10146
   948 10146
   949 10146
   950 10146
   951 10146
   952 10146
   953 10146
   954 10146
   955 10146
   956 10146
   957 10146
   958 10146
   959 10146
   960 10146
   961 10146
   962 10146
   963 10146
   964 10146
   965 10146
   966 10146
   967 10146
   968 10146
   969 10146
   970 10146
   971 10146
   972 10146
   973 10146
   974 10146
   975 10146
   976 10146
   977 10146
   978 10146
   979 10146
   980 10146
   981 10146
   982 10146
   983 10146
   984 10146
   985 10146
   986 10146
   987 10146
   988 10146
   989 10146
   990 10146
   991 10146
   992 10146
   993 10146
   994 10146
   995 10146
   996 10146
   997 10146
   998 10146
   999 10146
  1000 10146
  1001 10146
  1002 10146
  1003 10146
  1004 10146
  1005 10146
  1006 10146
  1007 10146
  1008 10146
  1009 10146
  1010 10146
  1011 10146
  1012 10146
  1013 10146
  1014 10146
  1015 10146
  1016 10146
  1017 10146
  1018 10146
  1019 10146
  1020 10146
  1021 10005
  1022 10122
  1023 10005
  1024 10122
  1025 10005
  1026 10005
  1027 10005
  1028 10005
  1029 10005
  1030 10005
  1031 10005
  1032 10005
  1033 10005
  1034 10005
  1035 10005
  1036 10005
  1037 10005
  1038 10005
  1039 10005
  1040 10005
  1041 10005
  1042 10005
  1043 10005
  1044 10005
  1045 10005
  1046 10005
  1047 10005
  1048 10005
  1049 10005
  1050 10005
  1051 10005
  1052 10005
  1053 10005
  1054 10005
  1055 10005
  1056 10005
  1057 10005
  1058 10005
  1059 10005
  1060 10005
  1061 10005
  1062 10005
  1063 10005
  1064 10005
  1065 10005
  1066 10005
  1067 10005
  1068 10005
  1069 10005
  1070 10005
  1071 10005
  1072 10005
  1073 10005
  1074 10005
  1075 10005
  1076 10005
  1077 10005
  1078 10005
  1079 10005
  1080 10005
  1081 10005
  1082 10005
  1083 10005
  1084 10005
  1085 10005
  1086 10005
  1087 10005
  1088 10005
  1089 10005
  1090 10005
  1091 10005
  1092 10005
  1093 10005
  1094 10005
  1095 10005
  1096 10005
  1097 10005
  1098 10005
  1099 10005
  1100 10005
  1101 10005
  1102 10005
  1103 10005
  1104 10005
  1105 10005
  1106 10005
  1107 10005
  1108 10005
  1109 10005
  1110 10005
  1111 10005
  1112 10005
  1113 10005
  1114 10005
  1115 10005
  1116 10005
  1117 10005
  1118 10005
  1119 10005
  1120 10005
  1121 10005
  1122 10005
  1123 10005
  1124 10005
  1125 10005
  1126 10005
  1127 10005
  1128 10005
  1129 10005
  1130 10005
  1131 10005
  1132 10005
  1133 10005
  1134 10005
  1135 10005
  1136 10005
  1137 10005
  1138 10005
  1139 10005
  1140 10005
  1141 10005
  1142 10005
  1143 10005
  1144 10005
  1145 10005
  1146 10005
  1147 10005
  1148 10005
  1149 10005
  1150 10005
  1151 10005
  1152 10005
  1153 10005
  1154 10005
  1155 10005
  1156 10005
  1157 10005
  1158 10005
  1159 10005
  1160 10005
  1161 10005
  1162 10005
  1163 10005
  1164 10005
  1165 10005
  1166 10005
  1167 10005
  1168 10005
  1169 10005
  1170 10005
  1171 10005
  1172 10005
  1173 10005
  1174 10005
  1175 10005
  1176 10005
  1177 10005
  1178 10005
  1179 10005
  1180 10005
  1181 10005
  1182 10005
  1183 10005
  1184 10005
  1185 10005
  1186 10005
  1187 10005
  1188 10005
  1189 10005
  1190 10005
  1191 10005
  1192 10005
  1193 10005
  1194 10005
  1195 10005
  1196 10005
  1197 10005
  1198 10005
  1199 10005
  1200 10005
  1201 10005
  1202 10005
  1203 10005
  1204 10005
  1205 10005
  1206 10005
  1210 10005
  1211 10005
  1212 10005
  1213 10005
  1214 10005
  1215 10005
  1216 10005
  1217 10005
  1218 10005
  1219 10005
  1220 10005
  1221 10005
  1222 10005
  1223 10005
  1224 10005
  1225 10005
  1226 10005
  1227 10005
  1228 10005
  1229 10005
  1230 10005
  1231 10005
  1232 10005
  1233 10005
  1234 10005
  1235 10005
  1236 10005
  1237 10005
  1238 10005
  1239 10005
  1240 10005
  1241 10005
  1242 10005
  1243 10005
  1244 10005
  1245 10005
  1246 10005
  1247 10005
  1248 10005
  1249 10005
  1250 10005
  1251 10005
  1252 10005
  1253 10005
  1254 10005
  1255 10005
  1261 10018
  1262 10018
  1263 10018
  1264 10018
  1265 10040
  1266 10040
  1267 10040
  1268 10040
  1269 10040
  1270 10040
  1271 10040
  1272 10040
  1273 10040
  1274 10040
  1275 10040
  1276 10040
  1277 10018
  1278 10018
  1279 10040
  1280 10040
  1281 10040
  1282 10040
  1283 10040
  1284 10040
  1285 10040
  1286 10040
  1287 10040
  1288 10040
  1289 10040
  1290 10040
  1291 10040
  1292 10040
  1293 10040
  1294 10040
  1295 10040
  1296 10040
  1297 10040
  1298 10040
  1299 10040
  1300 10040
  1301 10040
  1302 10040
  1303 10040
  1304 10040
  1305 10040
  1306 10018
  1307 10018
  1308 10106
  1309 10040
  1310 10040
  1311 10040
  1312 10040
  1313 10040
  1314 10040
  1315 10040
  1316 10040
  1317 10040
  1318 10040
  1319 10040
  1320 10040
  1321 10040
  1322 10040
  1323 10040
  1324 10040
  1325 10040
  1326 10040
  1327 10040
  1328 10040
  1329 10040
  1330 10040
  1331 10040
  1332 10040
  1333 10040
  1334 10040
  1335 10040
  1336 10040
  1337 10040
  1338 10040
  1339 10040
  1340 10040
  1341 10040
  1342 10040
  1343 10040
  1344 10040
  1345 10040
  1346 10018
  1347 10018
  1348 10055
  1350 10158
  1351 10033
  1352 10033
  1353 10033
  1354 10025
  1355 10025
  1356 10025
  1357 10025
  1358 10025
  1359 10025
  1360 10025
  1361 10025
  1362 10025
  1363 10025
  1364 10025
  1365 10025
  1366 10025
  1367 10033
  1368 10033
  1369 10033
  1370 10044
  1371 10068
  1372 10068
  1373 10068
  1374 10044
  1375 10033
  1376 10044
  1377 10044
  1378 10044
  1379 10044
  1380 10033
  1381 10033
  1382 10044
  1383 10033
  1384 10025
  1385 10025
  1386 10025
  1387 10025
  1388 10025
  1389 10025
  1390 10025
  1391 10025
  1392 10025
  1395 10033
  1396 10033
  1397 10033
  1398 10033
  1399 10033
  1400 10033
  1401 10033
  1402 10033
  1403 10033
  1404 10033
  1405 10033
  1406 10033
  1407 10033
  1408 10033
  1409 10033
  1410 10033
  1411 10033
  1412 10033
  1413 10033
  1414 10033
  1415 10033
  1416 10033
  1417 10033
  1418 10033
  1419 10033
  1420 10033
  1421 10033
  1422 10033
  1423 10033
  1424 10033
  1425 10033
  1426 10033
  1427 10033
  1428 10033
  1429 10033
  1430 10033
  1431 10033
  1432 10033
  1433 10033
  1434 10033
  1435 10033
  1436 10033
  1437 10033
  1438 10033
  1439 10033
  1440 10033
  1441 10033
  1442 10033
  1443 10033
  1444 10033
  1445 10033
  1446 10033
  1447 10033
  1448 10033
  1449 10033
  1450 10033
  1451 10033
  1452 10033
  1453 10033
  1454 10033
  1455 10033
  1456 10033
  1457 10033
  1458 10033
  1459 10033
  1460 10033
  1461 10033
  1462 10033
  1463 10033
  1464 10033
  1465 10033
  1466 10033
  1467 10033
  1468 10033
  1469 10033
  1470 10033
  1471 10033
  1472 10033
  1473 10033
  1474 10033
  1475 10033
  1476 10033
  1477 10033
  1478 10033
  1479 10033
  1480 10033
  1481 10033
  1482 10033
  1483 10033
  1484 10033
  1485 10033
  1486 10033
  1487 10033
  1488 10033
  1489 10033
  1490 10033
  1491 10033
  1492 10033
  1493 10033
  1494 10033
  1495 10033
  1496 10033
  1497 10033
  1498 10033
  1499 10033
  1500 10033
  1501 10033
  1502 10033
  1503 10033
  1504 10033
  1505 10033
  1506 10033
  1507 10033
  1508 10033
  1509 10033
  1510 10033
  1511 10033
  1512 10033
  1513 10033
  1514 10033
  1515 10033
  1516 10033
  1517 10033
  1518 10033
  1519 10033
  1520 10033
  1521 10033
  1522 10033
  1523 10033
  1524 10033
  1525 10033
  1526 10033
  1527 10033
  1528 10033
  1529 10033
  1530 10033
  1531 10033
  1532 10033
  1533 10033
  1534 10033
  1535 10033
  1536 10033
  1537 10033
  1538 10033
  1539 10033
  1540 10033
  1541 10033
  1542 10033
  1543 10033
  1544 10033
  1545 10033
  1546 10033
  1547 10033
  1548 10033
  1549 10033
  1550 10033
  1551 10033
  1552 10033
  1553 10033
  1554 10033
  1555 10033
  1556 10033
  1557 10033
  1558 10033
  1559 10033
  1560 10033
  1561 10033
  1562 10033
  1563 10033
  1564 10033
  1565 10033
  1566 10033
  1567 10033
  1568 10033
  1569 10033
  1570 10033
  1571 10033
  1572 10033
  1573 10033
  1574 10033
  1575 10033
  1576 10033
  1577 10033
  1578 10033
  1579 10033
  1580 10033
  1581 10033
  1582 10033
  1583 10033
  1584 10033
  1585 10033
  1586 10033
  1587 10033
  1588 10033
  1589 10033
  1590 10033
  1591 10033
  1592 10033
  1593 10033
  1594 10033
  1595 10033
  1596 10033
  1597 10033
  1598 10033
  1599 10033
  1600 10033
  1601 10033
  1602 10033
  1603 10033
  1604 10033
  1605 10033
  1606 10033
  1607 10033
  1608 10033
  1609 10033
  1610 10033
  1611 10033
  1612 10033
  1613 10033
  1614 10033
  1615 10033
  1616 10033
  1617 10033
  1618 10033
  1619 10033
  1620 10033
  1622 10025
  1623 10025
  1624 10025
  1625 10025
  1627 10036
  1630 10068
  1631 10068
  1632 10068
  1633 10068
  1634 10068
  1635 10068
  1636 10068
  1637 10068
  1638 10068
  1639 10068
  1640 10068
  1641 10068
  1642 10068
  1643 10068
  1644 10068
  1645 10068
  1646 10068
  1647 10068
  1648 10068
  1649 10068
  1650 10068
  1651 10068
  1652 10068
  1653 10068
  1654 10068
  1655 10068
  1656 10068
  1657 10068
  1658 10068
  1659 10068
  1660 10068
  1661 10068
  1662 10068
  1663 10068
  1664 10068
  1665 10068
  1666 10068
  1667 10068
  1668 10068
  1669 10068
  1670 10068
  1671 10068
  1672 10068
  1673 10068
  1674 10068
  1675 10068
  1676 10068
  1677 10068
  1678 10068
  1679 10068
  1680 10068
  1681 10068
  1682 10068
  1683 10068
  1684 10068
  1685 10068
  1686 10068
  1687 10068
  1688 10068
  1689 10068
  1690 10068
  1691 10068
  1692 10068
  1693 10068
  1694 10068
  1695 10068
  1696 10068
  1697 10068
  1698 10068
  1699 10068
  1700 10068
  1701 10068
  1702 10068
  1703 10068
  1704 10068
  1705 10068
  1706 10068
  1707 10068
  1708 10068
  1709 10068
  1710 10068
  1711 10068
  1712 10068
  1713 10068
  1714 10068
  1715 10068
  1716 10068
  1717 10068
  1718 10068
  1719 10068
  1720 10068
  1721 10068
  1722 10068
  1723 10068
  1724 10068
  1725 10068
  1726 10068
  1727 10068
  1728 10068
  1729 10068
  1730 10068
  1731 10068
  1732 10068
  1733 10068
  1734 10068
  1735 10068
  1736 10068
  1737 10068
  1738 10068
  1739 10068
  1740 10068
  1741 10068
  1742 10068
  1743 10068
  1744 10068
  1745 10068
  1746 10068
  1747 10068
  1748 10068
  1749 10068
  1750 10068
  1751 10068
  1752 10068
  1753 10068
  1754 10068
  1755 10068
  1756 10068
  1757 10068
  1758 10068
  1759 10068
  1760 10068
  1761 10068
  1762 10068
  1763 10068
  1764 10068
  1765 10068
  1766 10068
  1767 10068
  1768 10068
  1769 10068
  1770 10068
  1771 10068
  1772 10068
  1773 10068
  1774 10068
  1775 10068
  1776 10068
  1777 10068
  1778 10068
  1779 10068
  1780 10068
  1781 10068
  1782 10068
  1783 10068
  1784 10068
  1785 10068
  1786 10068
  1787 10068
  1788 10068
  1789 10068
  1790 10068
  1791 10068
  1792 10068
  1793 10068
  1794 10068
  1795 10068
  1796 10068
  1797 10068
  1798 10068
  1799 10068
  1800 10068
  1801 10068
  1802 10068
  1803 10068
  1804 10068
  1805 10068
  1806 10068
  1807 10068
  1808 10068
  1809 10068
  1810 10068
  1811 10068
  1812 10068
  1813 10068
  1814 10068
  1815 10068
  1816 10068
  1817 10068
  1818 10068
  1819 10068
  1820 10068
  1821 10068
  1822 10068
  1823 10068
  1824 10068
  1825 10068
  1826 10068
  1827 10068
  1828 10068
  1829 10068
  1830 10068
  1831 10068
  1832 10068
  1833 10068
  1834 10068
  1835 10068
  1836 10068
  1837 10068
  1838 10068
  1839 10068
  1840 10068
  1841 10068
  1842 10068
  1843 10068
  1844 10068
  1845 10068
  1846 10068
  1847 10068
  1848 10068
  1849 10068
  1850 10068
  1851 10068
  1852 10068
  1853 10068
  1854 10068
  1855 10068
  1856 10101
  1857 10101
  1858 10101
  1859 10068
  1865 10014
  1866 10167
  1867 10167
  1868 10081
  1869 10081
  1870 10081
  1871 10081
  1872 10081
  1873 10081
  1874 10081
  1875 10081
  1876 10081
  1877 10081
  1878 10081
  1879 10081
  1880 10081
  1881 10081
  1882 10081
  1883 10081
  1884 10081
  1885 10081
  1886 10081
  1887 10081
  1888 10081
  1889 10081
  1890 10081
  1891 10081
  1892 10081
  1893 10081
  1894 10081
  1895 10081
  1896 10081
  1897 10081
  1898 10081
  1899 10081
  1900 10081
  1901 10081
  1902 10081
  1903 10081
  1904 10081
  1905 10081
  1906 10081
  1907 10081
  1908 10081
  1909 10081
  1910 10081
  1911 10081
  1912 10081
  1913 10081
  1914 10081
  1915 10081
  1916 10081
  1917 10081
  1918 10081
  1919 10081
  1920 10081
  1921 10081
  1922 10081
  1923 10081
  1924 10081
  1925 10081
  1926 10081
  1927 10081
  1928 10081
  1929 10081
  1930 10081
  1931 10081
  1932 10081
  1933 10081
  1934 10081
  1935 10081
  1936 10081
  1937 10081
  1938 10081
  1939 10081
  1940 10081
  1941 10081
  1942 10081
  1943 10081
  1944 10081
  1945 10081
  1946 10081
  1947 10081
  1948 10081
  1949 10081
  1950 10081
  1951 10081
  1952 10081
  1953 10081
  1954 10081
  1955 10081
  1956 10081
  1957 10081
  1958 10081
  1959 10081
  1960 10081
  1961 10081
  1962 10081
  1963 10081
  1964 10081
  1965 10081
  1966 10081
  1967 10081
  1968 10081
  1969 10081
  1970 10081
  1971 10081
  1972 10081
  1973 10081
  1974 10081
  1975 10081
  1976 10081
  1977 10081
  1978 10081
  1979 10081
  1980 10081
  1981 10081
  1982 10081
  1983 10081
  1984 10081
  1985 10081
  1986 10081
  1987 10081
  1988 10081
  1989 10081
  1990 10081
  1991 10081
  1992 10081
  1993 10081
  1994 10081
  1995 10081
  1996 10081
  1997 10081
  1998 10081
  1999 10081
  2000 10081
  2001 10081
  2002 10081
  2003 10081
  2004 10081
  2005 10081
  2006 10081
  2007 10081
  2008 10081
  2009 10081
  2010 10081
  2011 10081
  2012 10081
  2013 10081
  2014 10081
  2015 10081
  2016 10081
  2017 10081
  2018 10081
  2019 10081
  2020 10081
  2021 10081
  2022 10081
  2023 10154
  2024 10081
  2025 10016
  2026 10143
  2027 10143
  2028 10154
  2029 10154
  2030 10154
