   628 10029
   629 10029
   630 10029
   631 10029
   632 10029
   641 10029
   642 10029
   643 10029
   644 10029
   645 10029
   646 10029
   647 10029
   648 10029
   649 10029
   650 10029
   651 10029
   652 10120
   653 10120
   659 10029
   660 10029
   661 10029
   662 10029
   663 10029
   670 10147
   671 10147
   672 10147
   673 10147
   674 10147
   676 10029
   677 10029
   678 10029
   679 10147
   680 10147
   681 10147
   682 10029
   683 10029
   684 10029
   690 10028
   691 10028
   692 10028
   693 10028
   694 10028
   695 10028
   696 10028
   697 10028
   698 10028
   699 10028
   700 10028
   701 10028
   702 10028
   703 10028
   704 10028
   705 10028
   706 10028
   707 10028
   708 10028
   709 10028
   710 10028
   711 10028
   712 10028
   713 10028
   714 10028
   715 10028
   716 10028
   717 10028
   718 10028
   719 10028
   720 10028
   721 10028
   722 10028
   723 10028
   724 10028
   725 10028
   726 10028
   727 10028
   728 10028
   729 10028
   730 10028
   731 10028
   732 10028
   733 10028
   734 10028
   735 10028
   736 10028
   737 10028
   738 10028
   739 10028
   740 10028
   741 10028
   742 10028
   743 10028
   744 10028
   745 10028
   746 10028
   747 10028
   748 10028
   749 10028
   750 10028
   751 10028
   752 10028
   753 10028
   754 10028
   755 10028
   756 10028
   757 10028
   758 10028
   759 10028
   760 10028
   761 10028
   762 10028
   763 10028
   764 10028
   765 10028
   766 10028
   767 10028
   768 10028
   769 10028
   770 10028
   771 10028
   772 10028
   773 10028
   774 10028
   775 10028
   776 10028
   777 10028
   778 10028
   779 10028
   780 10028
   784 10029
   785 10029
   786 10029
   787 10029
   788 10029
   789 10029
   790 10029
   791 10029
   792 10029
   793 10029
   794 10029
   795 10029
   796 10029
   797 10029
   798 10029
   799 10029
   800 10029
   801 10029
   802 10029
   803 10029
   804 10029
   805 10029
   806 10029
   807 10029
   808 10029
   809 10029
   810 10029
   811 10029
   812 10029
   813 10029
   814 10029
   815 10029
   816 10029
   817 10029
   818 10029
   819 10029
   820 10029
   821 10029
   822 10029
   823 10029
   824 10029
   825 10029
   826 10029
   827 10029
   828 10029
   829 10029
   830 10029
   831 10029
   832 10029
   833 10029
   834 10029
   835 10029
   836 10029
   837 10029
   838 10029
   839 10029
   840 10029
   841 10029
   842 10029
   843 10029
   844 10029
   845 10029
   846 10029
   847 10029
   848 10029
   849 10029
   850 10029
   851 10029
   852 10029
   853 10029
   854 10029
   855 10029
   856 10029
   857 10029
   858 10029
   859 10029
   860 10029
   861 10029
   862 10029
   863 10029
   864 10029
   865 10029
   866 10029
   867 10029
   868 10029
   869 10029
   870 10029
   871 10029
   872 10029
   873 10029
   874 10029
   875 10029
   876 10029
   877 10029
   878 10029
   879 10029
   880 10029
   881 10029
   882 10029
   883 10029
   884 10029
   885 10029
   886 10029
   887 10029
   888 10029
   889 10029
   890 10029
   891 10029
   892 10029
   893 10029
   894 10029
   895 10029
   896 10029
   897 10029
   898 10029
   899 10029
   900 10029
   901 10029
   902 10029
   903 10029
   904 10029
   905 10029
   906 10029
   907 10029
   908 10029
   909 10029
   910 10029
   911 10029
   912 10029
   913 10029
   914 10029
   915 10029
   916 10029
   917 10029
   918 10029
   919 10029
   920 10029
   921 10029
   922 10029
   923 10029
   924 10029
   925 10029
   926 10029
   927 10029
   928 10029
   929 10029
   930 10029
   931 10029
   932 10029
   933 10029
   934 10029
   935 10029
   936 10029
   937 10029
   938 10029
   939 10029
   940 10029
   941 10029
   942 10029
   943 10029
   944 10029
   945 10029
   946 10029
   947 10029
   948 10029
   949 10029
   950 10029
   951 10029
   952 10029
   953 10029
   954 10029
   955 10029
   956 10029
   957 10029
   958 10029
   959 10029
   960 10029
   961 10029
   962 10029
   963 10029
   964 10029
   965 10029
   966 10029
   967 10029
   968 10029
   969 10029
   970 10029
   971 10029
   972 10029
   973 10029
   974 10029
   975 10029
   976 10029
   977 10029
   978 10029
   979 10029
   980 10029
   981 10029
   982 10029
   983 10029
   984 10029
   985 10029
   986 10029
   987 10029
   988 10029
   989 10029
   990 10029
   991 10029
   992 10029
   993 10029
   994 10029
   995 10029
   996 10029
   997 10029
   998 10029
   999 10029
  1000 10029
  1001 10029
  1002 10029
  1003 10029
  1004 10029
  1005 10029
  1006 10029
  1007 10029
  1008 10029
  1009 10029
  1010 10029
  1011 10029
  1012 10029
  1013 10029
  1014 10029
  1015 10029
  1016 10029
  1017 10029
  1018 10029
  1019 10029
  1020 10029
  1021 10113
  1022 10113
  1023 10113
  1024 10113
  1025 10113
  1026 10113
  1027 10113
  1028 10113
  1029 10113
  1030 10113
  1031 10113
  1032 10113
  1033 10113
  1034 10113
  1035 10113
  1036 10113
  1037 10113
  1038 10113
  1039 10113
  1040 10113
  1041 10113
  1042 10113
  1043 10113
  1044 10113
  1045 10113
  1046 10113
  1047 10113
  1048 10113
  1049 10113
  1050 10113
  1051 10113
  1052 10113
  1053 10113
  1054 10113
  1055 10113
  1056 10113
  1057 10113
  1058 10113
  1059 10113
  1060 10113
  1061 10113
  1062 10113
  1063 10113
  1064 10113
  1065 10113
  1066 10113
  1067 10113
  1068 10113
  1069 10113
  1070 10113
  1071 10113
  1072 10113
  1073 10113
  1074 10113
  1075 10113
  1076 10113
  1077 10113
  1078 10113
  1079 10113
  1080 10113
  1081 10113
  1082 10113
  1083 10113
  1084 10113
  1085 10113
  1086 10113
  1087 10113
  1088 10113
  1089 10113
  1090 10113
  1091 10113
  1092 10113
  1093 10113
  1094 10113
  1095 10113
  1096 10113
  1097 10113
  1098 10113
  1099 10113
  1100 10113
  1101 10113
  1102 10113
  1103 10113
  1104 10113
  1105 10113
  1106 10113
  1107 10113
  1108 10113
  1109 10113
  1110 10113
  1111 10113
  1112 10113
  1113 10113
  1114 10113
  1115 10113
  1116 10113
  1117 10113
  1118 10113
  1119 10113
  1120 10113
  1121 10113
  1122 10113
  1123 10113
  1124 10113
  1125 10113
  1126 10113
  1127 10113
  1128 10113
  1129 10113
  1130 10113
  1131 10113
  1132 10113
  1133 10113
  1134 10113
  1135 10113
  1136 10113
  1137 10113
  1138 10113
  1139 10113
  1140 10113
  1141 10113
  1142 10113
  1143 10113
  1144 10113
  1145 10113
  1146 10113
  1147 10113
  1148 10113
  1149 10113
  1150 10113
  1151 10113
  1152 10113
  1153 10113
  1154 10113
  1155 10113
  1156 10113
  1157 10113
  1158 10113
  1159 10113
  1160 10113
  1161 10113
  1162 10113
  1163 10113
  1164 10113
  1165 10113
  1166 10113
  1167 10113
  1168 10113
  1169 10113
  1170 10113
  1171 10113
  1172 10113
  1173 10113
  1174 10113
  1175 10113
  1176 10113
  1177 10113
  1178 10113
  1179 10113
  1180 10113
  1181 10113
  1182 10113
  1183 10113
  1184 10113
  1185 10113
  1186 10113
  1187 10113
  1188 10113
  1189 10113
  1190 10113
  1191 10113
  1192 10113
  1193 10113
  1194 10113
  1195 10113
  1196 10113
  1197 10113
  1198 10113
  1199 10113
  1200 10113
  1201 10113
  1202 10113
  1203 10113
  1204 10113
  1205 10113
  1206 10113
  1207 10113
  1208 10113
  1209 10113
  1210 10113
  1211 10113
  1212 10113
  1213 10113
  1214 10113
  1215 10113
  1216 10113
  1217 10113
  1218 10113
  1219 10113
  1220 10113
  1221 10113
  1222 10113
  1223 10113
  1224 10113
  1225 10113
  1226 10113
  1227 10113
  1228 10113
  1229 10113
  1230 10113
  1231 10113
  1232 10113
  1233 10113
  1234 10113
  1235 10113
  1236 10113
  1237 10113
  1238 10113
  1239 10113
  1240 10113
  1241 10113
  1242 10113
  1243 10113
  1244 10113
  1245 10113
  1246 10113
  1247 10113
  1248 10113
  1249 10113
  1250 10113
  1251 10113
  1252 10113
  1253 10113
  1254 10113
  1255 10113
  1256 10113
  1257 10113
  1258 10113
  1259 10113
  1260 10113
  1261 10113
  1262 10113
  1263 10113
  1264 10113
  1265 10113
  1266 10113
  1267 10113
  1268 10113
  1269 10113
  1270 10023
  1271 10113
  1272 10081
  1273 10081
  1274 10081
  1395 10081
  1396 10081
  1397 10081
  1398 10081
  1399 10081
  1400 10081
  1401 10081
  1402 10081
  1403 10081
  1404 10081
  1405 10081
  1406 10081
  1407 10081
  1408 10081
  1409 10081
  1410 10081
  1411 10081
  1412 10081
  1413 10081
  1414 10081
  1415 10081
  1416 10081
  1417 10081
  1418 10081
  1419 10081
  1420 10081
  1421 10081
  1422 10081
  1423 10023
  1424 10081
  1425 10081
  1426 10023
  1427 10081
  1435 10147
  1436 10081
  1437 10081
  1438 10081
  1439 10081
  1440 10081
  1441 10081
  1442 10081
  1443 10081
  1444 10081
  1445 10081
  1446 10081
  1447 10081
  1448 10081
  1449 10081
  1450 10081
  1451 10081
  1452 10081
  1453 10081
  1454 10081
  1455 10081
  1456 10081
  1457 10081
  1458 10081
  1459 10081
  1460 10081
  1461 10081
  1462 10081
  1463 10081
  1464 10081
  1465 10081
  1466 10081
  1467 10081
  1468 10081
  1469 10081
  1470 10081
  1471 10081
  1472 10081
  1473 10081
  1474 10081
  1475 10081
  1476 10081
  1477 10081
  1478 10081
  1479 10081
  1480 10081
  1481 10081
  1482 10081
  1483 10081
  1484 10081
  1485 10081
  1486 10081
  1487 10081
  1488 10081
  1489 10081
  1490 10081
  1491 10081
  1492 10081
  1493 10081
  1494 10081
  1495 10081
  1496 10081
  1509 10023
  1510 10023
  1511 10023
  1512 10023
  1513 10023
  1514 10055
  1515 10055
  1517 10055
  1518 10055
  1519 10055
  1520 10055
  1521 10055
  1522 10055
  1523 10055
  1524 10055
  1525 10055
  1526 10055
  1527 10055
  1528 10055
  1529 10055
  1530 10055
  1531 10055
  1532 10106
  1533 10040
  1534 10018
  1535 10018
  1536 10018
  1537 10018
  1538 10018
  1539 10018
  1540 10018
  1541 10018
  1542 10018
  1543 10010
  1544 10010
  1545 10010
  1546 10010
  1547 10010
  1548 10010
  1549 10010
  1550 10010
  1551 10010
  1552 10010
  1560 10010
  1561 10010
  1562 10010
  1563 10010
  1564 10010
  1565 10010
  1566 10010
  1567 10010
  1568 10010
  1569 10010
  1570 10010
  1571 10010
  1572 10010
  1573 10010
  1574 10010
  1575 10010
  1576 10158
  1577 10010
  1578 10010
  1581 10010
  1583 10010
  1584 10010
  1585 10010
  1594 10010
  1595 10010
  1596 10010
  1597 10010
  1601 10010
  1602 10010
  1603 10010
  1604 10010
  1605 10010
  1606 10010
  1607 10010
  1608 10010
  1609 10010
  1610 10010
  1611 10010
  1612 10010
  1613 10158
  1614 10158
  1615 10055
  1616 10055
  1617 10055
  1618 10106
  1619 10106
  1620 10106
  1628 10118
  1629 10118
  1630 10118
  1631 10118
  1632 10118
  1633 10118
  1634 10118
  1635 10118
  1636 10118
  1637 10118
  1638 10118
  1639 10118
  1640 10118
  1641 10118
  1642 10118
  1643 10118
  1644 10118
  1645 10118
  1646 10118
  1647 10118
  1648 10118
  1649 10118
  1650 10118
  1651 10118
  1652 10118
  1653 10118
  1654 10118
  1655 10118
  1656 10118
  1657 10118
  1658 10118
  1659 10118
  1660 10118
  1661 10118
  1662 10118
  1663 10118
  1664 10118
  1665 10118
  1666 10118
  1667 10118
  1668 10118
  1669 10118
  1670 10118
  1671 10118
  1672 10118
  1673 10118
  1674 10118
  1675 10118
  1676 10118
  1677 10118
  1678 10118
  1679 10118
  1680 10118
  1681 10118
  1682 10118
  1683 10118
  1684 10118
  1685 10118
  1686 10118
  1687 10118
  1688 10118
  1689 10118
  1690 10118
  1691 10118
  1692 10118
  1693 10118
  1694 10118
  1695 10118
  1696 10118
  1697 10118
  1698 10118
  1699 10118
  1700 10118
  1701 10118
  1702 10118
  1703 10118
  1704 10118
  1705 10118
  1706 10118
  1707 10118
  1708 10118
  1709 10118
  1710 10118
  1711 10118
  1712 10118
  1713 10118
  1714 10118
  1715 10118
  1716 10118
  1717 10118
  1718 10118
  1719 10118
  1720 10118
  1721 10118
  1722 10118
  1723 10118
  1724 10118
  1725 10118
  1726 10118
  1727 10118
  1728 10118
  1729 10118
  1730 10118
  1731 10118
  1732 10118
  1733 10118
  1734 10118
  1735 10118
  1736 10118
  1737 10118
  1738 10118
  1739 10118
  1740 10118
  1741 10118
  1742 10118
  1743 10118
  1744 10118
  1745 10118
  1746 10118
  1747 10118
  1748 10118
  1749 10118
  1750 10118
  1751 10118
  1752 10118
  1753 10118
  1754 10118
  1755 10118
  1756 10118
  1757 10118
  1758 10118
  1759 10118
  1760 10118
  1761 10118
  1762 10118
  1763 10118
  1764 10118
  1765 10118
  1766 10118
  1767 10118
  1768 10118
  1769 10118
  1770 10118
  1771 10118
  1772 10118
  1773 10118
  1774 10118
  1775 10118
  1776 10118
  1777 10118
  1778 10118
  1779 10118
  1780 10118
  1781 10118
  1782 10118
  1783 10118
  1784 10118
  1785 10118
  1786 10118
  1787 10118
  1788 10118
  1789 10118
  1790 10118
  1791 10118
  1792 10118
  1793 10118
  1794 10118
  1795 10118
  1796 10118
  1797 10118
  1798 10118
  1799 10118
  1800 10118
  1801 10118
  1802 10118
  1803 10118
  1804 10118
  1805 10118
  1806 10118
  1807 10118
  1808 10118
  1809 10118
  1810 10118
  1811 10118
  1812 10118
  1813 10118
  1814 10118
  1815 10118
  1816 10118
  1817 10118
  1818 10118
  1819 10118
  1820 10118
  1821 10118
  1822 10118
  1823 10118
  1824 10118
  1825 10118
  1826 10118
  1827 10118
  1828 10118
  1829 10118
  1830 10118
  1831 10118
  1832 10118
  1833 10118
  1834 10118
  1835 10118
  1836 10118
  1837 10118
  1838 10118
  1839 10118
  1840 10118
  1841 10118
  1842 10118
  1843 10118
  1844 10118
  1845 10118
  1846 10118
  1847 10118
  1848 10118
  1849 10118
  1850 10118
  1851 10118
  1852 10118
  1853 10118
  1854 10118
  1855 10118
  1856 10118
  1857 10118
  1858 10118
  1859 10118
  1860 10118
  1861 10118
  1862 10118
  1863 10118
  1864 10118
  1865 10118
  1866 10118
  1867 10118
  1868 10118
  1869 10118
  1870 10134
  1871 10134
  1872 10134
  1873 10134
  1874 10134
  1875 10134
  1876 10134
  1877 10134
  1878 10134
  1879 10134
  1880 10134
  1881 10134
  1882 10134
  1883 10134
  1884 10134
  1885 10134
  1886 10134
  1887 10134
  1888 10134
  1889 10134
  1890 10134
  1891 10134
  1892 10134
  1893 10134
  1894 10134
  1895 10134
  1896 10134
  1897 10134
  1898 10134
  1899 10134
  1900 10134
  1901 10134
  1902 10134
  1903 10134
  1904 10134
  1905 10134
  1906 10134
  1907 10134
  1908 10134
  1909 10134
  1910 10134
  1911 10134
  1912 10134
  1913 10134
  1914 10134
  1915 10134
  1916 10134
  1917 10134
  1918 10134
  1919 10134
  1920 10134
  1921 10134
  1922 10134
  1923 10134
  1924 10134
  1925 10134
  1926 10134
  1927 10134
  1928 10134
  1929 10134
  1930 10134
  1931 10134
  1932 10134
  1933 10134
  1934 10134
  1935 10134
  1936 10134
  1937 10134
  1938 10134
  1939 10134
  1940 10134
  1941 10134
  1942 10134
  1943 10134
  1944 10134
  1945 10134
  1946 10134
  1947 10134
  1948 10134
  1949 10134
  1950 10134
  1951 10134
  1952 10134
  1953 10134
  1954 10134
  1955 10134
  1956 10134
  1957 10134
  1958 10134
  1959 10134
  1960 10134
  1961 10134
  1962 10134
  1963 10134
  1964 10134
  1965 10134
  1966 10134
  1967 10134
  1968 10134
  1969 10134
  1970 10134
  1971 10134
  1972 10134
  1973 10134
  1974 10134
  1975 10134
  1976 10134
  1977 10134
  1978 10134
  1979 10134
  1980 10134
  1981 10134
  1982 10134
  1983 10134
  1984 10134
  1985 10134
  1986 10134
  1987 10134
  1988 10134
  1989 10134
  1990 10134
  1991 10134
  1992 10134
  1993 10134
  1994 10134
  1995 10134
  1996 10134
  1997 10134
  1998 10134
  1999 10134
  2000 10134
  2001 10134
  2002 10134
  2003 10134
  2004 10134
  2005 10134
  2006 10134
  2007 10134
  2008 10134
  2009 10134
  2010 10134
  2011 10134
  2012 10134
  2013 10134
  2014 10134
  2015 10134
  2016 10134
  2017 10134
  2018 10134
  2019 10134
  2020 10134
  2021 10061
  2022 10061
  2023 10061
  2024 10061
  2025 10061
  2026 10028
  2027 10028
  2029 10028
