   690 10065
   691 10065
   692 10065
   693 10065
   694 10065
   695 10065
   696 10065
   697 10065
   698 10065
   699 10065
   700 10065
   701 10065
   702 10065
   703 10065
   704 10065
   705 10065
   706 10065
   707 10065
   708 10065
   709 10065
   710 10065
   711 10065
   712 10065
   713 10065
   714 10065
   715 10065
   716 10065
   717 10065
   718 10065
   719 10065
   720 10065
   721 10065
   722 10065
   723 10065
   724 10065
   725 10065
   726 10065
   727 10065
   728 10065
   729 10065
   730 10065
   731 10065
   732 10065
   733 10065
   734 10065
   735 10065
   736 10065
   737 10065
   738 10065
   739 10065
   740 10065
   741 10065
   742 10065
   743 10065
   744 10065
   745 10065
   746 10065
   747 10065
   748 10065
   749 10065
   750 10065
   751 10065
   752 10065
   753 10065
   754 10065
   755 10065
   756 10065
   757 10065
   758 10065
   759 10065
   760 10065
   761 10065
   762 10065
   763 10065
   764 10065
   765 10065
   766 10065
   767 10065
   768 10065
   769 10065
   770 10065
   771 10065
   772 10065
   773 10065
   774 10065
   775 10065
   776 10065
   777 10065
   778 10065
   779 10065
   780 10065
   781 10101
   783 10101
   785 10151
   786 10151
   787 10151
   788 10151
   789 10151
   790 10034
   791 10034
   792 10034
   793 10034
   794 10034
   795 10151
   796 10151
   797 10151
   798 10151
   799 10151
   800 10151
   801 10151
   802 10151
   803 10151
   804 10151
   805 10151
   806 10151
   807 10151
   808 10151
   809 10151
   810 10151
   811 10151
   812 10151
   813 10151
   814 10151
   815 10151
   816 10151
   817 10151
   818 10151
   819 10151
   820 10151
   821 10151
   822 10151
   823 10151
   824 10151
   825 10151
   826 10151
   827 10151
   828 10151
   829 10151
   830 10151
   831 10151
   832 10151
   833 10151
   834 10151
   835 10151
   836 10151
   837 10151
   838 10151
   839 10151
   840 10151
   841 10151
   842 10151
   843 10151
   844 10151
   845 10151
   846 10151
   847 10151
   848 10151
   849 10151
   850 10151
   851 10151
   852 10151
   853 10151
   854 10151
   855 10151
   856 10151
   857 10151
   858 10151
   859 10151
   860 10151
   861 10151
   862 10151
   863 10151
   864 10151
   865 10151
   866 10151
   867 10151
   868 10151
   869 10151
   870 10151
   871 10151
   872 10151
   873 10151
   874 10151
   875 10151
   876 10151
   877 10151
   878 10151
   879 10151
   880 10151
   881 10151
   882 10151
   883 10151
   884 10151
   885 10151
   886 10151
   887 10151
   888 10151
   889 10151
   890 10151
   891 10151
   892 10151
   893 10151
   894 10151
   895 10151
   896 10151
   897 10151
   898 10151
   899 10151
   900 10151
   901 10151
   902 10151
   903 10151
   904 10151
   905 10151
   906 10151
   907 10151
   908 10151
   909 10151
   910 10151
   911 10151
   912 10151
   913 10151
   914 10151
   915 10151
   916 10151
   917 10151
   918 10151
   919 10151
   920 10151
   921 10151
   922 10151
   923 10151
   924 10151
   925 10151
   926 10151
   927 10151
   928 10151
   929 10151
   930 10151
   931 10151
   932 10151
   933 10151
   934 10151
   935 10151
   936 10151
   937 10151
   938 10151
   939 10151
   940 10151
   941 10151
   942 10151
   943 10151
   944 10151
   945 10151
   946 10151
   947 10151
   948 10151
   949 10151
   950 10151
   951 10151
   952 10151
   953 10151
   954 10151
   955 10151
   956 10151
   957 10151
   958 10151
   959 10151
   960 10151
   961 10151
   962 10151
   963 10151
   964 10151
   965 10151
   966 10151
   967 10151
   968 10151
   969 10151
   970 10151
   971 10151
   972 10151
   973 10151
   974 10151
   975 10151
   976 10151
   977 10151
   978 10151
   979 10151
   980 10151
   981 10151
   982 10151
   983 10151
   984 10151
   985 10151
   986 10151
   987 10151
   988 10151
   989 10151
   990 10151
   991 10151
   992 10151
   993 10151
   994 10151
   995 10151
   996 10151
   997 10151
   998 10151
   999 10151
  1000 10151
  1001 10151
  1002 10151
  1003 10151
  1004 10151
  1005 10151
  1006 10151
  1007 10151
  1008 10151
  1009 10151
  1010 10151
  1011 10151
  1012 10151
  1013 10151
  1014 10151
  1015 10151
  1016 10151
  1017 10151
  1018 10151
  1019 10151
  1020 10151
  1021 10101
  1022 10101
  1023 10101
  1024 10101
  1025 10128
  1026 10128
  1027 10007
  1028 10007
  1029 10007
  1030 10007
  1031 10007
  1032 10128
  1033 10128
  1034 10128
  1035 10128
  1036 10128
  1037 10128
  1038 10128
  1039 10128
  1040 10128
  1041 10128
  1042 10128
  1043 10128
  1044 10128
  1045 10128
  1046 10128
  1047 10128
  1048 10128
  1049 10128
  1050 10128
  1051 10128
  1052 10128
  1053 10128
  1054 10128
  1055 10128
  1056 10128
  1057 10128
  1058 10128
  1059 10128
  1060 10128
  1061 10128
  1062 10128
  1063 10128
  1064 10128
  1065 10128
  1066 10128
  1067 10128
  1068 10128
  1069 10128
  1070 10128
  1071 10128
  1072 10128
  1073 10128
  1074 10128
  1075 10128
  1076 10128
  1077 10128
  1078 10128
  1079 10128
  1080 10128
  1081 10128
  1082 10128
  1083 10128
  1084 10128
  1085 10128
  1086 10128
  1087 10128
  1088 10128
  1089 10128
  1090 10128
  1091 10128
  1092 10128
  1093 10128
  1094 10128
  1095 10128
  1096 10128
  1097 10128
  1098 10128
  1099 10128
  1100 10128
  1101 10128
  1102 10128
  1103 10128
  1104 10128
  1105 10128
  1106 10128
  1107 10128
  1108 10128
  1109 10128
  1110 10128
  1111 10128
  1112 10128
  1113 10128
  1114 10128
  1115 10128
  1116 10128
  1117 10128
  1118 10128
  1119 10128
  1120 10128
  1121 10128
  1122 10128
  1123 10128
  1124 10128
  1125 10128
  1126 10128
  1127 10128
  1128 10128
  1129 10128
  1130 10128
  1131 10128
  1132 10128
  1133 10128
  1134 10128
  1135 10128
  1136 10128
  1137 10128
  1138 10128
  1139 10128
  1140 10128
  1141 10128
  1142 10128
  1143 10128
  1144 10128
  1145 10128
  1146 10128
  1147 10128
  1148 10128
  1149 10128
  1150 10128
  1151 10128
  1152 10128
  1153 10128
  1154 10128
  1155 10128
  1156 10128
  1157 10128
  1158 10128
  1159 10128
  1160 10128
  1161 10128
  1162 10128
  1163 10128
  1164 10128
  1165 10128
  1166 10128
  1167 10128
  1168 10128
  1169 10128
  1170 10128
  1171 10128
  1172 10128
  1173 10128
  1174 10128
  1175 10128
  1176 10128
  1177 10128
  1178 10128
  1179 10128
  1180 10128
  1181 10128
  1182 10128
  1183 10128
  1184 10128
  1185 10128
  1186 10128
  1187 10128
  1188 10128
  1189 10128
  1190 10128
  1191 10128
  1192 10128
  1193 10128
  1194 10128
  1195 10128
  1196 10128
  1197 10128
  1198 10128
  1199 10128
  1200 10128
  1201 10128
  1202 10128
  1203 10128
  1204 10128
  1205 10128
  1206 10128
  1207 10128
  1208 10128
  1209 10128
  1210 10128
  1211 10128
  1212 10128
  1213 10128
  1214 10128
  1215 10128
  1216 10128
  1217 10128
  1218 10128
  1219 10128
  1220 10128
  1221 10128
  1222 10128
  1223 10128
  1224 10128
  1225 10128
  1226 10128
  1227 10128
  1228 10128
  1229 10128
  1230 10128
  1231 10128
  1232 10128
  1233 10128
  1234 10128
  1235 10128
  1236 10128
  1237 10128
  1238 10128
  1239 10128
  1240 10128
  1241 10128
  1242 10128
  1243 10128
  1244 10128
  1245 10128
  1246 10128
  1247 10128
  1248 10128
  1249 10128
  1250 10128
  1251 10128
  1252 10128
  1253 10128
  1254 10128
  1255 10128
  1256 10128
  1257 10128
  1258 10007
  1259 10007
  1260 10007
  1261 10007
  1262 10007
  1263 10101
  1264 10101
  1265 10101
  1269 10083
  1270 10083
  1271 10083
  1272 10083
  1273 10083
  1274 10083
  1275 10083
  1276 10083
  1277 10083
  1278 10083
  1279 10083
  1280 10083
  1281 10083
  1282 10083
  1283 10083
  1284 10083
  1285 10083
  1286 10083
  1287 10083
  1288 10083
  1289 10083
  1290 10083
  1291 10083
  1292 10083
  1293 10083
  1294 10083
  1295 10083
  1296 10083
  1297 10083
  1298 10083
  1299 10083
  1300 10083
  1301 10083
  1302 10083
  1303 10083
  1304 10083
  1305 10083
  1306 10083
  1307 10083
  1308 10083
  1309 10083
  1310 10083
  1311 10083
  1312 10083
  1313 10083
  1314 10083
  1315 10083
  1316 10083
  1317 10083
  1318 10083
  1319 10083
  1320 10083
  1321 10083
  1322 10083
  1323 10083
  1324 10083
  1325 10083
  1326 10083
  1327 10083
  1328 10083
  1329 10083
  1330 10083
  1331 10083
  1332 10083
  1333 10083
  1334 10083
  1335 10083
  1336 10083
  1337 10083
  1338 10083
  1339 10083
  1340 10083
  1341 10083
  1342 10083
  1343 10083
  1344 10083
  1345 10083
  1346 10083
  1347 10083
  1348 10083
  1349 10083
  1350 10083
  1351 10083
  1352 10083
  1353 10083
  1354 10083
  1355 10083
  1356 10083
  1357 10083
  1358 10083
  1359 10083
  1360 10083
  1361 10083
  1362 10083
  1363 10083
  1364 10083
  1365 10083
  1366 10083
  1367 10083
  1368 10083
  1369 10083
  1370 10083
  1371 10083
  1372 10083
  1373 10083
  1374 10083
  1375 10083
  1376 10083
  1377 10083
  1378 10083
  1379 10083
  1380 10083
  1381 10083
  1382 10083
  1383 10083
  1384 10083
  1385 10083
  1386 10083
  1387 10083
  1388 10083
  1389 10083
  1390 10083
  1391 10083
  1392 10083
  1393 10083
  1394 10083
  1395 10083
  1396 10083
  1397 10083
  1398 10083
  1399 10083
  1400 10083
  1401 10083
  1402 10083
  1403 10083
  1404 10083
  1405 10083
  1406 10083
  1407 10083
  1408 10083
  1409 10083
  1410 10083
  1411 10083
  1412 10083
  1413 10083
  1414 10083
  1415 10083
  1416 10083
  1417 10083
  1418 10083
  1419 10083
  1420 10083
  1421 10083
  1422 10083
  1423 10083
  1424 10083
  1425 10083
  1426 10083
  1427 10083
  1428 10083
  1429 10083
  1430 10083
  1431 10083
  1432 10083
  1433 10083
  1434 10083
  1435 10083
  1436 10083
  1437 10083
  1438 10083
  1439 10083
  1440 10083
  1441 10083
  1442 10083
  1443 10083
  1444 10083
  1445 10083
  1446 10083
  1447 10083
  1448 10083
  1449 10083
  1450 10083
  1451 10083
  1452 10083
  1453 10083
  1454 10083
  1455 10083
  1456 10083
  1457 10083
  1458 10083
  1459 10083
  1460 10083
  1461 10083
  1462 10083
  1463 10083
  1464 10083
  1465 10083
  1466 10083
  1467 10083
  1468 10083
  1469 10083
  1470 10083
  1471 10083
  1472 10083
  1473 10083
  1474 10083
  1475 10083
  1476 10083
  1477 10083
  1478 10083
  1479 10083
  1480 10083
  1481 10083
  1482 10083
  1483 10083
  1484 10083
  1485 10083
  1486 10083
  1487 10083
  1488 10083
  1489 10083
  1490 10083
  1491 10083
  1492 10083
  1493 10083
  1494 10083
  1495 10083
  1496 10083
  1497 10083
  1498 10083
  1499 10083
  1500 10083
  1501 10106
  1502 10040
  1503 10040
  1504 10040
  1505 10040
  1506 10040
  1507 10040
  1508 10040
  1509 10018
  1510 10018
  1511 10018
  1512 10018
  1513 10018
  1514 10018
  1515 10018
  1516 10018
  1517 10018
  1518 10158
  1519 10158
  1520 10158
  1521 10158
  1522 10158
  1523 10158
  1524 10158
  1525 10158
  1526 10158
  1527 10018
  1528 10018
  1529 10018
  1530 10018
  1531 10158
  1532 10018
  1533 10158
  1534 10018
  1535 10158
  1536 10158
  1537 10158
  1538 10158
  1539 10158
  1540 10158
  1541 10018
  1542 10018
  1543 10018
  1544 10055
  1545 10055
  1546 10055
  1547 10055
  1548 10140
  1549 10140
  1550 10140
  1551 10018
  1552 10158
  1553 10158
  1554 10158
  1555 10158
  1556 10055
  1557 10140
  1558 10055
  1559 10098
  1560 10018
  1561 10018
  1562 10018
  1563 10018
  1564 10158
  1565 10158
  1566 10158
  1567 10158
  1568 10158
  1569 10018
  1570 10018
  1571 10018
  1572 10018
  1573 10018
  1574 10018
  1575 10018
  1576 10018
  1577 10018
  1578 10018
  1579 10055
  1580 10055
  1581 10055
  1582 10055
  1583 10055
  1587 10036
  1588 10016
  1589 10016
  1590 10016
  1591 10016
  1592 10016
  1593 10016
  1594 10016
  1595 10016
  1596 10016
  1597 10016
  1598 10016
  1599 10016
  1600 10016
  1601 10016
  1602 10016
  1603 10016
  1604 10016
  1605 10016
  1606 10016
  1607 10016
  1608 10016
  1609 10016
  1610 10016
  1611 10016
  1612 10016
  1613 10016
  1614 10016
  1615 10016
  1616 10016
  1617 10016
  1618 10016
  1619 10143
  1620 10143
  1621 10123
  1622 10014
  1623 10014
  1624 10014
  1625 10014
  1626 10014
  1627 10167
  1628 10167
  1629 10167
  1630 10167
  1631 10167
  1632 10167
  1633 10167
  1634 10167
  1635 10167
  1636 10167
  1637 10167
  1638 10167
  1639 10167
  1640 10167
  1641 10167
  1642 10167
  1643 10167
  1644 10167
  1645 10167
  1646 10167
  1647 10167
  1648 10167
  1649 10167
  1650 10167
  1651 10167
  1652 10167
  1653 10167
  1654 10167
  1655 10167
  1656 10167
  1657 10167
  1658 10167
  1659 10167
  1660 10167
  1661 10167
  1662 10167
  1663 10167
  1664 10167
  1665 10167
  1666 10167
  1667 10167
  1668 10167
  1669 10167
  1670 10167
  1671 10167
  1672 10167
  1673 10167
  1674 10167
  1675 10167
  1676 10167
  1677 10167
  1678 10167
  1679 10167
  1680 10167
  1681 10167
  1682 10167
  1683 10167
  1684 10167
  1685 10167
  1686 10167
  1687 10167
  1688 10167
  1689 10167
  1690 10167
  1691 10167
  1692 10167
  1693 10167
  1694 10167
  1695 10167
  1696 10167
  1697 10167
  1698 10167
  1699 10167
  1700 10167
  1701 10167
  1702 10167
  1703 10167
  1704 10167
  1705 10167
  1706 10167
  1707 10167
  1708 10167
  1709 10167
  1710 10167
  1711 10167
  1712 10167
  1713 10167
  1714 10167
  1715 10167
  1716 10167
  1717 10167
  1718 10167
  1719 10167
  1720 10167
  1721 10167
  1722 10167
  1723 10167
  1724 10167
  1725 10167
  1726 10167
  1727 10167
  1728 10167
  1729 10167
  1730 10167
  1731 10167
  1732 10167
  1733 10167
  1734 10167
  1735 10167
  1736 10167
  1737 10167
  1738 10167
  1739 10167
  1740 10167
  1741 10167
  1742 10167
  1743 10167
  1744 10167
  1745 10167
  1746 10167
  1747 10167
  1748 10167
  1749 10167
  1750 10167
  1751 10167
  1752 10167
  1753 10167
  1754 10167
  1755 10167
  1756 10167
  1757 10167
  1758 10167
  1759 10167
  1760 10167
  1761 10167
  1762 10167
  1763 10167
  1764 10167
  1765 10167
  1766 10167
  1767 10167
  1768 10167
  1769 10167
  1770 10167
  1771 10167
  1772 10167
  1773 10167
  1774 10167
  1775 10167
  1776 10167
  1777 10167
  1778 10167
  1779 10167
  1780 10167
  1781 10167
  1782 10167
  1783 10167
  1784 10167
  1785 10167
  1786 10167
  1787 10167
  1788 10167
  1789 10167
  1790 10167
  1791 10167
  1792 10167
  1793 10167
  1794 10167
  1795 10167
  1796 10167
  1797 10167
  1798 10167
  1799 10167
  1800 10167
  1801 10167
  1802 10167
  1803 10167
  1804 10167
  1805 10167
  1806 10167
  1807 10167
  1808 10167
  1809 10167
  1810 10167
  1811 10167
  1812 10167
  1813 10167
  1814 10167
  1815 10167
  1816 10167
  1817 10167
  1818 10167
  1819 10167
  1820 10167
  1821 10167
  1822 10167
  1823 10167
  1824 10167
  1825 10167
  1826 10167
  1827 10167
  1828 10167
  1829 10167
  1830 10167
  1831 10167
  1832 10167
  1833 10167
  1834 10167
  1835 10167
  1836 10167
  1837 10167
  1838 10167
  1839 10167
  1840 10167
  1841 10167
  1842 10167
  1843 10167
  1844 10167
  1845 10167
  1846 10167
  1847 10167
  1848 10167
  1849 10167
  1850 10167
  1851 10167
  1852 10167
  1853 10167
  1854 10167
  1855 10167
  1856 10167
  1857 10167
  1858 10167
  1859 10081
  1860 10081
  1861 10081
  1862 10111
  1863 10111
  1864 10111
  1865 10036
  1866 10130
  1867 10130
  1868 10130
  1869 10130
  1870 10130
