   690 10112
   691 10112
   692 10112
   693 10112
   694 10112
   695 10112
   696 10112
   697 10112
   698 10112
   699 10112
   700 10112
   701 10112
   702 10112
   703 10112
   704 10112
   705 10112
   706 10112
   707 10112
   708 10112
   709 10112
   710 10112
   711 10112
   712 10112
   713 10112
   714 10112
   715 10112
   716 10112
   717 10112
   718 10112
   719 10112
   720 10112
   721 10112
   722 10112
   723 10112
   724 10112
   725 10112
   726 10112
   727 10112
   728 10112
   729 10112
   730 10112
   731 10112
   732 10112
   733 10112
   734 10112
   735 10112
   736 10112
   737 10112
   738 10112
   739 10112
   740 10112
   741 10112
   742 10112
   743 10112
   744 10112
   745 10112
   746 10112
   747 10112
   748 10112
   749 10112
   750 10112
   751 10112
   752 10112
   753 10112
   754 10112
   755 10112
   756 10112
   757 10112
   758 10112
   759 10112
   760 10112
   761 10112
   762 10112
   763 10112
   764 10112
   765 10112
   766 10112
   767 10112
   768 10112
   769 10112
   770 10112
   771 10112
   772 10112
   773 10112
   774 10112
   775 10112
   776 10112
   777 10112
   778 10112
   779 10112
   780 10112
   781 10112
   782 10112
   783 10112
   784 10112
   785 10112
   786 10112
   787 10112
   788 10112
   789 10112
   790 10112
   791 10112
   792 10112
   793 10112
   794 10112
   795 10112
   796 10112
   797 10112
   798 10112
   799 10112
   800 10112
   801 10112
   802 10112
   803 10112
   804 10112
   805 10112
   806 10112
   807 10112
   808 10112
   809 10112
   810 10112
   811 10112
   812 10112
   813 10112
   814 10112
   815 10112
   816 10112
   817 10112
   818 10112
   819 10112
   820 10112
   821 10112
   822 10112
   823 10112
   824 10112
   825 10112
   826 10112
   827 10112
   828 10112
   829 10112
   830 10112
   831 10112
   832 10112
   833 10112
   834 10112
   835 10112
   836 10112
   837 10112
   838 10112
   839 10112
   840 10112
   841 10112
   842 10112
   843 10112
   844 10112
   845 10112
   846 10112
   847 10112
   848 10112
   849 10112
   850 10112
   851 10112
   852 10112
   853 10112
   854 10112
   855 10112
   856 10112
   857 10112
   858 10112
   859 10112
   860 10112
   861 10112
   862 10112
   863 10112
   864 10112
   865 10112
   866 10112
   867 10112
   868 10112
   869 10112
   870 10112
   871 10112
   872 10112
   873 10112
   874 10112
   875 10112
   876 10112
   877 10112
   878 10112
   879 10112
   880 10112
   881 10112
   882 10112
   883 10112
   884 10112
   885 10112
   886 10112
   887 10112
   888 10112
   889 10112
   890 10112
   891 10112
   892 10112
   893 10112
   894 10112
   895 10112
   896 10112
   897 10112
   898 10112
   899 10112
   900 10112
   901 10112
   902 10112
   903 10112
   904 10112
   905 10112
   906 10112
   907 10112
   908 10112
   909 10112
   910 10112
   911 10112
   912 10112
   913 10112
   914 10112
   915 10112
   916 10112
   917 10112
   918 10112
   919 10112
   920 10112
   921 10112
   922 10112
   923 10112
   924 10112
   925 10112
   926 10112
   927 10112
   928 10112
   929 10112
   930 10112
   931 10112
   932 10112
   933 10112
   934 10112
   935 10112
   936 10112
   937 10112
   938 10112
   939 10112
   940 10112
   941 10112
   942 10112
   943 10112
   944 10112
   945 10112
   946 10112
   947 10112
   948 10112
   949 10112
   950 10112
   951 10112
   952 10112
   953 10112
   954 10112
   955 10112
   956 10112
   957 10112
   958 10112
   959 10112
   960 10112
   961 10112
   962 10112
   963 10112
   964 10112
   965 10112
   966 10112
   967 10112
   968 10112
   969 10112
   970 10112
   971 10112
   972 10112
   973 10112
   974 10112
   975 10112
   976 10112
   977 10112
   978 10112
   979 10112
   980 10112
   981 10112
   982 10112
   983 10112
   984 10112
   985 10112
   986 10112
   987 10112
   988 10112
   989 10112
   990 10112
   991 10112
   992 10112
   993 10112
   994 10112
   995 10112
   996 10112
   997 10112
   998 10112
   999 10112
  1000 10112
  1001 10112
  1002 10112
  1003 10112
  1004 10112
  1005 10112
  1006 10112
  1007 10112
  1008 10112
  1009 10112
  1010 10112
  1011 10112
  1012 10112
  1013 10112
  1014 10112
  1015 10112
  1016 10112
  1017 10112
  1018 10112
  1019 10112
  1020 10112
  1021 10112
  1023 10112
  1024 10112
  1025 10112
  1026 10112
  1027 10146
  1028 10146
  1029 10146
  1030 10146
  1031 10146
  1047 10112
  1048 10112
  1049 10112
  1050 10112
  1051 10112
  1052 10112
  1053 10112
  1054 10112
  1055 10112
  1056 10112
  1057 10112
  1058 10112
  1059 10112
  1060 10112
  1061 10112
  1062 10112
  1063 10112
  1065 10112
  1067 10112
  1068 10112
  1075 10105
  1076 10105
  1077 10105
  1078 10105
  1079 10105
  1080 10105
  1081 10105
  1086 10112
  1087 10112
  1088 10112
  1090 10112
  1091 10105
  1092 10105
  1093 10105
  1094 10105
  1095 10105
  1096 10105
  1099 10112
  1100 10112
  1101 10112
  1108 10112
  1111 10112
  1112 10112
  1113 10112
  1115 10112
  1116 10112
  1117 10112
  1118 10112
  1120 10112
  1122 10112
  1123 10112
  1124 10112
  1138 10112
  1139 10112
  1140 10112
  1141 10112
  1144 10112
  1145 10112
  1146 10112
  1156 10112
  1157 10112
  1158 10112
  1170 10105
  1171 10105
  1172 10105
  1173 10105
  1174 10105
  1175 10105
  1176 10105
  1177 10105
  1178 10105
  1179 10105
  1185 10112
  1186 10112
  1187 10112
  1188 10112
  1189 10112
  1215 10112
  1216 10112
  1217 10112
  1218 10112
  1220 10112
  1221 10112
  1222 10112
  1223 10112
  1224 10112
  1225 10112
  1226 10112
  1228 10112
  1229 10112
  1230 10112
  1231 10112
  1232 10112
  1233 10112
  1234 10112
  1235 10112
  1236 10112
  1237 10112
  1238 10112
  1239 10112
  1240 10112
  1241 10112
  1242 10112
  1243 10112
  1244 10112
  1245 10112
  1246 10112
  1247 10112
  1248 10112
  1249 10105
  1250 10105
  1251 10112
  1252 10112
  1253 10112
  1254 10112
  1255 10112
  1256 10112
  1257 10112
  1259 10112
  1260 10112
  1261 10112
  1262 10112
  1263 10112
  1264 10112
  1265 10112
  1266 10112
  1267 10112
  1268 10112
  1269 10112
  1270 10148
  1271 10112
  1272 10112
  1273 10112
  1274 10112
  1275 10112
  1276 10112
  1277 10112
  1278 10112
  1279 10112
  1280 10112
  1281 10112
  1282 10112
  1283 10112
  1284 10112
  1285 10112
  1286 10112
  1287 10112
  1288 10112
  1289 10112
  1290 10112
  1291 10112
  1292 10112
  1293 10112
  1294 10112
  1295 10112
  1296 10112
  1297 10112
  1298 10112
  1299 10112
  1300 10112
  1301 10112
  1302 10112
  1303 10112
  1304 10112
  1305 10112
  1306 10112
  1307 10112
  1308 10112
  1309 10112
  1310 10112
  1311 10112
  1312 10112
  1313 10112
  1314 10112
  1315 10112
  1316 10112
  1317 10112
  1318 10112
  1319 10112
  1320 10112
  1321 10112
  1322 10112
  1323 10112
  1324 10112
  1325 10112
  1326 10112
  1327 10112
  1328 10112
  1329 10112
  1330 10112
  1331 10112
  1332 10112
  1333 10112
  1334 10112
  1335 10112
  1336 10112
  1337 10112
  1338 10112
  1339 10112
  1340 10112
  1341 10112
  1342 10112
  1343 10112
  1344 10112
  1345 10112
  1346 10112
  1347 10112
  1348 10112
  1349 10112
  1350 10112
  1351 10112
  1352 10112
  1353 10112
  1354 10112
  1355 10112
  1356 10112
  1357 10112
  1358 10112
  1359 10112
  1360 10112
  1361 10112
  1362 10112
  1363 10112
  1364 10112
  1365 10112
  1366 10112
  1367 10112
  1368 10112
  1369 10112
  1370 10112
  1371 10112
  1372 10112
  1373 10112
  1374 10112
  1375 10112
  1376 10112
  1377 10112
  1378 10112
  1379 10112
  1380 10112
  1381 10112
  1382 10112
  1383 10112
  1384 10112
  1385 10112
  1386 10112
  1387 10112
  1388 10112
  1389 10112
  1390 10112
  1391 10112
  1392 10112
  1393 10112
  1394 10112
  1395 10112
  1396 10112
  1397 10112
  1398 10112
  1399 10112
  1400 10112
  1401 10112
  1402 10112
  1403 10112
  1404 10112
  1405 10112
  1406 10112
  1407 10112
  1408 10112
  1409 10112
  1410 10112
  1411 10112
  1412 10112
  1413 10112
  1414 10112
  1415 10112
  1416 10112
  1417 10112
  1418 10112
  1419 10112
  1420 10112
  1421 10112
  1422 10112
  1423 10112
  1424 10112
  1425 10112
  1426 10112
  1427 10112
  1428 10112
  1429 10112
  1430 10112
  1431 10112
  1432 10112
  1433 10112
  1434 10112
  1435 10112
  1436 10112
  1437 10112
  1438 10112
  1439 10112
  1440 10112
  1441 10112
  1442 10112
  1443 10112
  1444 10112
  1445 10112
  1446 10112
  1447 10112
  1448 10112
  1449 10112
  1450 10112
  1451 10112
  1452 10112
  1453 10112
  1454 10112
  1455 10112
  1456 10112
  1457 10112
  1458 10112
  1459 10112
  1460 10112
  1461 10112
  1462 10112
  1463 10112
  1464 10112
  1465 10112
  1466 10112
  1467 10112
  1468 10112
  1469 10112
  1470 10112
  1471 10112
  1472 10112
  1473 10112
  1474 10112
  1475 10112
  1476 10112
  1477 10112
  1478 10112
  1479 10112
  1480 10112
  1481 10112
  1482 10112
  1483 10112
  1484 10112
  1485 10112
  1486 10112
  1487 10112
  1488 10112
  1489 10112
  1490 10112
  1491 10112
  1492 10112
  1493 10112
  1494 10112
  1495 10112
  1496 10112
  1497 10112
  1498 10112
  1499 10112
  1500 10112
  1501 10112
  1502 10112
  1503 10112
  1504 10112
  1505 10112
  1506 10112
  1507 10112
  1508 10112
  1509 10112
  1510 10112
  1511 10112
  1512 10112
  1513 10112
  1514 10112
  1515 10112
  1516 10112
  1517 10112
  1518 10112
  1519 10112
  1520 10112
  1521 10112
  1522 10112
  1523 10112
  1524 10112
  1525 10112
  1526 10112
  1527 10112
  1528 10112
  1529 10112
  1530 10112
  1531 10112
  1532 10112
  1533 10112
  1534 10105
  1535 10105
  1536 10105
  1537 10112
  1538 10112
  1539 10112
  1540 10112
  1541 10105
  1542 10105
  1543 10105
  1547 10098
  1548 10098
  1549 10018
  1550 10018
  1551 10018
  1552 10018
  1553 10018
  1554 10018
  1555 10106
  1556 10040
  1557 10040
  1558 10106
  1559 10106
  1560 10106
  1561 10106
  1562 10106
  1563 10106
  1564 10106
  1565 10106
  1566 10106
  1567 10106
  1568 10106
  1569 10106
  1570 10106
  1571 10106
  1572 10106
  1573 10106
  1574 10106
  1575 10106
  1576 10106
  1577 10106
  1578 10106
  1579 10106
  1580 10106
  1581 10106
  1582 10106
  1583 10106
  1584 10106
  1585 10106
  1586 10106
  1587 10106
  1588 10106
  1589 10106
  1590 10106
  1591 10106
  1592 10106
  1593 10106
  1594 10106
  1595 10106
  1596 10106
  1597 10106
  1598 10106
  1599 10106
  1600 10106
  1601 10106
  1602 10106
  1603 10106
  1604 10106
  1605 10106
  1606 10106
  1607 10106
  1608 10106
  1609 10106
  1610 10106
  1611 10106
  1612 10106
  1613 10106
  1614 10106
  1615 10106
  1616 10055
  1617 10055
  1618 10055
  1619 10055
  1620 10106
  1621 10106
  1622 10106
  1623 10106
  1624 10106
  1625 10106
  1626 10106
  1627 10106
  1628 10106
  1630 10055
  1631 10055
  1632 10106
  1633 10106
  1634 10106
  1635 10106
  1636 10106
  1637 10106
  1638 10106
  1639 10106
  1640 10106
  1641 10106
  1642 10106
  1643 10106
  1644 10106
  1645 10140
  1651 10105
  1652 10105
  1653 10105
  1654 10112
  1655 10112
  1656 10112
  1657 10147
  1658 10147
  1659 10147
  1660 10147
  1661 10147
  1662 10147
  1663 10147
  1670 10025
  1671 10025
  1672 10044
  1673 10044
  1674 10044
  1675 10044
  1676 10044
  1680 10112
  1681 10112
  1682 10112
  1685 10112
  1687 10105
  1688 10105
  1689 10105
  1690 10105
  1691 10105
  1692 10105
  1693 10105
  1694 10105
  1695 10105
  1696 10112
  1697 10112
  1698 10112
  1700 10112
  1701 10112
  1702 10112
  1703 10112
  1705 10112
  1706 10112
  1707 10112
  1708 10112
  1709 10112
  1710 10112
  1711 10112
  1712 10112
  1713 10112
  1714 10112
  1720 10112
  1721 10112
  1722 10112
  1723 10112
  1724 10112
  1725 10112
  1726 10112
  1727 10112
  1728 10112
  1729 10112
  1730 10112
  1731 10112
  1732 10112
  1733 10112
  1734 10112
  1735 10112
  1736 10112
  1737 10112
  1738 10112
  1739 10112
  1740 10112
  1741 10112
  1742 10112
  1743 10112
  1744 10112
  1745 10112
  1746 10112
  1753 10112
  1754 10112
  1755 10112
  1756 10112
  1757 10112
  1758 10112
  1759 10112
  1761 10112
  1763 10112
  1764 10112
  1765 10112
  1766 10112
  1767 10112
  1768 10112
  1769 10112
  1770 10112
  1771 10112
  1772 10112
  1773 10112
  1774 10112
  1775 10112
  1776 10112
  1777 10105
  1778 10105
  1779 10105
  1780 10105
  1781 10105
  1782 10105
  1783 10105
  1784 10105
  1785 10105
  1786 10105
  1787 10112
  1788 10112
  1790 10112
  1791 10112
  1792 10112
  1793 10112
  1794 10112
  1795 10112
  1796 10112
  1797 10112
  1798 10112
  1799 10112
  1800 10112
  1801 10112
  1802 10112
  1803 10112
  1804 10112
  1805 10112
  1806 10112
  1807 10112
  1808 10112
  1809 10112
  1810 10112
  1811 10112
  1812 10112
  1813 10112
  1814 10112
  1815 10112
  1816 10112
  1817 10112
  1818 10112
  1819 10112
  1820 10112
  1821 10112
  1822 10112
  1823 10112
  1824 10112
  1825 10112
  1826 10112
  1827 10112
  1828 10112
  1829 10112
  1830 10112
  1831 10112
  1832 10112
  1833 10112
  1834 10112
  1835 10112
  1836 10112
  1837 10112
  1838 10112
  1839 10112
  1840 10112
  1841 10112
  1843 10112
  1844 10112
  1845 10112
  1846 10112
  1847 10112
  1848 10112
  1849 10112
  1850 10112
  1851 10112
  1852 10112
  1853 10112
  1854 10112
  1855 10112
  1856 10146
  1857 10112
  1858 10112
  1859 10112
  1860 10112
  1861 10105
  1862 10112
  1863 10112
  1864 10112
  1865 10112
  1866 10112
  1867 10112
  1868 10112
  1869 10112
  1870 10112
  1871 10112
  1872 10112
  1873 10112
  1874 10112
  1875 10112
  1876 10112
  1877 10112
  1878 10112
  1879 10112
  1880 10112
  1881 10112
  1882 10112
  1883 10112
  1884 10112
  1885 10112
  1886 10112
  1887 10112
  1888 10112
  1889 10112
  1890 10112
  1891 10112
  1892 10112
  1893 10112
  1894 10112
  1895 10112
  1896 10112
  1897 10112
  1898 10112
  1899 10112
  1900 10112
  1901 10112
  1902 10112
  1903 10112
  1904 10112
  1905 10112
  1906 10112
  1907 10112
  1908 10112
  1909 10112
  1910 10112
  1911 10112
  1912 10112
  1913 10112
  1914 10112
  1915 10112
  1916 10112
  1917 10112
  1918 10112
  1919 10112
  1920 10112
  1921 10112
  1922 10112
  1923 10112
  1924 10112
  1925 10112
  1926 10112
  1927 10112
  1928 10112
  1929 10112
  1930 10112
  1931 10112
  1932 10112
  1933 10112
  1934 10112
  1935 10112
  1936 10112
  1937 10112
  1938 10112
  1939 10112
  1940 10112
  1941 10112
  1942 10112
  1943 10112
  1944 10112
  1945 10112
  1946 10112
  1947 10112
  1948 10112
  1949 10112
  1950 10112
  1951 10112
  1952 10112
  1953 10112
  1954 10112
  1955 10112
  1956 10112
  1957 10112
  1958 10112
  1959 10112
  1960 10112
  1961 10112
  1962 10112
  1963 10112
  1964 10112
  1965 10112
  1966 10112
  1967 10112
  1968 10112
  1969 10112
  1970 10112
  1971 10112
  1972 10112
  1973 10112
  1974 10112
  1975 10112
  1976 10112
  1977 10112
  1978 10112
  1979 10112
  1980 10112
  1981 10112
  1982 10112
  1983 10112
  1984 10112
  1985 10112
  1986 10112
  1987 10112
  1988 10112
  1989 10112
  1990 10112
  1991 10112
  1992 10112
  1993 10112
  1994 10112
  1995 10112
  1996 10112
  1997 10112
  1998 10112
  1999 10112
  2000 10112
  2001 10112
  2002 10112
  2003 10112
  2004 10112
  2005 10112
  2006 10112
  2007 10112
  2008 10112
  2009 10112
  2010 10112
  2011 10112
  2012 10112
  2013 10112
  2014 10112
  2015 10112
  2016 10112
  2017 10112
  2018 10112
  2019 10112
  2020 10112
  2021 10112
  2022 10112
  2023 10112
  2024 10112
  2025 10112
  2026 10112
  2027 10112
  2028 10112
  2029 10112
  2030 10112
  2031 10112
  2032 10112
  2033 10112
  2034 10112
  2035 10112
  2036 10112
  2037 10112
  2038 10112
  2039 10112
  2040 10112
  2041 10112
  2042 10112
  2043 10112
  2044 10112
  2045 10112
  2046 10112
  2047 10112
  2048 10112
  2049 10112
  2050 10112
  2051 10112
  2052 10112
  2053 10112
  2054 10112
  2055 10112
