   690 10086
   691 10086
   692 10086
   693 10086
   694 10086
   695 10086
   696 10086
   697 10086
   698 10086
   699 10086
   700 10086
   701 10086
   702 10086
   703 10086
   704 10086
   705 10086
   706 10086
   707 10086
   708 10086
   709 10086
   710 10086
   711 10086
   712 10086
   713 10086
   714 10086
   715 10086
   716 10086
   717 10086
   718 10086
   719 10086
   720 10086
   721 10086
   722 10086
   723 10086
   724 10086
   725 10086
   726 10086
   727 10086
   728 10086
   729 10086
   730 10086
   731 10086
   732 10086
   733 10086
   734 10086
   735 10086
   736 10086
   737 10086
   738 10086
   739 10086
   740 10086
   741 10086
   742 10086
   743 10086
   744 10086
   745 10086
   746 10086
   747 10086
   748 10086
   749 10086
   750 10086
   751 10086
   752 10086
   753 10086
   754 10086
   755 10086
   756 10086
   757 10086
   758 10086
   759 10086
   760 10086
   761 10086
   762 10086
   763 10086
   764 10086
   765 10086
   766 10086
   767 10086
   768 10086
   769 10086
   770 10086
   771 10086
   772 10086
   773 10086
   774 10086
   775 10086
   776 10086
   777 10086
   778 10086
   779 10086
   780 10086
   783 10041
   784 10041
   785 10151
   786 10151
   787 10041
   788 10041
   789 10041
   790 10041
   791 10041
   792 10041
   793 10041
   794 10041
   795 10041
   796 10041
   797 10041
   798 10041
   799 10041
   800 10041
   801 10041
   802 10041
   803 10041
   804 10041
   805 10041
   806 10041
   807 10041
   808 10041
   809 10041
   810 10041
   811 10041
   812 10041
   813 10041
   814 10041
   815 10041
   816 10041
   817 10041
   818 10041
   819 10041
   820 10041
   821 10041
   822 10041
   823 10041
   824 10041
   825 10041
   826 10041
   827 10041
   828 10041
   829 10041
   830 10041
   831 10041
   832 10041
   833 10041
   834 10041
   835 10041
   836 10041
   837 10041
   838 10041
   839 10041
   840 10041
   841 10041
   842 10041
   843 10041
   844 10041
   845 10041
   846 10041
   847 10041
   848 10041
   849 10041
   850 10041
   851 10041
   852 10041
   853 10041
   854 10041
   855 10041
   856 10041
   857 10041
   858 10041
   859 10041
   860 10041
   861 10041
   862 10041
   863 10041
   864 10041
   865 10041
   866 10041
   867 10041
   868 10041
   869 10041
   870 10041
   871 10041
   872 10041
   873 10041
   874 10041
   875 10041
   876 10041
   877 10041
   878 10041
   879 10041
   880 10041
   881 10041
   882 10041
   883 10041
   884 10041
   885 10041
   886 10041
   887 10041
   888 10041
   889 10041
   890 10041
   891 10041
   892 10041
   893 10041
   894 10041
   895 10041
   896 10041
   897 10041
   898 10041
   899 10041
   900 10041
   901 10041
   902 10041
   903 10041
   904 10041
   905 10041
   906 10041
   907 10041
   908 10041
   909 10041
   910 10041
   911 10041
   912 10041
   913 10041
   914 10041
   915 10041
   916 10041
   917 10041
   918 10041
   919 10041
   920 10041
   921 10041
   922 10041
   923 10041
   924 10041
   925 10041
   926 10041
   927 10041
   928 10041
   929 10041
   930 10041
   931 10041
   932 10041
   933 10041
   934 10041
   935 10041
   936 10041
   937 10041
   938 10041
   939 10041
   940 10041
   941 10041
   942 10041
   943 10041
   944 10041
   945 10041
   946 10041
   947 10041
   948 10041
   949 10041
   950 10041
   951 10041
   952 10041
   953 10041
   954 10041
   955 10041
   956 10041
   957 10041
   958 10041
   959 10041
   960 10041
   961 10041
   962 10041
   963 10041
   964 10041
   965 10041
   966 10041
   967 10041
   968 10041
   969 10041
   970 10041
   971 10041
   972 10041
   973 10041
   974 10041
   975 10041
   976 10041
   977 10041
   978 10041
   979 10041
   980 10041
   981 10041
   982 10041
   983 10041
   984 10041
   985 10041
   986 10041
   987 10041
   988 10041
   989 10041
   990 10041
   991 10041
   992 10041
   993 10041
   994 10041
   995 10041
   996 10041
   997 10041
   998 10041
   999 10041
  1000 10041
  1001 10041
  1002 10041
  1003 10041
  1004 10041
  1005 10041
  1006 10041
  1007 10041
  1008 10041
  1009 10041
  1010 10041
  1011 10041
  1012 10041
  1013 10041
  1014 10041
  1015 10041
  1016 10041
  1017 10041
  1018 10041
  1019 10041
  1020 10041
  1021 10151
  1022 10151
  1023 10017
  1024 10017
  1025 10017
  1026 10017
  1027 10017
  1028 10017
  1029 10017
  1030 10017
  1031 10017
  1032 10017
  1033 10017
  1034 10017
  1035 10017
  1036 10017
  1037 10017
  1038 10017
  1039 10017
  1040 10017
  1041 10017
  1042 10017
  1043 10017
  1044 10017
  1045 10017
  1046 10017
  1047 10017
  1048 10017
  1049 10017
  1050 10017
  1051 10017
  1052 10017
  1053 10017
  1054 10017
  1055 10017
  1056 10017
  1057 10017
  1058 10017
  1059 10017
  1060 10017
  1061 10017
  1062 10017
  1063 10017
  1064 10017
  1065 10017
  1066 10017
  1067 10017
  1068 10017
  1069 10017
  1070 10017
  1071 10017
  1072 10017
  1073 10017
  1074 10017
  1075 10017
  1076 10017
  1077 10017
  1078 10017
  1079 10017
  1080 10017
  1081 10017
  1082 10017
  1083 10017
  1084 10017
  1085 10017
  1086 10017
  1087 10017
  1088 10017
  1089 10017
  1090 10017
  1091 10017
  1092 10017
  1093 10017
  1094 10017
  1095 10017
  1096 10017
  1097 10017
  1098 10017
  1099 10017
  1100 10017
  1101 10017
  1102 10017
  1103 10017
  1104 10017
  1105 10017
  1106 10017
  1107 10017
  1108 10017
  1109 10017
  1110 10017
  1111 10017
  1112 10017
  1113 10017
  1114 10017
  1115 10017
  1116 10017
  1117 10017
  1118 10017
  1119 10017
  1120 10017
  1121 10017
  1122 10017
  1123 10017
  1124 10017
  1125 10017
  1126 10017
  1127 10017
  1128 10017
  1129 10017
  1130 10017
  1131 10017
  1132 10017
  1133 10017
  1134 10017
  1135 10017
  1136 10017
  1137 10017
  1138 10017
  1139 10017
  1140 10017
  1141 10017
  1142 10017
  1143 10017
  1144 10017
  1145 10017
  1146 10017
  1147 10017
  1148 10017
  1149 10017
  1150 10017
  1151 10017
  1152 10017
  1153 10017
  1154 10017
  1155 10017
  1156 10017
  1157 10017
  1158 10017
  1159 10017
  1160 10017
  1161 10017
  1162 10017
  1163 10017
  1164 10017
  1165 10017
  1166 10017
  1167 10017
  1168 10017
  1169 10017
  1170 10017
  1171 10017
  1172 10017
  1173 10017
  1174 10017
  1175 10017
  1176 10017
  1177 10017
  1178 10017
  1179 10017
  1180 10017
  1181 10017
  1182 10017
  1183 10017
  1184 10017
  1185 10017
  1186 10017
  1187 10017
  1188 10017
  1189 10017
  1190 10017
  1191 10017
  1192 10017
  1193 10017
  1194 10017
  1195 10017
  1196 10017
  1197 10017
  1198 10017
  1199 10017
  1200 10017
  1201 10017
  1202 10017
  1203 10017
  1204 10017
  1205 10017
  1206 10017
  1207 10017
  1208 10017
  1209 10017
  1210 10017
  1211 10017
  1212 10017
  1213 10017
  1214 10017
  1215 10017
  1216 10017
  1217 10017
  1218 10017
  1219 10017
  1220 10017
  1221 10017
  1222 10017
  1223 10017
  1224 10017
  1225 10017
  1226 10017
  1227 10017
  1228 10017
  1229 10017
  1230 10017
  1231 10017
  1232 10017
  1233 10017
  1234 10017
  1235 10017
  1236 10017
  1237 10017
  1238 10017
  1239 10017
  1240 10017
  1241 10017
  1242 10017
  1243 10017
  1244 10017
  1245 10017
  1246 10017
  1247 10017
  1248 10017
  1249 10017
  1250 10017
  1251 10017
  1252 10017
  1253 10017
  1254 10017
  1255 10017
  1256 10017
  1257 10017
  1258 10041
  1259 10017
  1263 10149
  1264 10149
  1265 10149
  1269 10023
  1270 10023
  1271 10023
  1272 10023
  1273 10023
  1274 10126
  1277 10023
  1278 10023
  1279 10023
  1280 10023
  1281 10023
  1282 10023
  1283 10023
  1284 10126
  1285 10126
  1286 10126
  1287 10126
  1288 10126
  1289 10126
  1290 10126
  1291 10126
  1292 10126
  1293 10126
  1294 10126
  1295 10126
  1296 10126
  1297 10126
  1298 10126
  1299 10126
  1300 10126
  1301 10126
  1302 10126
  1303 10126
  1304 10126
  1305 10126
  1306 10126
  1307 10126
  1308 10126
  1309 10126
  1310 10126
  1311 10126
  1312 10126
  1313 10126
  1314 10126
  1315 10126
  1316 10126
  1317 10126
  1318 10126
  1319 10126
  1320 10126
  1321 10126
  1322 10126
  1323 10126
  1324 10126
  1325 10126
  1326 10126
  1327 10126
  1328 10126
  1329 10126
  1330 10126
  1331 10126
  1332 10126
  1333 10126
  1334 10126
  1335 10126
  1336 10126
  1337 10126
  1338 10126
  1339 10126
  1340 10126
  1341 10126
  1342 10126
  1343 10126
  1344 10126
  1345 10126
  1346 10126
  1347 10126
  1348 10126
  1349 10126
  1350 10126
  1351 10126
  1352 10126
  1353 10126
  1354 10126
  1355 10126
  1356 10126
  1357 10126
  1358 10126
  1359 10126
  1360 10126
  1361 10126
  1362 10126
  1363 10126
  1364 10126
  1365 10126
  1366 10126
  1367 10126
  1368 10126
  1369 10126
  1370 10126
  1371 10126
  1372 10126
  1373 10126
  1374 10126
  1375 10126
  1376 10126
  1377 10126
  1378 10126
  1379 10126
  1380 10126
  1381 10126
  1382 10126
  1383 10126
  1384 10126
  1385 10126
  1386 10126
  1387 10126
  1388 10126
  1389 10126
  1390 10126
  1391 10126
  1392 10126
  1393 10126
  1394 10126
  1395 10126
  1396 10126
  1397 10126
  1398 10126
  1399 10126
  1400 10126
  1401 10126
  1402 10126
  1403 10126
  1404 10126
  1405 10126
  1406 10126
  1407 10126
  1408 10126
  1409 10126
  1410 10126
  1411 10126
  1412 10126
  1413 10126
  1414 10126
  1415 10126
  1416 10126
  1417 10126
  1418 10126
  1419 10126
  1420 10126
  1421 10126
  1422 10126
  1423 10126
  1424 10126
  1425 10126
  1426 10126
  1427 10126
  1428 10126
  1429 10126
  1430 10126
  1431 10126
  1432 10126
  1433 10126
  1434 10126
  1435 10126
  1436 10126
  1437 10126
  1438 10126
  1439 10126
  1440 10126
  1441 10126
  1442 10126
  1443 10126
  1444 10126
  1445 10126
  1446 10126
  1447 10126
  1448 10126
  1449 10126
  1450 10126
  1451 10126
  1452 10126
  1453 10126
  1454 10126
  1455 10126
  1456 10126
  1457 10126
  1458 10126
  1459 10126
  1460 10126
  1461 10126
  1462 10126
  1463 10126
  1464 10126
  1465 10126
  1466 10126
  1467 10126
  1468 10126
  1469 10126
  1470 10126
  1471 10126
  1472 10126
  1473 10126
  1474 10126
  1475 10126
  1476 10126
  1477 10126
  1478 10126
  1479 10126
  1480 10126
  1481 10126
  1482 10126
  1483 10126
  1484 10126
  1485 10126
  1486 10126
  1487 10126
  1488 10126
  1489 10126
  1490 10126
  1491 10126
  1492 10126
  1493 10126
  1494 10126
  1495 10126
  1496 10126
  1497 10126
  1498 10126
  1499 10126
  1502 10055
  1503 10055
  1504 10018
  1505 10018
  1506 10018
  1507 10018
  1508 10018
  1509 10018
  1510 10018
  1511 10018
  1512 10018
  1513 10018
  1529 10010
  1530 10010
  1531 10010
  1532 10010
  1533 10010
  1540 10010
  1541 10010
  1542 10010
  1543 10010
  1544 10010
  1545 10010
  1546 10010
  1551 10010
  1562 10010
  1563 10010
  1564 10010
  1565 10010
  1566 10010
  1567 10010
  1568 10010
  1569 10010
  1570 10010
  1571 10010
  1572 10010
  1573 10010
  1574 10010
  1575 10010
  1577 10010
  1578 10010
  1581 10010
  1583 10158
  1584 10158
  1585 10055
  1586 10098
  1587 10018
  1588 10106
  1589 10106
  1590 10106
  1591 10055
  1593 10106
  1616 10061
  1617 10101
  1618 10101
  1619 10101
  1621 10154
  1622 10154
  1623 10154
  1624 10154
  1625 10014
  1626 10014
  1627 10014
  1628 10014
  1629 10014
  1630 10014
  1631 10014
  1632 10156
  1633 10143
  1634 10014
  1635 10014
  1636 10074
  1637 10074
  1638 10074
  1639 10074
  1640 10074
  1641 10074
  1642 10074
  1643 10074
  1644 10074
  1645 10074
  1646 10074
  1647 10074
  1648 10074
  1649 10074
  1650 10074
  1651 10074
  1652 10074
  1653 10074
  1654 10074
  1655 10074
  1656 10074
  1657 10074
  1658 10074
  1659 10074
  1660 10074
  1661 10074
  1662 10074
  1663 10074
  1664 10074
  1665 10074
  1666 10074
  1667 10074
  1668 10074
  1669 10074
  1670 10074
  1671 10074
  1672 10074
  1673 10074
  1674 10074
  1675 10074
  1676 10074
  1677 10074
  1678 10074
  1679 10074
  1680 10074
  1681 10074
  1682 10074
  1683 10074
  1684 10074
  1685 10074
  1686 10074
  1687 10074
  1688 10074
  1689 10074
  1690 10074
  1691 10074
  1692 10074
  1693 10074
  1694 10074
  1695 10074
  1696 10074
  1697 10074
  1698 10074
  1699 10074
  1700 10074
  1701 10074
  1702 10074
  1703 10074
  1704 10074
  1705 10074
  1706 10074
  1707 10074
  1708 10074
  1709 10074
  1710 10074
  1711 10074
  1712 10074
  1713 10074
  1714 10074
  1715 10074
  1716 10074
  1717 10074
  1718 10074
  1719 10074
  1720 10074
  1721 10074
  1722 10074
  1723 10074
  1724 10074
  1725 10074
  1726 10074
  1727 10074
  1728 10074
  1729 10074
  1730 10074
  1731 10074
  1732 10074
  1733 10074
  1734 10074
  1735 10074
  1736 10074
  1737 10074
  1738 10074
  1739 10074
  1740 10074
  1741 10074
  1742 10074
  1743 10074
  1744 10074
  1745 10074
  1746 10074
  1747 10074
  1748 10074
  1749 10074
  1750 10074
  1751 10074
  1752 10074
  1753 10074
  1754 10074
  1755 10074
  1756 10074
  1757 10074
  1758 10074
  1759 10074
  1760 10074
  1761 10074
  1762 10074
  1763 10074
  1764 10074
  1765 10074
  1766 10074
  1767 10074
  1768 10074
  1769 10074
  1770 10074
  1771 10074
  1772 10074
  1773 10074
  1774 10074
  1775 10074
  1776 10074
  1777 10074
  1778 10074
  1779 10074
  1780 10074
  1781 10074
  1782 10074
  1783 10074
  1784 10074
  1785 10074
  1786 10074
  1787 10074
  1788 10074
  1789 10074
  1790 10074
  1791 10074
  1792 10074
  1793 10074
  1794 10074
  1795 10074
  1796 10074
  1797 10074
  1798 10074
  1799 10074
  1800 10074
  1801 10074
  1802 10074
  1803 10074
  1806 10074
  1807 10074
  1808 10074
  1809 10074
  1810 10074
  1811 10074
  1812 10074
  1813 10074
  1814 10074
  1815 10074
  1820 10124
  1821 10124
  1822 10124
  1823 10156
  1824 10156
  1825 10156
  1826 10156
  1827 10156
  1828 10156
  1829 10156
  1830 10156
  1831 10156
  1832 10156
  1833 10156
  1834 10074
  1835 10074
  1836 10074
  1837 10074
  1838 10124
  1839 10074
  1840 10124
  1841 10124
  1842 10156
  1843 10156
  1844 10156
  1845 10156
  1846 10124
  1847 10124
  1848 10124
  1849 10074
  1850 10074
  1851 10074
  1852 10074
  1853 10074
  1854 10124
  1855 10156
  1856 10074
  1857 10156
  1858 10062
  1859 10062
  1860 10062
  1861 10062
  1862 10062
  1865 10090
  1867 10090
  1876 10043
  1877 10043
  1880 10043
  1881 10043
  1882 10043
  1883 10043
  1884 10043
  1885 10043
  1886 10043
  1887 10043
  1888 10043
  1889 10043
  1890 10043
  1891 10043
  1892 10043
  1893 10043
  1894 10043
  1899 10043
  1900 10043
  1901 10043
  1906 10043
  1907 10043
  1908 10043
  1909 10043
  1910 10043
  1911 10043
  1920 10043
  1935 10043
  1936 10043
  1937 10043
  1938 10043
  1939 10043
  1940 10043
  1971 10043
  1972 10043
  1973 10043
  1974 10043
  1989 10043
  1991 10043
  1992 10043
  2020 10043
