   690 10081
   691 10081
   692 10081
   693 10081
   694 10081
   695 10081
   696 10081
   697 10081
   698 10081
   699 10081
   700 10081
   701 10081
   702 10081
   703 10081
   704 10081
   705 10081
   706 10081
   707 10081
   708 10081
   709 10081
   710 10081
   711 10081
   712 10081
   713 10081
   714 10081
   715 10081
   716 10081
   717 10081
   718 10081
   719 10081
   720 10081
   721 10081
   722 10081
   723 10081
   724 10081
   725 10081
   726 10081
   727 10081
   728 10081
   729 10081
   730 10081
   731 10081
   732 10081
   733 10081
   734 10081
   735 10081
   736 10081
   737 10081
   738 10081
   739 10081
   740 10081
   741 10081
   742 10081
   743 10081
   744 10081
   745 10081
   746 10081
   747 10081
   748 10081
   749 10081
   750 10081
   751 10081
   752 10081
   753 10081
   754 10081
   755 10081
   756 10081
   757 10081
   758 10081
   759 10081
   760 10081
   761 10081
   762 10081
   763 10081
   764 10081
   765 10081
   766 10081
   767 10081
   768 10081
   769 10081
   770 10081
   771 10081
   772 10081
   773 10081
   774 10081
   775 10081
   776 10081
   777 10081
   778 10081
   779 10081
   780 10081
   781 10154
   782 10154
   783 10156
   784 10095
   785 10095
   786 10095
   787 10095
   788 10095
   789 10095
   790 10095
   791 10095
   792 10095
   793 10095
   794 10095
   795 10095
   796 10095
   797 10095
   798 10095
   799 10095
   800 10095
   801 10095
   802 10095
   803 10095
   804 10095
   805 10095
   806 10095
   807 10095
   808 10095
   809 10095
   810 10095
   811 10095
   812 10095
   813 10095
   814 10095
   815 10095
   816 10095
   817 10095
   818 10095
   819 10095
   820 10095
   821 10095
   822 10095
   823 10095
   824 10095
   825 10095
   826 10095
   827 10095
   828 10095
   829 10095
   830 10095
   831 10095
   832 10095
   833 10095
   834 10095
   835 10095
   836 10095
   837 10095
   838 10095
   839 10095
   840 10095
   841 10095
   842 10095
   843 10095
   844 10095
   845 10095
   846 10095
   847 10095
   848 10095
   849 10095
   850 10095
   851 10095
   852 10095
   853 10095
   854 10095
   855 10095
   856 10095
   857 10095
   858 10095
   859 10095
   860 10095
   861 10095
   862 10095
   863 10095
   864 10095
   865 10095
   866 10095
   867 10095
   868 10095
   869 10095
   870 10095
   871 10095
   872 10095
   873 10095
   874 10095
   875 10095
   876 10095
   877 10095
   878 10095
   879 10095
   880 10095
   881 10095
   882 10095
   883 10095
   884 10095
   885 10095
   886 10095
   887 10095
   888 10095
   889 10095
   890 10095
   891 10095
   892 10095
   893 10095
   894 10095
   895 10095
   896 10095
   897 10095
   898 10095
   899 10095
   900 10095
   901 10095
   902 10095
   903 10095
   904 10095
   905 10095
   906 10095
   907 10095
   908 10095
   909 10095
   910 10095
   911 10095
   912 10095
   913 10095
   914 10095
   915 10095
   916 10095
   917 10095
   918 10095
   919 10095
   920 10095
   921 10095
   922 10095
   923 10095
   924 10095
   925 10095
   926 10095
   927 10095
   928 10095
   929 10095
   930 10095
   931 10095
   932 10095
   933 10095
   934 10095
   935 10095
   936 10095
   937 10095
   938 10095
   939 10095
   940 10095
   941 10095
   942 10095
   943 10095
   944 10095
   945 10095
   946 10095
   947 10095
   948 10095
   949 10095
   950 10095
   951 10095
   952 10095
   953 10095
   954 10095
   955 10095
   956 10095
   957 10095
   958 10095
   959 10095
   960 10095
   961 10095
   962 10095
   963 10095
   964 10095
   965 10095
   966 10095
   967 10095
   968 10095
   969 10095
   970 10095
   971 10095
   972 10095
   973 10095
   974 10095
   975 10095
   976 10095
   977 10095
   978 10095
   979 10095
   980 10095
   981 10095
   982 10095
   983 10095
   984 10095
   985 10095
   986 10095
   987 10095
   988 10095
   989 10095
   990 10095
   991 10095
   992 10095
   993 10095
   994 10095
   995 10095
   996 10095
   997 10095
   998 10095
   999 10095
  1000 10095
  1001 10095
  1002 10095
  1003 10095
  1004 10095
  1005 10095
  1006 10095
  1007 10095
  1008 10095
  1009 10095
  1010 10095
  1011 10095
  1012 10095
  1013 10095
  1014 10095
  1015 10095
  1016 10095
  1017 10095
  1018 10095
  1019 10095
  1020 10095
  1021 10143
  1022 10143
  1023 10143
  1024 10143
  1025 10143
  1026 10145
  1027 10145
  1028 10145
  1029 10145
  1030 10145
  1031 10145
  1032 10145
  1033 10145
  1034 10145
  1035 10145
  1036 10145
  1037 10145
  1038 10145
  1039 10145
  1040 10145
  1041 10145
  1042 10145
  1043 10145
  1044 10145
  1045 10145
  1046 10145
  1047 10145
  1048 10145
  1049 10145
  1050 10145
  1051 10145
  1052 10145
  1053 10145
  1054 10145
  1055 10145
  1056 10145
  1057 10145
  1058 10145
  1059 10145
  1060 10145
  1061 10145
  1062 10145
  1063 10145
  1064 10145
  1065 10145
  1066 10145
  1067 10145
  1068 10145
  1069 10145
  1070 10145
  1071 10145
  1072 10145
  1073 10145
  1074 10145
  1075 10145
  1076 10145
  1077 10145
  1078 10145
  1079 10145
  1080 10145
  1081 10145
  1082 10145
  1083 10145
  1084 10145
  1085 10145
  1086 10145
  1087 10145
  1088 10145
  1089 10145
  1090 10145
  1091 10145
  1092 10145
  1093 10145
  1094 10145
  1095 10145
  1096 10145
  1097 10145
  1098 10145
  1099 10145
  1100 10145
  1101 10145
  1102 10145
  1103 10145
  1104 10145
  1105 10145
  1106 10145
  1107 10145
  1108 10145
  1109 10145
  1110 10145
  1111 10145
  1112 10145
  1113 10145
  1114 10145
  1115 10145
  1116 10145
  1117 10145
  1118 10145
  1119 10145
  1120 10145
  1121 10145
  1122 10145
  1123 10145
  1124 10145
  1125 10145
  1126 10145
  1127 10145
  1128 10145
  1129 10145
  1130 10145
  1131 10145
  1132 10145
  1133 10145
  1134 10145
  1135 10145
  1136 10145
  1137 10145
  1138 10145
  1139 10145
  1140 10145
  1141 10145
  1142 10145
  1143 10145
  1144 10145
  1145 10145
  1146 10145
  1147 10145
  1148 10145
  1149 10145
  1150 10145
  1151 10145
  1152 10145
  1153 10145
  1154 10145
  1155 10145
  1156 10145
  1157 10145
  1158 10145
  1159 10145
  1160 10145
  1161 10145
  1162 10145
  1163 10145
  1164 10145
  1165 10145
  1166 10145
  1167 10145
  1168 10145
  1169 10145
  1170 10145
  1171 10145
  1172 10145
  1173 10145
  1174 10145
  1175 10145
  1176 10145
  1177 10145
  1178 10145
  1179 10145
  1180 10145
  1181 10145
  1182 10145
  1183 10145
  1184 10145
  1185 10145
  1186 10145
  1187 10145
  1188 10145
  1189 10145
  1190 10145
  1191 10145
  1192 10145
  1193 10145
  1194 10145
  1195 10145
  1196 10145
  1197 10145
  1198 10145
  1199 10145
  1200 10145
  1201 10145
  1202 10145
  1203 10145
  1204 10145
  1205 10145
  1206 10145
  1207 10145
  1208 10145
  1209 10145
  1210 10145
  1211 10145
  1212 10145
  1213 10145
  1214 10145
  1215 10145
  1216 10145
  1217 10145
  1218 10145
  1219 10145
  1220 10145
  1221 10145
  1222 10145
  1223 10145
  1224 10145
  1225 10145
  1226 10145
  1227 10145
  1228 10145
  1229 10145
  1230 10145
  1231 10145
  1232 10145
  1233 10145
  1234 10145
  1235 10145
  1236 10145
  1237 10145
  1238 10145
  1239 10145
  1240 10145
  1241 10145
  1242 10145
  1243 10145
  1244 10145
  1245 10145
  1246 10145
  1247 10145
  1248 10145
  1249 10145
  1250 10145
  1251 10145
  1252 10145
  1253 10145
  1254 10145
  1255 10145
  1256 10145
  1257 10145
  1258 10095
  1261 10098
  1262 10098
  1263 10018
  1264 10018
  1265 10018
  1266 10018
  1267 10040
  1268 10040
  1269 10040
  1270 10040
  1271 10040
  1272 10040
  1273 10040
  1274 10040
  1275 10040
  1276 10040
  1277 10018
  1278 10018
  1279 10040
  1280 10040
  1281 10040
  1282 10040
  1283 10040
  1284 10040
  1285 10018
  1286 10040
  1287 10018
  1288 10018
  1289 10018
  1290 10098
  1291 10040
  1292 10040
  1293 10040
  1294 10040
  1295 10040
  1296 10040
  1297 10040
  1298 10040
  1299 10040
  1300 10040
  1301 10040
  1302 10040
  1303 10040
  1304 10040
  1305 10040
  1306 10040
  1307 10040
  1308 10098
  1309 10098
  1310 10055
  1311 10106
  1312 10098
  1347 10128
  1348 10128
  1349 10050
  1358 10097
  1364 10154
  1376 10097
  1377 10097
  1378 10097
  1379 10097
  1380 10097
  1381 10097
  1382 10097
  1383 10097
  1384 10097
  1385 10097
  1386 10097
  1387 10097
  1388 10097
  1389 10097
  1390 10097
  1391 10097
  1392 10097
  1393 10097
  1394 10097
  1395 10162
  1396 10162
  1397 10162
  1398 10162
  1399 10162
  1400 10162
  1401 10162
  1402 10162
  1403 10162
  1404 10162
  1405 10162
  1406 10162
  1407 10162
  1408 10162
  1409 10162
  1410 10162
  1411 10162
  1412 10162
  1413 10162
  1414 10162
  1415 10162
  1416 10162
  1417 10162
  1418 10162
  1419 10162
  1420 10162
  1421 10162
  1422 10162
  1423 10162
  1424 10162
  1425 10162
  1426 10162
  1427 10162
  1428 10162
  1429 10162
  1430 10162
  1431 10162
  1432 10162
  1433 10162
  1434 10162
  1435 10162
  1436 10162
  1437 10162
  1438 10162
  1439 10162
  1440 10162
  1441 10162
  1442 10162
  1443 10162
  1444 10162
  1445 10162
  1446 10162
  1447 10162
  1448 10162
  1449 10162
  1450 10162
  1451 10162
  1452 10162
  1453 10162
  1454 10162
  1455 10162
  1456 10162
  1457 10162
  1458 10162
  1459 10162
  1460 10162
  1461 10162
  1462 10162
  1463 10162
  1464 10162
  1465 10162
  1466 10162
  1467 10162
  1468 10162
  1469 10162
  1470 10162
  1471 10162
  1472 10162
  1473 10162
  1474 10162
  1475 10162
  1476 10162
  1477 10162
  1478 10162
  1479 10162
  1480 10162
  1481 10162
  1482 10162
  1483 10162
  1484 10162
  1485 10162
  1486 10162
  1487 10162
  1488 10162
  1489 10162
  1490 10162
  1491 10162
  1492 10162
  1493 10162
  1494 10162
  1495 10162
  1496 10162
  1497 10162
  1498 10162
  1499 10162
  1500 10162
  1501 10162
  1502 10162
  1503 10162
  1504 10162
  1505 10162
  1506 10162
  1507 10162
  1508 10162
  1509 10162
  1510 10162
  1511 10162
  1512 10162
  1513 10162
  1514 10162
  1515 10162
  1516 10162
  1517 10162
  1518 10162
  1519 10162
  1520 10162
  1521 10162
  1522 10162
  1523 10162
  1524 10162
  1525 10162
  1526 10162
  1527 10162
  1528 10162
  1529 10162
  1530 10162
  1531 10162
  1532 10162
  1533 10162
  1534 10162
  1535 10162
  1536 10162
  1537 10162
  1538 10162
  1539 10162
  1540 10162
  1541 10162
  1542 10162
  1543 10162
  1544 10162
  1545 10162
  1546 10162
  1547 10162
  1548 10162
  1549 10162
  1550 10162
  1551 10162
  1552 10162
  1553 10162
  1554 10162
  1555 10162
  1556 10162
  1557 10162
  1558 10162
  1559 10162
  1560 10162
  1561 10162
  1562 10162
  1563 10162
  1564 10162
  1565 10162
  1566 10162
  1567 10162
  1568 10162
  1569 10162
  1570 10162
  1571 10162
  1572 10162
  1573 10162
  1574 10162
  1575 10162
  1576 10162
  1577 10162
  1578 10162
  1579 10162
  1580 10162
  1581 10162
  1582 10162
  1583 10162
  1584 10162
  1585 10162
  1586 10162
  1587 10162
  1588 10162
  1589 10162
  1590 10162
  1591 10162
  1592 10162
  1593 10162
  1594 10162
  1595 10162
  1596 10162
  1597 10162
  1598 10162
  1599 10162
  1600 10162
  1601 10162
  1602 10162
  1603 10162
  1604 10162
  1605 10162
  1606 10162
  1607 10162
  1608 10162
  1609 10162
  1610 10162
  1611 10162
  1612 10162
  1613 10162
  1614 10162
  1615 10162
  1616 10162
  1617 10162
  1618 10162
  1619 10162
  1620 10162
  1621 10097
  1622 10097
  1623 10097
  1624 10077
  1626 10077
  1630 10077
  1631 10077
  1632 10077
  1633 10077
  1634 10077
  1635 10077
  1636 10077
  1637 10077
  1638 10077
  1639 10077
  1640 10077
  1641 10077
  1642 10077
  1643 10077
  1644 10077
  1645 10077
  1646 10077
  1647 10077
  1648 10077
  1649 10077
  1650 10077
  1651 10077
  1652 10077
  1653 10077
  1654 10077
  1655 10077
  1656 10077
  1657 10077
  1658 10077
  1659 10077
  1660 10077
  1661 10077
  1662 10077
  1663 10077
  1664 10077
  1665 10077
  1666 10077
  1667 10077
  1668 10077
  1669 10077
  1670 10077
  1671 10077
  1672 10077
  1673 10077
  1674 10077
  1675 10077
  1676 10077
  1677 10077
  1678 10077
  1679 10077
  1680 10077
  1681 10077
  1682 10077
  1683 10077
  1684 10077
  1685 10077
  1686 10077
  1687 10077
  1688 10077
  1689 10077
  1690 10077
  1691 10077
  1692 10077
  1693 10077
  1694 10077
  1695 10077
  1696 10077
  1697 10077
  1698 10077
  1699 10077
  1700 10077
  1701 10077
  1702 10077
  1703 10077
  1704 10077
  1705 10077
  1706 10077
  1707 10077
  1708 10077
  1709 10077
  1710 10077
  1711 10077
  1712 10077
  1713 10077
  1714 10077
  1715 10077
  1716 10077
  1717 10077
  1718 10077
  1719 10077
  1720 10077
  1721 10077
  1722 10077
  1723 10077
  1724 10077
  1725 10077
  1726 10077
  1727 10077
  1728 10077
  1729 10077
  1730 10077
  1731 10077
  1732 10077
  1733 10077
  1734 10077
  1735 10077
  1736 10077
  1737 10077
  1738 10077
  1739 10077
  1740 10077
  1741 10077
  1742 10077
  1743 10077
  1744 10077
  1745 10077
  1746 10077
  1747 10077
  1748 10077
  1749 10077
  1750 10077
  1751 10077
  1752 10077
  1753 10077
  1754 10077
  1755 10077
  1756 10077
  1757 10077
  1758 10077
  1759 10077
  1760 10077
  1761 10077
  1762 10077
  1763 10077
  1764 10077
  1765 10077
  1766 10077
  1767 10077
  1768 10077
  1769 10077
  1770 10077
  1771 10077
  1772 10077
  1773 10077
  1774 10077
  1775 10077
  1776 10077
  1777 10077
  1778 10077
  1779 10077
  1780 10077
  1781 10077
  1782 10077
  1783 10077
  1784 10077
  1785 10077
  1786 10077
  1787 10077
  1788 10077
  1789 10077
  1790 10077
  1791 10077
  1792 10077
  1793 10077
  1794 10077
  1795 10077
  1796 10077
  1797 10077
  1798 10077
  1799 10077
  1800 10077
  1801 10077
  1802 10077
  1803 10077
  1804 10077
  1805 10077
  1806 10077
  1807 10077
  1808 10077
  1809 10077
  1810 10077
  1811 10077
  1812 10077
  1813 10077
  1814 10077
  1815 10077
  1816 10077
  1817 10077
  1818 10077
  1819 10077
  1820 10077
  1821 10077
  1822 10077
  1823 10077
  1824 10077
  1825 10077
  1826 10077
  1827 10077
  1828 10077
  1829 10077
  1830 10077
  1831 10077
  1832 10077
  1833 10077
  1834 10077
  1835 10077
  1836 10077
  1837 10077
  1838 10077
  1839 10077
  1840 10077
  1841 10077
  1842 10077
  1843 10077
  1844 10077
  1845 10077
  1846 10077
  1847 10077
  1848 10077
  1849 10077
  1850 10077
  1851 10077
  1852 10077
  1853 10077
  1854 10077
  1855 10077
  1856 10097
  1858 10154
  1859 10154
  1866 10146
  1867 10146
  1868 10146
  1869 10146
  1870 10146
  1871 10146
  1872 10146
  1873 10146
  1874 10146
  1875 10146
  1876 10146
  1877 10146
  1878 10146
  1879 10146
  1880 10146
  1881 10146
  1882 10146
  1883 10146
  1884 10146
  1885 10146
  1886 10146
  1887 10146
  1888 10146
  1889 10146
  1890 10146
  1891 10146
  1892 10146
  1893 10146
  1894 10146
  1895 10146
  1896 10146
  1897 10146
  1898 10146
  1899 10146
  1900 10146
  1901 10146
  1902 10146
  1903 10146
  1904 10146
  1905 10146
  1906 10146
  1907 10146
  1908 10146
  1909 10146
  1910 10146
  1911 10146
  1912 10146
  1913 10146
  1914 10146
  1915 10146
  1916 10146
  1917 10146
  1918 10146
  1919 10146
  1920 10146
  1921 10146
  1922 10146
  1923 10146
  1924 10146
  1925 10146
  1926 10146
  1927 10146
  1928 10146
  1929 10146
  1930 10146
  1931 10146
  1932 10146
  1933 10146
  1934 10146
  1935 10146
  1936 10146
  1937 10146
  1938 10146
  1939 10146
  1940 10146
  1941 10146
  1942 10146
  1943 10146
  1944 10146
  1945 10146
  1946 10146
  1947 10146
  1948 10146
  1949 10146
  1950 10146
  1951 10146
  1952 10146
  1953 10146
  1954 10146
  1955 10146
  1956 10146
  1957 10146
  1958 10146
  1959 10146
  1960 10146
  1961 10146
  1962 10146
  1963 10146
  1964 10146
  1965 10146
  1966 10146
  1967 10146
  1968 10146
  1969 10146
  1970 10146
  1971 10146
  1972 10146
  1973 10146
  1974 10146
  1975 10146
  1976 10146
  1977 10146
  1978 10146
  1979 10146
  1980 10146
  1981 10146
  1982 10146
  1983 10146
  1984 10146
  1985 10146
  1986 10146
  1987 10146
  1988 10146
  1989 10146
  1990 10146
  1991 10146
  1992 10146
  1993 10146
  1994 10146
  1995 10146
  1996 10146
  1997 10146
  1998 10146
  1999 10146
  2000 10146
  2001 10146
  2002 10146
  2003 10146
  2004 10146
  2005 10146
  2006 10146
  2007 10146
  2008 10146
  2009 10146
  2010 10146
  2011 10146
  2012 10146
  2013 10146
  2014 10146
  2015 10146
  2016 10146
  2017 10146
  2018 10146
  2019 10146
  2020 10146
  2021 10107
  2022 10107
  2023 10107
  2024 10107
  2025 10081
  2026 10154
  2027 10016
