   600 10084
   601 10084
   602 10084
   613 10092
   614 10092
   615 10092
   616 10092
   617 10092
   618 10092
   619 10092
   620 10092
   621 10092
   622 10092
   623 10092
   624 10092
   630 10092
   631 10092
   632 10092
   633 10092
   634 10092
   643 10092
   644 10092
   645 10092
   646 10092
   647 10092
   648 10092
   649 10092
   650 10092
   651 10092
   654 10092
   655 10092
   656 10092
   686 10092
   687 10092
   688 10092
   689 10092
   690 10092
   691 10092
   692 10092
   693 10092
   694 10092
   695 10092
   696 10092
   697 10092
   698 10092
   699 10092
   702 10092
   703 10092
   704 10092
   705 10092
   706 10092
   717 10092
   718 10092
   719 10092
   720 10092
   721 10092
   722 10092
   723 10092
   724 10092
   725 10092
   726 10092
   727 10092
   728 10092
   729 10092
   730 10092
   731 10092
   732 10092
   733 10092
   734 10092
   735 10092
   736 10092
   737 10092
   738 10092
   739 10092
   747 10092
   748 10092
   749 10092
   750 10092
   751 10092
   773 10092
   774 10092
   775 10092
   776 10092
   777 10092
   781 10092
   782 10092
   783 10092
   784 10092
   785 10092
   815 10092
   816 10092
   817 10092
   818 10092
   819 10092
   820 10092
   853 10092
   854 10092
   855 10092
   856 10092
   857 10092
   858 10092
   859 10092
   860 10092
   861 10092
   870 10092
   871 10092
   872 10092
   873 10092
   874 10092
   875 10092
   876 10092
   877 10092
   878 10092
   879 10092
   899 10092
   901 10092
   902 10092
   903 10092
   904 10092
   905 10092
   906 10092
   907 10092
   908 10092
   909 10092
   910 10092
   911 10092
   912 10092
   913 10092
   914 10092
   915 10092
   921 10092
   922 10092
   923 10092
   924 10092
   930 10092
   931 10092
   934 10092
   935 10092
   936 10092
   937 10092
   939 10092
   940 10092
   941 10092
   942 10092
   943 10092
   947 10092
   948 10092
   949 10092
   950 10092
   951 10092
   973 10092
   974 10092
   975 10092
   976 10092
   977 10092
   982 10092
   983 10092
   984 10092
   985 10092
   986 10092
   987 10092
   988 10092
   989 10092
   990 10092
   991 10092
   992 10092
   993 10092
   994 10092
   995 10092
   996 10092
   997 10092
   998 10092
   999 10092
  1000 10092
  1001 10092
  1002 10092
  1003 10092
  1004 10092
  1005 10092
  1006 10092
  1007 10092
  1008 10092
  1009 10092
  1010 10092
  1011 10092
  1012 10092
  1013 10092
  1014 10040
  1015 10040
  1016 10040
  1017 10040
  1018 10040
  1019 10040
  1020 10078
  1021 10078
  1022 10078
  1023 10078
  1024 10078
  1025 10040
  1026 10040
  1027 10084
  1028 10040
  1029 10040
  1030 10040
  1031 10040
  1032 10106
  1034 10092
  1035 10092
  1036 10092
  1037 10092
  1038 10092
  1039 10092
  1040 10092
  1041 10092
  1043 10092
  1044 10092
  1045 10092
  1046 10092
  1047 10092
  1048 10092
  1049 10092
  1050 10092
  1051 10092
  1052 10092
  1053 10092
  1054 10092
  1055 10092
  1056 10092
  1057 10092
  1058 10092
  1059 10092
  1060 10092
  1061 10092
  1062 10092
  1063 10092
  1064 10092
  1065 10092
  1066 10092
  1067 10092
  1068 10092
  1069 10092
  1070 10092
  1071 10092
  1072 10092
  1073 10092
  1074 10092
  1075 10092
  1076 10092
  1077 10092
  1078 10092
  1079 10092
  1080 10092
  1081 10092
  1082 10092
  1083 10092
  1084 10092
  1085 10092
  1086 10092
  1087 10092
  1088 10092
  1089 10092
  1090 10092
  1091 10092
  1092 10092
  1093 10092
  1094 10092
  1095 10092
  1096 10092
  1097 10092
  1098 10092
  1099 10092
  1100 10092
  1101 10092
  1102 10092
  1103 10092
  1104 10092
  1105 10092
  1106 10092
  1107 10092
  1108 10092
  1109 10092
  1110 10092
  1111 10092
  1112 10092
  1113 10092
  1114 10092
  1115 10092
  1116 10092
  1117 10092
  1118 10092
  1119 10092
  1120 10092
  1121 10092
  1122 10092
  1123 10092
  1124 10092
  1125 10092
  1126 10092
  1127 10092
  1128 10092
  1129 10092
  1130 10092
  1131 10092
  1132 10092
  1133 10092
  1134 10092
  1135 10092
  1136 10092
  1137 10092
  1139 10078
  1140 10078
  1141 10078
  1142 10078
  1143 10084
  1144 10098
  1145 10084
  1146 10084
  1147 10084
  1148 10084
  1149 10098
  1150 10040
  1151 10040
  1152 10040
  1153 10040
  1155 10040
  1158 10092
  1159 10092
  1160 10092
  1161 10092
  1162 10092
  1163 10092
  1165 10092
  1166 10092
  1167 10092
  1168 10092
  1169 10092
  1170 10092
  1171 10092
  1172 10092
  1173 10092
  1174 10092
  1175 10092
  1176 10092
  1177 10092
  1178 10092
  1179 10092
  1180 10092
  1181 10092
  1182 10092
  1183 10092
  1184 10092
  1185 10092
  1188 10092
  1189 10092
  1190 10092
  1191 10092
  1192 10092
  1193 10092
  1194 10092
  1195 10092
  1196 10092
  1197 10092
  1198 10092
  1199 10092
  1200 10092
  1202 10092
  1206 10092
  1207 10092
  1208 10092
  1209 10092
  1210 10092
  1211 10092
  1212 10092
  1213 10092
  1214 10092
  1215 10092
  1216 10092
  1217 10092
  1218 10092
  1219 10092
  1220 10092
  1221 10092
  1222 10092
  1223 10092
  1224 10092
  1225 10092
  1226 10092
  1227 10092
  1228 10092
  1230 10092
  1231 10092
  1232 10092
  1233 10092
  1234 10092
  1244 10092
  1245 10092
  1246 10092
  1247 10092
  1248 10092
  1249 10092
  1250 10092
  1251 10092
  1260 10092
  1261 10092
  1262 10092
  1263 10092
  1264 10092
  1265 10092
  1266 10092
  1281 10092
  1282 10092
  1283 10092
  1293 10092
  1294 10092
  1295 10092
  1296 10092
  1297 10092
  1298 10092
  1299 10092
  1300 10092
  1301 10092
  1302 10092
  1303 10092
  1304 10092
  1305 10092
  1306 10092
  1314 10092
  1315 10092
  1316 10092
  1317 10092
  1318 10092
  1319 10092
  1323 10092
  1326 10092
  1327 10092
  1328 10092
  1329 10092
  1330 10092
  1331 10092
  1332 10092
  1333 10092
  1334 10092
  1335 10092
  1336 10092
  1337 10092
  1338 10092
  1339 10092
  1340 10092
  1343 10092
  1344 10092
  1345 10092
  1346 10092
  1347 10092
  1348 10092
  1349 10092
  1350 10092
  1351 10092
  1352 10092
  1353 10092
  1354 10092
  1355 10092
  1356 10092
  1357 10092
  1361 10092
  1362 10092
  1363 10092
  1364 10092
  1365 10092
  1366 10092
  1367 10092
  1368 10092
  1369 10092
  1370 10092
  1371 10092
  1373 10092
  1374 10092
  1375 10092
  1376 10092
  1377 10092
  1378 10092
  1379 10092
  1380 10092
  1383 10092
  1389 10092
  1390 10092
  1391 10092
  1393 10092
  1394 10092
  1395 10092
  1396 10092
  1397 10092
  1398 10092
  1399 10092
  1400 10092
  1401 10092
  1402 10092
  1403 10092
  1404 10092
  1405 10092
  1406 10092
  1407 10092
  1408 10092
  1409 10092
  1410 10092
  1411 10092
  1412 10092
  1413 10092
  1414 10092
  1415 10092
  1416 10092
  1417 10092
  1419 10092
  1420 10092
  1421 10092
  1422 10092
  1423 10092
  1424 10092
  1425 10092
  1426 10092
  1427 10092
  1428 10092
  1429 10092
  1430 10092
  1431 10092
  1432 10092
  1433 10092
  1434 10092
  1435 10092
  1436 10092
  1437 10092
  1438 10092
  1439 10092
  1442 10092
  1443 10092
  1444 10092
  1445 10092
  1446 10092
  1447 10092
  1448 10092
  1449 10092
  1454 10092
  1455 10092
  1472 10092
  1473 10092
  1474 10092
  1475 10092
  1476 10092
  1477 10092
  1478 10092
  1479 10092
  1480 10092
  1481 10092
  1482 10092
  1483 10092
  1484 10092
  1485 10092
  1486 10092
  1487 10092
  1488 10092
  1489 10092
  1490 10092
  1491 10092
  1493 10092
  1494 10092
  1496 10092
  1497 10092
  1498 10092
  1499 10092
  1500 10092
  1501 10092
  1502 10092
  1503 10092
  1504 10092
  1505 10092
  1506 10092
  1507 10092
  1508 10092
  1509 10092
  1510 10092
  1511 10092
  1512 10092
  1513 10092
  1514 10092
  1515 10092
  1516 10092
  1517 10092
  1518 10092
  1521 10092
  1522 10092
  1523 10092
  1524 10092
  1525 10092
  1526 10092
  1527 10092
  1528 10092
  1529 10092
  1530 10092
  1531 10092
  1532 10052
  1533 10052
  1536 10055
  1537 10018
  1538 10018
  1539 10018
  1540 10018
  1541 10084
  1542 10084
  1543 10084
  1544 10084
  1545 10084
  1546 10084
  1547 10084
  1548 10084
  1549 10084
  1550 10018
  1551 10018
  1552 10018
  1553 10018
  1554 10018
  1555 10055
  1556 10018
  1557 10018
  1558 10055
  1559 10055
  1560 10018
  1561 10055
  1562 10055
  1563 10018
  1564 10018
  1565 10018
  1566 10084
  1567 10084
  1568 10084
  1569 10018
  1570 10018
  1571 10084
  1572 10084
  1573 10084
  1574 10084
  1575 10084
  1576 10084
  1577 10084
  1578 10084
  1579 10084
  1580 10084
  1581 10098
  1582 10055
  1584 10171
  1591 10092
  1592 10092
  1593 10092
  1594 10092
  1595 10092
  1596 10092
  1597 10092
  1598 10092
  1599 10092
  1600 10092
  1601 10092
  1602 10092
  1603 10092
  1604 10092
  1605 10092
  1606 10092
  1607 10092
  1608 10092
  1609 10092
  1610 10092
  1611 10092
  1612 10092
  1613 10092
  1614 10092
  1615 10092
  1616 10092
  1617 10092
  1618 10092
  1619 10092
  1620 10092
  1621 10092
  1622 10092
  1623 10092
  1624 10092
  1625 10092
  1626 10092
  1627 10092
  1628 10092
  1629 10092
  1638 10092
  1639 10092
  1640 10092
  1641 10092
  1642 10092
  1643 10092
  1646 10052
  1647 10092
  1663 10092
  1664 10092
  1665 10092
  1666 10092
  1667 10092
  1668 10092
  1669 10092
  1670 10092
  1671 10092
  1677 10092
  1678 10092
  1679 10092
  1680 10092
  1681 10092
  1685 10092
  1686 10092
  1687 10092
  1688 10092
  1689 10092
  1690 10092
  1691 10092
  1692 10092
  1693 10092
  1694 10092
  1695 10092
  1698 10092
  1699 10092
  1700 10092
  1701 10092
  1702 10092
  1703 10092
  1704 10092
  1705 10092
  1706 10092
  1707 10092
  1708 10092
  1709 10092
  1710 10092
  1711 10092
  1712 10092
  1713 10092
  1714 10092
  1715 10092
  1716 10092
  1717 10092
  1718 10092
  1719 10092
  1720 10092
  1721 10092
  1722 10140
  1723 10140
  1724 10158
  1725 10158
  1726 10098
  1727 10098
  1728 10098
  1729 10084
  1730 10084
  1731 10084
  1734 10084
  1735 10084
  1736 10084
  1737 10084
  1743 10084
  1744 10084
  1745 10084
  1746 10084
  1747 10084
  1748 10084
  1749 10084
  1750 10084
  1794 10084
  1795 10084
  1796 10040
  1797 10040
  1798 10040
  1799 10040
  1800 10040
  1801 10040
  1802 10040
  1804 10040
  1805 10040
  1806 10040
  1807 10040
  1808 10040
  1809 10040
  1810 10040
  1811 10040
  1812 10040
  1813 10040
  1814 10040
  1815 10040
  1816 10040
  1817 10040
  1818 10040
  1819 10040
  1820 10040
  1821 10040
  1822 10040
  1823 10040
  1824 10040
  1825 10040
  1826 10040
  1827 10040
  1828 10040
  1829 10040
  1830 10040
  1831 10040
  1832 10040
  1833 10040
  1834 10040
  1835 10040
  1836 10040
  1837 10040
  1838 10040
  1839 10040
  1840 10040
  1841 10040
  1842 10040
  1843 10040
  1844 10098
  1845 10040
  1846 10040
  1847 10040
  1848 10040
  1849 10040
  1854 10040
  1855 10040
  1856 10040
  1857 10040
  1858 10040
  1859 10040
  1860 10040
  1861 10040
  1862 10040
  1863 10040
  1864 10040
  1865 10040
  1866 10040
  1867 10040
  1868 10040
  1869 10040
  1870 10040
  1877 10106
  1879 10040
  1882 10098
  1883 10098
  1884 10098
  1885 10098
  1886 10084
  1887 10084
  1888 10084
  1889 10084
  1890 10084
  1891 10084
  1892 10084
  1893 10084
  1894 10084
  1895 10084
  1896 10084
  1897 10084
  1900 10018
  1901 10018
  1902 10018
  1903 10040
  1904 10040
  1905 10078
  1906 10078
  1907 10078
  1908 10078
  1909 10078
  1910 10078
  1911 10078
  1912 10078
  1913 10078
  1914 10078
  1915 10078
  1916 10078
  1917 10078
  1920 10092
  1921 10092
  1923 10092
  1924 10092
  1925 10092
  1926 10092
  1927 10092
  1929 10092
  1930 10092
  1931 10092
  1932 10092
  1933 10092
  1934 10092
  1935 10092
  1938 10092
  1939 10092
  1940 10092
  1941 10092
  1942 10092
  1943 10092
  1944 10092
  1945 10092
  1946 10092
  1947 10092
  1948 10092
  1949 10092
  1950 10092
  1951 10092
  1952 10092
  1953 10092
  1954 10092
  1955 10092
  1956 10092
  1957 10092
  1958 10092
  1959 10092
  1960 10092
  1961 10092
  1962 10092
  1963 10092
  1964 10092
  1965 10092
  1966 10092
  1967 10092
  1968 10092
  1969 10092
  1970 10092
  1971 10092
  1972 10092
  1973 10092
  1974 10092
  1975 10092
  1976 10092
  1977 10092
  1978 10092
  1979 10092
  1980 10092
  1981 10092
  1982 10092
  1983 10092
  1984 10092
  1985 10092
  1986 10092
  1987 10092
  1988 10092
  1989 10092
  1990 10092
  1991 10092
  1992 10092
  1993 10092
  1994 10092
  1995 10092
  1996 10092
  1997 10092
  1998 10092
  1999 10092
  2000 10092
  2001 10092
  2002 10092
  2003 10092
  2004 10092
  2005 10092
  2006 10092
  2007 10092
  2008 10092
  2009 10092
  2010 10092
  2011 10092
  2012 10092
  2013 10092
  2014 10092
  2015 10092
  2016 10092
  2017 10092
  2018 10092
  2019 10092
  2020 10092
  2021 10092
  2022 10092
  2023 10092
  2024 10092
  2025 10092
  2026 10092
  2027 10092
  2028 10092
  2029 10092
  2030 10092
  2031 10092
  2032 10092
  2033 10092
  2034 10092
  2035 10092
  2036 10092
  2037 10092
  2038 10092
  2039 10092
  2040 10092
  2041 10092
  2043 10092
  2044 10092
  2045 10092
  2046 10092
  2047 10092
  2058 10092
  2059 10092
  2060 10092
  2061 10092
  2062 10092
  2063 10092
  2064 10092
  2065 10092
  2066 10092
  2067 10092
  2071 10092
  2072 10092
  2073 10092
  2074 10092
  2075 10092
  2076 10092
  2086 10092
  2087 10092
  2088 10092
  2089 10092
  2090 10092
  2091 10092
  2092 10092
  2093 10092
  2094 10092
  2095 10092
  2096 10092
  2097 10092
  2098 10092
  2099 10092
  2100 10092
  2101 10092
  2102 10092
  2103 10092
  2104 10092
  2105 10092
  2106 10092
  2107 10092
  2108 10092
  2109 10092
  2110 10092
  2111 10092
  2112 10092
  2113 10092
  2114 10092
  2115 10092
  2116 10092
  2117 10092
  2118 10092
  2119 10092
  2120 10092
  2121 10092
