   676 10156
   677 10156
   678 10156
   679 10156
   680 10156
   690 10074
   691 10074
   692 10074
   693 10074
   694 10074
   695 10074
   696 10074
   697 10074
   698 10074
   699 10074
   700 10074
   701 10074
   702 10074
   703 10074
   704 10074
   705 10074
   706 10074
   707 10074
   708 10074
   709 10074
   710 10074
   711 10074
   712 10074
   713 10074
   714 10074
   715 10074
   716 10074
   717 10074
   718 10074
   719 10074
   720 10074
   721 10074
   722 10074
   723 10074
   724 10074
   725 10074
   726 10074
   727 10074
   728 10074
   729 10074
   730 10074
   731 10074
   732 10074
   733 10074
   734 10074
   735 10074
   736 10074
   737 10074
   738 10074
   739 10074
   740 10074
   741 10074
   742 10074
   743 10074
   744 10074
   745 10074
   746 10074
   747 10074
   748 10074
   749 10074
   750 10074
   751 10074
   752 10074
   753 10074
   754 10074
   755 10074
   756 10074
   757 10074
   758 10074
   759 10074
   760 10074
   761 10074
   762 10074
   763 10074
   764 10074
   765 10074
   766 10074
   767 10074
   768 10074
   769 10074
   770 10074
   771 10074
   772 10074
   773 10074
   774 10074
   775 10074
   776 10074
   777 10074
   778 10074
   779 10074
   780 10074
   781 10101
   782 10009
   783 10009
   784 10009
   785 10009
   786 10009
   787 10009
   788 10009
   789 10009
   790 10009
   791 10009
   792 10009
   793 10009
   794 10009
   795 10009
   796 10009
   797 10009
   798 10009
   799 10009
   800 10009
   801 10009
   802 10009
   803 10009
   804 10009
   805 10009
   806 10009
   807 10009
   808 10009
   809 10009
   810 10009
   811 10009
   812 10009
   813 10009
   814 10009
   815 10009
   816 10009
   817 10009
   818 10009
   819 10009
   820 10009
   821 10009
   822 10009
   823 10009
   824 10009
   825 10009
   826 10009
   827 10009
   828 10009
   829 10009
   830 10009
   831 10009
   832 10009
   833 10009
   834 10009
   835 10009
   836 10009
   837 10009
   838 10009
   839 10009
   840 10009
   841 10009
   842 10009
   843 10009
   844 10009
   845 10009
   846 10009
   847 10009
   848 10009
   849 10009
   850 10009
   851 10009
   852 10009
   853 10009
   854 10009
   855 10009
   856 10009
   857 10009
   858 10009
   859 10009
   860 10009
   861 10009
   862 10009
   863 10009
   864 10009
   865 10009
   866 10009
   867 10009
   868 10009
   869 10009
   870 10009
   871 10009
   872 10009
   873 10009
   874 10009
   875 10009
   876 10009
   877 10009
   878 10009
   879 10009
   880 10009
   881 10009
   882 10009
   883 10009
   884 10009
   885 10009
   886 10009
   887 10009
   888 10009
   889 10009
   890 10009
   891 10009
   892 10009
   893 10009
   894 10009
   895 10009
   896 10009
   897 10009
   898 10009
   899 10009
   900 10009
   901 10009
   902 10009
   903 10009
   904 10009
   905 10009
   906 10009
   907 10009
   908 10009
   909 10009
   910 10009
   911 10009
   912 10009
   913 10009
   914 10009
   915 10009
   916 10009
   917 10009
   918 10009
   919 10009
   920 10009
   921 10009
   922 10009
   923 10009
   924 10009
   925 10009
   926 10009
   927 10009
   928 10009
   929 10009
   930 10009
   931 10009
   932 10009
   933 10009
   934 10009
   935 10009
   936 10009
   937 10009
   938 10009
   939 10009
   940 10009
   941 10009
   942 10009
   943 10009
   944 10009
   945 10009
   946 10009
   947 10009
   948 10009
   949 10009
   950 10009
   951 10009
   952 10009
   953 10009
   954 10009
   955 10009
   956 10009
   957 10009
   958 10009
   959 10009
   960 10009
   961 10009
   962 10009
   963 10009
   964 10009
   965 10009
   966 10009
   967 10009
   968 10009
   969 10009
   970 10009
   971 10009
   972 10009
   973 10009
   974 10009
   975 10009
   976 10009
   977 10009
   978 10009
   979 10009
   980 10009
   981 10009
   982 10009
   983 10009
   984 10009
   985 10009
   986 10009
   987 10009
   988 10009
   989 10009
   990 10009
   991 10009
   992 10009
   993 10009
   994 10009
   995 10009
   996 10009
   997 10009
   998 10009
   999 10009
  1000 10009
  1001 10009
  1002 10009
  1003 10009
  1004 10009
  1005 10009
  1006 10009
  1007 10009
  1008 10009
  1009 10009
  1010 10009
  1011 10009
  1012 10009
  1013 10009
  1014 10009
  1015 10009
  1016 10009
  1017 10009
  1018 10009
  1019 10009
  1020 10009
  1021 10014
  1022 10014
  1023 10014
  1024 10014
  1025 10143
  1026 10143
  1027 10014
  1028 10074
  1029 10074
  1030 10074
  1031 10074
  1032 10074
  1033 10074
  1034 10074
  1035 10074
  1036 10074
  1037 10074
  1038 10074
  1039 10074
  1040 10074
  1041 10074
  1042 10074
  1043 10074
  1044 10074
  1045 10074
  1046 10074
  1047 10074
  1048 10074
  1049 10074
  1050 10074
  1051 10074
  1052 10074
  1053 10074
  1054 10074
  1055 10074
  1056 10074
  1057 10074
  1058 10074
  1059 10074
  1060 10074
  1061 10074
  1062 10074
  1063 10074
  1064 10074
  1065 10074
  1066 10074
  1067 10074
  1068 10074
  1069 10074
  1070 10074
  1071 10074
  1072 10074
  1073 10074
  1074 10074
  1075 10074
  1076 10074
  1077 10074
  1078 10074
  1079 10074
  1080 10074
  1081 10074
  1082 10074
  1083 10074
  1084 10074
  1085 10074
  1086 10074
  1087 10074
  1088 10074
  1089 10074
  1090 10074
  1091 10074
  1092 10074
  1093 10074
  1094 10074
  1095 10074
  1096 10074
  1097 10074
  1098 10074
  1099 10074
  1100 10074
  1101 10074
  1102 10074
  1103 10074
  1104 10074
  1105 10074
  1106 10074
  1107 10074
  1108 10074
  1109 10074
  1110 10074
  1111 10074
  1112 10074
  1113 10074
  1114 10074
  1115 10074
  1116 10074
  1117 10074
  1118 10074
  1119 10074
  1120 10074
  1121 10074
  1122 10074
  1123 10074
  1124 10074
  1125 10074
  1126 10074
  1127 10074
  1128 10074
  1129 10074
  1130 10074
  1131 10074
  1132 10074
  1133 10074
  1134 10074
  1135 10074
  1136 10074
  1137 10074
  1138 10074
  1139 10074
  1140 10074
  1141 10074
  1142 10074
  1143 10074
  1144 10074
  1145 10074
  1146 10074
  1147 10074
  1148 10074
  1149 10074
  1150 10074
  1151 10074
  1152 10074
  1153 10074
  1154 10074
  1155 10074
  1156 10074
  1157 10074
  1158 10074
  1159 10074
  1160 10074
  1161 10074
  1162 10074
  1163 10074
  1164 10074
  1165 10074
  1166 10074
  1167 10074
  1168 10074
  1169 10074
  1170 10074
  1171 10074
  1172 10074
  1173 10074
  1174 10074
  1175 10074
  1176 10074
  1177 10074
  1178 10074
  1179 10074
  1180 10074
  1181 10074
  1182 10074
  1183 10074
  1184 10074
  1185 10074
  1186 10074
  1187 10074
  1188 10074
  1189 10074
  1190 10074
  1191 10074
  1192 10074
  1193 10074
  1194 10074
  1195 10074
  1196 10074
  1197 10074
  1198 10074
  1199 10074
  1200 10074
  1201 10074
  1202 10074
  1203 10074
  1204 10074
  1205 10074
  1206 10074
  1207 10074
  1208 10074
  1209 10074
  1210 10074
  1211 10074
  1212 10074
  1213 10074
  1214 10074
  1215 10074
  1216 10074
  1217 10074
  1218 10074
  1219 10074
  1220 10074
  1221 10074
  1222 10074
  1223 10074
  1224 10074
  1225 10074
  1226 10074
  1227 10074
  1228 10074
  1229 10074
  1230 10074
  1231 10074
  1232 10074
  1233 10074
  1234 10074
  1235 10074
  1236 10074
  1237 10074
  1238 10074
  1239 10074
  1240 10074
  1241 10074
  1242 10074
  1243 10074
  1244 10074
  1245 10074
  1246 10074
  1247 10074
  1248 10074
  1249 10074
  1250 10074
  1251 10074
  1252 10074
  1253 10074
  1254 10074
  1255 10074
  1256 10074
  1257 10074
  1258 10074
  1259 10074
  1260 10074
  1261 10154
  1262 10154
  1263 10154
  1264 10036
  1265 10154
  1266 10018
  1267 10055
  1268 10018
  1269 10018
  1270 10018
  1271 10018
  1272 10018
  1273 10040
  1274 10040
  1275 10040
  1276 10018
  1277 10018
  1278 10018
  1279 10040
  1280 10040
  1281 10040
  1282 10040
  1283 10040
  1284 10040
  1285 10040
  1286 10040
  1287 10040
  1288 10040
  1289 10040
  1290 10040
  1291 10040
  1292 10040
  1293 10040
  1294 10040
  1295 10040
  1296 10018
  1297 10055
  1298 10040
  1299 10040
  1300 10040
  1301 10040
  1302 10040
  1303 10040
  1304 10040
  1305 10040
  1306 10040
  1307 10040
  1308 10040
  1309 10040
  1310 10040
  1311 10040
  1312 10040
  1313 10040
  1314 10040
  1315 10040
  1316 10040
  1317 10040
  1318 10040
  1319 10055
  1320 10055
  1321 10055
  1322 10055
  1323 10055
  1324 10055
  1325 10055
  1326 10130
  1327 10016
  1328 10016
  1329 10016
  1330 10016
  1331 10143
  1332 10036
  1333 10036
  1334 10036
  1335 10036
  1336 10036
  1337 10036
  1338 10036
  1339 10036
  1341 10129
  1343 10025
  1344 10025
  1345 10025
  1346 10025
  1347 10025
  1348 10025
  1349 10025
  1350 10025
  1351 10025
  1352 10025
  1353 10025
  1354 10025
  1355 10025
  1356 10025
  1357 10025
  1358 10025
  1359 10025
  1360 10025
  1361 10025
  1362 10025
  1363 10025
  1364 10025
  1365 10025
  1366 10025
  1367 10025
  1368 10025
  1369 10025
  1370 10025
  1371 10025
  1372 10025
  1373 10025
  1374 10025
  1375 10025
  1376 10025
  1377 10025
  1378 10025
  1379 10025
  1380 10025
  1381 10025
  1382 10025
  1383 10025
  1384 10025
  1385 10025
  1386 10025
  1387 10025
  1388 10025
  1389 10025
  1390 10025
  1391 10025
  1392 10025
  1400 10134
  1401 10134
  1402 10134
  1405 10134
  1406 10134
  1617 10025
  1618 10025
  1619 10025
  1620 10025
  1621 10025
  1622 10025
  1630 10146
  1631 10146
  1632 10146
  1633 10146
  1634 10146
  1635 10146
  1636 10146
  1637 10146
  1638 10146
  1639 10146
  1640 10146
  1641 10146
  1642 10146
  1643 10146
  1644 10146
  1645 10146
  1646 10146
  1647 10146
  1648 10146
  1649 10146
  1650 10146
  1651 10146
  1652 10146
  1653 10146
  1654 10146
  1655 10146
  1656 10146
  1657 10146
  1658 10146
  1659 10146
  1660 10146
  1661 10146
  1662 10146
  1663 10146
  1664 10146
  1665 10146
  1666 10146
  1667 10146
  1668 10146
  1669 10146
  1670 10146
  1671 10146
  1672 10146
  1673 10146
  1674 10146
  1675 10146
  1676 10146
  1677 10146
  1678 10146
  1679 10146
  1680 10146
  1681 10146
  1682 10146
  1683 10146
  1684 10146
  1685 10146
  1686 10146
  1687 10146
  1688 10146
  1689 10146
  1690 10146
  1691 10146
  1692 10146
  1693 10146
  1694 10146
  1695 10146
  1696 10146
  1697 10146
  1698 10146
  1699 10146
  1700 10146
  1701 10146
  1702 10146
  1703 10146
  1704 10146
  1705 10146
  1706 10146
  1707 10146
  1708 10146
  1709 10146
  1710 10146
  1711 10146
  1712 10146
  1713 10146
  1714 10146
  1715 10146
  1716 10146
  1717 10146
  1718 10146
  1719 10146
  1720 10146
  1721 10146
  1722 10146
  1723 10146
  1724 10146
  1725 10146
  1726 10146
  1727 10146
  1728 10146
  1729 10146
  1730 10146
  1731 10146
  1732 10146
  1733 10146
  1734 10146
  1735 10146
  1736 10146
  1737 10146
  1738 10146
  1739 10146
  1740 10146
  1741 10146
  1742 10146
  1743 10146
  1744 10146
  1745 10146
  1746 10146
  1747 10146
  1748 10146
  1749 10146
  1750 10146
  1751 10146
  1752 10146
  1753 10146
  1754 10146
  1755 10146
  1756 10146
  1757 10146
  1758 10146
  1759 10146
  1760 10146
  1761 10146
  1762 10146
  1763 10146
  1764 10146
  1765 10146
  1766 10146
  1767 10146
  1768 10146
  1769 10146
  1770 10146
  1771 10146
  1772 10146
  1773 10146
  1774 10146
  1775 10146
  1776 10146
  1777 10146
  1778 10146
  1779 10146
  1780 10146
  1781 10146
  1782 10146
  1783 10146
  1784 10146
  1785 10146
  1786 10146
  1787 10146
  1788 10146
  1789 10146
  1790 10146
  1791 10146
  1792 10146
  1793 10146
  1794 10146
  1795 10146
  1796 10146
  1797 10146
  1798 10146
  1799 10146
  1800 10146
  1801 10146
  1802 10146
  1803 10146
  1804 10146
  1805 10146
  1806 10146
  1807 10146
  1808 10146
  1809 10146
  1810 10146
  1811 10146
  1812 10146
  1813 10146
  1814 10146
  1815 10146
  1816 10146
  1817 10146
  1818 10146
  1819 10146
  1820 10146
  1821 10146
  1822 10146
  1823 10146
  1824 10146
  1825 10146
  1826 10146
  1827 10146
  1828 10146
  1829 10146
  1830 10146
  1831 10146
  1832 10146
  1833 10146
  1834 10146
  1835 10146
  1836 10146
  1837 10146
  1838 10146
  1839 10146
  1840 10146
  1841 10146
  1842 10146
  1843 10146
  1844 10146
  1845 10146
  1846 10146
  1847 10146
  1848 10146
  1849 10146
  1850 10146
  1851 10146
  1852 10146
  1853 10146
  1854 10146
  1855 10146
  1856 10146
  1857 10146
  1858 10146
  1859 10146
  1860 10154
  1863 10146
  1864 10101
  1865 10128
  1866 10128
  1867 10128
  1868 10128
  1869 10128
  1870 10128
  1871 10128
  1872 10128
  1873 10128
  1874 10128
  1875 10128
  1876 10128
  1877 10128
  1878 10128
  1879 10128
  1880 10128
  1881 10128
  1882 10128
  1883 10128
  1884 10128
  1885 10128
  1886 10128
  1887 10128
  1888 10128
  1889 10128
  1890 10128
  1891 10128
  1892 10128
  1893 10128
  1894 10128
  1895 10128
  1896 10128
  1897 10128
  1898 10128
  1899 10128
  1900 10128
  1901 10128
  1902 10128
  1903 10128
  1904 10128
  1905 10128
  1906 10128
  1907 10128
  1908 10128
  1909 10128
  1910 10128
  1911 10128
  1912 10128
  1913 10128
  1914 10128
  1915 10128
  1916 10128
  1917 10128
  1918 10128
  1919 10128
  1920 10128
  1921 10128
  1922 10128
  1923 10128
  1924 10128
  1925 10128
  1926 10128
  1927 10128
  1928 10128
  1929 10128
  1930 10128
  1931 10128
  1932 10128
  1933 10128
  1934 10128
  1935 10128
  1936 10128
  1937 10128
  1938 10128
  1939 10128
  1940 10128
  1941 10128
  1942 10128
  1943 10128
  1944 10128
  1945 10128
  1946 10128
  1947 10128
  1948 10128
  1949 10128
  1950 10128
  1951 10128
  1952 10128
  1953 10128
  1954 10128
  1955 10128
  1956 10128
  1957 10128
  1958 10128
  1959 10128
  1960 10128
  1961 10128
  1962 10128
  1963 10128
  1964 10128
  1965 10128
  1966 10128
  1967 10128
  1968 10128
  1969 10128
  1970 10128
  1971 10128
  1972 10128
  1973 10128
  1974 10128
  1975 10128
  1976 10128
  1977 10128
  1978 10128
  1979 10128
  1980 10128
  1981 10128
  1982 10128
  1983 10128
  1984 10128
  1985 10128
  1986 10128
  1987 10128
  1988 10128
  1989 10128
  1990 10128
  1991 10128
  1992 10128
  1993 10128
  1994 10128
  1995 10128
  1996 10128
  1997 10128
  1998 10128
  1999 10128
  2000 10128
  2001 10128
  2002 10128
  2003 10128
  2004 10128
  2005 10128
  2006 10128
  2007 10128
  2008 10128
  2009 10128
  2010 10128
  2011 10128
  2012 10128
  2013 10128
  2014 10128
  2015 10128
  2016 10128
  2017 10128
  2018 10128
  2019 10128
  2020 10128
  2021 10128
  2022 10128
  2024 10154
  2026 10154
  2027 10154
  2028 10074
