   781 10006
   786 10029
   787 10154
   789 10156
   790 10156
   791 10156
   792 10156
   793 10156
   794 10156
   795 10156
   796 10156
   797 10156
   798 10156
   799 10156
   800 10156
   801 10156
   802 10156
   803 10156
   804 10156
   805 10156
   806 10156
   807 10156
   808 10156
   809 10156
   810 10156
   811 10156
   812 10156
   813 10156
   814 10156
   815 10156
   816 10156
   817 10156
   818 10156
   819 10156
   820 10156
   821 10156
   822 10156
   823 10156
   824 10156
   825 10156
   826 10156
   827 10156
   828 10156
   829 10156
   830 10156
   831 10156
   832 10156
   833 10156
   834 10156
   835 10156
   836 10156
   837 10156
   838 10156
   839 10156
   840 10156
   841 10156
   842 10156
   843 10156
   844 10156
   845 10156
   846 10156
   847 10156
   848 10156
   849 10156
   850 10156
   851 10156
   852 10156
   853 10156
   854 10156
   855 10156
   856 10156
   857 10156
   858 10156
   859 10156
   860 10156
   861 10156
   862 10156
   863 10156
   864 10156
   865 10156
   866 10156
   867 10156
   868 10156
   869 10156
   870 10156
   871 10156
   872 10156
   873 10156
   874 10156
   875 10156
   876 10156
   877 10156
   878 10156
   879 10156
   880 10156
   881 10156
   882 10156
   883 10156
   884 10156
   885 10156
   886 10156
   887 10156
   888 10156
   889 10156
   890 10156
   891 10156
   892 10156
   893 10156
   894 10156
   895 10156
   896 10156
   897 10156
   898 10156
   899 10156
   900 10156
   901 10156
   902 10156
   903 10156
   904 10156
   905 10156
   906 10156
   907 10156
   908 10156
   909 10156
   910 10156
   911 10156
   912 10156
   913 10156
   914 10156
   915 10156
   916 10156
   917 10156
   918 10156
   919 10156
   920 10156
   921 10156
   922 10156
   923 10156
   924 10156
   925 10156
   926 10156
   927 10156
   928 10156
   929 10156
   930 10156
   931 10156
   932 10156
   933 10156
   934 10156
   935 10156
   936 10156
   937 10156
   938 10156
   939 10156
   940 10156
   941 10156
   942 10156
   943 10156
   944 10156
   945 10156
   946 10156
   947 10156
   948 10156
   949 10156
   950 10156
   951 10156
   952 10156
   953 10156
   954 10156
   955 10156
   956 10156
   957 10156
   958 10156
   959 10156
   960 10156
   961 10156
   962 10156
   963 10156
   964 10156
   965 10156
   966 10156
   967 10156
   968 10156
   969 10156
   970 10156
   971 10156
   972 10156
   973 10156
   974 10156
   975 10156
   976 10156
   977 10156
   978 10156
   979 10156
   980 10156
   981 10156
   982 10156
   983 10156
   984 10156
   985 10156
   986 10156
   987 10156
   988 10156
   989 10156
   990 10156
   991 10156
   992 10156
   993 10156
   994 10156
   995 10156
   996 10156
   997 10156
   998 10156
   999 10156
  1000 10156
  1001 10156
  1002 10156
  1003 10156
  1004 10156
  1005 10156
  1006 10156
  1007 10156
  1008 10156
  1009 10156
  1010 10156
  1011 10156
  1012 10156
  1013 10156
  1014 10156
  1015 10156
  1016 10156
  1017 10156
  1018 10156
  1019 10156
  1020 10156
  1026 10022
  1029 10017
  1030 10017
  1031 10017
  1032 10017
  1033 10017
  1034 10017
  1035 10017
  1036 10017
  1037 10017
  1038 10017
  1039 10017
  1040 10017
  1041 10017
  1042 10017
  1043 10017
  1044 10017
  1045 10017
  1046 10017
  1047 10017
  1048 10017
  1049 10017
  1050 10017
  1051 10017
  1052 10017
  1053 10017
  1054 10017
  1055 10017
  1056 10017
  1057 10017
  1058 10017
  1059 10017
  1060 10017
  1061 10017
  1062 10017
  1063 10017
  1064 10017
  1065 10017
  1066 10017
  1067 10017
  1068 10017
  1069 10017
  1070 10017
  1071 10017
  1072 10017
  1073 10017
  1074 10017
  1075 10017
  1076 10017
  1077 10017
  1078 10017
  1079 10017
  1080 10017
  1081 10017
  1082 10017
  1083 10017
  1084 10017
  1085 10017
  1086 10017
  1087 10017
  1088 10017
  1089 10017
  1090 10017
  1091 10017
  1092 10017
  1093 10017
  1094 10017
  1095 10017
  1096 10017
  1097 10017
  1098 10017
  1099 10017
  1100 10017
  1101 10017
  1102 10017
  1103 10017
  1104 10017
  1105 10017
  1106 10017
  1107 10017
  1108 10017
  1109 10017
  1110 10017
  1111 10017
  1112 10017
  1113 10017
  1114 10017
  1115 10017
  1116 10017
  1117 10017
  1118 10017
  1119 10017
  1120 10017
  1121 10017
  1122 10017
  1123 10017
  1124 10017
  1125 10017
  1126 10017
  1127 10017
  1128 10017
  1129 10017
  1130 10017
  1131 10017
  1132 10017
  1133 10017
  1134 10017
  1135 10017
  1136 10017
  1137 10017
  1138 10017
  1139 10017
  1140 10017
  1141 10017
  1142 10017
  1143 10017
  1144 10017
  1145 10017
  1146 10017
  1147 10017
  1148 10017
  1149 10017
  1150 10017
  1151 10017
  1152 10017
  1153 10017
  1154 10017
  1155 10017
  1156 10017
  1157 10017
  1158 10017
  1159 10017
  1160 10017
  1161 10017
  1162 10017
  1163 10017
  1164 10017
  1165 10017
  1166 10017
  1167 10017
  1168 10017
  1169 10017
  1170 10017
  1171 10017
  1172 10017
  1173 10017
  1174 10017
  1175 10017
  1176 10017
  1177 10017
  1178 10017
  1179 10017
  1180 10017
  1181 10017
  1182 10017
  1183 10017
  1184 10017
  1185 10017
  1186 10017
  1187 10017
  1188 10017
  1189 10017
  1190 10017
  1191 10017
  1192 10017
  1193 10017
  1194 10017
  1195 10017
  1196 10017
  1197 10017
  1198 10017
  1199 10017
  1200 10017
  1201 10017
  1202 10017
  1203 10017
  1204 10017
  1205 10017
  1206 10017
  1207 10017
  1208 10017
  1209 10017
  1210 10017
  1211 10017
  1212 10017
  1213 10017
  1214 10017
  1215 10017
  1216 10017
  1217 10017
  1218 10017
  1219 10017
  1220 10017
  1221 10017
  1222 10017
  1223 10017
  1224 10017
  1225 10017
  1226 10017
  1227 10017
  1228 10017
  1229 10017
  1230 10017
  1231 10017
  1232 10017
  1233 10017
  1234 10017
  1235 10017
  1236 10017
  1237 10017
  1238 10017
  1239 10017
  1240 10017
  1241 10017
  1242 10017
  1243 10017
  1244 10017
  1245 10017
  1246 10017
  1247 10017
  1248 10017
  1249 10017
  1250 10017
  1251 10017
  1252 10017
  1253 10017
  1254 10017
  1255 10017
  1256 10017
  1257 10017
  1258 10017
  1259 10017
  1270 10123
  1271 10123
  1272 10123
  1273 10123
  1274 10101
  1275 10123
  1276 10123
  1277 10123
  1278 10123
  1279 10123
  1280 10123
  1281 10123
  1282 10123
  1283 10123
  1284 10123
  1285 10123
  1286 10123
  1287 10123
  1288 10123
  1289 10123
  1290 10123
  1291 10123
  1292 10123
  1293 10123
  1294 10123
  1295 10123
  1296 10123
  1297 10123
  1298 10123
  1299 10123
  1300 10123
  1301 10123
  1302 10123
  1303 10123
  1304 10123
  1305 10123
  1306 10123
  1307 10123
  1308 10123
  1309 10123
  1310 10123
  1311 10123
  1312 10123
  1313 10123
  1314 10123
  1315 10123
  1316 10123
  1317 10123
  1318 10123
  1319 10123
  1320 10123
  1321 10123
  1322 10123
  1323 10123
  1324 10123
  1325 10123
  1326 10123
  1327 10123
  1328 10123
  1329 10123
  1330 10123
  1331 10123
  1332 10123
  1333 10123
  1334 10123
  1335 10123
  1336 10123
  1337 10123
  1338 10123
  1339 10123
  1340 10123
  1341 10123
  1342 10123
  1343 10123
  1344 10123
  1345 10123
  1346 10123
  1347 10123
  1348 10123
  1349 10123
  1350 10123
  1351 10123
  1352 10123
  1353 10123
  1354 10123
  1355 10123
  1356 10123
  1357 10123
  1358 10123
  1359 10123
  1360 10123
  1361 10123
  1362 10123
  1363 10123
  1364 10123
  1365 10123
  1366 10123
  1367 10123
  1368 10123
  1369 10123
  1370 10123
  1371 10123
  1372 10123
  1373 10123
  1374 10123
  1375 10123
  1376 10123
  1377 10123
  1378 10123
  1379 10123
  1380 10123
  1381 10123
  1382 10123
  1383 10123
  1384 10123
  1385 10123
  1386 10123
  1387 10123
  1388 10123
  1389 10123
  1390 10123
  1391 10123
  1392 10123
  1393 10123
  1394 10123
  1395 10123
  1396 10123
  1397 10123
  1398 10123
  1399 10123
  1400 10123
  1401 10123
  1402 10123
  1403 10123
  1404 10123
  1405 10123
  1406 10123
  1407 10123
  1408 10123
  1409 10123
  1410 10123
  1411 10123
  1412 10123
  1413 10123
  1414 10123
  1415 10123
  1416 10123
  1417 10123
  1418 10123
  1419 10123
  1420 10123
  1421 10123
  1422 10123
  1423 10123
  1424 10123
  1425 10123
  1426 10123
  1427 10123
  1428 10123
  1429 10123
  1430 10123
  1431 10123
  1432 10123
  1433 10123
  1434 10123
  1435 10123
  1436 10123
  1437 10123
  1438 10123
  1439 10123
  1440 10123
  1441 10123
  1442 10123
  1443 10123
  1444 10123
  1445 10123
  1446 10123
  1447 10123
  1448 10123
  1449 10123
  1450 10123
  1451 10123
  1452 10123
  1453 10123
  1454 10123
  1455 10123
  1456 10123
  1457 10123
  1458 10123
  1459 10123
  1460 10123
  1461 10123
  1462 10123
  1463 10123
  1464 10123
  1465 10123
  1466 10123
  1467 10123
  1468 10123
  1469 10123
  1470 10123
  1471 10123
  1472 10123
  1473 10123
  1474 10123
  1475 10123
  1476 10123
  1477 10123
  1478 10123
  1479 10123
  1480 10123
  1481 10123
  1482 10123
  1483 10123
  1484 10123
  1485 10123
  1486 10123
  1487 10123
  1488 10123
  1489 10123
  1490 10123
  1491 10123
  1492 10123
  1493 10123
  1494 10123
  1495 10123
  1496 10123
  1497 10123
  1498 10123
  1499 10123
  1500 10123
  1501 10123
  1502 10101
  1503 10055
  1504 10055
  1505 10055
  1506 10055
  1507 10040
  1508 10018
  1509 10018
  1510 10018
  1511 10018
  1512 10018
  1513 10018
  1514 10018
  1515 10023
  1516 10023
  1517 10158
  1518 10140
  1519 10140
  1520 10140
  1521 10140
  1522 10140
  1523 10140
  1524 10140
  1525 10140
  1526 10140
  1527 10055
  1528 10055
  1529 10055
  1530 10055
  1531 10055
  1532 10018
  1533 10055
  1534 10140
  1535 10055
  1536 10140
  1537 10140
  1538 10140
  1539 10140
  1540 10140
  1541 10018
  1542 10140
  1543 10140
  1544 10140
  1545 10140
  1546 10055
  1547 10055
  1548 10140
  1550 10018
  1551 10106
  1552 10106
  1553 10040
  1554 10040
  1555 10140
  1556 10055
  1557 10140
  1558 10055
  1559 10140
  1560 10055
  1561 10055
  1562 10055
  1563 10018
  1564 10055
  1565 10055
  1566 10055
  1567 10055
  1568 10101
  1569 10101
  1570 10101
  1588 10132
  1589 10132
  1590 10132
  1597 10132
  1598 10132
  1604 10071
  1605 10071
  1606 10149
  1608 10149
  1612 10071
  1613 10071
  1614 10071
  1615 10071
  1616 10071
  1617 10071
  1618 10071
  1619 10071
  1620 10071
  1621 10071
  1622 10149
  1623 10071
  1624 10149
  1625 10149
  1626 10149
  1627 10149
  1628 10149
  1629 10149
  1630 10149
  1631 10149
  1632 10149
  1633 10149
  1634 10149
  1635 10149
  1636 10149
  1637 10149
  1638 10149
  1639 10149
  1640 10149
  1641 10149
  1642 10149
  1643 10149
  1644 10149
  1645 10149
  1646 10149
  1647 10149
  1648 10149
  1649 10149
  1650 10149
  1651 10149
  1652 10071
  1653 10149
  1654 10149
  1655 10149
  1656 10149
  1657 10149
  1658 10149
  1659 10149
  1660 10149
  1661 10071
  1662 10149
  1663 10071
  1664 10071
  1665 10149
  1666 10149
  1667 10071
  1668 10149
  1669 10149
  1670 10149
  1671 10149
  1672 10149
  1673 10149
  1674 10149
  1675 10149
  1676 10149
  1677 10149
  1678 10149
  1679 10149
  1680 10071
  1681 10071
  1682 10071
  1683 10149
  1684 10149
  1685 10149
  1686 10149
  1687 10149
  1688 10149
  1689 10149
  1690 10149
  1691 10149
  1692 10071
  1693 10071
  1694 10071
  1695 10071
  1696 10071
  1697 10071
  1698 10149
  1699 10071
  1700 10149
  1701 10071
  1702 10071
  1703 10071
  1704 10071
  1705 10071
  1706 10149
  1707 10149
  1708 10149
  1709 10149
  1710 10071
  1711 10149
  1712 10149
  1713 10149
  1714 10149
  1715 10149
  1716 10071
  1717 10071
  1718 10071
  1719 10071
  1720 10071
  1721 10071
  1722 10149
  1723 10149
  1724 10149
  1725 10071
  1726 10071
  1727 10071
  1728 10071
  1729 10071
  1730 10149
  1731 10071
  1732 10071
  1733 10071
  1734 10149
  1735 10149
  1736 10071
  1737 10071
  1738 10149
  1739 10071
  1740 10149
  1741 10071
  1742 10149
  1743 10149
  1744 10149
  1745 10071
  1746 10149
  1747 10149
  1748 10071
  1749 10149
  1750 10149
  1751 10149
  1752 10149
  1753 10149
  1754 10149
  1755 10149
  1756 10149
  1757 10149
  1758 10149
  1759 10149
  1760 10071
  1761 10149
  1762 10149
  1763 10149
  1764 10149
  1765 10149
  1766 10149
  1767 10149
  1768 10149
  1769 10149
  1770 10149
  1771 10071
  1772 10149
  1773 10149
  1774 10149
  1775 10149
  1776 10149
  1777 10149
  1778 10149
  1779 10149
  1780 10149
  1781 10149
  1782 10071
  1783 10071
  1784 10071
  1785 10071
  1786 10071
  1787 10149
  1788 10071
  1789 10149
  1790 10149
  1791 10149
  1792 10149
  1793 10071
  1794 10149
  1795 10149
  1796 10149
  1797 10149
  1798 10071
  1799 10149
  1800 10149
  1801 10149
  1802 10149
  1803 10149
  1804 10149
  1805 10149
  1806 10149
  1807 10149
  1808 10149
  1809 10149
  1810 10149
  1811 10149
  1812 10149
  1813 10149
  1814 10149
  1815 10071
  1816 10149
  1817 10149
  1818 10149
  1819 10149
  1820 10149
  1821 10149
  1822 10149
  1823 10149
  1824 10149
  1825 10149
  1826 10149
  1827 10149
  1828 10149
  1829 10149
  1830 10149
  1831 10149
  1832 10149
  1833 10149
  1834 10149
  1835 10149
  1836 10149
  1837 10149
  1838 10149
  1839 10149
  1840 10149
  1841 10149
  1842 10149
  1843 10149
  1844 10149
  1845 10149
  1846 10149
  1847 10149
  1848 10149
  1849 10149
  1850 10149
  1851 10149
  1852 10071
  1853 10149
  1854 10149
  1855 10149
  1856 10071
  1857 10071
  1858 10149
  1859 10071
  1860 10071
  1861 10071
  1862 10071
  1863 10071
  1864 10071
  1865 10138
  1866 10138
  1867 10138
  1868 10101
  1869 10033
  1870 10033
  1871 10033
  1872 10033
  1873 10033
  1874 10033
  1875 10033
  1876 10033
  1877 10033
  1878 10033
  1879 10033
  1880 10033
  1881 10033
  1882 10033
  1883 10033
  1884 10033
  1885 10033
  1886 10033
  1887 10033
  1888 10033
  1889 10033
  1890 10033
  1891 10033
  1892 10033
  1893 10033
  1894 10033
  1895 10033
  1896 10033
  1897 10033
  1898 10033
  1899 10033
  1900 10033
  1901 10033
  1902 10033
  1903 10033
  1904 10033
  1905 10033
  1906 10033
  1907 10033
  1908 10033
  1909 10033
  1910 10033
  1911 10033
  1912 10033
  1913 10033
  1914 10033
  1915 10033
  1916 10033
  1917 10033
  1918 10033
  1919 10033
  1920 10033
  1921 10033
  1922 10033
  1923 10033
  1924 10033
  1925 10033
  1926 10033
  1927 10033
  1928 10033
  1929 10033
  1930 10033
  1931 10033
  1932 10033
  1933 10033
  1934 10033
  1935 10033
  1936 10033
  1937 10033
  1938 10033
  1939 10033
  1940 10033
  1941 10033
  1942 10033
  1943 10033
  1944 10033
  1945 10033
  1946 10033
  1947 10033
  1948 10033
  1949 10033
  1950 10033
  1951 10033
  1952 10033
  1953 10033
  1954 10033
  1955 10033
  1956 10033
  1957 10033
  1958 10033
  1959 10033
  1960 10033
  1961 10033
  1962 10033
  1963 10033
  1964 10033
  1965 10033
  1966 10033
  1967 10033
  1968 10033
  1969 10033
  1970 10033
  1971 10033
  1972 10033
  1973 10033
  1974 10033
  1975 10033
  1976 10033
  1977 10033
  1978 10033
  1979 10033
  1980 10033
  1981 10033
  1982 10033
  1983 10033
  1984 10033
  1985 10033
  1986 10033
  1987 10033
  1988 10033
  1989 10033
  1990 10033
  1991 10033
  1992 10033
  1993 10033
  1994 10033
  1995 10033
  1996 10033
  1997 10033
  1998 10033
  1999 10033
  2000 10033
  2001 10033
  2002 10033
  2003 10033
  2004 10033
  2005 10033
  2006 10033
  2007 10033
  2008 10033
  2009 10033
  2010 10033
  2011 10033
  2012 10033
  2013 10033
  2014 10033
  2015 10033
  2016 10033
  2017 10033
  2018 10033
  2019 10033
  2020 10033
  2026 10028
  2027 10151
  2028 10151
  2029 10151
  2030 10151
  2031 10151
  2032 10151
  2033 10151
  2034 10151
  2035 10151
  2036 10151
  2037 10151
  2038 10151
  2039 10151
  2040 10151
  2041 10151
  2042 10028
  2043 10028
  2044 10028
  2045 10028
  2046 10028
  2047 10028
