   690 10055
   691 10055
   692 10055
   693 10055
   694 10055
   695 10055
   696 10055
   697 10055
   698 10055
   699 10055
   700 10055
   701 10055
   702 10055
   703 10055
   704 10055
   705 10055
   706 10055
   707 10055
   708 10055
   709 10055
   710 10055
   711 10055
   712 10055
   713 10055
   714 10055
   715 10055
   716 10055
   717 10055
   718 10055
   719 10055
   720 10055
   721 10055
   722 10055
   723 10055
   724 10055
   725 10055
   726 10055
   727 10055
   728 10055
   729 10055
   730 10055
   731 10055
   732 10055
   733 10055
   734 10055
   735 10055
   736 10055
   737 10055
   738 10055
   739 10055
   740 10055
   741 10055
   742 10055
   743 10055
   744 10055
   745 10055
   746 10055
   747 10055
   748 10055
   749 10055
   750 10055
   751 10055
   752 10055
   753 10055
   754 10055
   755 10055
   756 10055
   757 10055
   758 10055
   759 10055
   760 10055
   761 10055
   762 10055
   763 10055
   764 10055
   765 10055
   766 10055
   767 10055
   768 10055
   769 10055
   770 10055
   771 10055
   772 10055
   773 10055
   774 10055
   775 10055
   776 10055
   777 10055
   778 10055
   779 10055
   780 10055
   781 10055
   787 10134
   788 10009
   789 10134
   790 10065
   791 10065
   792 10101
   793 10065
   794 10101
   894 10055
   895 10055
   896 10018
   897 10018
   898 10018
   899 10018
   900 10018
   901 10018
   902 10018
   903 10018
   904 10018
   923 10173
   924 10173
  1004 10106
  1005 10018
  1006 10018
  1007 10018
  1008 10055
  1009 10055
  1010 10055
  1011 10055
  1012 10055
  1013 10055
  1014 10055
  1134 10130
  1135 10130
  1136 10130
  1137 10130
  1138 10130
  1139 10130
  1140 10130
  1141 10130
  1142 10130
  1143 10130
  1144 10130
  1145 10130
  1146 10130
  1147 10130
  1148 10130
  1149 10130
  1150 10130
  1211 10173
  1212 10173
  1213 10173
  1214 10173
  1215 10173
  1236 10055
  1239 10018
  1240 10018
  1241 10018
  1242 10018
  1243 10018
  1244 10018
  1245 10018
  1246 10055
  1247 10106
  1248 10106
  1249 10018
  1250 10018
  1251 10018
  1252 10018
  1253 10018
  1256 10098
  1286 10055
  1311 10055
  1312 10055
  1313 10055
  1314 10055
  1315 10055
  1316 10055
  1317 10055
  1318 10055
  1319 10055
  1320 10055
  1321 10055
  1322 10055
  1323 10055
  1324 10055
  1325 10055
  1326 10018
  1327 10018
  1328 10055
  1329 10055
  1330 10018
  1331 10018
  1332 10018
  1333 10018
  1334 10018
  1335 10055
  1336 10055
  1337 10055
  1339 10173
  1340 10173
  1341 10055
  1346 10055
  1350 10031
  1351 10031
  1352 10031
  1353 10031
  1354 10055
  1360 10018
  1361 10055
  1362 10055
  1363 10055
  1364 10055
  1365 10055
  1366 10031
  1367 10031
  1368 10031
  1369 10031
  1370 10031
  1371 10031
  1372 10031
  1373 10031
  1374 10031
  1375 10031
  1376 10031
  1377 10031
  1385 10173
  1386 10173
  1404 10018
  1412 10173
  1413 10173
  1414 10173
  1415 10173
  1416 10173
  1417 10173
  1418 10173
  1426 10055
  1427 10055
  1428 10018
  1429 10018
  1430 10018
  1490 10055
  1509 10018
  1510 10055
  1511 10055
  1513 10023
  1515 10055
  1516 10055
  1517 10055
  1518 10055
  1519 10055
  1520 10055
  1521 10055
  1522 10055
  1523 10055
  1524 10055
  1525 10055
  1526 10055
  1527 10055
  1528 10055
  1529 10055
  1530 10055
  1531 10055
  1532 10055
  1533 10055
  1534 10055
  1535 10055
  1536 10055
  1537 10018
  1538 10018
  1539 10018
  1540 10018
  1541 10018
  1542 10055
  1543 10055
  1547 10055
  1550 10106
  1551 10106
  1552 10158
  1553 10055
  1554 10055
  1555 10055
  1556 10055
  1557 10055
  1558 10055
  1559 10055
  1560 10055
  1600 10173
  1601 10173
  1627 10078
  1628 10078
  1876 10158
  1909 10173
  1910 10173
  1947 10173
  1970 10173
