   690 10153
   691 10153
   692 10153
   693 10153
   694 10153
   695 10153
   696 10153
   697 10153
   698 10153
   699 10153
   700 10153
   701 10153
   702 10153
   703 10153
   704 10153
   705 10153
   706 10153
   707 10153
   708 10153
   709 10153
   710 10153
   711 10153
   712 10153
   713 10153
   714 10153
   715 10153
   716 10153
   717 10153
   718 10153
   719 10153
   720 10153
   721 10153
   722 10153
   723 10153
   724 10153
   725 10153
   726 10153
   727 10153
   728 10153
   729 10153
   730 10153
   731 10153
   732 10153
   733 10153
   734 10153
   735 10153
   736 10153
   737 10153
   738 10153
   739 10153
   740 10153
   741 10153
   742 10153
   743 10153
   744 10153
   745 10153
   746 10153
   747 10153
   748 10153
   749 10153
   750 10153
   751 10153
   752 10153
   753 10153
   754 10153
   755 10153
   756 10153
   757 10153
   758 10153
   759 10153
   760 10153
   761 10153
   762 10153
   763 10153
   764 10153
   765 10153
   766 10153
   767 10153
   768 10153
   769 10153
   770 10153
   771 10153
   772 10153
   773 10153
   774 10153
   775 10153
   776 10153
   777 10153
   778 10153
   779 10153
   780 10153
   781 10014
   782 10143
   783 10156
   784 10156
   785 10156
   786 10156
   787 10156
   788 10156
   789 10156
   790 10156
   791 10156
   792 10156
   793 10156
   794 10156
   795 10156
   796 10156
   797 10156
   798 10156
   799 10156
   800 10156
   801 10156
   802 10156
   803 10156
   804 10156
   805 10156
   806 10156
   807 10156
   808 10156
   809 10156
   810 10156
   811 10156
   812 10156
   813 10156
   814 10156
   815 10156
   816 10156
   817 10156
   818 10156
   819 10156
   820 10156
   821 10156
   822 10156
   823 10156
   824 10156
   825 10156
   826 10156
   827 10156
   828 10156
   829 10156
   830 10156
   831 10156
   832 10156
   833 10156
   834 10156
   835 10156
   836 10156
   837 10156
   838 10156
   839 10156
   840 10156
   841 10156
   842 10156
   843 10156
   844 10156
   845 10156
   846 10156
   847 10156
   848 10156
   849 10156
   850 10156
   851 10156
   852 10156
   853 10156
   854 10156
   855 10156
   856 10156
   857 10156
   858 10156
   859 10156
   860 10156
   861 10156
   862 10156
   863 10156
   864 10156
   865 10156
   866 10156
   867 10156
   868 10156
   869 10156
   870 10156
   871 10156
   872 10156
   873 10156
   874 10156
   875 10156
   876 10156
   877 10156
   878 10156
   879 10156
   880 10156
   881 10156
   882 10156
   883 10156
   884 10156
   885 10156
   886 10156
   887 10156
   888 10156
   889 10156
   890 10156
   891 10156
   892 10156
   893 10156
   894 10156
   895 10156
   896 10156
   897 10156
   898 10156
   899 10156
   900 10156
   901 10156
   902 10156
   903 10156
   904 10156
   905 10156
   906 10156
   907 10156
   908 10156
   909 10156
   910 10156
   911 10156
   912 10156
   913 10156
   914 10156
   915 10156
   916 10156
   917 10156
   918 10156
   919 10156
   920 10156
   921 10156
   922 10156
   923 10156
   924 10156
   925 10156
   926 10156
   927 10156
   928 10156
   929 10156
   930 10156
   931 10156
   932 10156
   933 10156
   934 10156
   935 10156
   936 10156
   937 10156
   938 10156
   939 10156
   940 10156
   941 10156
   942 10156
   943 10156
   944 10156
   945 10156
   946 10156
   947 10156
   948 10156
   949 10156
   950 10156
   951 10156
   952 10156
   953 10156
   954 10156
   955 10156
   956 10156
   957 10156
   958 10156
   959 10156
   960 10156
   961 10156
   962 10156
   963 10156
   964 10156
   965 10156
   966 10156
   967 10156
   968 10156
   969 10156
   970 10156
   971 10156
   972 10156
   973 10156
   974 10156
   975 10156
   976 10156
   977 10156
   978 10156
   979 10156
   980 10156
   981 10156
   982 10156
   983 10156
   984 10156
   985 10156
   986 10156
   987 10156
   988 10156
   989 10156
   990 10156
   991 10156
   992 10156
   993 10156
   994 10156
   995 10156
   996 10156
   997 10156
   998 10156
   999 10156
  1000 10156
  1001 10156
  1002 10156
  1003 10156
  1004 10156
  1005 10156
  1006 10156
  1007 10156
  1008 10156
  1009 10156
  1010 10156
  1011 10156
  1012 10156
  1013 10156
  1014 10156
  1015 10156
  1016 10156
  1017 10156
  1018 10156
  1019 10156
  1020 10156
  1023 10120
  1024 10131
  1025 10131
  1026 10131
  1027 10131
  1028 10131
  1029 10131
  1030 10131
  1031 10131
  1032 10131
  1033 10131
  1034 10131
  1035 10131
  1036 10131
  1037 10131
  1038 10131
  1039 10131
  1040 10131
  1041 10131
  1042 10131
  1043 10131
  1044 10131
  1045 10131
  1046 10131
  1047 10131
  1048 10131
  1049 10131
  1050 10131
  1051 10131
  1052 10131
  1053 10131
  1054 10131
  1055 10131
  1056 10131
  1057 10131
  1058 10131
  1059 10131
  1060 10131
  1061 10131
  1062 10131
  1063 10131
  1064 10131
  1065 10131
  1066 10131
  1067 10131
  1068 10131
  1069 10131
  1070 10131
  1071 10131
  1072 10131
  1073 10131
  1074 10131
  1075 10131
  1076 10131
  1077 10131
  1078 10131
  1079 10131
  1080 10131
  1081 10131
  1082 10131
  1083 10131
  1084 10131
  1085 10131
  1086 10131
  1087 10131
  1088 10131
  1089 10131
  1090 10131
  1091 10131
  1092 10131
  1093 10131
  1094 10131
  1095 10131
  1096 10131
  1097 10131
  1098 10131
  1099 10131
  1100 10131
  1101 10131
  1102 10131
  1103 10131
  1104 10131
  1105 10131
  1106 10131
  1107 10131
  1108 10131
  1109 10131
  1110 10131
  1111 10131
  1112 10131
  1113 10131
  1114 10131
  1115 10131
  1116 10131
  1117 10131
  1118 10131
  1119 10131
  1120 10131
  1121 10131
  1122 10131
  1123 10131
  1124 10131
  1125 10131
  1126 10131
  1127 10131
  1128 10131
  1129 10131
  1130 10131
  1131 10131
  1132 10131
  1133 10131
  1134 10131
  1135 10131
  1136 10131
  1137 10131
  1138 10131
  1139 10131
  1140 10131
  1141 10131
  1142 10131
  1143 10131
  1144 10131
  1145 10131
  1146 10131
  1147 10131
  1148 10131
  1149 10131
  1150 10131
  1151 10131
  1152 10131
  1153 10131
  1154 10131
  1155 10131
  1156 10131
  1157 10131
  1158 10131
  1159 10131
  1160 10131
  1161 10131
  1162 10131
  1163 10131
  1164 10131
  1165 10131
  1166 10131
  1167 10131
  1168 10131
  1169 10131
  1170 10131
  1171 10131
  1172 10131
  1173 10131
  1174 10131
  1175 10131
  1176 10131
  1177 10131
  1178 10131
  1179 10131
  1180 10131
  1181 10131
  1182 10131
  1183 10131
  1184 10131
  1185 10131
  1186 10131
  1187 10131
  1188 10131
  1189 10131
  1190 10131
  1191 10131
  1192 10131
  1193 10131
  1194 10131
  1195 10131
  1196 10131
  1197 10131
  1198 10131
  1199 10131
  1200 10131
  1201 10131
  1202 10131
  1203 10131
  1204 10131
  1205 10131
  1206 10131
  1207 10131
  1208 10131
  1209 10131
  1210 10131
  1211 10131
  1212 10131
  1213 10131
  1214 10131
  1215 10131
  1216 10131
  1217 10131
  1218 10131
  1219 10131
  1220 10131
  1221 10131
  1222 10131
  1223 10131
  1224 10131
  1225 10131
  1226 10131
  1227 10131
  1228 10131
  1229 10131
  1230 10131
  1231 10131
  1232 10131
  1233 10131
  1234 10131
  1235 10131
  1236 10131
  1237 10131
  1238 10131
  1239 10131
  1240 10131
  1241 10131
  1242 10131
  1243 10131
  1244 10131
  1245 10131
  1246 10131
  1247 10131
  1248 10131
  1249 10131
  1250 10131
  1251 10131
  1252 10131
  1253 10131
  1254 10131
  1255 10131
  1256 10131
  1257 10131
  1258 10112
  1259 10112
  1260 10112
  1261 10112
  1262 10112
  1263 10112
  1264 10112
  1265 10112
  1266 10112
  1267 10112
  1268 10112
  1269 10112
  1270 10112
  1271 10112
  1272 10112
  1273 10112
  1274 10112
  1275 10112
  1276 10112
  1277 10112
  1278 10112
  1279 10112
  1280 10112
  1281 10112
  1282 10112
  1283 10112
  1284 10112
  1285 10112
  1286 10112
  1287 10112
  1288 10112
  1289 10112
  1290 10112
  1291 10112
  1292 10112
  1293 10112
  1294 10112
  1295 10112
  1296 10112
  1297 10112
  1298 10112
  1299 10112
  1300 10112
  1301 10112
  1302 10112
  1303 10112
  1304 10112
  1305 10112
  1306 10112
  1307 10112
  1308 10112
  1309 10112
  1310 10112
  1311 10112
  1312 10112
  1313 10112
  1314 10112
  1315 10112
  1316 10112
  1317 10112
  1318 10112
  1319 10112
  1320 10112
  1321 10112
  1322 10112
  1323 10112
  1324 10112
  1325 10112
  1326 10112
  1327 10112
  1328 10112
  1329 10112
  1330 10112
  1331 10112
  1332 10112
  1333 10112
  1334 10112
  1335 10112
  1336 10112
  1337 10112
  1338 10112
  1339 10112
  1340 10112
  1341 10112
  1342 10112
  1343 10112
  1344 10112
  1345 10112
  1346 10112
  1347 10112
  1348 10112
  1349 10112
  1350 10112
  1351 10112
  1352 10112
  1353 10112
  1354 10112
  1355 10112
  1356 10112
  1357 10112
  1358 10112
  1359 10112
  1360 10112
  1361 10112
  1362 10112
  1363 10112
  1364 10112
  1365 10112
  1366 10112
  1367 10112
  1368 10112
  1369 10112
  1370 10112
  1371 10112
  1372 10112
  1373 10112
  1374 10112
  1375 10112
  1376 10112
  1377 10112
  1378 10112
  1379 10112
  1380 10112
  1381 10112
  1382 10112
  1383 10112
  1384 10112
  1385 10112
  1386 10112
  1387 10112
  1388 10112
  1389 10112
  1390 10112
  1391 10112
  1392 10112
  1393 10112
  1394 10112
  1395 10112
  1396 10112
  1397 10112
  1398 10112
  1399 10112
  1400 10112
  1401 10112
  1402 10112
  1403 10112
  1404 10112
  1405 10112
  1406 10112
  1407 10112
  1408 10112
  1409 10112
  1410 10112
  1411 10112
  1412 10112
  1413 10112
  1414 10112
  1415 10112
  1416 10112
  1417 10112
  1418 10112
  1419 10112
  1420 10112
  1421 10112
  1422 10112
  1423 10112
  1424 10112
  1425 10112
  1426 10112
  1427 10112
  1428 10112
  1429 10112
  1430 10112
  1431 10112
  1432 10112
  1433 10112
  1434 10112
  1435 10112
  1436 10112
  1437 10112
  1438 10112
  1439 10112
  1440 10112
  1441 10112
  1442 10112
  1443 10112
  1444 10112
  1445 10112
  1446 10112
  1447 10112
  1448 10112
  1449 10112
  1450 10112
  1451 10112
  1452 10112
  1453 10112
  1454 10112
  1455 10112
  1456 10112
  1457 10112
  1458 10112
  1459 10112
  1460 10112
  1461 10112
  1462 10112
  1463 10112
  1464 10112
  1465 10112
  1466 10112
  1467 10112
  1468 10112
  1469 10112
  1470 10112
  1471 10112
  1472 10112
  1473 10112
  1474 10112
  1475 10112
  1476 10112
  1477 10112
  1478 10112
  1479 10112
  1480 10112
  1481 10112
  1482 10112
  1483 10112
  1484 10112
  1485 10112
  1486 10112
  1487 10112
  1488 10112
  1489 10112
  1490 10112
  1491 10112
  1492 10112
  1493 10112
  1494 10112
  1495 10112
  1496 10112
  1497 10112
  1498 10112
  1499 10112
  1500 10112
  1503 10055
  1504 10018
  1505 10018
  1506 10018
  1507 10018
  1508 10018
  1509 10018
  1510 10055
  1511 10055
  1512 10055
  1516 10023
  1517 10023
  1518 10023
  1519 10158
  1520 10023
  1521 10055
  1522 10040
  1523 10040
  1524 10040
  1525 10040
  1526 10040
  1527 10040
  1528 10040
  1529 10040
  1530 10040
  1531 10040
  1533 10040
  1540 10040
  1544 10055
  1545 10055
  1546 10055
  1547 10055
  1548 10055
  1549 10055
  1551 10094
  1552 10094
  1553 10094
  1554 10094
  1555 10071
  1556 10071
  1557 10071
  1558 10071
  1559 10071
  1560 10071
  1561 10071
  1562 10071
  1563 10071
  1564 10071
  1565 10071
  1566 10071
  1567 10071
  1568 10071
  1569 10071
  1570 10071
  1571 10071
  1572 10071
  1573 10071
  1574 10071
  1575 10071
  1576 10071
  1577 10071
  1578 10071
  1579 10071
  1580 10071
  1581 10071
  1582 10071
  1583 10071
  1584 10071
  1585 10071
  1586 10071
  1587 10071
  1588 10071
  1589 10071
  1590 10071
  1591 10071
  1592 10071
  1593 10071
  1594 10071
  1595 10071
  1596 10071
  1597 10071
  1598 10071
  1599 10071
  1600 10071
  1601 10071
  1602 10071
  1603 10071
  1604 10071
  1605 10071
  1606 10071
  1607 10071
  1608 10071
  1609 10071
  1610 10071
  1611 10071
  1612 10071
  1613 10071
  1614 10071
  1615 10071
  1616 10071
  1617 10071
  1618 10071
  1619 10071
  1620 10064
  1621 10086
  1622 10064
  1625 10130
  1626 10130
  1627 10130
  1628 10143
  1629 10143
  1630 10143
  1631 10143
  1632 10036
  1633 10036
  1638 10071
  1639 10071
  1640 10071
  1641 10071
  1642 10071
  1643 10071
  1644 10071
  1645 10071
  1646 10071
  1647 10071
  1648 10071
  1649 10071
  1650 10071
  1651 10071
  1652 10071
  1653 10071
  1654 10071
  1655 10071
  1657 10149
  1658 10149
  1659 10071
  1660 10071
  1661 10071
  1662 10071
  1663 10071
  1664 10071
  1665 10071
  1666 10071
  1667 10071
  1668 10071
  1669 10071
  1670 10071
  1671 10149
  1672 10149
  1673 10071
  1674 10071
  1675 10071
  1676 10071
  1677 10071
  1678 10071
  1679 10071
  1680 10071
  1681 10071
  1682 10071
  1683 10071
  1684 10071
  1685 10071
  1686 10071
  1687 10071
  1688 10071
  1689 10071
  1690 10071
  1691 10071
  1692 10071
  1693 10071
  1694 10071
  1695 10071
  1696 10071
  1697 10071
  1698 10071
  1699 10071
  1700 10071
  1701 10071
  1702 10071
  1703 10071
  1704 10094
  1710 10055
  1711 10018
  1712 10018
  1717 10164
  1718 10064
  1719 10064
  1720 10071
  1721 10071
  1722 10071
  1723 10071
  1724 10071
  1725 10071
  1726 10071
  1727 10071
  1728 10071
  1729 10071
  1730 10071
  1731 10071
  1732 10071
  1733 10071
  1734 10071
  1735 10071
  1736 10071
  1737 10071
  1738 10071
  1739 10071
  1740 10071
  1741 10071
  1742 10071
  1743 10071
  1744 10071
  1745 10071
  1746 10071
  1747 10071
  1748 10071
  1749 10071
  1750 10071
  1751 10071
  1752 10071
  1753 10071
  1754 10071
  1755 10071
  1756 10071
  1757 10071
  1758 10071
  1759 10071
  1760 10071
  1761 10071
  1762 10071
  1763 10071
  1764 10071
  1765 10071
  1766 10071
  1767 10071
  1768 10071
  1769 10071
  1770 10071
  1771 10071
  1772 10071
  1773 10071
  1774 10071
  1775 10071
  1776 10071
  1777 10071
  1778 10071
  1779 10071
  1780 10071
  1781 10149
  1782 10071
  1783 10071
  1784 10071
  1785 10071
  1786 10071
  1787 10071
  1788 10071
  1789 10071
  1790 10071
  1791 10071
  1792 10071
  1793 10071
  1794 10071
  1795 10071
  1796 10071
  1797 10071
  1798 10071
  1799 10071
  1800 10071
  1801 10071
  1802 10071
  1803 10071
  1804 10071
  1805 10071
  1806 10071
  1807 10071
  1808 10071
  1809 10071
  1810 10071
  1811 10071
  1812 10071
  1813 10071
  1814 10071
  1815 10071
  1816 10071
  1817 10071
  1818 10071
  1819 10071
  1820 10071
  1821 10071
  1822 10071
  1823 10071
  1824 10071
  1825 10071
  1826 10071
  1827 10071
  1828 10071
  1829 10071
  1830 10149
  1831 10071
  1832 10071
  1833 10071
  1834 10071
  1835 10071
  1836 10071
  1837 10071
  1838 10071
  1839 10071
  1840 10149
  1841 10149
  1842 10149
  1843 10149
  1844 10071
  1845 10149
  1846 10149
  1847 10071
  1848 10071
  1849 10071
  1850 10071
  1851 10071
  1852 10071
  1853 10071
  1854 10071
  1855 10071
  1856 10071
  1857 10067
  1858 10067
  1859 10067
  1860 10101
  1861 10101
  1862 10050
  1863 10050
  1864 10050
  1865 10050
  1866 10050
  1867 10050
  1868 10050
  1869 10050
  1870 10050
  1871 10050
  1872 10050
  1873 10050
  1874 10050
  1875 10050
  1876 10050
  1877 10050
  1878 10050
  1879 10050
  1880 10050
  1881 10050
  1882 10050
  1883 10050
  1884 10050
  1885 10050
  1886 10050
  1887 10050
  1888 10050
  1889 10050
  1890 10050
  1891 10050
  1892 10050
  1893 10050
  1894 10050
  1895 10050
  1896 10050
  1897 10050
  1898 10050
  1899 10050
  1900 10050
  1901 10050
  1902 10050
  1903 10050
  1904 10050
  1905 10050
  1906 10050
  1907 10050
  1908 10050
  1909 10050
  1910 10050
  1911 10050
  1912 10050
  1913 10050
  1914 10050
  1915 10050
  1916 10050
  1917 10050
  1918 10050
  1919 10050
  1920 10050
  1921 10050
  1922 10050
  1923 10050
  1924 10050
  1925 10050
  1926 10050
  1927 10050
  1928 10050
  1929 10050
  1930 10050
  1931 10050
  1932 10050
  1933 10050
  1934 10050
  1935 10050
  1936 10050
  1937 10050
  1938 10050
  1939 10050
  1940 10050
  1941 10050
  1942 10050
  1943 10050
  1944 10050
  1945 10050
  1946 10050
  1947 10050
  1948 10050
  1949 10050
  1950 10050
  1951 10050
  1952 10050
  1953 10050
  1954 10050
  1955 10050
  1956 10050
  1957 10050
  1958 10050
  1959 10050
  1960 10050
  1961 10050
  1962 10050
  1963 10050
  1964 10050
  1965 10050
  1966 10050
  1967 10050
  1968 10050
  1969 10050
  1970 10050
  1971 10050
  1972 10050
  1973 10050
  1974 10050
  1975 10050
  1976 10050
  1977 10050
  1978 10050
  1979 10050
  1980 10050
  1981 10050
  1982 10050
  1983 10050
  1984 10050
  1985 10050
  1986 10050
  1987 10050
  1988 10050
  1989 10050
  1990 10050
  1991 10050
  1992 10050
  1993 10050
  1994 10050
  1995 10050
  1996 10050
  1997 10050
  1998 10050
  1999 10050
  2000 10050
  2001 10050
  2002 10050
  2003 10050
  2004 10050
  2005 10050
  2006 10050
  2007 10050
  2008 10050
  2009 10050
  2010 10050
  2011 10050
  2012 10050
  2013 10050
  2014 10050
  2015 10050
  2016 10050
  2017 10050
  2018 10050
  2019 10050
  2020 10050
  2021 10050
  2022 10050
  2024 10154
  2026 10154
  2027 10154
  2028 10154
  2029 10154
  2030 10153
  2031 10153
  2032 10153
