   615 10130
   616 10130
   617 10130
   618 10130
   619 10130
   620 10130
   621 10130
   622 10130
   623 10130
   624 10130
   625 10130
   626 10130
   627 10130
   628 10130
   629 10130
   630 10130
   631 10130
   632 10130
   633 10130
   634 10130
   635 10130
   636 10130
   637 10130
   638 10115
   639 10115
   640 10130
   641 10130
   642 10130
   643 10130
   644 10130
   645 10130
   646 10130
   647 10130
   648 10130
   649 10130
   650 10130
   651 10130
   652 10031
   653 10031
   654 10031
   655 10031
   656 10031
   657 10031
   658 10031
   659 10130
   660 10130
   661 10130
   662 10130
   663 10130
   664 10130
   665 10130
   666 10130
   667 10130
   668 10130
   669 10130
   670 10130
   671 10130
   674 10130
   675 10130
   676 10130
   677 10130
   678 10130
   679 10130
   680 10130
   681 10130
   682 10130
   683 10130
   684 10107
   685 10107
   686 10107
   687 10166
   688 10166
   689 10166
   690 10166
   691 10166
   692 10166
   693 10166
   694 10166
   695 10166
   696 10115
   697 10115
   698 10166
   699 10101
   700 10101
   701 10067
   702 10163
   703 10080
   704 10080
   705 10080
   706 10080
   707 10080
   708 10080
   709 10080
   710 10080
   711 10094
   712 10094
   713 10094
   714 10071
   715 10071
   716 10071
   717 10071
   718 10027
   719 10064
   720 10064
   721 10064
   722 10115
   723 10115
   724 10115
   725 10115
   726 10115
   727 10115
   728 10147
   729 10147
   730 10147
   731 10029
   732 10147
   733 10147
   734 10147
   735 10147
   739 10147
   740 10147
   741 10147
   742 10136
   745 10147
   746 10147
   747 10147
   748 10147
   752 10147
   753 10147
   754 10147
   758 10147
   759 10147
   760 10147
   761 10147
   762 10147
   763 10147
   764 10147
   765 10147
   766 10147
   768 10147
   769 10147
   770 10147
   771 10147
   772 10115
   773 10115
   774 10115
   775 10130
   776 10130
   777 10130
   778 10130
   779 10130
   780 10154
   781 10107
   782 10107
   783 10154
   784 10115
   785 10115
   786 10153
   787 10130
   788 10112
   789 10130
   790 10130
   791 10130
   792 10130
   793 10130
   794 10130
   795 10130
   796 10130
   797 10130
   798 10130
   799 10130
   800 10130
   801 10130
   802 10130
   803 10130
   804 10130
   805 10130
   806 10130
   807 10130
   808 10130
   809 10130
   810 10130
   811 10130
   812 10130
   813 10130
   814 10115
   815 10115
   816 10115
   817 10130
   818 10130
   819 10130
   820 10115
   821 10115
   822 10115
   823 10115
   824 10115
   825 10115
   826 10115
   827 10115
   828 10115
   829 10115
   830 10115
   831 10115
   832 10115
   833 10115
   834 10115
   835 10115
   836 10115
   837 10115
   838 10115
   839 10115
   840 10115
   841 10115
   842 10115
   843 10115
   844 10115
   845 10115
   846 10115
   847 10115
   848 10115
   849 10115
   850 10115
   851 10115
   852 10115
   853 10115
   854 10115
   855 10115
   856 10115
   857 10115
   858 10115
   859 10115
   860 10115
   861 10115
   862 10115
   863 10115
   864 10115
   865 10115
   866 10115
   867 10115
   868 10115
   869 10115
   870 10115
   871 10115
   872 10115
   873 10115
   874 10115
   875 10115
   876 10115
   877 10115
   878 10115
   879 10115
   880 10115
   881 10115
   882 10115
   883 10115
   884 10115
   885 10115
   886 10115
   887 10115
   888 10115
   889 10115
   890 10115
   891 10115
   892 10115
   893 10115
   894 10115
   895 10115
   896 10115
   897 10115
   898 10115
   899 10115
   900 10115
   901 10115
   902 10115
   903 10115
   904 10115
   905 10115
   906 10115
   907 10115
   908 10115
   909 10115
   910 10115
   911 10115
   912 10115
   913 10115
   914 10115
   915 10115
   916 10115
   917 10115
   918 10130
   919 10130
   920 10130
   921 10130
   922 10130
   923 10130
   924 10130
   925 10130
   938 10130
   939 10130
   940 10130
   941 10130
   942 10130
   943 10130
   944 10130
   945 10130
   946 10130
   947 10130
   948 10130
   949 10130
   950 10130
   951 10130
   952 10130
   953 10130
   954 10130
   955 10130
   956 10130
   957 10130
   958 10130
   959 10130
   960 10130
   961 10130
   962 10130
   963 10130
   964 10130
   965 10130
   966 10130
   967 10130
   968 10130
   969 10130
   970 10130
   971 10130
   972 10130
   973 10130
   974 10130
   975 10130
   976 10130
   977 10130
   978 10134
   979 10134
   980 10134
   981 10134
  1047 10130
  1048 10130
  1049 10130
  1050 10130
  1051 10130
  1052 10130
  1053 10130
  1054 10130
  1055 10130
  1056 10130
  1057 10130
  1058 10130
  1059 10130
  1060 10130
  1061 10130
  1062 10130
  1063 10130
  1064 10130
  1065 10130
  1066 10130
  1067 10130
  1068 10130
  1069 10130
  1070 10130
  1071 10130
  1080 10130
  1081 10130
  1082 10130
  1083 10130
  1084 10130
  1085 10130
  1086 10130
  1087 10130
  1088 10130
  1089 10130
  1090 10115
  1091 10115
  1092 10115
  1093 10166
  1094 10166
  1095 10166
  1096 10166
  1097 10166
  1098 10166
  1099 10130
  1100 10130
  1101 10130
  1102 10130
  1103 10130
  1104 10130
  1105 10130
  1106 10130
  1107 10130
  1108 10130
  1109 10130
  1110 10130
  1111 10130
  1112 10130
  1113 10130
  1114 10130
  1115 10130
  1116 10130
  1117 10130
  1118 10130
  1119 10130
  1120 10130
  1121 10130
  1122 10130
  1123 10130
  1124 10130
  1125 10130
  1126 10130
  1127 10130
  1128 10130
  1129 10130
  1130 10130
  1131 10130
  1132 10130
  1133 10130
  1134 10130
  1135 10130
  1136 10130
  1137 10130
  1138 10130
  1139 10130
  1140 10130
  1141 10130
  1142 10130
  1143 10130
  1144 10130
  1145 10130
  1146 10130
  1147 10130
  1148 10130
  1149 10130
  1150 10130
  1151 10130
  1158 10130
  1159 10130
  1162 10130
  1163 10130
  1164 10130
  1165 10130
  1166 10130
  1167 10130
  1168 10130
  1169 10130
  1170 10130
  1171 10130
  1172 10130
  1173 10130
  1174 10130
  1175 10130
  1176 10130
  1177 10130
  1178 10130
  1179 10130
  1180 10055
  1181 10130
  1182 10130
  1183 10130
  1184 10130
  1185 10130
  1186 10130
  1187 10130
  1188 10129
  1189 10129
  1190 10129
  1191 10129
  1192 10130
  1193 10130
  1194 10130
  1195 10130
  1196 10130
  1197 10130
  1198 10130
  1199 10130
  1200 10130
  1201 10130
  1202 10130
  1203 10130
  1204 10130
  1205 10130
  1206 10130
  1207 10130
  1208 10130
  1209 10130
  1210 10130
  1211 10130
  1212 10130
  1213 10130
  1214 10130
  1215 10130
  1216 10130
  1217 10130
  1231 10130
  1232 10130
  1233 10130
  1234 10130
  1235 10130
  1236 10166
  1238 10106
  1239 10084
  1240 10084
  1241 10018
  1242 10018
  1243 10018
  1244 10098
  1245 10098
  1246 10098
  1247 10098
  1248 10018
  1249 10018
  1250 10018
  1251 10018
  1252 10018
  1253 10040
  1254 10018
  1255 10018
  1256 10040
  1257 10040
  1258 10040
  1259 10040
  1260 10055
  1261 10055
  1262 10055
  1264 10115
  1265 10154
  1266 10081
  1267 10130
  1268 10130
  1269 10130
  1270 10130
  1271 10130
  1272 10115
  1273 10130
  1274 10130
  1275 10130
  1276 10130
  1277 10130
  1278 10130
  1279 10081
  1280 10130
  1281 10130
  1282 10130
  1283 10130
  1284 10130
  1285 10115
  1286 10115
  1287 10130
  1288 10130
  1289 10130
  1290 10130
  1291 10130
  1292 10130
  1293 10130
  1294 10130
  1295 10130
  1296 10130
  1297 10130
  1298 10130
  1299 10130
  1300 10130
  1301 10130
  1302 10130
  1303 10036
  1304 10036
  1305 10036
  1306 10036
  1307 10115
  1308 10130
  1312 10130
  1313 10130
  1314 10085
  1315 10085
  1316 10085
  1317 10085
  1318 10085
  1319 10085
  1320 10036
  1321 10014
  1322 10036
  1325 10115
  1326 10130
  1327 10130
  1328 10130
  1329 10130
  1330 10130
  1331 10130
  1332 10130
  1333 10130
  1334 10130
  1335 10130
  1336 10130
  1337 10130
  1338 10130
  1339 10130
  1340 10130
  1341 10130
  1342 10130
  1343 10130
  1344 10130
  1345 10130
  1376 10130
  1377 10130
  1378 10130
  1379 10130
  1380 10130
  1381 10130
  1382 10130
  1383 10130
  1391 10130
  1392 10130
  1393 10130
  1394 10129
  1395 10115
  1396 10129
  1397 10129
  1398 10129
  1399 10129
  1400 10129
  1401 10129
  1402 10129
  1403 10130
  1404 10130
  1405 10130
  1406 10130
  1407 10130
  1408 10130
  1409 10130
  1410 10130
  1411 10130
  1412 10130
  1413 10130
  1414 10130
  1415 10130
  1416 10130
  1417 10130
  1418 10130
  1419 10130
  1420 10130
  1421 10130
  1422 10130
  1423 10130
  1424 10130
  1425 10130
  1426 10130
  1427 10130
  1428 10115
  1429 10115
  1430 10115
  1431 10115
  1432 10130
  1433 10130
  1434 10130
  1435 10130
  1436 10130
  1437 10130
  1438 10130
  1439 10130
  1440 10130
  1441 10130
  1442 10130
  1443 10130
  1444 10130
  1445 10130
  1446 10130
  1447 10130
  1448 10130
  1449 10130
  1450 10130
  1451 10130
  1452 10130
  1453 10130
  1454 10130
  1455 10130
  1456 10130
  1457 10130
  1458 10130
  1459 10130
  1460 10130
  1461 10130
  1462 10130
  1463 10130
  1464 10130
  1465 10130
  1466 10130
  1467 10130
  1468 10130
  1469 10130
  1470 10130
  1471 10130
  1472 10130
  1473 10115
  1474 10115
  1475 10115
  1476 10115
  1477 10130
  1478 10130
  1479 10130
  1480 10130
  1481 10130
  1482 10130
  1483 10130
  1484 10130
  1485 10130
  1486 10130
  1487 10130
  1488 10130
  1489 10081
  1490 10130
  1491 10081
  1492 10130
  1493 10130
  1494 10130
  1495 10130
  1496 10130
  1497 10130
  1498 10130
  1499 10130
  1500 10130
  1501 10130
  1502 10130
  1503 10130
  1504 10130
  1505 10130
  1506 10130
  1507 10130
  1508 10130
  1509 10130
  1510 10130
  1511 10130
  1512 10130
  1513 10130
  1514 10130
  1515 10130
  1516 10130
  1517 10130
  1518 10130
  1519 10130
  1520 10130
  1521 10130
  1522 10130
  1523 10130
  1524 10130
  1525 10130
  1526 10130
  1527 10130
  1528 10130
  1529 10130
  1530 10130
  1531 10130
  1532 10130
  1533 10130
  1534 10036
  1535 10130
  1536 10130
  1537 10130
  1538 10130
  1539 10036
  1540 10130
  1541 10130
  1542 10130
  1543 10130
  1544 10130
  1545 10130
  1546 10130
  1547 10130
  1548 10130
  1549 10130
  1550 10130
  1551 10130
  1552 10115
  1553 10115
  1554 10115
  1555 10115
  1556 10130
  1559 10130
  1560 10130
  1561 10130
  1562 10130
  1563 10130
  1564 10130
  1565 10130
  1566 10130
  1567 10130
  1568 10130
  1569 10130
  1570 10130
  1571 10130
  1572 10130
  1573 10130
  1574 10016
  1575 10130
  1576 10115
  1577 10154
  1579 10130
  1580 10130
  1581 10130
  1582 10130
  1583 10130
  1584 10130
  1585 10130
  1586 10115
  1587 10115
  1588 10115
  1589 10115
  1590 10115
  1591 10130
  1592 10129
  1593 10129
  1594 10129
  1595 10129
  1596 10130
  1597 10130
  1598 10130
  1599 10130
  1600 10130
  1601 10036
  1602 10036
  1603 10130
  1604 10036
  1605 10036
  1606 10130
  1607 10130
  1608 10130
  1609 10115
  1610 10130
  1611 10115
  1612 10115
  1613 10130
  1614 10130
  1615 10130
  1616 10130
  1617 10130
  1618 10130
  1619 10130
  1620 10154
  1621 10130
  1622 10130
  1623 10130
  1624 10130
  1626 10014
  1627 10014
  1628 10154
  1629 10115
  1630 10154
  1631 10115
  1632 10115
  1633 10036
  1634 10115
  1635 10115
  1636 10130
  1637 10130
  1638 10130
  1639 10129
  1640 10107
  1641 10129
  1642 10129
  1643 10116
  1644 10116
  1645 10116
  1646 10116
  1647 10130
  1648 10130
  1649 10130
  1650 10130
  1651 10130
  1652 10130
  1653 10130
  1654 10130
  1655 10130
  1656 10130
  1657 10130
  1658 10130
  1659 10130
  1660 10130
  1661 10130
  1662 10130
  1663 10130
  1664 10130
  1665 10130
  1666 10130
  1667 10130
  1687 10130
  1688 10130
  1689 10130
  1690 10130
  1691 10130
  1697 10115
  1698 10115
  1699 10115
  1700 10130
  1701 10130
  1702 10130
  1703 10130
  1704 10130
  1705 10130
  1706 10130
  1707 10130
  1708 10130
  1709 10130
  1710 10130
  1716 10130
  1718 10130
  1719 10115
  1720 10115
  1722 10134
  1723 10134
  1789 10130
  1790 10130
  1791 10130
  1792 10130
  1793 10130
  1794 10130
  1795 10130
  1796 10130
  1797 10130
  1798 10130
  1799 10130
  1800 10130
  1801 10130
  1802 10130
  1803 10130
  1804 10130
  1805 10130
  1806 10130
  1807 10130
  1808 10130
  1809 10130
  1810 10130
  1811 10130
  1812 10130
  1813 10130
  1814 10130
  1815 10130
  1816 10130
  1817 10130
  1818 10130
  1819 10130
  1820 10130
  1821 10130
  1822 10130
  1823 10130
  1824 10130
  1825 10130
  1826 10130
  1827 10130
  1828 10130
  1829 10130
  1830 10130
  1831 10130
  1832 10130
  1833 10130
  1837 10115
  1838 10115
  1839 10130
  1840 10130
  1841 10130
  1842 10130
  1843 10130
  1844 10130
  1845 10130
  1846 10130
  1884 10115
  1885 10130
  1886 10130
  1887 10130
  1888 10130
  1889 10130
  1890 10130
  1891 10130
  1892 10130
  1893 10130
  1894 10130
  1895 10130
  1896 10130
  1897 10130
  1898 10130
  1899 10130
  1900 10130
  1901 10130
  1902 10130
  1903 10130
  1904 10130
  1905 10130
  1906 10130
  1907 10130
  1908 10130
  1909 10130
  1910 10130
  1911 10130
  1912 10130
  1913 10130
  1914 10115
  1915 10130
  1916 10130
  1917 10130
  1918 10130
  1919 10130
  1920 10130
  1921 10130
  1922 10130
  1923 10130
  1924 10130
  1925 10130
  1926 10130
  1927 10130
  1928 10130
  1929 10130
  1930 10130
  1931 10130
  1932 10130
  1933 10130
  1934 10130
  1935 10130
  1936 10130
  1937 10130
  1938 10130
  1939 10130
  1940 10130
  1941 10130
  1942 10130
  1943 10130
  1944 10130
  1945 10130
  1946 10130
  1947 10130
  1948 10130
  1949 10130
  1950 10130
  1951 10130
  1952 10130
  1953 10130
  1954 10130
  1955 10130
  1956 10130
  1957 10130
  1958 10130
  1959 10130
  1960 10130
  1961 10130
  1962 10130
  1963 10130
  1964 10130
  1965 10130
  1966 10130
  1967 10130
  1968 10130
  1969 10130
  1970 10130
  1971 10130
  1972 10130
  1973 10130
  1974 10130
  1975 10130
  1976 10130
  1977 10130
  1978 10130
  1979 10130
  1980 10130
  1981 10130
  1982 10130
  1983 10130
  1984 10130
  1985 10130
  1986 10130
  1987 10130
  1988 10130
  1989 10130
  1990 10130
  1991 10130
  1992 10130
  1993 10130
  1994 10130
  1995 10130
  1996 10130
  1997 10130
  1998 10130
  1999 10130
  2000 10130
  2001 10130
  2002 10130
  2003 10130
  2004 10130
  2005 10130
  2006 10130
  2007 10130
  2008 10130
  2009 10130
  2010 10130
  2011 10130
  2012 10130
  2013 10130
  2014 10130
  2015 10130
  2016 10130
  2017 10130
  2018 10130
  2019 10130
  2020 10130
  2021 10130
  2022 10130
  2023 10130
  2024 10130
  2025 10130
  2026 10130
  2027 10130
  2028 10130
  2029 10130
  2030 10130
  2031 10130
  2032 10130
  2033 10130
